1871
1881
1887
1897
1904
1910
1910
1900
1887
1874
1861
1848
1838
1832
1835
1845
1858
1871
1884
1897
1910
1923
1933
1946
1959
1972
1988
2001
2014
2034
2063
2083
2099
2106
2112
2115
2115
2106
2086
2063
2024
1969
1917
1874
1855
1845
1838
1835
1829
1825
1819
1812
1809
1802
1799
1793
1789
1783
1773
1770
1770
1773
1783
1793
1835
1910
2008
2129
2278
2477
2725
3002
3270
3475
3547
3442
3129
2637
2037
1450
1010
0824
0811
0935
1131
1310
1480
1656
1802
1877
1887
1897
1904
1910
1913
1913
1917
1920
1923
1926
1930
1930
1930
1930
1930
1930
1930
1933
1936
1943
1959
1979
2005
2047
2099
2122
2135
2145
2151
2158
2161
2171
2177
2187
2194
2203
2223
2249
2269
2285
2301
2311
2324
2337
2353
2367
2386
2409
2428
2448
2464
2477
2490
2497
2490
2474
2451
2412
2370
2340
2314
2269
2203
2132
2089
2060
2040
2018
1992
1949
1907
1887
1877
1868
1858
1842
1816
1789
1780
1773
1770
1767
1767
1770
1780
1789
1799
1806
1812
1819
1825
1835
1845
1851
1861
1871
1881
1894
1900
1897
1897
1897
1894
1894
1894
1891
1894
1900
1910
1917
1923
1926
1930
1936
1939
1943
1943
1946
1946
1949
1952
1952
1956
1956
1956
1959
1962
1965
1969
1972
1975
1992
2024
2063
2102
2129
2145
2155
2155
2145
2129
2112
2093
2070
2050
2014
1965
1933
1917
1900
1887
1874
1861
1851
1838
1829
1819
1809
1799
1786
1773
1760
1760
1776
1796
1809
1822
1832
1842
1848
1855
1864
1871
1887
1939
2054
2236
2484
2784
3113
3420
3628
3645
3524
3120
2533
1868
1281
0903
0782
0785
0922
1111
1271
1398
1551
1695
1819
1877
1891
1900
1907
1913
1920
1923
1926
1933
1936
1939
1946
1949
1956
1962
1965
1972
1979
1992
2014
2063
2089
2099
2106
2112
2119
2125
2132
2138
2145
2148
2155
2164
2174
2184
2194
2210
2233
2265
2282
2301
2318
2347
2380
2409
2442
2458
2468
2474
2484
2487
2490
2490
2487
2484
2477
2468
2455
2432
2389
2360
2337
2311
2252
2181
2099
2018
1969
1920
1884
1848
1835
1825
1819
1816
1812
1806
1802
1799
1796
1793
1789
1789
1786
1786
1789
1786
1786
1786
1789
1789
1789
1793
1796
1799
1806
1809
1812
1816
1819
1822
1825
1829
1832
1835
1842
1845
1845
1851
1855
1858
1861
1861
1858
1855
1851
1848
1848
1842
1838
1832
1825
1819
1806
1799
1816
1848
1874
1894
1913
1930
1946
1956
1965
1975
1982
1992
2001
2008
2018
2024
2031
2040
2054
2067
2080
2086
2083
2076
2067
2054
2027
1985
1933
1884
1858
1845
1835
1825
1819
1816
1809
1806
1806
1802
1802
1802
1799
1796
1796
1793
1789
1789
1793
1802
1816
1855
1923
2027
2181
2383
2644
2950
3270
3550
3664
3635
3374
2865
2220
1568
1036
0730
0652
0756
0965
1206
1428
1607
1757
1806
1819
1789
1757
1727
1724
1754
1829
1913
1988
2018
2031
2040
2011
1975
1943
1936
1930
1923
1923
1949
1985
2034
2089
2122
2129
2135
2138
2135
2125
2115
2102
2106
2129
2151
2181
2207
2246
2292
2321
2337
2350
2363
2373
2386
2406
2435
2461
2477
2490
2500
2507
2513
2520
2526
2536
2546
2552
2543
2516
2442
2370
2331
2288
2246
2210
2184
2155
2122
2096
2063
2024
1979
1894
1812
1776
1760
1750
1741
1741
1747
1757
1763
1770
1773
1780
1783
1789
1799
1806
1816
1819
1822
1822
1825
1825
1829
1829
1832
1835
1842
1848
1851
1855
1858
1858
1858
1858
1858
1861
1861
1868
1874
1881
1881
1877
1874
1871
1868
1868
1864
1858
1855
1848
1845
1845
1842
1842
1845
1848
1855
1861
1871
1881
1891
1900
1917
1949
1969
1982
1995
2008
2027
2057
2102
2138
2161
2174
2181
2174
2161
2138
2106
2050
1998
1936
1894
1868
1851
1842
1835
1832
1829
1825
1819
1816
1812
1812
1809
1809
1809
1809
1809
1812
1816
1822
1829
1838
1848
1894
1962
2054
2174
2314
2494
2728
3025
3345
3625
3765
3680
3319
2709
1956
1225
0717
0541
0648
0906
1193
1424
1574
1675
1750
1799
1838
1864
1884
1900
1913
1926
1936
1946
1956
1965
1979
1985
1995
2001
2005
2008
2014
2021
2024
2031
2037
2044
2054
2063
2076
2089
2106
2122
2138
2155
2174
2187
2203
2220
2246
2269
2285
2298
2314
2334
2353
2370
2386
2402
2419
2432
2445
2468
2497
2513
2523
2533
2539
2543
2543
2536
2523
2507
2477
2428
2383
2344
2308
2262
2203
2148
2099
2054
2011
1972
1939
1920
1897
1874
1845
1816
1799
1793
1786
1783
1780
1780
1776
1780
1780
1776
1780
1780
1783
1786
1796
1802
1812
1822
1845
1858
1855
1845
1845
1842
1838
1835
1832
1832
1829
1829
1825
1825
1822
1822
1822
1825
1825
1825
1829
1829
1829
1829
1829
1832
1832
1832
1835
1838
1838
1842
1842
1845
1848
1851
1855
1858
1868
1881
1897
1917
1939
1962
1985
2005
2024
2040
2054
2067
2076
2083
2089
2086
2080
2063
2044
2011
1956
1923
1904
1891
1881
1871
1864
1858
1855
1848
1845
1842
1838
1835
1829
1825
1822
1816
1809
1802
1796
1783
1760
1747
1757
1776
1832
1933
2070
2252
2471
2722
2986
3237
3439
3534
3521
3354
2966
2402
1750
1137
0694
0511
0606
0854
1118
1333
1509
1652
1750
1799
1825
1838
1845
1855
1864
1877
1891
1907
1920
1930
1943
1952
1962
1972
1982
1992
2005
2011
2024
2034
2047
2060
2070
2076
2083
2086
2093
2099
2109
2115
2122
2129
2142
2151
2171
2197
2243
2278
2308
2334
2360
2386
2409
2435
2451
2461
2471
2477
2484
2490
2490
2490
2487
2481
2474
2464
2455
2442
2422
2406
2383
2340
2288
2249
2203
2148
2089
2018
1965
1930
1900
1864
1838
1819
1806
1799
1793
1789
1786
1780
1776
1776
1783
1786
1793
1799
1806
1809
1812
1809
1799
1786
1773
1763
1750
1734
1721
1714
1708
1701
1692
1679
1682
1721
1750
1773
1793
1809
1822
1829
1845
1868
1864
1838
1825
1816
1806
1796
1789
1786
1786
1783
1783
1783
1786
1793
1799
1806
1812
1819
1825
1838
1851
1861
1874
1887
1900
1920
1952
1995
2018
2031
2044
2054
2060
2063
2063
2057
2047
2037
2024
2014
2005
1992
1975
1962
1946
1926
1887
1832
1806
1789
1776
1773
1776
1786
1799
1806
1812
1819
1825
1832
1842
1848
1858
1864
1877
1904
1956
2011
2073
2190
2350
2572
2836
3133
3423
3641
3667
3576
3172
2539
1806
1131
0658
0511
0531
0775
1121
1454
1688
1776
1802
1822
1838
1855
1891
1939
1959
1965
1972
1975
1982
1985
1992
2001
2008
2018
2027
2034
2044
2050
2057
2067
2073
2080
2086
2096
2102
2115
2132
2161
2197
2220
2236
2246
2256
2265
2275
2288
2301
2324
2360
2383
2396
2406
2412
2422
2432
2442
2455
2471
2490
2513
2539
2562
2585
2598
2585
2562
2543
2516
2490
2468
2442
2409
2380
2344
2292
2233
2171
2112
2054
2005
1972
1939
1897
1845
1822
1812
1802
1793
1786
1780
1780
1776
1776
1780
1783
1789
1796
1806
1816
1825
1835
1848
1877
1900
1904
1907
1907
1907
1910
1913
1917
1917
1917
1910
1900
1891
1884
1877
1871
1861
1855
1848
1845
1842
1842
1842
1845
1851
1855
1861
1868
1871
1874
1877
1884
1887
1891
1897
1904
1910
1920
1930
1936
1946
1956
1965
1975
1985
2001
2021
2047
2076
2096
2115
2132
2142
2142
2132
2119
2102
2080
2040
2005
1959
1897
1868
1855
1842
1835
1829
1825
1822
1825
1829
1832
1835
1835
1838
1842
1848
1851
1858
1861
1864
1868
1874
1884
1897
1913
1985
2112
2298
2539
2826
3136
3420
3583
3579
3397
2937
2301
1633
1085
0821
0789
0903
1141
1362
1496
1532
1561
1584
1604
1646
1721
1806
1864
1884
1894
1900
1907
1913
1920
1933
1946
1959
1972
1982
1992
2001
2008
2014
2024
2034
2044
2050
2057
2063
2070
2076
2089
2112
2125
2135
2142
2148
2155
2164
2177
2197
2220
2252
2301
2344
2367
2383
2393
2399
2409
2415
2425
2428
2435
2435
2438
2445
2448
2458
2464
2464
2458
2442
2419
2389
2347
2314
2269
2207
2142
2080
2031
1995
1952
1910
1871
1832
1816
1806
1796
1786
1780
1776
1770
1767
1767
1767
1767
1770
1773
1776
1780
1786
1793
1799
1809
1816
1822
1832
1838
1848
1855
1858
1861
1861
1858
1855
1848
1842
1835
1832
1829
1829
1825
1825
1822
1819
1816
1812
1809
1806
1802
1802
1806
1809
1816
1819
1825
1832
1835
1842
1848
1855
1861
1868
1877
1887
1900
1913
1923
1933
1946
1975
2027
2063
2086
2099
2109
2112
2106
2093
2076
2060
2047
2027
2008
1992
1969
1946
1926
1904
1884
1864
1851
1842
1835
1832
1825
1819
1812
1809
1806
1806
1806
1809
1812
1816
1819
1829
1842
1861
1904
1979
2080
2226
2422
2673
2970
3286
3547
3638
3602
3335
2852
2259
1659
1154
0857
0805
0844
1053
1326
1574
1754
1829
1855
1855
1842
1832
1822
1819
1819
1838
1864
1887
1913
1936
1946
1956
1965
1972
1979
1982
1985
1992
2001
2008
2018
2031
2047
2070
2106
2138
2168
2187
2203
2217
2226
2233
2239
2246
2249
2252
2259
2265
2272
2278
2288
2298
2311
2331
2353
2396
2435
2458
2471
2484
2490
2500
2503
2507
2503
2494
2484
2471
2455
2432
2383
2344
2292
2220
2142
2063
2008
1979
1952
1930
1913
1894
1868
1848
1832
1809
1789
1773
1760
1757
1750
1744
1737
1737
1737
1747
1757
1770
1780
1789
1806
1822
1835
1845
1851
1858
1861
1868
1874
1877
1884
1887
1887
1887
1887
1884
1884
1881
1881
1877
1877
1877
1881
1855
1838
1829
1819
1812
1806
1806
1806
1816
1829
1838
1851
1861
1871
1881
1891
1900
1910
1917
1923
1933
1939
1949
1956
1965
1979
2001
2024
2050
2089
2125
2129
2135
2138
2142
2138
2125
2106
2070
2011
1962
1926
1897
1874
1855
1838
1832
1825
1825
1822
1819
1812
1809
1806
1802
1799
1799
1799
1799
1802
1809
1816
1825
1835
1848
1864
1939
2063
2230
2458
2735
3048
3358
3605
3693
3566
3195
2618
1920
1242
0753
0606
0622
0850
1121
1359
1509
1600
1636
1669
1692
1701
1711
1724
1731
1741
1747
1757
1767
1783
1812
1845
1874
1904
1939
1965
1982
1998
2005
2014
2024
2031
2037
2040
2047
2047
2054
2057
2060
2067
2070
2076
2083
2089
2102
2122
2145
2177
2207
2239
2265
2282
2311
2360
2409
2445
2477
2500
2516
2533
2539
2539
2530
2516
2503
2490
2477
2461
2445
2425
2402
2373
2331
2288
2233
2155
2073
2005
1972
1959
1946
1936
1930
1920
1910
1904
1894
1881
1848
1802
1789
1780
1776
1773
1783
1793
1806
1809
1816
1822
1829
1835
1838
1842
1845
1845
1845
1845
1842
1838
1835
1832
1829
1822
1806
1809
1838
1855
1864
1874
1884
1891
1891
1891
1894
1894
1894
1894
1891
1887
1884
1881
1877
1871
1868
1861
1858
1858
1861
1868
1881
1894
1920
1962
1985
1998
2005
2011
2021
2031
2044
2067
2099
2115
2125
2135
2142
2142
2129
2112
2093
2063
2021
1988
1962
1939
1926
1917
1904
1887
1861
1848
1842
1835
1825
1822
1816
1816
1816
1812
1812
1816
1816
1819
1825
1832
1838
1848
1887
1975
2099
2265
2474
2725
2999
3270
3498
3625
3625
3475
3081
2490
1793
1141
0704
0550
0632
0854
1141
1421
1633
1789
1848
1861
1871
1877
1884
1887
1894
1900
1907
1913
1920
1930
1936
1943
1952
1965
1979
1988
1998
2005
2014
2027
2050
2070
2089
2106
2115
2122
2129
2138
2148
2161
2174
2200
2239
2256
2269
2275
2278
2285
2295
2301
2314
2327
2357
2399
2435
2474
2503
2523
2533
2520
2494
2471
2448
2435
2438
2448
2458
2464
2471
2471
2468
2455
2438
2383
2308
2217
2132
2076
2027
1995
1969
1943
1917
1881
1851
1829
1812
1802
1793
1786
1776
1770
1770
1776
1793
1812
1825
1842
1855
1864
1874
1881
1887
1891
1897
1900
1904
1904
1907
1904
1904
1900
1900
1900
1900
1900
1900
1900
1904
1904
1907
1913
1917
1920
1923
1926
1930
1933
1939
1949
1956
1959
1956
1946
1936
1923
1913
1904
1891
1881
1877
1881
1891
1904
1923
1952
2021
2070
2099
2119
2132
2138
2145
2151
2161
2168
2158
2135
2102
2054
2014
1988
1956
1936
1923
1913
1904
1897
1891
1887
1881
1874
1871
1864
1861
1855
1848
1842
1838
1835
1835
1842
1848
1858
1871
1900
1943
1998
2083
2213
2402
2640
2914
3185
3403
3511
3426
3107
2575
1949
1362
0929
0775
0782
0965
1186
1359
1499
1617
1682
1741
1806
1887
1923
1933
1936
1939
1943
1943
1939
1936
1933
1933
1930
1930
1926
1923
1920
1917
1917
1917
1920
1920
1923
1926
1933
1936
1943
1949
1952
1959
1965
1979
1995
2008
2021
2034
2050
2086
2135
2177
2230
2285
2347
2376
2389
2402
2412
2419
2425
2428
2435
2438
2445
2448
2451
2455
2461
2471
2490
2458
2402
2350
2305
2249
2190
2132
2034
1936
1884
1851
1829
1802
1767
1747
1731
1714
1705
1695
1688
1682
1679
1675
1672
1669
1662
1659
1656
1652
1652
1662
1675
1695
1718
1754
1767
1770
1776
1783
1786
1783
1776
1770
1763
1757
1757
1763
1773
1780
1789
1796
1776
1747
1727
1711
1695
1682
1679
1682
1692
1705
1721
1734
1750
1767
1783
1796
1812
1825
1845
1871
1891
1907
1926
1949
1982
1998
2008
2018
2027
2034
2034
2031
2021
2008
1992
1959
1907
1881
1868
1855
1838
1819
1802
1786
1773
1760
1747
1741
1734
1731
1731
1727
1721
1718
1714
1711
1714
1718
1724
1734
1744
1767
1806
1868
1952
2073
2249
2464
2712
2983
3266
3508
3602
3579
3367
2921
2327
1705
1190
0929
0903
1017
1248
1441
1542
1574
1594
1604
1623
1666
1721
1789
1848
1887
1913
1930
1949
1972
1995
2005
2014
2024
2031
2034
2031
2027
2021
2018
2014
2005
2005
2008
2024
2040
2057
2083
2119
2145
2168
2187
2203
2217
2226
2236
2246
2259
2272
2288
2308
2331
2363
2386
2399
2409
2415
2425
2435
2448
2458
2468
2477
2487
2500
2507
2510
2507
2500
2490
2474
2448
2396
2350
2314
2282
2239
2190
2109
2021
1965
1900
1832
1799
1780
1767
1757
1757
1760
1773
1789
1806
1822
1842
1858
1864
1871
1874
1874
1877
1877
1881
1884
1887
1887
1891
1891
1894
1897
1900
1900
1904
1904
1910
1913
1920
1926
1930
1936
1939
1946
1949
1949
1952
1956
1959
1969
1982
1992
1975
1946
1923
1897
1877
1874
1881
1887
1894
1897
1900
1904
1907
1910
1917
1926
1936
1949
1962
1982
2011
2031
2047
2054
2057
2063
2070
2076
2080
2080
2080
2073
2067
2060
2054
2044
2027
2011
1995
1972
1949
1926
1907
1891
1874
1861
1855
1848
1838
1832
1825
1822
1819
1819
1819
1819
1822
1825
1832
1838
1851
1861
1884
1936
2021
2148
2347
2611
2924
3257
3547
3713
3720
3576
3195
2644
2005
1441
1053
0925
0932
1098
1340
1545
1666
1734
1783
1809
1835
1858
1897
1939
1956
1965
1972
1975
1979
1982
1988
1998
2005
2014
2027
2037
2047
2057
2067
2080
2089
2096
2106
2112
2125
2145
2171
2184
2190
2194
2197
2200
2207
2217
2233
2249
2265
2285
2305
2321
2340
2370
2422
2461
2487
2507
2523
2536
2549
2559
2559
2546
2533
2523
2516
2510
2500
2490
2484
2471
2455
2425
2367
2305
2246
2181
2122
2080
2044
2005
1979
1959
1939
1917
1894
1868
1845
1822
1799
1786
1776
1770
1763
1757
1747
1741
1737
1744
1760
1780
1796
1816
1832
1845
1851
1858
1861
1868
1871
1871
1874
1871
1868
1864
1858
1851
1845
1838
1832
1825
1819
1812
1809
1806
1806
1802
1802
1806
1809
1812
1819
1822
1825
1825
1829
1832
1835
1838
1842
1848
1851
1861
1868
1877
1884
1887
1891
1897
1904
1913
1933
1962
1982
1995
2001
2008
2014
2021
2024
2024
2024
2027
2031
2034
2037
2027
2001
1972
1936
1887
1861
1842
1829
1816
1802
1796
1793
1789
1786
1783
1780
1776
1773
1773
1767
1763
1757
1757
1760
1770
1786
1832
1933
2086
2292
2559
2882
3231
3547
3720
3723
3563
3139
2546
1897
1310
0886
0772
0789
0991
1225
1441
1610
1741
1802
1822
1829
1832
1835
1838
1842
1845
1848
1851
1855
1861
1864
1864
1868
1871
1877
1884
1891
1904
1926
1952
1975
2001
2024
2050
2073
2096
2119
2135
2148
2164
2174
2177
2177
2177
2174
2171
2168
2164
2164
2171
2190
2220
2272
2331
2386
2419
2435
2445
2455
2461
2468
2471
2474
2481
2484
2490
2500
2516
2513
2481
2445
2406
2363
2305
2233
2161
2096
2044
2005
1972
1939
1904
1858
1835
1822
1809
1796
1789
1783
1776
1776
1776
1776
1780
1783
1789
1796
1799
1802
1806
1809
1812
1812
1816
1819
1822
1825
1832
1835
1835
1838
1838
1835
1835
1832
1825
1819
1816
1809
1799
1793
1809
1842
1861
1877
1894
1907
1913
1913
1907
1897
1887
1877
1868
1855
1838
1829
1822
1825
1838
1855
1868
1877
1891
1900
1913
1926
1939
1949
1956
1969
1982
1998
2021
2057
2102
2138
2168
2190
2207
2213
2220
2223
2230
2239
2233
2194
2164
2145
2129
2112
2096
2080
2067
2050
2037
2021
2008
1995
1982
1965
1926
1874
1855
1842
1832
1829
1825
1832
1842
1855
1871
1891
1923
1949
1969
2031
2161
2357
2618
2931
3260
3563
3739
3739
3570
3126
2520
1858
1287
0938
0850
0857
0987
1173
1382
1587
1754
1884
1969
1992
2005
2011
2018
2024
2027
2031
2037
2040
2044
2050
2054
2060
2067
2076
2089
2106
2122
2142
2164
2187
2207
2226
2246
2275
2272
2246
2230
2217
2207
2197
2194
2197
2203
2217
2230
2259
2318
2367
2396
2428
2461
2497
2539
2572
2588
2601
2611
2618
2624
2627
2627
2624
2618
2608
2598
2585
2562
2523
2484
2455
2435
2415
2386
2353
2308
2249
2210
2158
2093
2037
1998
1952
1894
1825
1780
1757
1734
1711
1688
1656
1617
1597
1581
1564
1604
1636
1656
1675
1695
1714
1737
1763
1796
1812
1799
1760
1701
1630
1571
1499
1414
1349
1317
1291
1281
1297
1340
1405
1473
1496
1509
1516
1525
1532
1535
1535
1529
1522
1519
1512
1506
1499
1493
1483
1476
1470
1467
1467
1460
1457
1454
1454
1454
1447
1437
1428
1441
1470
1509
1555
1600
1623
1636
1646
1656
1666
1672
1672
1669
1662
1652
1639
1623
1607
1584
1542
1509
1486
1454
1428
1450
1512
1636
1705
1734
1747
1760
1767
1773
1780
1789
1796
1802
1806
1812
1825
1842
1871
1910
2011
2161
2373
2627
2878
3097
3299
3416
3455
3384
3156
2715
2125
1512
1013
0753
0749
1007
1506
1920
2031
2070
2047
2018
2001
2037
2102
2168
2269
2396
2445
2464
2477
2500
2539
2601
2650
2673
2663
2627
2614
2605
2582
2556
2523
2458
2415
2406
2399
2438
2474
2500
2530
2565
2611
2689
2787
2872
2957
3019
3054
3097
3142
3191
3247
3253
3234
3217
3204
3195
3195
3211
3240
3276
3325
3367
3472
3563
3592
3553
3488
3416
3299
3149
2989
2878
2797
2689
2614
2575
2543
2490
2458
2445
2432
2422
2409
2399
2389
2380
2373
2360
2340
2314
2265
2220
2187
2164
2142
2119
2096
2076
2057
2018
1965
1917
1855
1773
1721
1695
1675
1656
1636
1620
1604
1581
1545
1545
1578
1600
1613
1626
1636
1646
1652
1662
1675
1698
1731
1727
1682
1649
1630
1610
1600
1594
1597
1604
1617
1639
1708
1855
1972
2008
2027
2021
1998
1979
1956
1926
1877
1819
1760
1705
1652
1613
1581
1538
1486
1460
1450
1441
1431
1424
1421
1418
1414
1411
1408
1408
1405
1405
1408
1408
1408
1405
1398
1405
1457
1535
1639
1750
1845
1982
2145
2357
2605
2872
3142
3374
3403
3312
2856
2138
1307
0570
0107
0000
0019
0231
0583
0984
1326
1587
1646
1649
1649
1649
1669
1721
1802
1884
1923
1956
1952
1913
1894
1881
1868
1858
1851
1848
1845
1838
1832
1829
1825
1825
1822
1822
1819
1809
1802
1822
1864
1900
1933
1965
1992
2008
2034
2060
2086
2109
2132
2145
2158
2168
2177
2187
2203
2220
2239
2259
2278
2308
2337
2376
2419
2458
2503
2536
2536
2513
2484
2445
2393
2334
2272
2213
2158
2083
1998
1939
1904
1874
1838
1809
1783
1757
1734
1711
1695
1682
1666
1646
1630
1633
1662
1705
1731
1754
1773
1793
1809
1822
1835
1845
1851
1855
1855
1855
1858
1858
1861
1868
1871
1868
1864
1858
1848
1832
1819
1802
1783
1757
1741
1734
1750
1773
1799
1819
1838
1858
1877
1894
1910
1923
1936
1946
1952
1956
1959
1962
1969
1972
1979
1985
1992
1995
1995
1985
1965
1943
1917
1891
1861
1825
1793
1757
1721
1692
1669
1646
1623
1604
1587
1584
1587
1600
1620
1636
1656
1675
1695
1714
1741
1763
1786
1812
1848
1920
2044
2252
2487
2754
3048
3335
3537
3605
3530
3302
2758
2031
1291
0661
0309
0273
0423
0756
1111
1411
1571
1610
1633
1652
1666
1685
1708
1727
1744
1757
1773
1796
1835
1861
1871
1874
1877
1877
1881
1884
1887
1891
1897
1904
1917
1933
1952
1969
1988
2005
2031
2063
2093
2119
2138
2161
2177
2197
2213
2233
2249
2269
2288
2311
2334
2353
2376
2399
2419
2435
2445
2451
2461
2468
2474
2487
2497
2503
2507
2500
2481
2455
2425
2396
2363
2324
2282
2236
2187
2129
2057
2005
1962
1917
1864
1845
1838
1835
1832
1825
1822
1819
1825
1842
1864
1881
1891
1897
1907
1917
1926
1936
1946
1952
1956
1959
1962
1969
1975
1975
1979
1979
1982
1982
1985
1992
1995
1998
2001
2005
2014
2021
2031
2040
2047
2057
2070
2086
2106
2129
2148
2168
2190
2217
2236
2246
2252
2259
2262
2265
2272
2278
2282
2285
2275
2256
2226
2197
2168
2138
2109
2083
2057
2034
2021
2008
2005
1995
1985
1975
1969
1965
1965
1972
1979
1988
1998
2008
2021
2034
2050
2070
2086
2102
2125
2164
2305
2546
2859
3221
3609
3945
4095
4085
3886
3400
2712
2005
1401
1085
0978
1059
1304
1581
1819
1904
1930
1943
1949
1956
1962
1979
2001
2018
2034
2050
2067
2080
2093
2109
2129
2145
2164
2181
2203
2226
2265
2298
2318
2334
2353
2373
2389
2386
2360
2324
2285
2239
2190
2138
2067
2001
1985
1979
1972
1965
1965
1969
1988
2018
2054
2102
2174
2243
2285
2321
2350
2367
2373
2363
2347
2324
2301
2282
2259
2236
2210
2187
2164
2142
2115
2086
2054
2024
1995
1969
1946
1923
1897
1874
1851
1829
1809
1793
1773
1757
1741
1727
1727
1734
1744
1750
1757
1767
1783
1793
1783
1750
1695
1626
1568
1509
1480
1467
1457
1447
1441
1431
1421
1411
1398
1385
1369
1356
1343
1330
1317
1307
1294
1287
1284
1287
1297
1313
1333
1359
1414
1512
1574
1613
1643
1666
1688
1711
1724
1711
1679
1652
1620
1584
1551
1525
1503
1483
1473
1476
1489
1509
1538
1607
1692
1747
1767
1783
1793
1789
1770
1744
1727
1708
1692
1679
1679
1688
1711
1741
1793
1877
2008
2203
2481
2829
3224
3605
3876
3905
3782
3289
2575
1780
1075
0616
0518
0544
0785
1079
1359
1571
1701
1776
1829
1861
1874
1855
1829
1816
1809
1802
1796
1789
1789
1789
1786
1783
1776
1767
1757
1754
1750
1747
1744
1737
1727
1721
1711
1698
1666
1643
1659
1692
1724
1760
1799
1835
1858
1877
1894
1910
1930
1946
1962
1982
2005
2044
2083
2129
2177
2236
2275
2321
2363
2399
2422
2442
2455
2461
2455
2435
2412
2380
2334
2282
2236
2200
2168
2142
2106
2067
2018
1972
1926
1900
1891
1881
1874
1871
1868
1868
1868
1868
1871
1871
1874
1881
1887
1894
1900
1907
1913
1926
1943
1952
1943
1920
1891
1858
1809
1793
1786
1780
1770
1763
1783
1832
1884
1949
2005
2050
2093
2129
2158
2187
2207
2226
2249
2275
2308
2347
2396
2419
2428
2435
2438
2442
2442
2442
2432
2406
2373
2344
2327
2314
2301
2288
2278
2269
2259
2252
2243
2230
2220
2210
2203
2197
2194
2190
2184
2181
2171
2161
2135
2109
2099
2106
2122
2151
2249
2415
2637
2888
3142
3397
3651
3883
3993
3971
3736
3204
2513
1812
1248
0968
0932
1013
1268
1555
1799
1952
2024
2073
2099
2132
2168
2190
2210
2223
2236
2249
2262
2272
2282
2295
2318
2370
2438
2455
2461
2464
2468
2471
2477
2484
2494
2500
2510
2520
2530
2539
2549
2562
2588
2618
2640
2660
2680
2719
2790
2852
2898
2940
2960
2973
2983
2993
2999
3009
3015
3022
3028
3035
3041
3048
3058
3064
3074
3087
3100
3110
3110
3100
3084
3061
3032
2979
2927
2882
2839
2803
2774
2725
2647
2595
2572
2556
2543
2530
2513
2500
2490
2477
2468
2448
2432
2419
2412
2406
2402
2396
2393
2386
2380
2370
2360
2347
2334
2321
2305
2285
2275
2275
2285
2295
2301
2308
2318
2324
2334
2340
2340
2334
2327
2318
2308
2298
2285
2282
2282
2292
2305
2314
2324
2337
2344
2347
2344
2327
2301
2269
2207
2119
2070
2027
1985
1926
1855
1819
1799
1783
1773
1767
1767
1767
1770
1773
1780
1786
1799
1796
1750
1708
1666
1646
1636
1626
1613
1643
1737
1868
2037
2252
2507
2794
3087
3325
3361
3292
2934
2353
1630
0912
0394
0182
0176
0348
0632
0867
0974
1007
1023
1046
1066
1088
1128
1176
1186
1196
1206
1176
1154
1137
1124
1118
1137
1176
1209
1229
1242
1251
1261
1274
1284
1294
1304
1310
1320
1326
1333
1336
1340
1340
1343
1346
1349
1359
1385
1414
1457
1483
1499
1512
1525
1538
1551
1561
1574
1584
1597
1607
1620
1633
1649
1669
1682
1688
1692
1692
1695
1698
1705
1701
1662
1607
1538
1486
1444
1398
1336
1261
1203
1154
1111
1069
1030
1013
1000
0987
0981
0997
1027
1053
1072
1095
1111
1128
1144
1163
1183
1203
1225
1245
1258
1265
1274
1278
1284
1291
1294
1300
1307
1313
1317
1323
1330
1336
1346
1366
1408
1441
1473
1509
1558
1597
1626
1652
1679
1698
1724
1754
1776
1796
1812
1825
1835
1842
1842
1825
1799
1773
1750
1727
1701
1679
1662
1646
1633
1617
1600
1587
1571
1561
1551
1545
1532
1516
1506
1522
1558
1600
1649
1688
1718
1741
1763
1786
1812
1858
1936
2080
2321
2650
3045
3462
3827
3993
3971
3690
3094
2337
1620
1115
0981
0991
1193
1421
1610
1747
1809
1835
1845
1855
1861
1871
1887
1904
1923
1943
1965
1995
2018
2037
2054
2067
2089
2115
2145
2171
2187
2197
2207
2210
2217
2220
2226
2233
2239
2246
2249
2256
2262
2272
2282
2301
2318
2331
2344
2360
2380
2406
2435
2468
2487
2503
2516
2530
2549
2562
2578
2591
2608
2627
2644
2660
2666
2673
2680
2693
2709
2706
2670
2614
2533
2448
2376
2314
2256
2161
2044
1979
1939
1920
1904
1894
1881
1871
1864
1858
1851
1845
1838
1835
1835
1842
1848
1858
1868
1877
1884
1891
1897
1904
1907
1910
1913
1917
1917
1913
1913
1913
1913
1913
1910
1910
1910
1910
1913
1913
1917
1917
1917
1917
1923
1926
1933
1936
1943
1949
1962
1982
1998
2008
2018
2031
2044
2067
2076
2060
2021
1982
1926
1877
1829
1780
1741
1724
1714
1708
1701
1698
1692
1688
1682
1679
1672
1669
1669
1669
1672
1675
1675
1682
1685
1692
1698
1708
1721
1734
1799
1933
2106
2324
2578
2872
3198
3508
3733
3752
3628
3185
2546
1829
1216
0903
0798
0844
0981
1131
1294
1441
1529
1600
1652
1688
1711
1731
1747
1763
1786
1809
1829
1842
1855
1861
1871
1877
1884
1894
1900
1907
1913
1920
1926
1930
1933
1939
1946
1956
1982
2005
2040
2060
2076
2089
2106
2122
2135
2148
2161
2177
2200
2236
2269
2301
2318
2331
2344
2353
2363
2373
2376
2380
2380
2380
2376
2373
2370
2360
2350
2340
2327
2314
2298
2262
2226
2190
2151
2102
2047
2001
1962
1926
1897
1845
1796
1776
1767
1760
1757
1754
1757
1767
1780
1789
1796
1799
1802
1806
1812
1816
1822
1829
1835
1838
1842
1842
1842
1842
1842
1842
1842
1842
1845
1848
1855
1858
1861
1868
1877
1887
1897
1910
1923
1943
1972
2001
2024
2050
2076
2096
2112
2132
2155
2181
2203
2223
2230
2217
2181
2129
2063
2024
1992
1959
1913
1861
1832
1812
1802
1796
1793
1789
1786
1780
1773
1773
1793
1802
1812
1822
1825
1825
1822
1819
1816
1809
1802
1835
1933
2070
2249
2477
2771
3116
3482
3801
3958
3945
3703
3162
2438
1711
1157
0935
0919
1043
1238
1411
1542
1639
1695
1796
1904
1943
1959
1965
1972
1975
1982
1988
2001
2011
2024
2037
2050
2060
2067
2076
2086
2096
2109
2119
2129
2138
2151
2164
2174
2184
2190
2197
2203
2213
2226
2239
2262
2292
2308
2321
2331
2340
2350
2360
2367
2376
2383
2393
2402
2422
2458
2487
2520
2552
2575
2595
2611
2621
2608
2582
2546
2487
2425
2370
2337
2314
2292
2269
2243
2213
2187
2155
2106
2047
1985
1907
1858
1845
1838
1832
1829
1829
1835
1845
1851
1855
1858
1861
1864
1868
1874
1877
1881
1884
1884
1884
1881
1877
1874
1871
1868
1864
1861
1858
1855
1855
1851
1845
1842
1838
1838
1848
1864
1887
1926
1979
2005
2024
2047
2073
2119
2171
2200
2217
2226
2233
2233
2230
2220
2207
2181
2138
2102
2073
2047
2021
2005
1982
1952
1917
1881
1874
1871
1868
1864
1861
1861
1861
1858
1855
1851
1845
1842
1835
1825
1819
1835
1868
1920
1985
2073
2190
2353
2565
2816
3103
3400
3654
3755
3726
3465
2911
2197
1467
0886
0603
0573
0720
1049
1372
1604
1701
1727
1744
1757
1767
1776
1786
1796
1806
1822
1855
1871
1877
1881
1881
1884
1884
1887
1891
1894
1897
1900
1904
1907
1907
1910
1917
1920
1930
1939
1959
1982
2005
2034
2083
2129
2161
2184
2203
2220
2239
2256
2272
2285
2298
2311
2327
2344
2363
2389
2412
2432
2445
2455
2464
2471
2474
2477
2477
2474
2468
2458
2445
2419
2376
2340
2295
2246
2190
2129
2070
2018
1982
1952
1936
1926
1917
1907
1891
1871
1858
1851
1845
1838
1832
1822
1816
1812
1809
1806
1806
1802
1799
1799
1802
1809
1812
1819
1822
1829
1835
1842
1845
1851
1855
1868
1884
1897
1910
1926
1956
2005
2037
2063
2086
2109
2129
2148
2171
2197
2217
2236
2252
2252
2236
2217
2190
2158
2129
2093
2044
1998
1965
1933
1910
1891
1871
1858
1845
1838
1832
1825
1819
1812
1809
1806
1806
1806
1809
1809
1816
1825
1835
1848
1861
1891
1959
2073
2236
2464
2758
3103
3449
3710
3795
3618
3175
2510
1760
1098
0723
0671
0792
1062
1310
1496
1610
1652
1685
1708
1727
1744
1760
1780
1793
1806
1816
1829
1842
1858
1881
1917
1943
1956
1962
1965
1972
1975
1979
1985
1988
1995
1998
2005
2008
2011
2018
2027
2044
2060
2080
2099
2125
2158
2187
2203
2217
2223
2233
2246
2256
2269
2282
2305
2340
2367
2380
2393
2402
2409
2409
2399
2386
2367
2353
2340
2324
2308
2292
2275
2252
2220
2177
2142
2096
2034
1972
1907
1835
1780
1760
1754
1747
1741
1737
1731
1727
1724
1721
1718
1714
1711
1711
1708
1705
1701
1692
1682
1679
1685
1701
1721
1734
1754
1770
1783
1796
1809
1816
1822
1829
1832
1838
1845
1851
1858
1864
1871
1881
1894
1920
1956
1975
1992
2001
2008
2014
2018
2014
2008
2001
1992
1982
1962
1933
1907
1881
1855
1829
1816
1806
1799
1793
1786
1783
1780
1776
1773
1770
1770
1770
1770
1770
1770
1767
1763
1760
1757
1747
1750
1773
1838
1930
2080
2295
2569
2891
3234
3544
3703
3693
3485
2993
2324
1623
1053
0727
0648
0772
1000
1235
1431
1545
1591
1620
1643
1662
1682
1708
1724
1734
1747
1757
1767
1776
1786
1799
1812
1832
1851
1868
1887
1904
1920
1933
1946
1956
1965
1982
2005
2031
2047
2060
2070
2080
2089
2102
2112
2125
2142
2161
2181
2200
2220
2236
2252
2269
2282
2295
2314
2334
2353
2376
2396
2412
2425
2435
2445
2455
2461
2468
2474
2474
2474
2464
2455
2435
2406
2353
2308
2256
2210
2177
2148
2115
2083
2050
2018
1988
1962
1949
1939
1930
1923
1920
1920
1923
1926
1930
1936
1939
1946
1956
1962
1972
1979
1985
1992
1998
2005
2005
2001
1995
1985
1979
1969
1956
1946
1939
1943
1956
1972
2005
2047
2089
2129
2164
2210
2246
2269
2278
2285
2288
2292
2295
2292
2275
2249
2203
2151
2115
2089
2060
2021
1975
1943
1926
1913
1904
1891
1881
1871
1864
1858
1855
1848
1845
1842
1842
1842
1845
1845
1848
1851
1858
1868
1897
1969
2086
2252
2474
2748
3061
3390
3684
3791
3762
3498
2986
2327
1666
1137
0863
0828
0912
1124
1330
1486
1620
1724
1789
1812
1822
1812
1793
1780
1763
1750
1754
1770
1789
1806
1825
1842
1851
1861
1871
1881
1891
1900
1913
1926
1939
1959
1988
2005
2018
2027
2034
2044
2054
2063
2073
2086
2102
2119
2135
2151
2174
2203
2223
2236
2246
2259
2272
2288
2314
2360
2383
2396
2406
2412
2415
2419
2415
2409
2402
2393
2383
2367
2344
2321
2292
2249
2187
2125
2063
2011
1975
1939
1907
1874
1845
1832
1822
1816
1809
1802
1802
1799
1799
1802
1802
1806
1806
1809
1816
1819
1825
1832
1845
1855
1858
1845
1829
1819
1806
1796
1786
1789
1796
1812
1832
1871
1930
1962
1979
1998
2018
2037
2057
2073
2093
2106
2115
2125
2138
2151
2161
2151
2129
2102
2070
2047
2021
1982
1923
1864
1819
1796
1780
1767
1760
1757
1754
1747
1744
1741
1737
1737
1737
1737
1741
1744
1750
1760
1770
1783
1802
1825
1851
1930
2040
2200
2409
2663
2960
3276
3550
3687
3609
3266
2689
2001
1356
0903
0759
0762
0925
1134
1291
1395
1467
1545
1633
1714
1737
1750
1760
1767
1776
1780
1786
1793
1799
1819
1868
1907
1926
1939
1949
1959
1965
1972
1975
1979
1982
1985
1988
1992
1995
1998
2001
2005
2008
2011
2021
2040
2076
2099
2115
2129
2138
2151
2158
2168
2181
2200
2233
2269
2292
2305
2311
2321
2327
2334
2340
2344
2350
2353
2360
2367
2383
2389
2383
2363
2308
2226
2148
2070
1992
1900
1838
1796
1773
1760
1747
1741
1734
1727
1724
1721
1718
1711
1708
1705
1701
1698
1698
1695
1692
1688
1688
1688
1688
1688
1688
1692
1695
1698
1701
1705
1708
1711
1718
1724
1737
1767
1802
1829
1845
1861
1877
1894
1910
1949
2005
2040
2070
2076
2080
2083
2089
2083
2050
2005
1943
1894
1858
1829
1802
1780
1754
1731
1718
1708
1701
1692
1685
1679
1675
1669
1669
1669
1669
1669
1672
1675
1679
1685
1692
1701
1711
1731
1786
1891
2031
2230
2487
2794
3126
3436
3618
3618
3442
2979
2324
1636
1053
0691
0603
0733
0971
1203
1382
1489
1542
1574
1600
1633
1662
1692
1721
1750
1776
1802
1816
1822
1829
1832
1835
1842
1845
1848
1855
1858
1864
1871
1874
1881
1887
1897
1907
1917
1926
1936
1943
1952
1969
1985
2005
2024
2050
2083
2109
2132
2148
2164
2184
2203
2230
2262
2292
2314
2334
2344
2350
2353
2357
2360
2363
2363
2360
2353
2344
2334
2324
2311
2295
2278
2256
2220
2164
2112
2060
2021
1992
1956
1910
1855
1825
1812
1799
1789
1789
1789
1793
1796
1802
1806
1809
1812
1819
1819
1816
1812
1809
1806
1802
1799
1796
1793
1789
1789
1796
1809
1825
1845
1881
1910
1952
2001
2037
2067
2093
2109
2122
2132
2138
2138
2135
2125
2115
2093
2054
2011
1962
1923
1897
1874
1855
1825
1783
1754
1731
1705
1688
1675
1666
1662
1666
1682
1695
1708
1718
1724
1734
1741
1747
1754
1757
1763
1773
1783
1825
1923
2067
2269
2533
2846
3188
3504
3700
3703
3530
3061
2409
1705
1088
0710
0622
0746
0971
1229
1463
1617
1698
1724
1744
1757
1770
1783
1793
1802
1816
1829
1845
1864
1884
1904
1917
1930
1939
1949
1959
1969
1982
2001
2027
2057
2080
2102
2119
2135
2145
2151
2158
2161
2168
2171
2181
2187
2197
2207
2217
2230
2246
2262
2275
2285
2298
2324
2360
2380
2393
2406
2419
2435
2464
2494
2507
2516
2520
2523
2520
2510
2497
2477
2435
2386
2337
2288
2236
2187
2132
2073
2021
1979
1930
1897
1874
1858
1845
1838
1835
1832
1825
1822
1819
1816
1812
1809
1806
1806
1806
1809
1809
1812
1816
1819
1825
1829
1835
1842
1848
1858
1884
1910
1936
1956
1972
1988
2005
2014
2031
2057
2086
2106
2119
2132
2138
2129
2106
2080
2050
2021
1982
1930
1891
1864
1838
1816
1789
1763
1744
1731
1721
1711
1705
1701
1695
1685
1679
1672
1666
1656
1649
1639
1633
1630
1630
1639
1656
1679
1750
1864
2031
2262
2562
2918
3302
3645
3808
3788
3530
2986
2278
1555
0987
0736
0710
0824
1066
1304
1486
1600
1662
1692
1705
1714
1721
1727
1734
1741
1747
1750
1754
1760
1763
1770
1780
1799
1819
1842
1868
1897
1923
1943
1962
1975
1988
1995
1998
2005
2005
2011
2014
2021
2027
2037
2047
2063
2093
2125
2142
2155
2164
2171
2181
2187
2197
2203
2210
2220
2230
2249
2272
2295
2321
2347
2360
2370
2380
2389
2389
2363
2340
2311
2278
2236
2177
2119
2063
2011
1965
1917
1864
1812
1776
1763
1757
1750
1750
1750
1757
1767
1776
1783
1786
1793
1799
1802
1809
1809
1809
1809
1809
1809
1809
1809
1806
1802
1799
1796
1796
1789
1780
1806
1835
1858
1884
1904
1939
1992
2027
2050
2070
2089
2106
2122
2138
2148
2155
2151
2142
2122
2093
2044
1998
1936
1894
1868
1851
1832
1816
1802
1796
1789
1780
1773
1767
1763
1760
1760
1763
1770
1773
1776
1780
1786
1793
1799
1809
1819
1832
1855
1930
2076
2282
2543
2852
3195
3514
3723
3736
3589
3136
2490
1786
1186
0808
0697
0821
1046
1271
1457
1574
1636
1672
1701
1744
1783
1825
1851
1868
1877
1884
1887
1897
1904
1917
1930
1943
1956
1965
1975
1985
1995
2005
2008
2014
2021
2027
2034
2040
2044
2050
2054
2063
2076
2093
2112
2138
2158
2181
2203
2220
2236
2252
2275
2308
2334
2357
2370
2389
2415
2442
2458
2474
2487
2500
2510
2513
2510
2503
2497
2484
2471
2442
2389
2353
2327
2298
2265
2210
2145
2099
2067
2037
2005
1952
1917
1900
1891
1881
1874
1874
1874
1877
1881
1884
1887
1887
1891
1891
1891
1894
1894
1894
1894
1894
1894
1894
1897
1897
1897
1897
1897
1900
1904
1907
1913
1923
1930
1949
1988
2024
2054
2080
2099
2115
2129
2138
2151
2161
2168
2168
2164
2155
2138
2115
2080
2018
1965
1907
1861
1832
1809
1789
1776
1770
1760
1757
1750
1747
1747
1754
1760
1767
1776
1783
1793
1806
1816
1825
1832
1838
1848
1887
1975
2102
2282
2513
2777
3051
3289
3426
3426
3292
2914
2373
1763
1193
0779
0648
0665
0863
1118
1366
1568
1711
1776
1796
1806
1809
1816
1819
1822
1825
1832
1838
1845
1848
1855
1858
1864
1871
1881
1894
1910
1939
1969
1995
2014
2031
2047
2060
2073
2080
2089
2093
2099
2102
2109
2115
2122
2135
2145
2161
2181
2217
2278
2324
2353
2376
2389
2399
2406
2409
2415
2419
2425
2425
2425
2422
2415
2406
2399
2389
2380
2363
2347
2327
2308
2282
2249
2203
2164
2119
2054
1982
1913
1887
1877
1868
1861
1855
1848
1845
1842
1838
1835
1832
1832
1832
1835
1835
1835
1835
1835
1835
1838
1835
1835
1832
1832
1835
1838
1842
1845
1848
1851
1855
1858
1864
1871
1874
1881
1894
1933
1965
1992
2011
2031
2047
2060
2073
2083
2093
2096
2089
2080
2063
2044
2018
1975
1943
1913
1881
1848
1829
1816
1802
1789
1776
1763
1754
1744
1734
1721
1714
1708
1708
1714
1724
1734
1744
1757
1776
1796
1816
1838
1874
1933
2031
2151
2324
2562
2856
3172
3459
3602
3596
3403
2940
2298
1613
1033
0753
0727
0863
1115
1362
1551
1652
1692
1724
1747
1767
1780
1786
1789
1793
1796
1799
1802
1796
1783
1773
1760
1754
1763
1786
1822
1877
1923
1952
1979
2005
2024
2047
2063
2073
2080
2083
2086
2089
2093
2096
2096
2102
2106
2109
2115
2119
2125
2132
2142
2161
2184
2207
2239
2275
2308
2334
2357
2373
2380
2386
2393
2402
2406
2396
2370
2340
2305
2272
2239
2203
2168
2129
2089
2054
2008
1959
1913
1864
1819
1786
1773
1767
1760
1754
1754
1760
1770
1776
1783
1789
1799
1806
1812
1812
1809
1806
1802
1799
1799
1796
1789
1783
1776
1767
1760
1754
1744
1737
1731
1727
1727
1734
1744
1760
1776
1812
1871
1910
1936
1962
1988
2018
2054
2063
2070
2073
2080
2080
2080
2076
2070
2060
2044
2024
1995
1965
1926
1877
1848
1832
1816
1796
1780
1770
1760
1754
1747
1744
1737
1734
1734
1731
1731
1727
1727
1724
1718
1711
1737
1806
1910
2054
2233
2442
2680
2953
3253
3550
3752
3762
3625
3195
2569
1891
1304
0929
0798
0883
1082
1291
1450
1584
1708
1796
1829
1845
1855
1838
1822
1809
1812
1838
1877
1926
1959
1979
1992
2001
2005
2005
2008
2008
2011
2011
2014
2018
2021
2024
2027
2034
2037
2040
2047
2054
2067
2089
2109
2122
2142
2164
2190
2217
2239
2259
2278
2301
2327
2353
2367
2376
2383
2389
2396
2399
2399
2399
2399
2399
2396
2389
2383
2376
2367
2347
2308
2272
2230
2187
2138
2083
2034
1998
1969
1939
1904
1861
1842
1835
1829
1822
1819
1816
1816
1816
1816
1819
1819
1822
1825
1829
1835
1838
1842
1842
1845
1851
1855
1858
1858
1858
1858
1861
1864
1864
1868
1868
1868
1868
1871
1874
1877
1881
1887
1894
1904
1923
1946
1969
1995
2018
2037
2057
2076
2096
2112
2119
2125
2132
2138
2142
2135
2122
2102
2080
2047
2018
1988
1959
1926
1894
1864
1848
1845
1838
1835
1829
1825
1822
1822
1819
1819
1819
1822
1822
1825
1829
1832
1838
1842
1868
1939
2040
2181
2360
2578
2829
3113
3394
3632
3749
3661
3322
2754
2070
1441
1000
0847
0844
0987
1196
1405
1584
1718
1822
1855
1861
1868
1868
1861
1855
1848
1842
1855
1881
1904
1923
1943
1959
1975
1985
1992
1998
2005
2008
2014
2018
2024
2027
2034
2040
2050
2063
2083
2119
2138
2158
2171
2194
2217
2246
2275
2298
2314
2321
2327
2331
2337
2344
2350
2360
2370
2376
2386
2399
2415
2432
2442
2445
2448
2451
2458
2461
2458
2445
2422
2383
2318
2249
2184
2125
2063
2008
1939
1874
1829
1825
1832
1835
1838
1838
1842
1842
1842
1842
1842
1838
1838
1838
1838
1838
1838
1838
1835
1835
1835
1835
1838
1838
1842
1845
1845
1845
1848
1848
1848
1848
1845
1845
1845
1845
1848
1848
1848
1851
1851
1858
1864
1871
1881
1900
1949
1985
2005
2021
2034
2044
2054
2060
2067
2070
2067
2063
2054
2040
2018
1979
1907
1829
1786
1760
1744
1731
1724
1718
1711
1701
1724
1744
1757
1763
1770
1773
1773
1770
1760
1750
1737
1724
1701
1688
1692
1705
1747
1842
1985
2184
2435
2732
3048
3367
3628
3746
3635
3260
2644
1891
1186
0700
0508
0586
0831
1108
1330
1473
1568
1649
1727
1770
1783
1789
1793
1796
1799
1799
1802
1806
1812
1816
1819
1825
1829
1835
1842
1851
1868
1900
1933
1949
1962
1972
1979
1985
1992
2001
2005
2008
2011
2018
2027
2047
2099
2151
2187
2213
2236
2259
2282
2292
2298
2305
2311
2318
2321
2324
2331
2334
2337
2344
2347
2353
2360
2373
2386
2386
2373
2357
2334
2301
2272
2233
2181
2122
2076
2050
2027
2005
1975
1933
1894
1864
1842
1832
1822
1819
1816
1809
1806
1802
1802
1802
1802
1806
1809
1816
1822
1829
1838
1845
1855
1864
1871
1877
1891
1900
1910
1917
1917
1917
1910
1907
1900
1897
1891
1884
1877
1871
1868
1864
1868
1874
1881
1894
1910
1939
1992
2027
2073
2112
2138
2155
2164
2174
2181
2181
2174
2158
2138
2115
2093
2067
2027
1982
1943
1920
1907
1884
1858
1845
1835
1829
1822
1812
1809
1802
1799
1796
1796
1793
1789
1786
1783
1780
1773
1767
1780
1809
1855
1917
2011
2158
2360
2627
2960
3325
3664
3804
3772
3449
2843
2115
1447
0955
0792
0798
0991
1245
1454
1591
1682
1734
1760
1773
1780
1786
1799
1809
1819
1832
1842
1855
1874
1894
1907
1917
1926
1936
1946
1956
1972
1988
2005
2018
2031
2044
2057
2067
2076
2089
2099
2106
2115
2125
2135
2145
2151
2161
2171
2187
2203
2217
2233
2249
2269
2285
2298
2308
2318
2324
2331
2344
2357
2380
2425
2464
2474
2481
2455
2428
2409
2389
2363
2327
2265
2197
2142
2109
2080
2050
2008
1956
1920
1904
1891
1874
1861
1848
1838
1829
1819
1809
1802
1796
1793
1796
1806
1816
1825
1835
1845
1855
1868
1877
1884
1891
1891
1891
1894
1894
1894
1894
1894
1897
1897
1891
1881
1877
1871
1868
1861
1858
1858
1855
1851
1851
1855
1858
1861
1868
1874
1884
1894
1917
1939
1969
2005
2040
2067
2086
2096
2109
2115
2119
2112
2102
2086
2067
2044
2021
2001
1965
1913
1874
1851
1825
1799
1783
1773
1767
1757
1750
1747
1744
1741
1741
1744
1744
1747
1750
1757
1763
1773
1793
1829
1881
1965
2099
2298
2559
2872
3214
3527
3720
3720
3540
3045
2370
1652
1069
0730
0642
0753
0974
1209
1421
1581
1695
1757
1770
1780
1786
1789
1799
1809
1816
1825
1838
1858
1894
1917
1926
1930
1936
1939
1943
1949
1959
1965
1972
1979
1988
1998
2014
2034
2050
2070
2089
2112
2135
2155
2171
2184
2194
2203
2213
2223
2230
2243
2259
2275
2292
2318
2357
2380
2386
2396
2402
2409
2412
2415
2415
2415
2412
2412
2406
2399
2393
2380
2367
2340
2285
2230
2174
2119
2070
2024
1979
1943
1923
1907
1894
1884
1874
1858
1838
1825
1819
1816
1812
1809
1806
1806
1806
1806
1806
1809
1816
1822
1832
1842
1851
1858
1864
1868
1877
1884
1891
1897
1900
1904
1907
1907
1907
1907
1900
1897
1891
1887
1881
1874
1868
1858
1845
1832
1829
1832
1842
1858
1884
1930
1972
2021
2063
2083
2099
2112
2119
2125
2135
2145
2148
2138
2119
2102
2086
2070
2047
2021
1979
1917
1877
1858
1838
1822
1809
1793
1773
1763
1776
1799
1812
1822
1829
1838
1845
1851
1858
1864
1871
1881
1894
1946
2034
2171
2357
2588
2869
3172
3469
3671
3687
3560
3123
2481
1770
1150
0769
0678
0828
1088
1359
1561
1672
1724
1760
1786
1816
1838
1861
1874
1887
1891
1894
1897
1900
1900
1904
1907
1910
1917
1920
1923
1930
1936
1943
1949
1965
1998
2031
2050
2063
2076
2083
2093
2102
2112
2119
2125
2135
2148
2177
2207
2223
2233
2239
2249
2256
2262
2272
2282
2292
2301
2308
2314
2324
2334
2340
2350
2353
2357
2353
2353
2347
2340
2331
2318
2292
2239
2200
2171
2142
2099
2050
2005
1952
1913
1891
1877
1871
1868
1868
1864
1864
1864
1861
1861
1861
1864
1868
1874
1881
1887
1891
1894
1897
1900
1904
1904
1907
1910
1910
1913
1917
1917
1913
1910
1907
1907
1904
1900
1897
1891
1887
1881
1877
1874
1868
1855
1848
1848
1858
1874
1891
1904
1926
1943
1959
1972
1985
1995
2005
2018
2034
2060
2086
2102
2112
2122
2129
2132
2129
2119
2102
2080
2027
1992
1969
1952
1936
1923
1910
1897
1884
1871
1861
1848
1842
1835
1832
1829
1825
1822
1819
1819
1819
1819
1825
1829
1838
1855
1868
1933
2034
2177
2360
2591
2865
3175
3482
3700
3723
3602
3169
2536
1848
1284
0997
0958
1043
1238
1418
1535
1617
1666
1714
1780
1816
1829
1842
1855
1861
1864
1871
1874
1877
1881
1884
1887
1887
1891
1894
1904
1920
1946
1972
1998
2027
2060
2089
2096
2096
2099
2099
2099
2099
2099
2102
2106
2109
2115
2125
2135
2145
2171
2200
2243
2295
2318
2331
2340
2350
2357
2363
2367
2367
2367
2367
2367
2363
2357
2350
2344
2334
2321
2292
2239
2203
2177
2151
2122
2076
2037
2008
1985
1949
1910
1868
1842
1832
1829
1825
1822
1819
1819
1816
1812
1812
1809
1802
1799
1799
1796
1789
1783
1780
1789
1799
1809
1822
1832
1838
1845
1855
1864
1868
1861
1858
1851
1848
1845
1842
1842
1838
1838
1835
1832
1829
1829
1829
1829
1825
1819
1816
1825
1845
1861
1877
1894
1907
1920
1936
1965
1995
2031
2076
2099
2115
2122
2129
2122
2109
2089
2060
2008
1956
1900
1864
1845
1829
1816
1806
1799
1793
1789
1786
1783
1780
1776
1776
1776
1776
1776
1776
1780
1786
1789
1799
1809
1819
1861
1943
2054
2203
2406
2660
2960
3283
3573
3720
3707
3488
3006
2367
1695
1137
0850
0811
0890
1079
1265
1398
1489
1561
1626
1701
1783
1832
1845
1855
1861
1864
1871
1877
1884
1894
1904
1913
1923
1936
1949
1959
1972
1982
1992
2005
2011
2024
2037
2047
2057
2067
2073
2083
2093
2102
2115
2125
2135
2155
2184
2217
2246
2269
2288
2305
2318
2324
2334
2344
2353
2363
2373
2383
2389
2399
2409
2419
2422
2422
2419
2415
2406
2393
2370
2327
2288
2243
2194
2142
2089
2031
1972
1917
1897
1891
1884
1881
1874
1871
1871
1868
1868
1868
1864
1864
1864
1864
1864
1864
1864
1864
1864
1864
1864
1861
1858
1855
1851
1851
1848
1845
1842
1838
1835
1838
1845
1851
1861
1868
1874
1877
1884
1887
1894
1897
1897
1900
1904
1907
1910
1913
1917
1917
1920
1923
1926
1933
1936
1943
1962
2008
2050
2080
2112
2155
2190
2210
2223
2194
2161
2135
2109
2086
2057
2024
1998
1975
1952
1933
1913
1877
1842
1825
1812
1806
1812
1825
1835
1842
1848
1851
1855
1861
1864
1871
1877
1884
1897
1939
2018
2129
2272
2445
2657
2911
3204
3495
3693
3707
3570
3133
2497
1793
1160
0736
0599
0717
0968
1251
1512
1701
1789
1816
1829
1838
1851
1861
1868
1874
1881
1894
1910
1926
1943
1949
1956
1962
1965
1972
1979
1985
1995
2001
2005
2014
2027
2047
2067
2083
2096
2106
2115
2125
2132
2142
2151
2161
2171
2181
2190
2203
2217
2230
2243
2256
2265
2275
2285
2292
2301
2311
2324
2334
2347
2360
2376
2393
2402
2402
2396
2383
2363
2344
2308
2282
2252
2223
2194
2155
2109
2060
2011
1965
1907
1851
1816
1799
1786
1773
1763
1750
1737
1724
1727
1750
1770
1789
1806
1825
1845
1864
1891
1900
1891
1871
1858
1851
1842
1835
1832
1825
1822
1819
1816
1812
1812
1809
1812
1812
1809
1809
1809
1809
1806
1806
1802
1802
1802
1809
1812
1819
1825
1832
1838
1845
1855
1864
1874
1887
1917
1962
2005
2044
2073
2096
2109
2119
2125
2132
2122
2096
2063
2008
1965
1930
1904
1881
1855
1829
1816
1809
1802
1799
1793
1789
1789
1786
1786
1786
1789
1789
1793
1796
1799
1806
1812
1822
1851
1900
1985
2109
2292
2526
2807
3120
3436
3697
3804
3677
3286
2660
1920
1225
0730
0541
0645
0912
1225
1486
1649
1724
1750
1783
1802
1819
1829
1838
1845
1851
1858
1868
1887
1910
1936
1962
1985
1998
2005
2005
2008
2014
2021
2031
2040
2047
2057
2067
2083
2096
2109
2119
2129
2138
2148
2161
2174
2187
2200
2226
2265
2288
2305
2321
2340
2350
2360
2367
2373
2383
2389
2396
2402
2409
2415
2422
2428
2442
2451
2455
2455
2448
2435
2419
2393
2344
2256
2171
2125
2093
2073
2054
2034
2005
1962
1923
1897
1871
1858
1848
1838
1832
1835
1838
1845
1851
1858
1861
1864
1868
1871
1877
1881
1884
1891
1894
1897
1900
1900
1900
1904
1904
1907
1910
1913
1917
1917
1913
1907
1900
1897
1894
1887
1884
1877
1874
1871
1868
1868
1868
1868
1871
1877
1884
1891
1904
1923
1949
1982
2018
2047
2063
2080
2093
2102
2115
2122
2122
2109
2086
2050
2005
1975
1949
1923
1897
1871
1838
1822
1809
1799
1793
1789
1783
1780
1776
1773
1767
1763
1770
1783
1793
1802
1809
1819
1832
1848
1881
1939
2047
2213
2448
2738
3077
3413
3671
3775
3651
3266
2657
1943
1268
0766
0570
0570
0756
1049
1340
1564
1672
1705
1724
1741
1750
1767
1786
1802
1822
1838
1855
1877
1897
1913
1926
1936
1949
1959
1965
1975
1982
1985
1992
2001
2008
2021
2031
2040
2054
2063
2073
2083
2089
2096
2102
2115
2132
2155
2177
2203
2233
2265
2295
2321
2340
2357
2363
2370
2373
2376
2380
2383
2386
2386
2386
2386
2383
2380
2373
2370
2360
2350
2331
2285
2239
2194
2151
2122
2099
2070
2031
1998
1969
1946
1923
1897
1871
1838
1812
1799
1793
1786
1780
1776
1776
1783
1799
1812
1822
1832
1842
1851
1858
1864
1871
1877
1881
1881
1884
1884
1887
1887
1887
1891
1891
1891
1894
1894
1897
1897
1894
1891
1887
1884
1877
1874
1868
1861
1861
1864
1881
1900
1923
1956
1979
2008
2050
2093
2119
2138
2148
2158
2164
2161
2148
2125
2086
2027
1982
1946
1910
1887
1868
1851
1842
1838
1832
1829
1822
1816
1812
1812
1816
1825
1835
1845
1855
1864
1871
1871
1868
1861
1851
1838
1868
1959
2089
2269
2494
2764
3074
3397
3664
3768
3638
3247
2627
1894
1212
0749
0596
0714
0978
1248
1467
1617
1698
1718
1731
1741
1750
1757
1763
1773
1780
1789
1802
1816
1829
1845
1868
1900
1923
1936
1946
1949
1956
1959
1962
1969
1979
1985
1995
2005
2018
2037
2070
2096
2115
2125
2135
2142
2151
2158
2164
2171
2181
2187
2200
2217
2246
2272
2292
2305
2314
2324
2334
2340
2347
2353
2363
2370
2370
2367
2357
2344
2327
2311
2282
2259
2239
2207
2161
2109
2060
2011
1962
1913
1855
