0856
0701
0606
0505
0440
0401
0426
0479
0493
0508
0519
0530
0538
0547
0552
0555
0558
0561
0564
0564
0566
0566
0566
0564
0561
0558
0552
0547
0538
0527
0519
0508
0496
0485
0474
0451
0401
0381
0370
0362
0356
0348
0342
0339
0339
0339
0348
0359
0373
0390
0409
0426
0440
0449
0454
0463
0468
0474
0482
0485
0491
0493
0493
0496
0493
0493
0491
0488
0485
0482
0482
0479
0479
0477
0474
0474
0474
0471
0471
0471
0474
0477
0482
0488
0496
0502
0510
0519
0530
0541
0555
0578
0609
0637
0670
0698
0724
0746
0763
0780
0794
0808
0816
0825
0833
0842
0856
0875
0906
0959
0990
1016
1038
1052
1060
1060
1055
1044
1027
1004
0959
0900
0884
0872
0864
0856
0850
0847
0853
0858
0867
0878
0884
0892
0900
0906
0912
0917
0923
0929
0931
0937
0943
0948
0957
0971
1007
1083
1215
1397
1647
1931
2225
2520
2767
2879
2916
2860
2702
2472
2166
1841
1532
1282
1086
1007
0987
0971
0957
0948
0943
0940
0940
0943
0948
0959
0973
0990
1007
1021
1032
1038
1044
1046
1049
1052
1055
1060
1066
1072
1074
1080
1083
1086
1089
1089
1089
1089
1089
1091
1094
1100
1108
1119
1142
1190
1240
1277
1305
1330
1355
1383
1414
1451
1479
1507
1535
1560
1591
1622
1658
1700
1742
1785
1827
1874
1936
2015
2079
2127
2183
2236
2281
2298
2304
2309
2312
2318
2321
2318
2301
2279
2250
2228
2200
2175
2152
2135
2119
2102
2074
2029
1981
1964
1956
1947
1939
1931
1925
1919
1914
1911
1905
1900
1897
1894
1888
1886
1880
1880
1880
1883
1888
1894
1900
1902
1908
1914
1922
1928
1931
1931
1933
1936
1939
1947
1953
1961
1967
1975
1981
1987
1992
1995
1998
2001
2003
2006
2012
2018
2023
2029
2037
2046
2054
2062
2068
2071
2071
2068
2062
2051
2040
2023
2006
1992
1981
1970
1959
1947
1939
1928
1919
1914
1908
1902
1900
1897
1900
1900
1902
1902
1902
1900
1897
1894
1891
1888
1886
1883
1883
1880
1877
1874
1872
1866
1858
1844
1832
1821
1815
1821
1835
1852
1869
1886
1905
1925
1947
1967
1984
2003
2023
2048
2085
2116
2144
2158
2169
2180
2189
2194
2200
2203
2203
2197
2189
2178
2161
2141
2116
2076
2006
1950
1919
1897
1880
1863
1849
1835
1824
1807
1785
1742
1684
1644
1619
1597
1577
1557
1540
1526
1512
1495
1481
1465
1453
1439
1423
1400
1366
1364
1397
1479
1616
1807
2037
2309
2599
2868
3084
3180
3208
3154
3003
2770
2483
2189
1911
1653
1451
1330
1288
1268
1268
1291
1324
1355
1389
1420
1445
1465
1479
1490
1501
1512
1518
1524
1529
1532
1532
1532
1529
1526
1524
1518
1512
1507
1498
1487
1476
1459
1442
1425
1403
1378
1344
1296
1234
1226
1223
1220
1220
1218
1215
1209
1209
1215
1223
1237
1251
1268
1288
1313
1344
1378
1420
1467
1532
1577
1611
1641
1672
1703
1751
1829
1914
1989
2116
2250
2391
2531
2669
2739
2781
2812
2812
2767
2641
2461
2250
2065
1916
1787
1706
1619
1532
1448
1361
1285
1232
1192
1156
1119
1080
1030
0968
0906
0836
0780
0743
0710
0679
0653
0631
0614
0595
0569
0547
0536
0527
0522
0516
0513
0510
0505
0499
0491
0485
0479
0477
0474
0471
0468
0465
0460
0451
0440
0418
0390
0364
0339
0317
0303
0286
0275
0261
0246
0232
0218
0202
0185
0159
0123
0089
0061
0047
0033
0019
0011
0002
0000
0005
0016
0028
0039
0044
0050
0058
0067
0078
0089
0101
0112
0120
0129
0134
0140
0145
0151
0159
0168
0176
0188
0196
0204
0207
0210
0210
0207
0202
0196
0190
0185
0179
0176
0179
0190
0210
0227
0241
0255
0272
0286
0300
0308
0317
0322
0331
0336
0348
0359
0373
0381
0398
0421
0443
0474
0513
0552
0586
0623
0656
0696
0735
0755
0769
0785
0797
0811
0819
0825
0825
0822
0816
0802
0788
0774
0757
0738
0724
0710
0687
0665
0648
0642
0648
0662
0676
0690
0704
0715
0729
0738
0746
0746
0746
0743
0735
0729
0721
0710
0696
0684
0679
0684
0696
0718
0755
0819
0923
1080
1307
1613
1992
2405
2778
3008
3081
3011
2798
2422
2046
1672
1333
1097
0973
0926
0923
0973
1114
1277
1423
1507
1557
1585
1605
1627
1644
1661
1678
1698
1717
1734
1748
1762
1779
1793
1810
1827
1846
1872
1897
1925
1953
1984
2012
2040
2068
2082
2096
2105
2113
2121
2130
2135
2144
2152
2161
2169
2180
2192
2206
2222
2248
2273
2293
2309
2326
2346
2366
2391
2425
2464
2512
2573
2621
2686
2756
2789
2806
2823
2834
2840
2840
2829
2812
2789
2761
2730
2686
2643
2607
2576
2551
2528
2506
2483
2461
2433
2402
2371
2340
2304
2267
2250
2239
2234
2228
2222
2217
2214
2217
2225
2239
2256
2273
2290
2307
2323
2337
2346
2354
2363
2366
2374
2382
2391
2385
2352
2312
2293
2276
2265
2250
2239
2231
2220
2206
2197
2192
2192
2192
2194
2197
2194
2189
2178
2163
2147
2135
2133
2133
2135
2133
2124
2113
2099
2091
2085
2082
2079
2082
2085
2088
2085
2079
2071
2060
2054
2048
2046
2040
2032
2026
2026
2026
2029
2023
2015
2009
2009
2006
2003
2003
2003
2006
2006
2006
2001
1987
1967
1947
1936
1916
1880
1866
1863
1860
1852
1844
1841
1838
1832
1827
1827
1827
1829
1829
1824
1815
1801
1793
1785
1790
1804
1824
1846
1880
1922
1959
1998
2043
2074
2107
2141
2192
2222
2248
2273
2290
2307
2326
2360
2416
2467
2503
2534
2559
2573
2584
2596
2604
2613
2615
2613
2604
2590
2576
2559
2534
2483
2444
2394
2321
2242
2155
2057
1953
1855
1762
1689
1633
1591
1540
1473
1417
1375
1330
1285
1237
1187
1117
1055
1021
0990
0976
0993
1038
1167
1347
1611
1945
2323
2669
2930
2972
2918
2584
2082
1552
1091
0746
0580
0451
0376
0305
0235
0185
0154
0154
0188
0232
0277
0289
0291
0300
0311
0319
0331
0339
0342
0333
0317
0305
0297
0294
0289
0280
0272
0269
0252
0235
0232
0244
0266
0291
0319
0350
0367
0378
0384
0392
0404
0418
0421
0426
0432
0443
0457
0468
0482
0513
0541
0572
0603
0634
0667
0704
0738
0771
0805
0836
0884
0945
0987
1016
1044
1069
1091
1114
1139
1159
1167
1173
1173
1170
1167
1167
1167
1139
1108
1086
1072
1058
1046
1032
1027
1018
1010
1007
1001
0996
0985
0971
0957
0940
0926
0912
0898
0886
0875
0861
0853
0853
0853
0856
0867
0881
0900
0920
0937
0954
0971
0987
1010
1030
1052
1077
1108
1150
1187
1209
1223
1234
1248
1257
1265
1265
1243
1212
1187
1178
1170
1159
1150
1142
1139
1133
1131
1125
1122
1117
1114
1111
1108
1105
1103
1100
1097
1094
1091
1091
1091
1091
1091
1091
1089
1086
1083
1077
1072
1066
1063
1063
1063
1063
1063
1063
1066
1066
1069
1074
1077
1080
1086
1089
1089
1089
1089
1086
1083
1077
1072
1069
1066
1066
1066
1072
1077
1083
1091
1100
1111
1119
1122
1125
1128
1133
1139
1147
1156
1170
1184
1201
1215
1229
1240
1248
1257
1268
1285
1299
1313
1327
1338
1347
1352
1355
1350
1347
1347
1350
1352
1352
1355
1361
1366
1372
1372
1372
1361
1327
1285
1248
1209
1176
1159
1147
1145
1142
1136
1136
1139
1142
1142
1145
1147
1147
1142
1136
1131
1128
1125
1122
1119
1117
1111
1105
1105
1105
1108
1114
1128
1142
1159
1251
1411
1661
1981
2374
2803
3199
3446
3533
3457
3213
2784
2279
1849
1540
1299
1136
1055
1007
0976
0982
1032
1103
1164
1178
1184
1195
1212
1232
1248
1265
1285
1296
1302
1305
1313
1324
1338
1352
1364
1375
1380
1378
1375
1378
1380
1386
1394
1408
1423
1434
1442
1448
1456
1467
1481
1498
1518
1535
1546
1560
1574
1594
1619
1664
1712
1742
1759
1776
1790
1813
1829
1849
1874
1902
1947
1987
2026
2068
2113
2152
2186
2203
2217
2231
2239
2242
2239
2234
2222
2206
2183
2161
2130
2074
2023
1978
1942
1905
1866
1829
1799
1762
1723
1684
1658
1636
1613
1599
1599
1608
1619
1636
1655
1672
1686
1698
1712
1726
1737
1748
1757
1762
1762
1765
1765
1768
1771
1776
1779
1785
1787
1796
1801
1813
1835
1866
1886
1902
1916
1922
1925
1931
1933
1936
1936
1939
1942
1945
1947
1950
1953
1953
1956
1959
1964
1970
1981
1992
2003
2020
2046
2074
2093
2105
2116
2127
2155
2163
2135
2079
2074
2172
2382
2697
3107
3556
3932
4095
3937
3477
2806
2130
1810
1709
1768
1827
1866
1897
1925
1973
2079
2197
2276
2315
2374
2433
2475
2458
2366
2267
2203
2169
2147
2133
2113
2096
2082
2071
2051
2015
1939
1872
1829
1807
1793
1787
1782
1773
1765
1762
1759
1757
1754
1754
1759
1762
1768
1773
1779
1785
1787
1790
1793
1796
1799
1804
1813
1829
1841
1824
1790
1765
1740
1712
1684
1653
1625
1591
1552
1521
1495
1481
1470
1462
1453
1448
1437
1423
1414
1403
1394
1383
1372
1347
1299
1274
1263
1248
1237
1226
1218
1218
1226
1243
1268
1307
1434
1625
1888
2214
2573
2927
3222
3362
3362
3205
2896
2534
2178
1824
1521
1263
1035
0858
0774
0774
0856
0973
1083
1145
1178
1195
1212
1229
1248
1265
1285
1302
1316
1327
1335
1341
1347
1350
1352
1355
1361
1364
1366
1372
1378
1383
1389
1394
1403
1417
1448
1510
1543
1563
1577
1597
1616
1633
1653
1669
1686
1706
1723
1742
1768
1796
1824
1852
1880
1905
1931
1950
1970
1989
2009
2029
2048
2068
2088
2107
2124
2138
2152
2166
2178
2183
2178
2163
2144
2110
2048
1987
1925
1863
1810
1757
1709
1681
1661
1644
1625
1597
1549
1498
1448
1397
1364
1330
1293
1263
1254
1251
1248
1243
1240
1237
1234
1234
1232
1232
1232
1234
1234
1237
1237
1234
1234
1232
1229
1229
1229
1237
1246
1257
1268
1282
1296
1313
1324
1335
1347
1361
1369
1358
1333
1302
1271
1257
1248
1240
1234
1246
1268
1291
1310
1327
1333
1338
1341
1344
1347
1350
1352
1350
1341
1330
1321
1310
1296
1285
1277
1279
1293
1310
1333
1366
1386
1403
1417
1414
1392
1355
1316
1299
1291
1282
1277
1274
1277
1282
1291
1299
1307
1316
1327
1330
1330
1321
1313
1296
1265
1229
1198
1181
1173
1167
1161
1156
1156
1156
1159
1164
1170
1173
1178
1181
1187
1192
1198
1201
1206
1212
1215
1220
1226
1232
1237
1243
1248
1254
1257
1263
1265
1271
1271
1274
1277
1279
1285
1293
1296
1288
1271
1246
1204
1176
1159
1147
1142
1139
1133
1131
1128
1128
1125
1125
1122
1122
1122
1119
1117
1117
1114
1111
1105
1108
1139
1164
1184
1201
1218
1237
1271
1327
1431
1574
1801
2099
2467
2862
3213
3435
3466
3398
3084
2652
2186
1768
1476
1271
1190
1164
1150
1145
1147
1164
1184
1206
1234
1260
1282
1299
1313
1324
1335
1344
1352
1358
1366
1369
1375
1380
1389
1392
1397
1403
1408
1414
1423
1439
1462
1473
1481
1490
1495
1484
1467
1456
1453
1448
1442
1437
1434
1431
1431
1431
1434
1437
1439
1445
1453
1470
1510
1546
1571
1597
1627
1667
1706
1748
1779
1796
1810
1827
1844
1858
1872
1883
1891
1891
1886
1877
1863
1849
1824
1796
1757
1706
1667
1641
1613
1582
1560
1543
1526
1507
1484
1462
1445
1425
1408
1392
1380
1369
1358
1338
1313
1305
1299
1296
1293
1291
1293
1305
1324
1344
1375
1417
1431
1437
1442
1448
1448
1448
1451
1451
1451
1451
1448
1445
1442
1437
1431
1431
1428
1425
1423
1420
1417
1414
1414
1417
1420
1425
1431
1439
1448
1453
1456
1459
1462
1462
1465
1467
1470
1473
1476
1479
1484
1487
1490
1493
1493
1495
1495
1495
1495
1495
1498
1501
1507
1518
1526
1532
1524
1507
1487
1467
1445
1420
1397
1378
1361
1347
1333
1319
1305
1291
1277
1265
1254
1243
1232
1223
1215
1212
1209
1206
1204
1198
1192
1184
1181
1181
1181
1184
1190
1195
1204
1212
1223
1234
1234
1215
1195
1181
1170
1159
1147
1139
1136
1139
1145
1153
1161
1170
1176
1187
1201
1209
1212
1206
1192
1178
1161
1145
1119
1094
1072
1052
1038
1027
1016
1004
0996
0987
0982
0976
0971
0965
0954
0945
0943
0943
0954
0968
0982
0993
1007
1021
1035
1046
1060
1108
1192
1335
1552
1835
2183
2568
2935
3230
3325
3297
3062
2663
2206
1768
1453
1190
1052
0971
0940
0943
0982
1024
1069
1097
1117
1128
1139
1156
1181
1206
1232
1254
1277
1296
1313
1327
1338
1350
1358
1369
1378
1383
1386
1389
1392
1389
1386
1380
1375
1366
1358
1350
1341
1324
1307
1293
1285
1274
1260
1240
1271
1319
1375
1417
1442
1462
1481
1495
1507
1515
1529
1540
1554
1568
1588
1630
1692
1745
1815
1858
1874
1888
1900
1911
1916
1919
1916
1914
1908
1902
1891
1877
1846
1787
1740
1712
1681
1647
1616
1594
1571
1554
1540
1524
1501
1465
1408
1366
1338
1316
1302
1291
1285
1279
1279
1277
1274
1274
1271
1268
1268
1271
1271
1271
1271
1268
1271
1274
1277
1277
1279
1279
1282
1288
1293
1293
1288
1285
1282
1279
1279
1277
1277
1277
1274
1271
1268
1268
1265
1265
1263
1260
1257
1254
1248
1246
1240
1234
1226
1215
1201
1195
1204
1218
1237
1251
1268
1285
1293
1291
1279
1263
1248
1240
1234
1229
1223
1215
1212
1209
1206
1204
1201
1198
1198
1201
1204
1204
1204
1201
1201
1198
1198
1198
1198
1198
1201
1201
1204
1209
1212
1212
1209
1206
1198
1190
1190
1204
1220
1226
1229
1234
1240
1246
1254
1263
1271
1277
1285
1291
1299
1302
1307
1310
1319
1324
1335
1347
1361
1366
1369
1361
1350
1333
1316
1299
1277
1257
1240
1226
1215
1206
1198
1190
1181
1173
1167
1159
1153
1150
1145
1139
1133
1125
1117
1111
1103
1091
1083
1074
1069
1069
1072
1077
1091
1105
1125
1204
1364
1619
1959
2371
2817
3224
3497
3530
3441
3067
2551
2037
1594
1330
1190
1147
1122
1103
1086
1058
1027
1027
1060
1108
1178
1246
1291
1307
1313
1316
1316
1319
1324
1327
1333
1338
1347
1355
1364
1375
1386
1394
1406
1420
1437
1451
1462
1473
1481
1493
1501
1510
1518
1526
1535
1543
1552
1563
1574
1588
1605
1630
1664
1695
1717
1748
1782
1821
1858
1897
1942
1987
2034
2085
2152
2245
2304
2335
2357
2374
2388
2399
2408
2419
2427
2436
2444
2447
2444
2433
2419
2402
2388
2380
2374
2366
2357
2349
2340
2335
2329
2323
2321
2318
2318
2318
2321
2326
2332
2340
2349
2354
2363
2371
2377
2382
2388
2394
2399
2405
2410
2416
2422
2425
2427
2433
2436
2439
2439
2441
2444
2447
2447
2450
2453
2455
2455
2455
2453
2450
2444
2439
2433
2427
2422
2416
2410
2402
2396
2385
2357
2326
2301
2276
2250
2228
2203
2180
2155
2133
2113
2096
2079
2060
2043
2026
2009
1992
1975
1956
1933
1902
1872
1852
1832
1815
1799
1782
1768
1757
1748
1737
1726
1709
1684
1650
1613
1591
1574
1557
1543
1526
1512
1501
1487
1470
1437
1361
1299
1251
1187
1159
1145
1131
1119
1108
1100
1091
1086
1080
1074
1069
1063
1058
1055
1055
1052
1052
1052
1049
1049
1049
1049
1049
1049
1046
1044
1038
1035
1032
1027
1021
1013
1004
0993
0979
0945
0872
0825
0794
0763
0732
0718
0710
0698
0690
0684
0679
0673
0670
0665
0662
0659
0653
0653
0653
0653
0653
0656
0662
0665
0667
0673
0682
0687
0696
0710
0724
0738
0830
1018
1271
1588
1959
2354
2719
2933
3003
2921
2663
2214
1745
1319
0996
0802
0732
0710
0693
0673
0679
0735
0791
0842
0881
0909
0920
0929
0931
0937
0943
0948
0951
0957
0959
0962
0965
0973
0979
0987
0996
1001
1007
1013
1021
1027
1035
1044
1052
1063
1077
1091
1103
1114
1122
1128
1133
1139
1145
1150
1159
1176
1212
1254
1293
1324
1355
1386
1408
1431
1453
1487
1526
1574
1636
1689
1762
1841
1897
1939
1964
1975
1984
1992
1998
2003
2003
1998
1989
1973
1953
1931
1897
1835
1782
1728
1678
1639
1616
1602
1591
1580
1568
1560
1552
1540
1532
1524
1515
1510
1501
1490
1476
1462
1453
1453
1453
1456
1459
1465
1470
1479
1490
1495
1487
1459
1434
1411
1392
1372
1352
1333
1316
1299
1282
1268
1257
1246
1237
1229
1223
1215
1206
1198
1190
1184
1178
1173
1167
1161
1156
1150
1145
1136
1125
1114
1097
1086
1080
1077
1074
1074
1074
1072
1072
1074
1074
1077
1074
1072
1069
1066
1066
1066
1066
1069
1069
1069
1069
1072
1074
1077
1077
1080
1083
1089
1097
1108
1119
1125
1131
1136
1142
1147
1156
1164
1170
1178
1187
1198
1206
1215
1220
1226
1229
1232
1234
1240
1243
1251
1263
1274
1291
1310
1330
1347
1369
1392
1428
1481
1515
1532
1546
1560
1568
1571
1566
1549
1526
1501
1484
1462
1439
1423
1420
1428
1445
1465
1501
1549
1554
1557
1563
1568
1574
1580
1580
1577
1577
1574
1571
1568
1566
1563
1557
1554
1560
1571
1588
1611
1647
1720
1852
2015
2228
2492
2792
3109
3373
3516
3519
3401
3067
2663
2206
1751
1414
1263
1206
1206
1248
1279
1305
1327
1350
1369
1389
1403
1417
1428
1437
1442
1445
1445
1439
1425
1408
1389
1366
1344
1327
1302
1277
1254
1237
1229
1232
1237
1248
1260
1277
1293
1321
1355
1392
1431
1459
1490
1515
1538
1554
1568
1580
1594
1605
1619
1636
1655
1678
1703
1737
1779
1815
1849
1888
1936
1992
2020
2037
2054
2068
2076
2085
2093
2096
2096
2096
2093
2091
2085
2076
2065
2054
2037
2023
1995
1933
1883
1832
1779
1723
1667
1611
1557
1510
1467
1451
1442
1439
1434
1431
1428
1431
1445
1462
1479
1487
1493
1498
1504
1512
1521
1526
1529
1532
1535
1538
1538
1540
1540
1538
1538
1535
1532
1526
1524
1518
1512
1507
1501
1493
1484
1476
1467
1456
1451
1437
1414
1386
1366
1352
1341
1330
1324
1319
1313
1307
1305
1299
1296
1291
1282
1277
1271
1265
1257
1246
1234
1223
1209
1192
1170
1145
1119
1103
1089
1077
1066
1058
1052
1046
1038
1032
1024
1016
1007
1001
0996
0993
0990
0987
0987
0987
0990
0990
0987
0985
0982
0976
0968
0962
0959
0959
0962
0971
0982
0996
1013
1030
1049
1080
1133
1159
1167
1176
1181
1187
1195
1201
1212
1220
1232
1243
1251
1257
1265
1271
1279
1288
1299
1307
1319
1327
1333
1333
1330
1321
1310
1296
1279
1265
1251
1240
1226
1215
1204
1195
1187
1184
1184
1184
1181
1181
1184
1190
1192
1204
1209
1198
1173
1150
1128
1114
1111
1128
1153
1240
1394
1599
1858
2175
2534
2910
3233
3424
3432
3283
2879
2408
1956
1571
1296
1145
1086
1083
1119
1176
1243
1268
1282
1291
1302
1310
1319
1327
1335
1344
1352
1358
1361
1361
1361
1361
1364
1366
1372
1380
1386
1392
1397
1403
1406
1403
1400
1394
1389
1383
1378
1375
1375
1372
1369
1369
1369
1364
1361
1366
1397
1439
1476
1521
1560
1597
1630
1658
1686
1714
1740
1765
1787
1810
1838
1872
1900
1916
1925
1933
1939
1945
1950
1956
1959
1953
1942
1922
1900
1874
1849
1810
1768
1737
1703
1647
1552
1487
1453
1431
1411
1397
1389
1383
1378
1369
1361
1355
1350
1347
1347
1350
1352
1355
1358
1361
1366
1372
1375
1380
1383
1389
1392
1397
1403
1406
1408
1414
1420
1423
1428
1434
1439
1445
1451
1453
1459
1465
1465
1467
1470
1473
1473
1476
1476
1479
1479
1479
1479
1479
1476
1473
1467
1465
1462
1459
1456
1456
1456
1456
1456
1456
1456
1453
1453
1451
1445
1445
1445
1445
1445
1448
1451
1453
1456
1462
1467
1467
1467
1470
1470
1467
1467
1467
1465
1465
1465
1467
1476
1481
1487
1490
1495
1498
1501
1501
1504
1504
1501
1501
1504
1510
1515
1521
1524
1529
1535
1543
1552
1560
1571
1580
1591
1602
1616
1633
1647
1653
1658
1664
1669
1681
1689
1695
1700
1706
1712
1717
1723
1726
1723
1717
1712
1703
1695
1686
1678
1667
1655
1647
1641
1636
1633
1630
1622
1613
1605
1594
1588
1582
1574
1568
1566
1563
1563
1563
1566
1568
1571
1574
1580
1582
1588
1591
1594
1599
1602
1611
1619
1630
1681
1824
2046
2340
2705
3104
3494
3805
3940
3923
3713
3325
2876
2458
2113
1872
1712
1616
1552
1512
1484
1481
1493
1507
1515
1521
1526
1529
1535
1540
1546
1552
1560
1568
1574
1580
1585
1591
1597
1599
1605
1608
1613
1622
1627
1636
1641
1647
1653
1655
1658
1658
1661
1664
1667
1669
1672
1675
1681
1689
1698
1706
1717
1726
1737
1757
1813
1874
1911
1931
1947
1964
1981
1998
2012
2026
2040
2057
2079
2119
2144
2158
2169
2178
2186
2180
2149
2107
2076
2048
2020
1995
1978
1964
1945
1905
1841
1790
1754
1717
1672
1613
1560
1521
1493
1473
1456
1437
1406
1392
1380
1369
1361
1352
1347
1341
1338
1335
1335
1338
1338
1341
1344
1347
1352
1355
1361
1366
1375
1380
1397
1408
1400
1383
1375
1366
1361
1352
1344
1335
1327
1316
1305
1293
1285
1282
1277
1274
1274
1268
1265
1260
1257
1251
1246
1240
1237
1234
1232
1229
1226
1223
1218
1209
1190
1153
1117
1094
1080
1069
1058
1052
1049
1052
1060
1074
1089
1105
1122
1147
1170
1178
1181
1184
1187
1192
1198
1181
1147
1131
1114
1100
1089
1080
1074
1069
1063
1063
1066
1072
1080
1089
1097
1105
1114
1131
1161
1184
1198
1206
1212
1218
1223
1229
1232
1237
1240
1243
1246
1251
1254
1257
1263
1265
1271
1282
1296
1313
1327
1344
1361
1383
1414
1439
1456
1470
1481
1490
1498
1498
1490
1476
1456
1434
1394
1355
1327
1307
1291
1282
1277
1274
1271
1268
1260
1257
1271
1299
1310
1319
1327
1330
1333
1338
1344
1350
1358
1364
1369
1372
1375
1380
1389
1400
1414
1490
1655
1914
2248
2652
3067
3427
3643
3665
3564
3297
2904
2419
1973
1619
1364
1257
1220
1206
1223
1263
1310
1366
1392
1406
1423
1431
1431
1420
1403
1394
1386
1378
1369
1366
1366
1369
1378
1389
1403
1423
1453
1484
1501
1515
1529
1538
1540
1540
1540
1538
1535
1532
1529
1524
1521
1532
1557
1580
1597
1616
1639
1664
1689
1712
1734
1754
1768
1782
1804
1835
1872
1914
1953
1989
2023
2057
2088
2105
2116
2127
2133
2138
2141
2138
2133
2121
2110
2096
2074
2029
1992
1945
1869
1776
1692
1625
1577
1540
1507
1481
1453
1423
1403
1392
1380
1369
1361
1352
1344
1335
1327
1319
1310
1302
1296
1293
1288
1282
1277
1271
1265
1263
1260
1260
1260
1260
1260
1260
1260
1260
1260
1257
1254
1254
1251
1254
1254
1257
1257
1260
1260
1260
1263
1260
1257
1254
1251
1248
1248
1248
1248
1251
1254
1257
1260
1263
1263
1263
1263
1260
1257
1257
1257
1254
1251
1246
1240
1234
1229
1226
1220
1212
1206
1201
1195
1195
1201
1209
1220
1232
1246
1257
1265
1279
1293
1305
1310
1313
1313
1307
1302
1296
1288
1282
1277
1268
1263
1260
1265
1282
1299
1313
1321
1330
1335
1341
1347
1352
1358
1364
1369
1375
1378
1380
1383
1383
1386
1389
1389
1392
1392
1394
1394
1397
1400
1403
1408
1411
1414
1420
1425
1434
1453
1507
1538
1554
1566
1577
1582
1582
1580
1568
1554
1538
1518
1501
1476
1451
1428
1411
1397
1389
1383
1375
1366
1361
1358
1355
1355
1355
1358
1358
1364
1366
1375
1383
1392
1406
1434
1434
1394
1358
1324
1310
1319
1344
1411
1560
1807
2138
2528
2924
3247
3449
3474
3393
3078
2663
2203
1796
1501
1344
1274
1234
1209
1184
1161
1142
1122
1111
1114
1133
1161
1187
1212
1237
1257
1279
1321
1389
1428
1453
1467
1473
1465
1448
1423
1403
1380
1358
1350
1358
1378
1400
1414
1425
1434
1445
1453
1465
1473
1484
1493
1504
1518
1540
1582
1630
1667
1695
1717
1740
1762
1790
1818
1844
1869
1888
1908
1928
1950
1975
1998
2020
2046
2074
2102
2124
2144
2163
2178
2183
2178
2166
2149
2124
2079
1998
1931
1880
1824
1771
1717
1658
1616
1582
1554
1529
1504
1487
1473
1459
1448
1434
1420
1403
1389
1378
1369
1358
1350
1338
1330
1324
1316
1307
1299
1293
1288
1285
1285
1282
1282
1282
1282
1282
1282
1285
1282
1282
1279
1279
1279
1279
1279
1282
1282
1285
1285
1288
1288
1288
1285
1282
1277
1274
1271
1271
1268
1265
1263
1260
1257
1254
1248
1246
1240
1237
1232
1229
1226
1226
1223
1223
1223
1220
1215
1206
1204
1204
1206
1209
1218
1220
1226
1237
1248
1257
1263
1257
1251
1243
1237
1232
1226
1220
1215
1206
1204
1204
1206
1209
1215
1220
1226
1232
1234
1237
1240
1243
1243
1243
1246
1251
1257
1265
1274
1285
1296
1307
1316
1324
1333
1341
1350
1358
1369
1380
1394
1408
1417
1425
1431
1434
1437
1439
1442
1445
1448
1451
1453
1462
1467
1470
1465
1456
1448
1437
1425
1417
1408
1400
1392
1386
1383
1383
1380
1380
1380
1378
1378
1375
1369
1366
1364
1361
1361
1358
1358
1358
1358
1355
1352
1341
1316
1344
1425
1577
1821
2152
2554
2975
3325
3536
3556
3443
3076
2615
2161
1801
1560
1408
1313
1248
1206
1181
1178
1201
1229
1248
1263
1279
1293
1307
1321
1338
1355
1375
1392
1411
1428
1442
1453
1465
1476
1487
1495
1504
1510
1515
1524
1535
1543
1549
1546
1540
1532
1524
1512
1501
1484
1470
1470
1495
1529
1554
1580
1605
1627
1647
1669
1695
1723
1751
1771
1793
1818
1858
1916
1981
2037
2060
2068
2076
2082
2091
2096
2099
2102
2102
2102
2102
2096
2091
2079
2065
2048
2029
2009
1973
1902
1860
1813
1740
1669
1622
1577
1543
1518
1490
1459
1431
1420
1414
1406
1397
1389
1383
1380
1378
1378
1375
1372
1369
1366
1366
1366
1366
1361
1355
1352
1352
1350
1347
1341
1338
1335
1330
1327
1321
1302
1282
1274
1277
1293
1310
1321
1333
1344
1355
1361
1364
1358
1347
1335
1321
1307
1293
1277
1263
1248
1234
1223
1212
1204
1198
1195
1192
1190
1190
1187
1184
1184
1181
1178
1178
1178
1178
1178
1176
1176
1176
1178
1178
1181
1178
1178
1176
1176
1173
1173
1173
1170
1170
1167
1164
1164
1164
1164
1161
1156
1156
1153
1153
1153
1153
1150
1150
1150
1147
1147
1145
1139
1133
1128
1125
1128
1142
1156
1170
1181
1190
1198
1206
1215
1220
1226
1232
1237
1243
1248
1254
1257
1263
1268
1277
1282
1291
1299
1310
1324
1355
1380
1397
1411
1420
1428
1434
1439
1442
1442
1442
1437
1425
1408
1392
1372
1352
1335
1313
1291
1271
1260
1260
1268
1282
1299
1316
1335
1364
1386
1394
1397
1400
1403
1406
1411
1411
1406
1389
1372
1352
1330
1313
1310
1324
1347
1420
1552
1757
2032
2391
2795
3205
3556
3752
3761
3609
3244
2789
2321
1933
1647
1448
1341
1316
1299
1288
1285
1285
1293
1302
1319
1338
1383
1445
1459
1467
1476
1481
1484
1490
1493
1495
1495
1498
1495
1495
1493
1487
1484
1481
1479
1481
1484
1487
1493
1495
1501
1507
1512
1515
1521
1526
1535
1552
1602
1667
1714
1748
1773
1796
1813
1829
1844
1860
1880
1902
1931
1961
2003
2054
2099
2133
2161
2183
2203
2220
2234
2245
2256
2262
2265
2262
2250
2234
2220
2206
2183
2163
2152
2166
2194
2234
2270
2318
2343
2321
2270
2200
2105
2015
1922
1771
1574
1459
1431
1411
1397
1383
1369
1358
1350
1347
1341
1338
1333
1330
1330
1327
1327
1327
1324
1321
1321
1319
1319
1316
1313
1310
1307
1307
1307
1307
1307
1310
1316
1319
1321
1324
1324
1327
1324
1321
1321
1319
1319
1316
1316
1319
1319
1319
1319
1319
1316
1313
1310
1307
1305
1299
1293
1291
1285
1282
1277
1271
1268
1263
1260
1257
1254
1251
1246
1240
1232
1223
1215
1209
1204
1201
1204
1206
1215
1220
1229
1234
1240
1246
1251
1254
1257
1260
1263
1263
1265
1268
1271
1274
1277
1277
1277
1277
1277
1277
1277
1274
1274
1271
1271
1271
1274
1277
1279
1285
1288
1293
1296
1302
1305
1305
1307
1310
1313
1313
1316
1319
1321
1324
1330
1338
1350
1358
1366
1375
1383
1392
1397
1406
1411
1417
1425
1437
1451
1462
1470
1470
1465
1453
1434
1414
1392
1358
1324
1299
1279
1265
1251
1240
1232
1223
1215
1212
1212
1215
1218
1220
1223
1226
1229
1234
1243
1248
1257
1265
1277
1285
1296
1305
1313
1324
1338
1389
1538
1782
2096
2467
2843
3177
3443
3556
3547
3387
3039
2568
2102
1720
1408
1265
1218
1192
1192
1215
1243
1260
1271
1279
1291
1299
1307
1319
1333
1344
1355
1366
1375
1383
1389
1394
1400
1406
1411
1417
1425
1434
1442
1451
1453
1459
1465
1467
1470
1473
1479
1481
1487
1493
1504
1526
1557
1599
1633
1667
1695
1714
1734
1748
1759
1771
1779
1793
1810
1829
1855
1891
1947
1992
2034
2076
2121
2166
2208
2245
2265
2284
2298
2307
2304
2290
2270
2242
2203
2147
2107
2076
2048
2015
1978
1933
1886
1846
1799
1742
1686
1627
1580
1543
1507
1484
1470
1462
1453
1451
1448
1445
1442
1442
1439
1437
1431
1428
1425
1423
1423
1420
1417
1414
1408
1403
1394
1386
1366
1355
1364
1383
1394
1403
1414
1423
1420
1411
1397
1386
1378
1369
1361
1352
1344
1341
1344
1347
1358
1366
1378
1386
1397
1408
1420
1425
1423
1411
1400
1392
1386
1380
1380
1378
1375
1369
1366
1364
1361
1358
1358
1355
1355
1355
1355
1358
1358
1358
1358
1358
1355
1352
1350
1350
1347
1344
1341
1338
1338
1335
1333
1330
1330
1327
1321
1316
1310
1310
1316
1327
1341
1355
1369
1389
1406
1420
1423
1411
1394
1372
1341
1302
1291
1285
1279
1277
1277
1274
1274
1274
1274
1279
1285
1291
1299
1307
1313
1321
1330
1338
1347
1355
1364
1366
1372
1380
1389
1406
1437
1453
1462
1467
1473
1479
1484
1487
1490
1484
1476
1465
1453
1439
1420
1389
1358
1333
1291
1237
1215
1201
1192
1187
1184
1181
1184
1190
1198
1204
1209
1212
1215
1220
1229
1234
1240
1246
1251
1254
1257
1263
1271
1279
1327
1456
1655
1919
2256
2638
3028
3359
3525
3525
3370
3056
2641
2166
1779
1501
1344
1268
1232
1206
1190
1178
1184
1198
1212
1223
1232
1240
1248
1260
1271
1285
1302
1316
1330
1341
1352
1366
1375
1383
1389
1392
1394
1394
1394
1392
1389
1383
1380
1378
1372
1366
1358
1355
1352
1355
1361
1369
1380
1392
1406
1420
1439
1453
1473
1490
1510
1532
1554
1574
1597
1622
1655
1695
1745
1804
1846
1880
1919
1942
1953
1964
1973
1981
1987
1989
1989
1992
1989
1987
1981
1973
1961
1950
1933
1900
1829
1771
1726
1681
1644
1619
1591
1563
1535
1507
1473
1445
1420
1403
1389
1375
1366
1366
1372
1383
1397
1406
1414
1420
1423
1428
1431
1431
1425
1414
1403
1389
1378
1372
1366
1361
1355
1350
1347
1344
1344
1341
1338
1335
1333
1333
1335
1338
1341
1341
1341
1341
1344
1347
1350
1350
1352
1352
1350
1350
1350
1347
1341
1338
1335
1333
1330
1327
1327
1324
1324
1321
1321
1316
1305
1291
1279
1279
1285
1293
1302
1305
1307
1313
1316
1321
1327
1330
1330
1330
1327
1327
1324
1324
1321
1324
1327
1330
1333
1338
1341
1344
1347
1350
1355
1358
1361
1369
1380
1392
1397
1397
1394
1392
1383
1380
1375
1372
1366
1361
1355
1352
1347
1344
1344
1344
1350
1352
1361
1369
1380
1389
1400
1411
1423
1434
1442
1451
1453
1459
1462
1467
1470
1473
1476
1479
1479
1479
1470
1456
1442
1425
1408
1394
1380
1369
1358
1344
1335
1324
1319
1313
1310
1307
1307
1307
1305
1305
1302
1299
1296
1293
1291
1285
1277
1263
1248
1229
1209
1178
1164
1176
1212
1305
1501
1793
2144
2512
2857
3137
3247
3233
3045
2671
2256
1897
1602
1442
1316
1246
1173
1122
1094
1074
1117
1170
1215
1248
1263
1271
1277
1282
1288
1296
1305
1310
1319
1327
1333
1341
1347
1350
1352
1358
1369
1383
1394
1403
1406
1406
1403
1400
1394
1389
1378
1369
1380
1411
1437
1459
1484
1504
1521
1540
1560
1582
1608
1633
1681
1757
1821
1869
1919
1950
1970
1987
2001
2015
2026
2034
2043
2054
2074
2110
2135
2152
2166
2178
2180
2172
2152
2127
2102
2068
2034
2001
1961
1914
1874
1832
1793
1748
1703
1661
1630
1602
1580
1552
1521
1495
1479
1462
1448
1434
1423
1411
1406
1400
1397
1394
1392
1389
1386
1386
1383
1383
1383
1383
1383
1386
1383
1380
1375
1369
1364
1358
1355
1350
1344
1338
1333
1327
1324
1319
1313
1305
1296
1288
1277
1265
1254
1243
1234
1226
1220
1218
1212
1206
1201
1192
1181
1167
1153
1142
1131
1117
1103
1083
1052
1024
1013
1004
0996
0990
0987
0987
0985
0985
0985
0985
0987
0990
0993
0996
0996
0999
1001
1004
1010
1018
1035
1049
1049
1035
1021
1013
1004
0996
0987
0982
0976
0973
0968
0968
0971
0973
0976
0985
0990
0999
1010
1021
1044
1089
1111
1125
1133
1139
1133
1125
1114
1103
1091
1080
1066
1052
1032
1013
0987
0954
0929
0906
0900
0895
0892
0889
0886
0884
0881
0881
0881
0878
0878
0875
0875
0875
0878
0878
0881
0881
0881
0881
0881
0881
0878
0875
0867
0900
0999
1145
1338
1580
1888
2222
2540
2778
2868
2857
2708
2425
2048
1695
1358
1094
0943
0889
0886
0914
0940
0971
1013
1072
1147
1212
1257
1299
1319
1330
1341
1350
1355
1361
1369
1375
1383
1392
1400
1411
1420
1431
1445
1459
1479
1495
1518
1535
1554
1571
1588
1605
1619
1627
1636
1644
1664
1695
1737
1782
1824
1866
1894
1911
1928
1942
1956
1967
1975
1989
2018
2082
2155
2242
2298
2326
2346
2360
2377
2388
2396
2405
2416
2425
2439
2453
2461
2461
2450
2433
2410
2371
2295
2239
2206
2180
2158
2135
2116
2091
2068
2040
2012
1981
1950
1919
1894
1866
1838
1813
1793
1782
1773
1768
1762
1759
1754
1748
1742
1737
1728
1720
1712
1703
1695
1689
1684
1681
1675
1667
1658
1650
1641
1633
1627
1619
1613
1611
1608
1608
1608
1605
1602
1599
1594
1588
1582
1574
1563
1549
1535
1515
1495
1481
1473
1465
1456
1453
1445
1439
1434
1431
1425
1420
1417
1414
1414
1414
1414
1414
1414
1411
1408
1406
1400
1397
1394
1392
1389
1383
1380
1378
1375
1369
1361
1352
1344
1338
1338
1344
1352
1361
1366
1366
1369
1372
1375
1378
1380
1383
1386
1389
1397
1406
1411
1417
1420
1423
1428
1434
1442
1448
1453
1462
1473
1487
1504
1521
1535
1546
1554
1563
1568
1577
1585
1591
1602
1613
1622
1625
1619
1608
1588
1566
1540
1501
1470
1448
1428
1411
1397
1383
1375
1369
1361
1352
1341
1330
1324
1333
1352
1378
1400
1428
1451
1451
1428
1397
1372
1341
1319
1319
1341
1383
1507
1712
1978
2279
2607
2918
3188
3359
3370
3264
2941
2489
2026
1655
1411
1305
1274
1254
1240
1229
1212
1195
1187
1201
1226
1243
1254
1263
1271
1282
1293
1307
1324
1344
1361
1378
1397
1428
1453
1462
1459
1459
1459
1459
1459
1462
1462
1462
1462
1459
1462
1467
1476
1487
1498
1512
1535
1582
1633
1664
1684
1700
1712
1726
1737
1748
1759
1771
1782
1799
1821
1841
1863
1900
1964
2026
2071
2102
2127
2152
2169
2183
2194
2208
2217
2200
2166
2130
2082
2048
2003
1939
1869
1796
1740
1706
1669
1630
1582
1529
1481
1445
1414
1383
1355
1341
1330
1321
1316
1307
1302
1296
1288
1277
1268
1260
1254
1248
1243
1234
1229
1223
1212
1204
1192
1184
1176
1173
1178
1184
1195
1204
1215
1226
1234
1243
1251
1260
1268
1274
1277
1277
1277
1274
1268
1260
1251
1240
1229
1218
1209
1201
1190
1178
1173
1167
1167
1173
1184
1195
1206
1212
1218
1220
1226
1232
1237
1240
1243
1243
1246
1248
1251
1254
1254
1254
1254
1257
1257
1263
1265
1268
1271
1277
1279
1285
1288
1291
1291
1293
1293
1293
1296
1296
1299
1299
1302
1302
1305
1305
1305
1305
1305
1302
1302
1299
1296
1299
1302
1305
1310
1313
1319
1324
1330
1338
1344
1352
1355
1361
1366
1375
1380
1389
1394
1400
1403
1403
1400
1392
1380
1366
1350
1330
1307
1274
1237
1204
1176
1161
1150
1139
1131
1122
1117
1108
1103
1100
1094
1091
1086
1083
1083
1086
1089
1091
1097
1103
1108
1117
1125
1136
1150
1164
1195
1282
1428
1639
1916
2253
2607
2933
3137
3205
3143
2955
2596
2203
1844
1571
1378
1226
1094
1046
1030
1035
1049
1060
1066
1072
1077
1086
1097
1114
1131
1147
1161
1167
1173
1176
1176
1176
1178
1181
1187
1192
1201
1209
1218
1223
1229
1234
1240
1246
1251
1254
1257
1260
1263
1271
1279
1291
1302
1313
1327
1338
1350
1358
1366
1375
1383
1394
1417
1465
1518
1577
1633
1686
1726
1754
1782
1810
1835
1866
1902
1933
1959
1978
1995
2009
2018
2009
1989
1961
1925
1872
1804
1745
1698
1664
1639
1611
1571
1510
1470
1448
1431
1414
1397
1383
1369
1358
1350
1341
1333
1324
1316
1310
1305
1299
1296
1291
1288
1288
1288
1291
1296
1302
1307
1313
1319
1324
1330
1338
1344
1350
1355
1361
1366
1372
1375
1380
1386
1386
1386
1386
1389
1389
1389
1389
1389
1389
1389
1386
1386
1383
1380
1378
1375
1372
1369
1366
1364
1364
1361
1358
1355
1352
1352
1350
1347
1347
1344
1341
1338
1341
1341
1341
1341
1338
1338
1338
1338
1338
1338
1338
1341
1341
1344
1347
1350
1352
1358
1361
1372
1380
1372
1361
1355
1350
1344
1335
1330
1327
1324
1321
1319
1319
1321
1327
1335
1344
1352
1361
1369
1378
1383
1392
1397
1406
1414
1420
1431
1442
1453
1467
1484
1498
1512
1524
1540
1563
1580
1591
1588
1580
1563
1546
1529
1518
1507
1493
1479
1465
1453
1439
1428
1417
1408
1397
1389
1383
1380
1380
1378
1375
1372
1366
1361
1355
1347
1341
1338
1335
1338
1341
1344
1347
1352
1358
1364
1372
1383
1394
1445
1585
1799
2076
2410
2767
3129
3438
3615
3629
3511
3194
2742
2248
1827
1540
1383
1316
1279
1254
1246
1260
1296
1335
1375
1394
1403
1411
1420
1425
1408
1375
1350
1327
1305
1291
1293
1307
1327
1347
1361
1372
1383
1394
1406
1414
1423
1431
1437
1442
1451
1453
1456
1462
1467
1476
1490
1504
1521
1540
1560
1582
1602
1622
1641
1655
1672
1689
1712
1745
1776
1804
1835
1872
1914
1956
1998
2046
2088
2121
2149
2169
2186
2203
2214
2220
2211
2192
2163
2135
2099
2068
2040
2009
1970
1931
1891
1852
1818
1785
1748
1712
1686
1672
1661
1650
1639
1630
1622
1613
1602
1588
1574
1554
1535
1512
1484
1470
1462
1453
1448
1445
1448
1456
1470
1484
1493
1501
1510
1518
1526
1532
1535
1538
1535
1535
1529
1524
1515
1504
1493
1476
1451
1431
1417
1408
1406
1403
1400
1397
1394
1389
1386
1380
1378
1372
1369
1364
1358
1350
1341
1324
1291
1260
1237
1218
1209
1218
1234
1243
1251
1260
1265
1271
1274
1271
1265
1260
1254
1251
1248
1246
1240
1237
1234
1229
1226
1223
1223
1220
1220
1220
1220
1220
1218
1215
1212
1212
1212
1212
1212
1212
1209
1209
1209
1209
1209
1206
1201
1204
1232
1274
1324
1344
1355
1364
1372
1378
1383
1389
1392
1392
1392
1392
1389
1383
1375
1366
1355
1347
1335
1313
1274
1251
1229
1204
1184
1170
1153
1145
1147
1161
1170
1181
1190
1195
1190
1170
1150
1136
1125
1114
1103
1094
1086
1080
1072
1069
1060
1052
1035
1035
1077
1184
1383
1655
2006
2396
2781
3090
3241
3241
3101
2801
2382
1947
1574
1296
1108
0968
0850
0774
0749
0774
0853
0971
1024
1049
1060
1066
1072
1080
1086
1091
1097
1105
1111
1117
1119
1122
1128
1133
1142
1153
1161
1173
1184
1195
1212
1232
1246
1263
1277
1291
1302
1313
1324
1335
1347
1358
1369
1378
1389
1400
1411
1423
1437
1451
1467
1510
1574
1619
1653
1678
1714
1759
1787
1804
1815
1829
1841
1852
1866
1894
1947
1978
1995
2009
2018
2018
2012
2003
1987
1970
1950
1922
1891
1863
1832
1793
1754
1714
1672
1633
1594
1557
1510
1490
1481
1473
1467
1465
1462
1459
1456
1453
1453
1451
1445
1442
1439
1437
1434
1431
1428
1425
1423
1417
1411
1403
1394
1386
1375
1364
1355
1350
1344
1344
1347
1352
1361
1366
1375
1383
1392
1397
1406
1411
1420
1431
1437
1439
1442
1442
1439
1434
1423
1411
1394
1372
1330
1305
1288
1277
1268
1263
1263
1271
1288
1305
1321
1333
1338
1344
1352
1358
1361
1366
1372
1375
1380
1383
1389
1392
1394
1394
1394
1392
1392
1389
1389
1389
1389
1389
1389
1397
1408
1414
1408
1403
1397
1392
1389
1394
1414
1434
1445
1453
1459
1470
1481
1490
1501
1507
1512
1518
1521
1526
1535
1552
1566
1563
1549
1521
1479
1428
1403
1392
1380
1375
1372
1380
1392
1406
1417
1434
1448
1448
1428
1403
1378
1347
1327
1319
1316
1310
1305
1302
1296
1293
1296
1305
1321
1341
1375
1445
1568
1762
2062
2436
2874
3317
3648
3730
3682
3351
2846
2304
1813
1481
1316
1218
1184
1167
1170
1187
1215
1251
1299
1324
1333
1335
1338
1344
1347
1352
1355
1361
1364
1369
1372
1375
1375
1378
1378
1378
1378
1380
1386
1389
1394
1403
1411
1423
1434
1448
1459
1470
1479
1487
1495
1504
1510
1515
1521
1532
1538
1546
1554
1560
1568
1580
1599
1644
1689
1728
1765
1799
1832
1869
1905
1936
1967
2015
2065
2082
2091
2099
2105
2110
2110
2110
2107
2102
2093
2082
2068
2048
2006
1964
1908
1841
1776
1700
1627
1571
1518
1495
1484
1476
1467
1459
1456
1453
1451
1448
1445
1442
1439
1434
1434
1431
1431
1431
1428
1431
1431
1431
1431
1434
1434
1434
1434
1434
1434
1434
1434
1434
1434
1437
1442
1445
1451
1453
1453
1453
1456
1456
1456
1456
1456
1456
1459
1459
1462
1462
1459
1459
1456
1453
1453
1451
1445
1445
1442
1442
1442
1442
1439
1439
1437
1434
1431
1425
1420
1411
1403
1397
1394
1392
1386
1383
1380
1380
1380
1378
1378
1375
1372
1366
1361
1358
1352
1347
1341
1335
1327
1319
1310
1302
1293
1282
1271
1260
1251
1243
1237
1234
1237
1240
1246
1251
1257
1268
1277
1288
1296
1305
1316
1327
1335
1344
1344
1341
1330
1319
1310
1302
1293
1285
1274
1263
1251
1240
1232
1223
1212
1201
1190
1178
1167
1161
1147
1133
1119
1108
1105
1108
1114
1122
1131
1139
1147
1161
1176
1192
1206
1223
1246
1333
1462
1658
1933
2273
2660
3039
3368
3539
3544
3396
3025
2559
2062
1577
1226
1049
0987
1018
1066
1133
1223
1271
1279
1282
1285
1285
1288
1288
1291
1293
1293
1296
1299
1302
1302
1305
1307
1313
1319
1327
1335
1347
1358
1372
1389
1403
1417
1431
1445
1453
1467
1481
1495
1512
1532
1552
1577
1599
1625
1650
1669
1686
1700
1712
1723
1734
1742
1754
1768
1779
1799
1821
1869
1956
2023
2071
2105
2135
2161
2175
2183
2192
2197
2200
2206
2206
2203
2192
2172
2147
2102
2023
1961
1914
1880
1852
1821
1790
1757
1726
1703
1681
1658
1622
1594
1574
1560
1543
1532
1521
1512
1504
1495
1490
1481
1476
1476
1479
1481
1487
1495
1501
1518
1521
1510
1501
1495
1490
1484
1481
1481
1484
1487
1490
1493
1495
1501
1507
1512
1515
1518
1521
1518
1515
1510
1504
1495
1484
1473
1465
1453
1431
1411
1392
1383
1378
1372
1364
1358
1352
1347
1341
1338
1335
1333
1330
1330
1330
1330
1330
1330
1327
1321
1316
1313
1310
1313
1316
1321
1327
1330
1333
1338
1341
1347
1347
1341
1327
1310
1296
1285
1277
1271
1260
1251
1243
1237
1232
1229
1229
1229
1232
1237
1240
1246
1251
1257
1263
1265
1268
1271
1277
1285
1291
1296
1302
1305
1307
1313
1316
1319
1319
1319
1319
1324
1335
1307
1285
1274
1268
1263
1257
1251
1243
1234
1226
1215
1204
1184
1147
1111
1097
1089
1083
1077
1072
1069
1063
1058
1055
1055
1055
1055
1055
1058
1063
1066
1074
1083
1094
1103
1153
1260
1428
1661
1970
2318
2660
2933
3087
3087
2927
2584
2149
1712
1352
1114
0982
0884
0847
0847
0875
0917
0982
1027
1046
1060
1072
1083
1094
1100
1108
1119
1142
1187
1232
1288
1316
1327
1335
1341
1350
1355
1358
1361
1366
1369
1372
1375
1378
1380
1383
1386
1389
1392
1397
1406
1423
1439
1465
1495
1521
1546
1568
1585
1597
1611
1633
1667
1709
1745
1776
1804
1827
1897
1987
2046
2085
2110
2124
2135
2144
2152
2158
2166
2172
2178
2180
2178
2172
2161
2149
2127
2082
2032
1981
1936
1900
1860
1824
1793
1765
1737
1712
1686
1658
1627
1605
1591
1577
1566
1557
1546
1535
1524
1515
1507
1501
1493
1490
1484
1479
1476
1470
1467
1462
1459
1456
1453
1453
1453
1453
1453
1453
1453
1451
1451
1448
1445
1442
1439
1437
1434
1431
1428
1425
1425
1423
1420
1417
1411
1406
1400
1392
1383
1375
1358
1316
1271
1254
1243
1237
1232
1229
1226
1223
1218
1215
1212
1209
1206
1201
1195
1190
1187
1184
1184
1184
1181
1178
1176
1173
1167
1164
1156
1150
1142
1133
1128
1122
1117
1114
1108
1100
1089
1069
1035
1013
0996
0979
0962
0948
0934
0920
0912
0903
0898
0889
0884
0875
0872
0867
0861
0856
0850
0842
0836
0830
0822
0811
0788
0766
0740
0701
0662
0651
0642
0634
0631
0637
0648
0665
0676
0684
0696
0704
0715
0726
0735
0743
0757
0791
0847
0872
0884
0889
0895
0903
0912
0923
0934
0951
0973
1069
1254
1493
1801
2135
2469
2747
2930
2944
2831
2514
2096
1698
1392
1167
1063
1024
1001
0976
0954
0976
1049
1145
1201
1229
1240
1248
1254
1263
1271
1279
1285
1293
1305
1319
1338
1378
1414
1442
1465
1495
1529
1554
1571
1588
1599
1611
1619
1627
1636
1644
1655
1664
1675
1686
1695
1703
1714
1726
1742
1765
1787
1813
1841
1874
1916
1978
2046
2096
2135
2178
2214
2242
2270
2298
2321
2343
2360
2368
2371
2374
2380
2382
2388
2391
2388
2377
2360
2335
2309
2273
2245
2222
2206
2189
2169
2144
2116
2082
2046
2015
1987
1953
1914
1866
1835
1810
1793
1779
1768
1759
1754
1742
1734
1728
1731
1740
1751
1765
1776
1787
1799
1810
1815
1810
1793
1776
1759
1748
1740
1731
1720
1709
1700
1689
1681
1672
1661
1650
1639
1630
1622
1616
1611
1605
1602
1597
1591
1588
1585
1580
1574
1568
1563
1557
1552
1546
1540
1532
1526
1521
1518
1512
1510
1504
1501
1495
1490
1484
1476
1470
1462
1453
1445
1434
1425
1417
1411
1403
1400
1397
1394
1392
1392
1389
1386
1380
1375
1366
1355
1344
1335
1324
1319
1313
1307
1305
1299
1293
1285
1274
1263
1254
1251
1251
1254
1254
1254
1257
1263
1268
1271
1263
1243
1223
1212
1201
1190
1181
1170
1164
1159
1153
1153
1156
1156
1159
1161
1167
1173
1178
1184
1195
1215
1215
1181
1136
1080
1038
1007
0979
0959
0945
0934
0929
0926
0931
0937
0940
0943
0943
0943
0940
0937
0937
0937
0940
0943
0945
0948
0948
0951
0951
0959
0968
0976
0990
1060
1274
1568
1942
2343
2725
3022
3143
3129
2938
2573
2172
1779
1383
1083
0920
0867
0847
0836
0836
0867
0884
0895
0903
0912
0920
0934
0945
0959
0973
0993
1016
1049
1077
1097
1105
1111
1114
1119
1122
1128
1133
1139
1145
1150
1156
1161
1167
1173
1181
1190
1198
1209
1226
1248
1268
1285
1299
1316
1335
1361
1383
1403
1423
1439
1456
1476
1498
1521
1552
1594
1630
1678
1740
1804
1869
1919
1956
1995
2018
2034
2046
2060
2071
2079
2091
2105
2119
2133
2130
2113
2082
2048
2001
1950
1902
1852
1804
1771
1748
1726
1698
1661
1625
1588
1546
1515
1510
1507
1504
1504
1504
1501
1501
1498
1495
1493
1493
1493
1493
1493
1495
1498
1504
1510
1518
1524
1529
1538
1543
1549
1557
1563
1568
1577
1588
1599
1605
1611
1608
1602
1591
1582
1574
1568
1563
1557
1552
1546
1540
1532
1524
1515
1510
1504
1498
1493
1490
1487
1484
1487
1487
1487
1487
1484
1481
1476
1473
1467
1462
1459
1456
1456
1456
1456
1456
1456
1456
1456
1453
1453
1451
1448
1442
1437
1431
1428
1423
1420
1414
1400
1383
1372
1366
1372
1378
1383
1389
1394
1400
1408
1411
1414
1414
1414
1414
1411
1408
1406
1403
1397
1394
1394
1394
1397
1400
1408
1414
1423
1428
1434
1439
1445
1445
1445
1448
1448
1453
1453
1459
1465
1467
1470
1470
1473
1470
1467
1462
1453
1448
1439
1428
1414
1403
1392
1380
1366
1338
1310
1293
1279
1271
1260
1251
1246
1237
1232
1229
1232
1240
1251
1265
1279
1291
1302
1316
1330
1344
1358
1369
1380
1394
1417
1510
1669
1916
2228
2610
3000
3334
3525
3539
3412
3084
2657
2200
1793
1493
1282
1209
1178
1164
1150
1139
1131
1128
1139
1164
1195
1237
1293
1338
1361
1375
1386
1397
1403
1408
1408
1406
1403
1400
1394
1389
1383
1378
1372
1366
1364
1364
1369
1380
1394
1411
1431
1451
1473
1498
1529
1560
1582
1599
1616
1630
1644
1655
1664
1669
1678
1692
1709
1737
1768
1810
1852
1902
1953
2026
2119
2169
2192
2206
2217
2234
2250
2267
2281
2304
2340
2489
2784
3165
3558
3856
3895
3803
3342
2680
2006
1546
1445
1408
1465
1501
1515
1526
1532
1540
1546
1552
1560
1566
1574
1582
1588
1591
1591
1594
1597
1599
1599
1599
1608
1627
1639
1619
1574
1504
1423
1364
1321
1299
1282
1265
1254
1251
1271
1293
1305
1316
1324
1335
1347
1358
1372
1380
1389
1397
1403
1406
1408
1408
1411
1414
1417
1420
1428
1437
1445
1453
1456
1462
1465
1467
1465
1465
1465
1465
1467
1470
1473
1476
1476
1467
1453
1434
1394
1319
1243
1195
1181
1173
1167
1161
1159
1159
1159
1161
1170
1176
1184
1190
1201
1212
1226
1240
1251
1265
1274
1285
1296
1305
1302
1291
1274
1257
1246
1232
1218
1204
1195
1192
1195
1201
1209
1218
1226
1232
1243
1251
1260
1268
1277
1282
1285
1291
1299
1305
1310
1316
1321
1327
1335
1344
1355
1364
1375
1383
1392
1400
1411
1423
1437
1442
1442
1428
1408
1389
1369
1350
1330
1316
1310
1305
1302
1299
1296
1293
1291
1288
1288
1285
1282
1279
1277
1274
1274
1274
1274
1274
1274
1274
1271
1271
1268
1265
1257
1246
1246
1268
1330
1445
1597
1793
2062
2377
2725
3064
3331
3438
3424
3244
2907
2492
2062
1672
1434
1229
1103
1069
1063
1058
1094
1164
1201
1209
1215
1218
1223
1237
1257
1291
1358
1400
1425
1445
1453
1451
1445
1439
1434
1431
1425
1420
1417
1411
1408
1408
1414
1423
1431
1442
1453
1470
1487
1507
1529
1549
1568
1591
1611
1627
1644
1655
1667
1678
1692
1703
1717
1731
1748
1776
1815
1849
1891
1953
2006
2048
2088
2113
2133
2147
2155
2158
2155
2147
2135
2124
2116
2105
2093
2079
2068
2051
2029
1984
1922
1869
1824
1765
1689
1613
1588
1566
1549
1538
1532
1524
1518
1510
1498
1487
1479
1470
1462
1453
1445
1439
1434
1428
1425
1425
1423
1420
1420
1420
1417
1414
1408
1406
1406
1411
1423
1431
1439
1448
1453
1459
1453
1439
1423
1408
1394
1378
1366
1364
1358
1358
1355
1352
1350
1347
1344
1341
1341
1338
1333
1324
1319
1310
1302
1293
1277
1260
1246
1232
1220
1215
1206
1201
1195
1190
1190
1190
1190
1190
1190
1187
1187
1187
1187
1187
1187
1187
1187
1190
1190
1192
1195
1198
1201
1206
1209
1215
1218
1223
1232
1243
1246
1243
1234
1223
1215
1206
1198
1201
1212
1229
1248
1277
1305
1319
1327
1333
1341
1347
1355
1361
1366
1372
1378
1383
1389
1394
1400
1406
1414
1423
1431
1437
1434
1425
1417
1403
1389
1364
1338
1310
1291
1274
1260
1251
1248
1246
1243
1243
1240
1240
1237
1234
1234
1234
1237
1237
1243
1246
1248
1254
1257
1263
1268
1271
1277
1285
1299
1316
1389
1535
1754
2043
2382
2744
3084
3317
3354
3297
2972
2562
2124
1734
1462
1293
1176
1125
1094
1074
1105
1156
1215
1285
1327
1338
1344
1347
1350
1352
1355
1361
1366
1372
1378
1383
1389
1394
1400
1408
1417
1425
1434
1442
1451
1465
1484
1507
1532
1549
1563
1574
1585
1594
1602
1611
1616
1622
1627
1636
1641
1647
1655
1661
1667
1678
1692
1723
1779
1815
1838
1863
1888
1922
1959
1995
2026
2048
2065
2082
2096
2105
2113
2121
2130
2133
2135
2133
2127
2116
2102
2085
2048
1995
1931
1852
1796
1754
1734
1717
1703
1689
1675
1661
1639
1608
1577
1538
1484
1462
1453
1451
1448
1442
1439
1437
1434
1431
1428
1428
1425
1425
1425
1423
1423
1420
1420
1420
1417
1417
1414
1414
1414
1414
1414
1414
1411
1408
1403
1397
1394
1392
1394
1400
1403
1408
1420
1414
1378
1364
1355
1350
1341
1335
1330
1327
1324
1321
1319
1319
1316
1316
1313
1313
1310
1307
1307
1307
1307
1307
1307
1305
1305
1302
1299
1288
1291
1310
1321
1327
1333
1341
1344
1350
1350
1352
1352
1350
1347
1344
1338
1333
1327
1321
1316
1310
1299
1288
1279
1277
1285
1293
1302
1307
1319
1327
1333
1324
1313
1299
1285
1274
1260
1251
1246
1251
1265
1279
1293
1310
1330
1352
1372
1392
1406
1414
1417
1420
1423
1428
1431
