3585
3567
3552
3540
3525
3510
3500
3497
3495
3492
3490
3487
3485
3487
3492
3502
3515
3530
3550
3567
3585
3595
3602
3610
3615
3620
3625
3627
3635
3647
3670
3695
3747
3807
3877
3897
3887
3845
3687
3402
2967
2387
1682
0955
0347
0010
0092
0585
1385
2265
3057
3555
3737
3812
3840
3850
3867
3915
3935
3937
3942
3945
3950
3950
3945
3940
3930
3922
3915
3907
3902
3895
3890
3885
3880
3875
3872
3870
3867
3865
3862
3860
3857
3855
3852
3852
3852
3852
3852
3852
3850
3850
3847
3845
3842
3840
3835
3832
3827
3820
3810
3790
3775
3757
3740
3720
3700
3682
3665
3642
3627
3612
3597
3577
3562
3550
3540
3535
3532
3532
3530
3527
3525
3525
3525
3530
3542
3557
3570
3575
3580
3585
3590
3592
3595
3600
3602
3607
3610
3610
3612
3612
3612
3612
3612
3615
3615
3615
3615
3615
3615
3615
3615
3615
3615
3615
3615
3615
3615
3615
3615
3615
3615
3615
3615
3612
3612
3612
3612
3610
3610
3607
3607
3605
3605
3605
3605
3602
3602
3602
3600
3597
3597
3595
3592
3590
3587
3587
3585
3582
3580
3570
3555
3545
3535
3525
3512
3497
3487
3477
3470
3465
3460
3457
3455
3457
3465
3472
3485
3495
3512
3527
3540
3552
3562
3570
3577
3582
3587
3590
3595
3605
3625
3650
3687
3735
3807
3882
3902
3890
3845
3665
3355
2887
2277
1562
0835
0262
0000
0140
0680
1492
2347
3080
3535
3687
3747
3780
3797
3835
3887
3905
3907
3910
3912
3917
3917
3917
3915
3915
3910
3905
3897
3890
3882
3877
3872
3870
3865
3862
3860
3860
3857
3855
3855
3855
3857
3857
3860
3862
3865
3867
3870
3872
3875
3877
3877
3880
3880
3877
3875
3875
3872
3867
3865
3857
3852
3842
3822
3805
3790
3772
3752
3730
3712
3700
3685
3667
3655
3645
3637
3630
3617
3607
3605
3602
3602
3602
3600
3600
3600
3600
3600
3600
3600
3600
3597
3597
3597
3595
3595
3592
3590
3587
3587
3582
3580
3580
3577
3575
3572
3570
3567
3567
3565
3565
3565
3562
3562
3565
3565
3565
3565
3567
3567
3570
3570
3570
3570
3570
3570
3570
3570
3570
3570
3570
3570
3570
3567
3567
3567
3567
3567
3567
3567
3567
3567
3567
3567
3565
3565
3565
3562
3562
3562
3560
3555
3550
3540
3532
3522
3510
3497
3482
3472
3465
3460
3457
3452
3450
3445
3445
3450
3460
3472
3485
3502
3520
3537
3547
3557
3565
3570
3575
3580
3585
3592
3605
3622
3640
3695
3760
3832
3895
3915
3887
3810
3585
3225
2710
2065
1350
0672
0210
0085
0367
1000
1827
2632
3242
3612
3707
3745
3780
3810
3850
3882
3892
3897
3902
3907
3912
3912
3910
3907
3905
3900
3892
3887
3882
3877
3872
3870
3865
3862
3860
3857
3857
3857
3857
3855
3857
3857
3857
3860
3862
3862
3865
3867
3870
3875
3877
3877
3880
3880
3877
3877
3875
3872
3867
3865
3860
3852
3845
3820
3797
3777
3755
3732
3715
3700
3682
3667
3652
3635
3620
3600
3592
3590
3587
3585
3582
3580
3577
3575
3575
3572
3572
3572
3572
3572
3575
3575
3577
3577
3577
3580
3577
3577
3577
3577
3577
3577
3577
3577
3575
3575
3575
3572
3572
3570
3570
3570
3567
3567
3567
3567
3567
3570
3570
3570
3570
3572
3572
3575
3575
3577
3577
3577
3577
3577
3577
3580
3577
3577
3577
3577
3577
3575
3575
3572
3572
3570
3567
3567
3565
3565
3565
3562
3560
3555
3547
3540
3532
3525
3515
3502
3487
3475
3462
3455
3450
3442
3440
3437
3437
3442
3450
3457
3470
3485
3505
3522
3537
3550
3557
3562
3567
3570
3572
3575
3582
3597
3622
3662
3720
3790
3862
3887
3910
3835
3670
3370
2925
2332
1655
0960
0432
0192
0350
0877
1652
2450
3130
3527
3662
3712
3750
3775
3810
3845
3860
3865
3872
3877
3885
3890
3890
3890
3887
3882
3877
3872
3865
3860
3852
3847
3842
3837
3835
3830
3827
3825
3822
3820
3820
3820
3817
3817
3817
3817
3817
3817
3817
3817
3817
3817
3815
3815
3812
3810
3807
3802
3800
3792
3775
3760
3745
3727
3707
3687
3670
3650
3632
3612
3597
3582
3567
3560
3555
3550
3545
3542
3540
3537
3537
3537
3540
3545
3552
3560
3567
3575
3582
3585
3590
3595
3597
3602
3605
3610
3612
3615
3615
3617
3617
3620
3620
3620
3620
3617
3617
3615
3615
3612
3612
3612
3610
3610
3610
3612
3610
3612
3612
3615
3615
3617
3617
3620
3620
3622
3622
3622
3622
3622
3622
3622
3622
3622
3622
3620
3620
3620
3617
3617
3615
3612
3610
3607
3602
3600
3597
3595
3592
3590
3587
3585
3577
3565
3547
3535
3522
3510
3495
3487
3485
3482
3477
3475
3472
3477
3487
3500
3512
3532
3550
3567
3580
3587
3595
3602
3607
3610
3615
3625
3635
3650
3670
3700
3747
3802
3837
3862
3850
3767
3562
3250
2782
2182
1522
0872
0422
0297
0582
1217
2030
2837
3427
3777
3820
3845
3842
3815
3870
3887
3895
3900
3905
3910
3912
3912
3912
3907
3900
3895
3887
3880
3872
3865
3855
3847
3840
3832
3827
3822
3820
3815
3812
3810
3810
3807
3802
3800
3797
3795
3792
3790
3787
3782
3777
3772
3767
3757
3745
3737
3730
3720
3707
3690
3672
3655
3637
3620
3600
3580
3557
3537
3520
3502
3485
3475
3467
3462
3455
3452
3450
3450
3450
3452
3457
3462
3470
3480
3490
3507
3525
3542
3557
3570
3580
3592
3602
3607
3610
3612
3615
3617
3620
3620
3622
3622
3622
3625
3625
3625
3625
3625
3625
3625
3625
3625
3627
3627
3627
3630
3630
3632
3632
3632
3635
3635
3635
3635
3635
3635
3635
3635
3635
3635
3635
3635
3635
3635
3635
3632
3632
3630
3627
3625
3622
3620
3617
3615
3612
3610
3605
3600
3592
3577
3560
3545
3532
3522
3515
3507
3502
3500
3497
3500
3502
3510
3517
3527
3540
3560
3580
3595
3607
3620
3627
3635
3637
3642
3652
3662
3675
3692
3717
3757
3800
3835
3870
3867
3817
3682
3440
3075
2570
1955
1302
0720
0432
0442
0790
1510
2357
3147
3660
3850
3920
3910
3885
3890
3935
3950
3947
3947
3945
3945
3947
3947
3942
3932
3925
3917
3912
3907
3900
3895
3890
3882
3877
3872
3867
3862
3860
3855
3850
3847
3842
3837
3835
3830
3827
3822
3820
3815
3810
3802
3797
3790
3782
3775
3767
3760
3752
3740
3727
3717
3705
3687
3667
3647
3632
3612
3592
3572
3555
3542
3530
3522
3517
3512
3510
3505
3505
3505
3505
3507
3512
3520
3527
3537
3547
3562
3580
3597
3615
3620
3625
3630
3632
3635
3635
3640
3642
3645
3647
3647
3650
3650
3650
3650
3647
3647
3647
3645
3645
3645
3645
3642
3642
3642
3642
3642
3645
3645
3645
3645
3645
3645
3645
3647
3647
3647
3647
3647
3647
3647
3647
3647
3645
3645
3642
3640
3637
3635
3635
3632
3632
3630
3627
3622
3620
3615
3600
3585
3572
3562
3547
3535
3522
3515
3510
3502
3497
3495
3495
3500
3507
3520
3535
3557
3582
3597
3610
3620
3627
3635
3637
3642
3647
3655
3667
3680
3695
3725
3765
3820
3880
3900
3885
3842
3685
3407
2980
2405
1705
0990
0402
0087
0197
0720
1535
2427
3200
3682
3855
3885
3867
3860
3880
3922
3942
3947
3950
3952
3955
3957
3955
3947
3940
3932
3925
3920
3912
3905
3900
3892
3885
3877
3870
3865
3860
3857
3852
3847
3845
3840
3837
3832
3830
3827
3825
3822
3820
3817
3812
3807
3800
3792
3787
3780
3772
3765
3755
3737
3722
3707
3690
3667
3650
3632
3612
3587
3567
3550
3535
3520
3510
3502
3495
3490
3487
3485
3485
3485
3490
3495
3500
3510
3520
3530
3547
3562
3577
3590
3595
3597
3602
3605
3607
3610
3612
3615
3615
3617
3617
3617
3617
3617
3615
3615
3612
3612
3610
3610
3607
3607
3605
3605
3602
3602
3602
3602
3602
3600
3600
3600
3600
3602
3602
3602
3602
3602
3602
3602
3605
3605
3605
3605
3605
3605
3602
3600
3600
3597
3595
3592
3592
3590
3587
3585
3580
3570
3557
3545
3535
3522
3512
3500
3490
3485
3482
3480
3475
3472
3470
3475
3482
3495
3510
3527
3545
3565
3577
3587
3597
3605
3610
3615
3620
3627
3635
3645
3657
3677
3725
3782
3842
3887
3900
3870
3777
3550
3190
2675
2022
1297
0607
0130
0007
0300
0967
1835
2682
3325
3695
3770
3797
3822
3842
3890
3922
3927
3930
3935
3937
3940
3942
3942
3937
3930
3925
3917
3910
3905
3900
3892
3887
3882
3877
3872
3870
3867
3865
3862
3860
3857
3857
3855
3855
3855
3855
3855
3855
3852
3852
3850
3847
3847
3845
3842
3837
3832
3827
3820
3810
3790
3772
3755
3737
3722
3705
3690
3675
3657
3642
3630
3612
3597
3585
3577
3572
3567
3565
3562
3562
3562
3565
3567
3575
3580
3587
3592
3595
3600
3602
3602
3605
3607
3607
3607
3610
3610
3610
3607
3607
3607
3605
3605
3605
3605
3602
3602
3602
3602
3602
3602
3602
3602
3600
3600
3600
3600
3600
3600
3597
3597
3597
3597
3595
3595
3595
3595
3595
3592
3592
3592
3592
3590
3590
3590
3590
3590
3590
3590
3587
3587
3585
3585
3582
3582
3580
3580
3577
3575
3572
3565
3555
3545
3535
3525
3515
3502
3487
3475
3470
3465
3460
3455
3452
3452
3457
3465
3475
3487
3505
3522
3540
3552
3562
3570
3577
3582
3585
3590
3597
3607
3622
3637
3665
3702
3762
3827
3885
3902
3875
3795
3582
3230
2725
2085
1365
0677
0197
0052
0315
0945
1785
2610
3252
3635
3735
3772
3802
3827
3865
3900
3910
3912
3917
3920
3925
3927
3927
3925
3922
3915
3907
3902
3895
3890
3885
3880
3877
3872
3870
3867
3865
3865
3862
3862
3862
3862
3865
3865
3867
3870
3870
3872
3872
3875
3875
3875
3875
3875
3872
3870
3867
3865
3860
3855
3850
3840
3820
3802
3785
3765
3745
3725
3707
3690
3670
3650
3635
3620
3597
3592
3587
3585
3582
3577
3575
3575
3572
3570
3570
3567
3567
3567
3567
3567
3570
3570
3570
3570
3570
3572
3572
3572
3575
3575
3575
3575
3575
3572
3572
3572
3572
3572
3572
3572
3570
3570
3570
3567
3567
3565
3565
3562
3562
3562
3562
3562
3560
3560
3560
3562
3562
3562
3562
3565
3565
3565
3567
3567
3567
3567
3567
3567
3567
3570
3570
3570
3567
3567
3567
3565
3565
3562
3562
3562
3560
3552
3545
3535
3527
3522
3517
3510
3500
3487
3477
3467
3457
3450
3442
3437
3435
3435
3435
3440
3445
3452
3462
3472
3492
3510
3525
3537
3545
3552
3560
3565
3567
3572
3580
3597
3625
3662
3717
3782
3855
3877
3897
3822
3652
3352
2897
2300
1597
0890
0332
0080
0225
0752
1537
2362
3065
3510
3672
3735
3750
3775
3835
3870
3882
3887
3890
3895
3900
3902
3902
3902
3900
3897
3895
3890
3885
3880
3875
3870
3867
3865
3862
3860
3857
3857
3857
3855
3855
3857
3857
3860
3862
3865
3867
3870
3870
3872
3872
3875
3875
3875
3872
3872
3870
3867
3862
3860
3855
3847
3832
3815
3795
3777
3757
3742
3727
3707
3687
3667
3650
3635
3622
3602
3597
3595
3592
3590
3587
3585
3582
3582
3580
3577
3577
3577
3577
3577
3577
3577
3580
3580
3580
3577
3577
3577
3577
3577
3577
3577
3575
3575
3575
3575
3572
3572
3572
3572
3572
3572
3572
3572
3572
3572
3572
3572
3575
3575
3575
3575
3575
3575
3575
3577
3577
3577
3577
3577
3577
3577
3577
3577
3577
3577
3577
3577
3577
3577
3577
3577
3575
3575
3575
3572
3572
3572
3572
3572
3570
3567
3562
3555
3547
3542
3537
3532
3525
3515
3502
3490
3472
3460
3450
3445
3440
3435
3432
3430
3432
3440
3450
3460
3470
3485
3500
3510
3522
3530
3535
3540
3545
3550
3555
3562
3572
3592
3625
3670
3735
3805
3865
3880
3852
3772
3552
3195
2687
2050
1342
0685
0242
0140
0432
1070
1885
2670
3255
3595
3682
3715
3747
3777
3822
3857
3862
3865
3867
3872
3875
3877
3877
3877
3875
3872
3870
3867
3862
3860
3855
3852
3847
3845
3840
3837
3835
3832
3830
3830
3830
3830
3832
3835
3837
3840
3842
3847
3850
3852
3855
3857
3862
3865
3867
3870
3872
3872
3872
3867
3860
3850
3840
3827
3807
3790
3775
3757
3742
3727
3712
3697
3682
3667
3652
3640
3632
3625
3617
3612
3605
3602
3600
3597
3597
3595
3592
3592
3590
3590
3587
3585
3585
3582
3580
3577
3577
3575
3572
3570
3570
3567
3565
3565
3562
3562
3562
3562
3562
3562
3565
3565
3567
3567
3570
3572
3572
3575
3577
3580
3582
3585
3587
3587
3590
3592
3592
3595
3597
3597
3600
3600
3600
3597
3597
3597
3597
3597
3597
3595
3595
3592
3590
3587
3582
3577
3572
3567
3562
3555
3550
3552
3560
3577
3622
3680
3755
3830
3887
3890
3850
3692
3400
2942
2330
1602
0865
0282
0015
0150
0675
1457
2290
2987
3437
3635
3677
3702
3722
3762
3817
3840
3845
3847
3850
3852
3855
3857
3855
3855
3855
3852
3852
3852
3850
3850
3850
3850
3847
3847
3850
3850
3852
3852
3855
3857
3860
3865
3867
3872
3877
3880
3885
3890
3895
3902
3910
3917
3925
3930
3932
3935
3932
3930
3927
3922
3915
3910
3900
3890
3870
3855
3837
3822
3807
3792
3775
3760
3747
3737
3725
3712
3702
3692
3682
3672
3660
3650
3642
3635
3627
3620
3612
3605
3597
3590
3587
3585
3582
3582
3580
3577
3577
3575
3572
3572
3570
3567
3567
3565
3565
3565
3562
3562
3562
3562
3562
3560
3560
3560
3560
3560
3560
3562
3562
3562
3565
3565
3567
3567
3567
3570
3570
3570
3570
3572
3572
3572
3572
3572
3572
3572
3572
3572
3572
3572
3572
3572
3575
3575
3575
3575
3575
3575
3575
3575
3575
3575
3575
3575
3575
3575
3572
3572
3572
3572
3570
3570
3570
3570
3567
3565
3562
3560
3557
3557
3557
3557
3557
3557
3557
3557
3557
3557
3555
3555
3555
3552
3552
3552
3552
3550
3550
3550
3547
3547
3547
3547
3547
3547
3545
3545
3545
3545
3545
3542
3542
3540
3537
3535
3532
3530
3527
3525
3522
3515
3505
3490
3477
3467
3457
3445
3430
3422
3417
3412
3407
3405
3402
3402
3407
3417
3427
3445
3470
3492
3510
3520
3530
3537
3542
3547
3555
3567
3582
3600
3630
3665
3725
3787
3845
3862
3835
3765
3562
3227
2737
2117
1420
0752
0287
0147
0415
1037
1852
2672
3282
3647
3735
3767
3795
3817
3870
3930
3940
3940
3940
3940
3942
3945
3945
3945
3945
3940
3935
3930
3922
3917
3912
3907
3905
3900
3897
3895
3892
3890
3887
3885
3882
3880
3877
3875
3872
3872
3870
3870
3867
3865
3860
3855
3850
3842
3837
3830
3822
3815
3802
3787
3772
3757
3737
3715
3692
3670
3647
3630
3607
3587
3567
3545
3525
3502
3485
3467
3455
3442
3435
3427
3422
3417
3415
3415
3415
3420
3425
3435
3442
3455
3472
3487
3505
3520
3532
3545
3557
3567
3577
3585
3592
3597
3605
3610
3615
3622
3625
3627
3630
3632
3635
3635
3635
3637
3640
3640
3642
3642
3642
3642
3642
3645
3645
3645
3645
3645
3647
3647
3647
3647
3647
3647
3647
3647
3647
3647
3647
3647
3647
3647
3647
3647
3645
3642
3642
3640
3637
3635
3632
3630
3627
3622
3620
3615
3610
3600
3577
3557
3542
3527
3510
3502
3500
3497
3495
3492
3490
3495
3505
3520
3535
3552
3572
3592
3605
3615
3625
3632
3635
3640
3645
3652
3665
3680
3700
3730
3775
3825
3850
3865
3845
3745
3532
3202
2730
2127
1475
0852
0512
0497
0775
1447
2265
3040
3570
3852
3900
3912
3900
3890
3902
3905
3907
3912
3917
3922
3925
3925
3917
3910
3902
3895
3890
3882
3875
3867
3860
3852
3845
3840
3832
3827
3825
3820
3815
3810
3807
3802
3800
3795
3792
3787
3785
3780
3775
3770
3765
3760
3755
3750
3745
3737
3727
3712
3697
3682
3665
3642
3627
3610
3590
3570
3552
3537
3522
3507
3500
3492
3487
3482
3477
3477
3477
3477
3480
3485
3492
3497
3507
3517
3537
3552
3570
3582
3590
3597
3602
3607
3610
3615
3617
3622
3625
3625
3627
3630
3630
3630
3630
3630
3627
3627
3627
3627
3625
3625
3625
3622
3622
3622
3622
3622
3625
3625
3627
3630
3630
3630
3632
3632
3632
3635
3635
3635
3635
3635
3635
3635
3635
3635
3632
3630
3627
3625
3622
3620
3615
3612
3607
3600
3587
3572
3557
3545
3532
3520
3510
3505
3500
3495
3490
3487
3485
3487
3500
3515
3530
3547
3570
3590
3602
3615
3622
3630
3635
3635
3637
3642
3650
3665
3685
3715
3757
3810
3850
3885
3887
3837
3692
3445
3052
2535
1900
1232
0647
0322
0377
0825
1577
2445
3215
3717
3912
3947
3922
3912
3910
3917
3917
3920
3925
3930
3935
3937
3937
3930
3922
3915
3910
3902
3895
3890
3882
3875
3870
3862
3857
3852
3850
3847
3842
3840
3835
3830
3827
3822
3817
3812
3810
3805
3797
3790
3785
3777
3772
3767
3762
3757
3750
3737
3725
3712
3697
3680
3662
3645
3627
3607
3587
3572
3555
3535
3525
3517
3507
3502
3495
3492
3492
3492
3492
3495
3500
3505
3512
3522
3535
3560
3582
3600
3615
3625
3632
3637
3640
3642
3645
3647
3647
3647
3650
3650
3650
3650
3650
3647
3647
3647
3647
3647
3647
3645
3645
3647
3647
3647
3647
3647
3647
3650
3650
3650
3650
3652
3652
3652
3655
3655
3655
3655
3655
3655
3655
3652
3652
3650
3647
3645
3642
3637
3635
3635
3630
3627
3622
3617
3600
3585
3572
3560
3545
3530
3520
3515
3512
3507
3502
3502
3505
3512
3525
3537
3560
3582
3597
3612
3622
3632
3640
3647
3652
3660
3665
3670
3677
3690
3710
3742
3792
3850
3910
3930
3910
3855
3665
3357
2885
2285
1572
0865
0320
0075
0250
0822
1647
2535
3252
3705
3812
3855
3882
3905
3915
3920
3925
3930
3935
3940
3947
3950
3947
3942
3935
3927
3922
3915
3910
3905
3900
3895
3890
3882
3877
3872
3867
3865
3860
3857
3852
3850
3847
3845
3842
3840
3835
3832
3830
3827
3825
3822
3817
3815
3807
3797
3787
3775
3765
3752
3737
3722
3707
3690
3667
3647
3630
3615
3597
3580
3562
3545
3532
3527
3522
3520
3515
3512
3510
3510
3510
3515
3525
3535
3547
3557
3567
3577
3587
3595
3597
3600
3602
3605
3607
3607
3610
3610
3612
3612
3612
3615
3615
3615
3615
3615
3615
3612
3612
3612
3612
3610
3610
3610
3610
3607
3607
3607
3605
3605
3605
3605
3602
3602
3602
3602
3602
3600
3600
3600
3600
3600
3600
3597
3597
3595
3595
3592
3590
3590
3587
3585
3582
3580
3575
3570
3555
3537
3520
3505
3495
3482
3475
3467
3462
3462
3462
3465
3470
3477
3485
3497
3520
3542
3560
3575
3587
3597
3605
3610
3615
3620
3625
3630
3637
3650
3677
3720
3785
3855
3917
3937
3912
3840
3625
3270
2765
2122
1402
0700
0192
0027
0272
0900
1750
2602
3272
3670
3760
3800
3827
3842
3877
3910
3915
3922
3927
3935
3940
3942
3940
3937
3932
3927
3920
3912
3905
3897
3892
3887
3882
3880
3875
3872
3870
3865
3862
3860
3860
3857
3857
3857
3860
3860
3862
3862
3865
3865
3865
3865
3865
3865
3865
3862
3860
3857
3852
3842
3830
3815
3800
3780
3762
3742
3725
3707
3690
3675
3660
3642
3632
3620
3610
3602
3597
3592
3592
3592
3590
3590
3590
3592
3592
3595
3597
3597
3600
3602
3602
3605
3605
3605
3605
3605
3605
3602
3602
3600
3597
3597
3595
3595
3592
3590
3590
3590
3587
3587
3587
3585
3585
3585
3585
3585
3585
3585
3582
3582
3582
3582
3582
3582
3580
3580
3580
3580
3577
3577
3577
3577
3575
3575
3575
3572
3572
3570
3570
3570
3570
3567
3567
3562
3557
3552
3545
3540
3532
3525
3515
3505
3487
3472
3462
3455
3450
3445
3442
3440
3442
3447
3455
3465
3477
3495
3512
3527
3542
3552
3560
3565
3567
3572
3575
3580
3590
3605
3625
3652
3695
3762
3835
3890
3907
3872
3777
3535
3152
2622
1965
1252
0592
0152
0077
0397
1067
1907
2717
3307
3642
3720
3750
3782
3807
3847
3872
3872
3877
3882
3887
3892
3892
3890
3887
3885
3880
3877
3870
3865
3860
3855
3852
3850
3845
3842
3842
3840
3837
3837
3837
3840
3840
3840
3842
3842
3845
3845
3847
3847
3850
3850
3850
3850
3847
3845
3842
3840
3837
3832
3827
3820
3812
3790
3772
3757
3740
3720
3697
3680
3662
3645
3630
3612
3595
3582
3577
3572
3572
3570
3570
3570
3570
3570
3570
3572
3575
3575
3577
3580
3582
3585
3587
3590
3592
3592
3595
3595
3595
3597
3597
3597
3597
3597
3597
3597
3597
3597
3595
3595
3595
3595
3595
3595
3592
3592
3592
3592
3590
3590
3590
3590
3590
3590
3590
3590
3587
3587
3587
3585
3585
3585
3585
3585
3585
3585
3582
3580
3580
3577
3575
3572
3570
3570
3567
3565
3562
3560
3555
3542
3525
3512
3500
3487
3472
3462
3460
3457
3455
3452
3450
3450
3455
3465
3477
3492
3510
3527
3545
3557
3565
3572
3577
3580
3585
3587
3590
3597
3615
3642
3685
3742
3812
3880
3902
3882
3827
3635
3315
2840
2225
1530
0837
0335
0142
0362
0952
1765
2585
3232
3622
3712
3752
3782
3802
3835
3865
3875
3882
3887
3895
3900
3902
3902
3902
3900
3895
3887
3882
3872
3867
3860
3855
3850
3847
3842
3837
3835
3832
3827
3825
3825
3822
3820
3820
3817
3817
3817
3817
3815
3815
3812
3812
3810
3807
3802
3797
3790
3780
3770
3760
3745
3730
3712
3697
3680
3665
3647
3632
3615
3597
3577
3560
3547
3540
3532
3525
3520
3517
3515
3515
3517
3522
3527
3535
3542
3552
3560
3570
3582
3592
3600
3602
3607
3610
3612
3612
3615
3617
3617
3617
3620
3617
3617
3617
3615
3615
3612
3612
3612
3610
3610
3610
3610
3610
3610
3610
3610
3610
3610
3612
3612
3615
3615
3615
3615
3615
3615
3615
3617
3617
3617
3615
3615
3615
3615
3612
3612
3610
3607
3602
3600
3597
3595
3592
3590
3587
3582
3575
3562
3547
3532
3520
3507
3500
3490
3482
3477
3472
3470
3470
3472
3477
3485
3492
3505
3525
3547
3562
3575
3585
3592
3597
3602
3610
3617
3627
3637
3652
3680
3720
3777
3842
3860
3867
3840
3707
3457
3077
2560
1922
1257
0665
0377
0387
0742
1462
2297
3082
3582
3782
3860
3862
3847
3852
3875
3880
3885
3887
3895
3900
3900
3900
3895
3887
3880
3875
3870
3865
3857
3852
3847
3840
3835
3830
3825
3820
3815
3812
3807
3805
3800
3797
3795
3790
3787
3785
3780
3777
3775
3770
3765
3760
3752
3742
3732
3722
3712
3700
3685
3670
3655
3635
3615
3595
3575
3560
3542
3525
3510
3495
3482
3472
3465
3460
3455
3450
3447
3447
3447
3450
3457
3467
3477
3492
3512
3530
3545
3557
3570
3577
3587
3597
3607
3610
3612
3615
3617
3617
3620
3622
3622
3622
3622
3622
3622
3620
3620
3617
3617
3617
3617
3617
3617
3617
3617
3620
3622
3622
3625
3627
3630
3632
3635
3635
3637
3637
3640
3640
3642
3642
3645
3645
3645
3642
3642
3640
3637
3635
3632
3630
3625
3622
3617
3615
3607
3595
3580
3567
3555
3542
3532
3525
3517
3512
3507
3507
3507
3510
3515
3522
3532
3545
3570
3592
3610
3620
3627
3635
3637
3642
3647
3655
3662
3672
3690
3707
3742
3787
3852
3910
3930
3910
3852
3665
3357
2895
2295
1597
0897
0370
0152
0350
0932
1757
2625
3320
3740
3827
3862
3887
3910
3922
3927
3932
3937
3942
3950
3957
3960
3960
3957
3950
3945
3937
3930
3925
3920
3912
3907
3900
3892
3887
3882
3877
3872
3870
3867
3865
3862
3860
3857
3855
3852
3850
3847
3845
3842
3840
3837
3835
3830
3825
3820
3815
3802
3787
3777
3765
3747
3725
3705
3685
3665
3645
3630
3615
3597
3580
3562
3547
3537
3535
3532
3532
3530
3530
3527
3527
3527
3535
3547
3560
3572
3585
3597
3607
3612
3617
3620
3622
3625
3625
3627
3630
3630
3630
3630
3630
3627
3627
3625
3622
3622
3620
3617
3615
3615
3612
3612
3612
3610
3610
3610
3612
3612
3612
3612
3615
3615
3615
3617
3617
3617
3617
3620
3620
3620
3620
3617
3617
3617
3615
3615
3612
3610
3607
3605
3605
3602
3600
3597
3595
3587
3580
3570
3562
3555
3545
3535
3525
3507
3495
3485
3477
3470
3465
3460
3460
3460
3467
3475
3487
3500
3517
3535
3555
3567
3577
3587
3595
3600
3602
3607
3615
3627
3642
3662
3695
3737
3802
3872
3895
3902
3875
3737
3485
3092
2557
1897
1182
0530
0157
0135
0407
1110
1977
2802
3400
3725
3782
3807
3837
3862
3897
3925
3925
3927
3930
3932
3935
3940
3940
3937
3932
3927
3920
3912
3905
3900
3895
3892
3887
3885
3882
3880
3880
3877
3875
3875
3875
3875
3875
3875
3875
3875
3875
3875
3875
3875
3875
3872
3872
3872
3870
3867
3862
3860
3855
3850
3832
3817
3805
3787
3770
3747
3730
3717
3700
3685
3670
3657
3642
3630
3617
3612
3610
3607
3607
3605
3605
3605
3605
3602
3602
3602
3602
3602
3602
3602
3602
3602
3602
3600
3600
3600
3597
3597
3595
3592
3592
3590
3590
3587
3587
3585
3585
3585
3585
3585
3582
3582
3582
3582
3582
3582
3582
3582
3582
3582
3582
3582
3582
3580
3580
3580
3577
3577
3577
3577
3577
3577
3577
3577
3575
3575
3575
3575
3572
3572
3572
3572
3572
3570
3570
3570
3570
3565
3560
3555
3550
3542
3535
3527
3517
3507
3495
3485
3472
3465
3457
3452
3447
3445
3442
3442
3447
3452
3462
3472
3485
3502
3520
3535
3545
3555
3560
3565
3570
3575
3577
3587
3600
3622
3642
3695
3757
3825
3885
3900
3872
3795
3580
3225
2720
2085
1365
0682
0207
0065
0330
0952
1780
2600
3235
3615
3720
3757
3790
3815
3855
3890
3900
3902
3907
3912
3915
3917
3917
3915
3912
3907
3902
3895
3890
3882
3877
3875
3870
3865
3862
3860
3857
3855
3855
3855
3857
3860
3862
3867
3870
3875
3877
3882
3885
3887
3892
3895
3900
3902
3905
3905
3905
3902
3897
3890
3882
3872
3860
3835
3815
3795
3775
3752
3735
3722
3707
3690
3675
3662
3650
3635
3620
3612
3607
3605
3600
3597
3595
3592
3590
3587
3587
3585
3582
3582
3582
3582
3582
3582
3582
3582
3582
3582
3582
3580
3580
3580
3577
3577
3577
3577
3575
3575
3575
3575
3575
3575
3575
3575
3575
3572
3572
3572
3572
3572
3572
3572
3575
3575
3575
3575
3575
3575
3572
3572
3572
3572
3572
3572
3572
3572
3572
3572
3572
3572
3572
3570
3570
3570
3567
3567
3565
3565
3562
3562
3560
3557
3555
3552
3550
3547
3542
3532
3520
3510
3500
3487
3472
3455
3445
3440
3435
3432
3427
3427
3430
3440
3455
3467
3487
3505
3525
3537
3547
3555
3562
3567
3570
3572
3577
3587
3607
3630
3660
3697
3762
3827
3872
3885
3847
3750
3522
3155
2645
2012
1320
0687
0275
0207
0527
1175
1985
2755
3317
3630
3715
3747
3780
3807
3850
3880
3882
3882
3885
3887
3892
3895
3895
3892
3892
3890
3887
3885
3882
3877
3872
3870
3865
3862
3857
3855
3855
3852
3852
3850
3850
3852
3852
3852
3855
3855
3857
3857
3860
3860
3860
3860
3860
3860
3857
3855
3852
3847
3845
3840
3830
3807
3790
3770
3752
3732
3712
3692
3670
3650
3635
3620
3602
3595
3590
3587
3585
3582
3580
3577
3575
3575
3572
3572
3572
3572
3575
3575
3577
3577
3580
3582
3585
3585
3587
3587
3587
3587
3587
3587
3590
3590
3590
3590
3590
3592
3592
3592
3592
3592
3592
3592
3592
3592
3595
3595
3595
3597
3597
3597
3597
3597
3597
3597
3600
3600
3600
3597
3597
3597
3595
3595
3592
3592
3590
3590
3590
3587
3587
3587
3585
3585
3582
3582
3580
3580
3580
3577
3577
3570
3562
3555
3550
3547
3542
3537
3530
3520
3510
3495
3477
3465
3457
3450
3442
3437
3435
3435
3440
3450
3462
3475
3492
3510
3527
3540
3547
3557
3562
3567
3572
3577
3585
3595
3612
3635
3670
3712
3780
3845
3865
3845
3795
3615
3310
2852
2255
1580
0907
0420
0247
0477
1065
1862
2657
3285
3645
3727
3762
3790
3810
3842
3870
3880
3885
3890
3895
3900
3900
3900
3895
3890
3882
3875
3870
3865
3860
3857
3852
3850
3845
3840
3837
3835
3830
3827
3825
3822
3820
3817
3815
3812
3812
3810
3810
3807
3805
3802
3800
3797
3795
3792
3787
3785
3777
3770
3752
3737
3722
3705
3687
3670
3652
3635
3615
3595
3577
3562
3547
3540
3532
3527
3522
3517
3515
3515
3515
3517
3522
3527
3535
3542
3547
3557
3567
3580
3590
3597
3605
3612
3615
3615
3617
3620
3622
3622
3625
3625
3627
3627
3627
3627
3627
3625
3625
3627
3627
3627
3627
3627
3627
3627
3630
3630
3630
3632
3632
3635
3635
3635
3635
3635
3635
3635
3635
3635
3635
3635
3635
3637
3637
3637
3637
3637
3637
3637
3635
3635
3635
3632
3630
3627
3625
3620
3617
3612
3607
3602
3585
3570
3555
3540
3525
3507
3500
3497
3492
3490
3487
3487
3492
3502
3517
3532
3552
3572
3590
3602
3612
3617
3625
3630
3632
3635
3637
3647
3665
3685
3715
3757
3807
3842
3870
3867
3805
3640
3370
2952
2407
1760
1095
0567
0315
0460
0990
1780
2632
3337
3775
3915
3937
3920
3910
3907
3912
3915
3920
3925
3930
3935
3935
3927
3920
3910
3902
3897
3890
3882
3875
3867
3860
3852
3847
3845
3840
3835
3832
3827
3822
3820
3815
3812
3807
3805
3800
3795
3790
3782
3777
3772
3765
3760
3755
3745
3735
3722
3712
3700
3682
3662
3645
3630
3610
3592
3572
3555
3532
3512
3495
3480
3462
3452
3445
3440
3432
3430
3427
3430
3435
3442
3450
3460
3472
3490
3507
3525
3540
3557
3577
3597
3605
3610
3612
3617
3620
3625
3627
3630
3632
3632
3632
3632
3632
3632
3630
3630
3627
3627
3627
3625
3625
3625
3627
3627
3627
3630
3630
3630
3632
3632
3635
3635
3635
3635
3635
3635
3637
3637
3635
3635
3635
3635
3632
3630
3627
3622
3620
3617
3615
3610
3607
3602
3597
3587
3572
3560
3550
3540
3525
3510
3500
3492
3487
3482
3477
3475
3475
3480
3490
3502
3517
3542
3565
3585
3600
3615
3625
3635
3637
3645
3652
3660
3670
3687
3717
3752
3790
3825
3847
3835
3787
3647
3405
3045
2562
1970
1330
0757
0480
0492
0842
1562
2422
3205
3727
3950
3992
3950
3917
3905
3915
3917
3922
3927
3930
3930
3922
3912
3902
3895
3887
3882
3877
3870
3862
3855
3850
3845
3840
3835
3830
3827
3825
3820
3817
3812
3810
3810
3807
3805
3802
3800
3795
3790
3785
3780
3775
3767
3760
3750
3742
3730
3715
3702
3692
3675
3652
3635
3617
3600
3580
3562
3547
3532
3520
3512
3507
3500
3497
3492
3492
3492
3492
3495
3502
3507
3515
3525
3535
3550
3565
3580
3592
3605
3617
3630
3635
3642
3647
3652
3655
3657
3660
3660
3662
3662
3665
3665
3662
3662
3660
3657
3657
3655
3652
3650
3647
3645
3645
3642
3642
3642
3642
3642
3642
3645
3645
3647
3647
3650
3650
3652
3655
3655
3655
3655
3655
3652
3652
3650
3647
3645
3642
3642
3640
3635
3635
3632
3627
3617
3602
3592
3580
3570
3555
3540
3530
3522
3517
3512
3510
3507
3507
3512
3520
3530
3545
3567
3587
3605
3620
3632
3645
3655
3662
3667
3675
3680
3690
3697
3717
3752
3795
3840
3882
3910
3892
3850
3700
3430
3022
2470
1792
1090
0500
0167
0245
0732
1522
2412
3197
3697
3867
3927
3927
3925
3920
3937
3947
3952
3957
3960
3962
3967
3967
3962
3952
3942
3935
3927
3920
3910
3902
3897
3890
3885
3877
3872
3870
3865
3860
3857
3855
3850
3847
3842
3840
3835
3830
3827
3822
3817
3812
3807
3802
3797
3795
3790
3785
3775
3762
3747
3732
3717
3697
3677
3657
3635
3617
3597
3577
3557
3540
3525
3515
3507
3502
3497
3495
3492
3490
3490
3492
3500
3510
3520
3532
3550
3565
3580
3592
3600
3602
3605
3610
3612
3615
3617
3620
3622
3622
3625
3625
3625
3625
3625
3625
3625
3625
3625
3622
3622
3622
3622
3622
3620
3620
3620
3620
3620
3620
3620
3620
3620
3620
3620
3620
3620
3620
3620
3620
3620
3620
3620
3620
3617
3617
3615
3612
3610
3607
3605
3602
3600
3597
3595
3592
3587
3577
3565
3555
3545
3535
3525
3517
3510
3505
3497
3495
3492
3490
3492
3497
3502
3510
3520
3535
3560
3582
3600
3610
3617
3622
3627
3630
3632
3635
3645
3660
3682
3712
3750
3812
3880
3902
3910
3887
3760
3515
3137
2610
1957
1245
0582
0140
0057
0382
1067
1937
2782
3410
3757
3810
3830
3850
3862
3897
3927
3932
3935
3940
3942
3942
3947
3945
3942
3935
3930
3922
3917
3912
3905
3900
3895
3890
3885
3880
3875
3872
3867
3867
3865
3862
3862
3860
3860
3857
3857
3857
3855
3855
3852
3852
3850
3847
3845
3842
3840
3835
3830
3825
3815
3797
3777
3760
3742
3725
3707
3690
3672
3657
3637
3625
3607
3592
3582
3577
3572
3570
3570
3567
3567
3567
3567
3570
3572
3577
3582
3587
3592
3595
3600
3602
3605
3607
3607
3610
3610
3610
3610
3610
3607
3607
3605
3602
3602
3600
3597
3597
3595
3592
3592
3590
3590
3587
3587
3587
3587
3587
3587
3587
3587
3585
3585
3585
3585
3585
3585
3582
3582
3582
3580
3580
3580
3577
3577
3577
3575
3575
3575
3572
3572
3572
3570
3570
3570
3567
3565
3562
3555
3547
3542
3535
3527
3517
3510
3497
3485
3475
3467
3462
3455
3450
3445
3445
3450
3460
3470
3482
3500
3517
3540
3552
3565
3572
3580
3585
3587
3590
3592
3597
3607
3622
3637
3675
3730
3795
3860
3907
3905
3855
3700
3417
2985
2405
1705
0972
0357
0027
0092
0565
1342
2217
2990
3500
3740
3772
3787
3805
3832
3872
3897
3897
3897
3900
3902
3905
3907
3907
3907
3905
3902
3900
3895
3890
3885
3877
3872
3867
3865
3862
3860
3860
3857
3857
3855
3855
3855
3857
3857
3857
3860
3862
3862
3862
3865
3865
3865
3865
3865
3862
3862
3860
3855
3852
3847
3842
3832
3815
3797
3782
3765
3745
3725
3707
3687
3667
3647
3635
3617
3597
3592
3590
3587
3585
3582
3580
3580
3577
3577
3575
3575
3575
3575
3575
3575
3575
3575
3575
3575
3575
3575
3575
3575
3572
3572
3572
3572
3570
3570
3570
3570
3570
3567
3567
3567
3565
3565
3562
3562
3562
3562
3562
3562
3562
3562
3565
3565
3565
3565
3565
3565
3565
3565
3565
3565
3565
3565
3565
3565
3565
3562
3562
3562
3560
3560
3557
3557
3555
3555
3555
3552
3552
3547
3540
3535
3527
3520
3510
3500
3490
3477
3465
3457
3450
3445
3440
3435
3432
3430
3432
3440
3450
3462
3475
3495
3512
3527
3540
3547
3552
3557
3560
3565
3567
3572
3582
3600
3632
3672
3730
3797
3865
3887
3867
3812
3627
3305
2835
2225
1517
0825
0307
0110
0310
0880
1682
2500
3160
3565
3685
3732
3760
3780
3827
3870
3875
3880
3885
3887
3892
3897
3897
3895
3895
3890
3887
3885
3880
3875
3872
3867
3865
3860
3857
3857
3855
3855
3852
3852
3852
3855
3855
3855
3857
3857
3860
3860
3862
3862
3865
3865
3865
3865
3862
3860
3860
3857
3852
3850
3845
3840
3832
3815
3797
3782
3765
3742
3722
3705
3685
3662
3645
3630
3617
3602
3597
3595
3592
3592
3590
3587
3587
3587
3587
3587
3587
3587
3590
3590
3590
3592
3592
3592
3595
3595
3595
3597
3597
3597
3597
3595
3595
3595
3595
3592
3592
3592
3592
3592
3592
3590
3590
3590
3590
3587
3587
3587
3587
3587
3587
3587
3587
3587
3587
3587
3587
3585
3585
3585
3585
3585
3585
3582
3582
3582
3582
3582
3582
3580
3577
3575
3575
3572
3570
3567
3567
3565
3562
3560
3550
3537
3527
3517
3510
3500
3490
3480
3470
3462
3455
3447
3442
3437
3435
3437
3442
3452
3465
3477
3495
3512
3530
3542
3550
3557
3562
3565
3570
3572
3575
3585
3602
3627
3662
3707
3777
3847
3872
3897
3832
3675
3387
2957
2380
1705
1005
0452
0180
0302
0800
1565
2382
3080
3507
3660
3717
3747
3765
3807
3865
3880
3882
3885
3887
3892
3892
3892
3892
3890
3885
3880
3875
3867
3860
3852
3847
3842
3840
3835
3832
3830
3827
3827
3825
3825
3822
3822
3822
3822
3822
3822
3822
3822
3820
3820
3820
3817
3817
3815
3812
3807
3805
3797
3785
3770
3757
3742
3725
3705
3687
3667
3647
3627
3607
3585
3562
3545
3532
3522
3517
3512
3510
3505
3502
3502
3502
3507
3515
3525
3535
3542
3550
3555
3557
3562
3567
3570
3572
3577
3580
3582
3585
3585
3587
3587
3585
3585
3585
3585
3582
3582
3580
3580
3580
3580
3580
3580
3580
3580
3582
3585
3585
3587
3590
3592
3592
3595
3597
3597
3600
3600
3602
3602
3602
3602
3602
3600
3600
3600
3597
3595
3592
3590
3587
3585
3580
3577
3575
3570
3567
3562
3557
3550
3540
3527
3520
3510
3502
3490
3472
3462
3457
3452
3447
3445
3442
3445
3450
3460
3475
3490
3510
3527
3545
3557
3565
3572
3577
3580
3582
3585
3587
3595
3610
3640
3682
3725
3795
3865
3887
3905
3832
3662
3362
2915
2325
1640
0940
0405
0160
0325
0867
1667
2495
3190
3597
3712
3757
3787
3800
3832
3877
3900
3905
3907
3912
3920
3922
3922
3920
3917
3915
3910
3905
3897
3890
3885
3880
3875
3870
3867
3865
3862
3857
3855
3855
3852
3852
3852
3852
3852
3852
3855
3855
3855
3855
3855
3852
3852
3852
3850
3847
3845
3840
3835
3830
3817
3802
3792
3780
3762
3742
3725
3705
3685
3662
3645
3632
3622
3615
3610
3607
3607
3607
3607
3607
3607
3610
3612
3615
3615
3617
3620
3622
3625
3625
3625
3625
3625
3625
3622
3620
3617
3615
3612
3610
3610
3607
3605
3605
3602
3602
3600
3600
3597
3597
3597
3597
3600
3600
3600
3602
3602
3605
3605
3605
3607
3607
3610
3610
3610
3612
3612
3612
3612
3612
3612
3612
3612
3612
3610
3610
3610
3610
3610
3610
3607
3607
3605
3602
3602
3600
3597
3597
3595
3592
3585
3577
3567
3557
3547
3540
3530
3517
3505
3490
3477
3467
3465
3462
3462
3460
3457
3457
3460
3470
3485
3497
3517
3535
3552
3565
3572
3580
3585
3590
3592
3595
3600
3610
3630
3647
3697
3757
3830
3902
3925
3907
3850
3650
3320
2835
2215
1502
0795
0260
0045
0227
0790
1605
2445
3140
3572
3710
3762
3800
3825
3857
3887
3897
3902
3907
3915
3920
3922
3920
3920
3917
3912
3907
3902
3897
3892
3887
3885
3882
3877
3875
3872
3872
3870
3867
3867
3867
3870
3872
3875
3877
3882
3885
3887
3892
3895
3897
3900
3902
3905
3907
3910
3912
3912
3910
3902
3892
3882
3867
3850
3835
3820
3802
3782
3765
3747
3730
3710
3692
3680
3665
3647
3637
3635
3630
3625
3622
3620
3617
3612
3610
3607
3605
3602
3600
3597
3597
3595
3595
3592
3590
3587
3587
3585
3585
3582
3580
3577
3577
3575
3572
3572
3570
3570
3567
3567
3567
3567
3567
3565
3565
3565
3565
3562
3562
3562
3560
3560
3557
3557
3557
3555
3555
3555
3555
3555
3555
3555
3555
3557
3557
3557
3560
3560
3560
3562
3562
3562
3562
3562
3562
3560
3560
3557
3557
3555
3552
3550
3545
3540
3532
3525
3517
3510
3500
3487
3472
3460
3447
3440
3432
3427
3425
3422
3425
3432
3442
3452
3465
3480
3495
3510
3522
3530
3537
3545
3547
3552
3555
3557
3562
3570
3592
3622
3670
3732
3805
3882
3905
3887
3837
3647
3327
2857
2252
1560
0870
0350
0140
0325
0870
1655
2460
3120
3530
3675
3735
3755
3782
3840
3865
3872
3880
3885
3892
3897
3897
3895
3895
3890
3887
3885
3880
3875
3872
3867
3862
3860
3855
3852
3852
3850
3850
3850
3850
3852
3852
3855
3857
3860
3865
3870
3872
3877
3882
3885
3887
3890
3892
3897
3900
3902
3900
3897
3890
3880
3872
3860
3842
3825
3810
3795
3780
3765
3752
3737
3717
3697
3680
3667
3650
3635
3627
3622
3617
3615
3612
3610
3605
3602
3602
3600
3600
3597
3595
3592
3592
3590
3590
3587
3585
3585
3582
3582
3582
3580
3580
3577
3577
3577
3577
3575
3575
3575
3575
3575
3575
3577
3577
3577
3577
3577
3577
3577
3577
3577
3580
3580
3580
3580
3580
3582
3582
3582
3582
3582
3585
3582
3585
3585
3585
3585
3585
3585
3582
3582
3580
3580
3577
3575
3572
3570
3567
3562
3560
3557
3555
3552
3547
3545
3540
3527
3512
3500
3487
3475
3457
3450
3445
3440
3435
3432
3430
3435
3445
3457
3472
3490
3507
3525
3537
3545
3550
3555
3560
3562
3565
3567
3570
3582
3612
3647
3690
3765
3840
3892
3910
3877
3772
3515
3115
2570
1907
1207
0605
0317
0320
0665
1367
2175
2907
3402
3672
3735
3755
3772
3785
3832
3857
3870
3877
3885
3890
3890
3887
3885
3885
3882
3880
3875
3867
3862
3855
3850
3845
3840
3837
3835
3832
3830
3830
3827
3827
3827
3827
3830
3830
3832
3832
3832
3832
3830
3830
3827
3827
3825
3822
3817
3812
3810
3805
3800
3792
3777
3762
3750
3735
3715
3697
3680
3662
3642
3625
3610
3592
3577
3567
3562
3555
3550
3545
3542
3540
3540
3540
3545
3550
3555
3562
3572
3577
3585
3587
3592
3597
3600
3602
3605
3605
3607
3607
3605
3605
3605
3605
3602
3602
3602
3600
3600
3600
3600
3600
3600
3600
3600
3600
3600
3600
3600
3600
3602
3602
3602
3602
3605
3605
3605
3605
3605
3605
3605
3605
3605
3605
3605
3602
3602
3602
3602
3600
3600
3597
3597
3595
3592
3590
3587
3582
3580
3580
3575
3572
3570
3565
3550
3532
3520
3507
3492
3477
3467
3460
3455
3450
3447
3447
3447
3455
3467
3480
3495
3510
3527
3540
3555
3565
3575
3582
3587
3590
3595
3597
3607
3625
3645
3675
3715
3777
3837
3860
3847
3797
3625
3322
2877
2302
1642
0990
0507
0320
0527
1097
1885
2700
3335
3722
3800
3830
3847
3857
3860
3865
3867
3875
3885
3892
3897
3895
3890
3885
3877
3872
3865
3860
3855
3850
3845
3837
3830
3825
3820
3815
3810
3807
3805
3802
3802
3800
3800
3797
3797
3797
3795
3792
3792
3787
3785
3782
3777
3775
3770
3762
3750
3735
3722
3710
3692
3672
3655
3637
3622
3600
3582
3567
3550
3535
3520
3507
3497
3492
3492
3490
3490
3487
3485
3485
3485
3492
3505
3517
3530
3545
3557
3572
3582
3592
3602
3610
3617
3625
3632
3635
3637
3640
3642
3645
3645
3647
3647
3647
3647
3647
3645
3645
3645
3645
3645
3645
3647
3647
3650
3650
3652
3655
3657
3660
3662
3665
3665
3665
3665
3667
3667
3667
3665
3665
3665
3665
3662
3662
3660
3660
3657
3655
3655
3652
3650
3647
3645
3640
3635
3635
3627
3610
3592
3577
3560
3542
3530
3522
3517
3512
3510
3510
3515
3525
3537
3552
3577
3602
3620
3632
3640
3647
3655
3660
3665
3670
3677
3687
3697
3710
3732
3772
3820
3852
3872
3885
3845
3727
3502
3157
2682
2095
1447
0842
0515
0502
0787
1467
2317
3110
3662
3915
3967
3952
3925
3915
3925
3927
3932
3935
3940
3945
3945
3940
3932
3925
3917
3912
3905
3900
3892
3885
3875
3867
3862
3855
3850
3845
3837
3830
3825
3817
3812
3810
3805
3802
3797
3792
3790
3785
3782
3777
3775
3770
3765
3755
3742
3732
3720
3705
3685
3665
3645
3627
3607
3590
3570
3550
3532
3517
3497
3480
3467
3457
3450
3442
3437
3437
3437
3440
3445
3452
3460
3470
3485
3502
3517
3537
3560
3582
3600
3615
3625
3635
3645
3647
3650
3652
3655
3657
3660
3660
3662
3662
3662
3662
3660
3660
3657
3655
3655
3655
3652
3652
3652
3652
3652
3652
3652
3652
3652
3652
3655
3655
3657
3660
3660
3662
3662
3662
3662
3662
3662
3660
3660
3657
3655
3652
3650
3647
3645
3640
3637
3635
3627
3612
3595
3580
3567
3552
3535
3525
3520
3515
3510
3507
3505
3510
3517
3530
3547
3572
3592
3612
3630
3650
3662
3672
3680
3685
3692
3697
3705
3717
3737
3762
3795
3832
3862
3880
3860
3802
3650
3397
3025
2537
1960
1345
0817
0537
0612
1065
1807
2660
3397
3877
4045
4067
3997
3967
3960
3950
3942
3935
3927
3925
3922
3920
3912
3905
3895
3885
3877
3867
3860
3850
3845
3837
3830
3822
3815
3810
3805
3800
3797
3792
3787
3782
3780
3775
3772
3767
3762
3757
3747
3737
3730
3722
3712
3702
3690
3677
3665
3650
3632
3612
3592
3572
3550
3527
3505
3482
3460
3442
3425
3410
3400
3392
3385
3380
3377
3375
3375
3377
3382
3387
3395
3405
3417
3442
3465
3485
3505
3527
3547
3565
3582
3600
3615
3627
3637
3642
3647
3652
3655
3655
3657
3657
3660
3660
3660
3660
3657
3657
3655
3652
3652
3650
3650
3650
3650
3650
3647
3650
3650
3650
3652
3655
3655
3657
3660
3662
3662
3662
3662
3662
3657
3655
3652
3650
3647
3645
3642
3637
3635
3630
3622
3607
3590
3577
3565
3550
3535
3527
3522
3517
3512
3510
3510
3517
3532
3547
3570
3590
3612
3635
3655
3670
3677
3685
3692
3697
3702
3710
3720
3732
3750
3775
3807
3850
3880
3897
3880
3825
3675
3427
3057
2575
1995
1375
0842
0545
0600
1032
1767
2622
3372
3880
4070
4095
4030
3985
3977
3970
3960
3952
3947
3942
3940
3937
3937
3932
3927
3922
3917
3912
3907
3902
3895
3887
3882
3875
3867
3857
3850
3842
3837
3830
3825
3820
3815
3807
3802
3797
3792
3787
3782
3775
3767
3760
3750
3740
3730
3720
3710
3700
3682
3667
3652
3635
3612
3590
3565
3542
3520
3500
3482
3470
3460
3452
3447
3442
3440
3437
3437
3437
3442
3447
3457
3467
3480
3507
3527
3550
3572
3595
3615
3630
3637
3645
3652
3655
3657
3660
3662
3665
3667
3667
3667
3667
3667
3667
3667
3667
3667
3665
3665
3662
3662
3660
3660
3657
3657
3657
3657
3655
3655
3655
3655
3655
3655
3655
3655
3655
3655
3655
3652
3652
3650
3650
3647
3645
3642
3642
3640
3637
3635
3635
3630
3622
3610
3597
3587
3575
3565
3550
3540
3535
3530
3525
3520
3515
3512
3515
3520
3530
3542
3560
3585
3607
3627
3640
3655
3667
3675
3682
3687
3695
3702
3712
3725
3747
3787
3830
3865
3887
3900
3865
3760
3545
3215
2747
2170
1507
0865
0412
0275
0540
1170
2022
2880
3535
3920
3992
3992
3957
3937
3937
3942
3942
3942
3945
3947
3950
3952
3945
3937
3927
3920
3915
3910
3902
3897
3892
3887
3880
3875
3867
3862
3857
3852
3845
3840
3835
3832
3830
3825
3820
3817
3812
3807
3802
3800
3792
3787
3782
3775
3767
3755
3737
3722
3707
3690
3672
3652
3635
3615
3597
3577
3557
3537
3520
3502
3490
3477
3467
3462
3455
3452
3450
3450
3452
3460
3467
3477
3487
3507
3525
3540
3557
3575
3592
3610
3615
3620
3622
3625
3630
3632
3635
3635
3637
3640
3640
3642
3642
3642
3642
3642
3642
3640
3640
3640
3637
3637
3637
3637
3635
3635
3635
3635
3635
3635
3635
3635
3635
3635
3635
3635
3635
3635
3635
3635
3635
3635
3635
3635
3632
3630
3627
3627
3625
3622
3620
3617
3615
3610
3605
3595
3582
3570
3560
3547
3537
3530
3522
3517
3510
3507
3505
3505
3505
3510
3517
3525
3535
3552
3580
3605
3620
3632
3637
3642
3647
3650
3652
3657
3665
3677
3705
3742
3777
3837
3892
3907
3885
3822
3640
3335
2880
2290
1590
0885
0322
0055
0205
0757
1585
2487
3242
3712
3880
3907
3890
3882
3907
3922
3930
3935
3937
3942
3945
3950
3947
3945
3937
3930
3922
3917
3910
3902
3892
3885
3877
3872
3865
3860
3857
3855
3852
3850
3850
3847
3847
3845
3842
3842
3840
3837
3835
3832
3830
3827
3825
3822
3817
3812
3802
3785
3770
3755
3740
3720
3700
3682
3665
3645
3630
3610
3590
3570
3555
3542
3530
3522
3515
3510
3507
3505
3502
3502
3502
3507
3512
3520
3530
3540
3550
3565
3580
3590
3597
3602
3605
3607
3610
3612
3612
3615
3615
3617
3617
3617
3617
3617
3617
3617
3617
3617
3615
3615
3615
3612
3612
3612
3612
3612
3610
3610
3610
3610
3607
3607
3607
3607
3607
3607
3607
3607
3610
3610
3610
3610
3607
3607
3607
3605
3605
3602
3602
3600
3597
3595
3592
3592
3590
3587
3585
3582
3580
3572
3560
3545
3532
3520
3507
3495
3485
3477
3475
3470
3467
3462
3457
3457
3462
3472
3485
3500
3522
3545
3562
3572
3582
3590
3595
3600
3605
3612
3625
3635
3650
3677
3712
3770
3827
3877
3892
3862
3785
3580
3242
2757
2140
1430
0732
0212
0020
0232
0832
1680
2555
3255
3672
3772
3812
3837
3857
3882
3910
3917
3920
3922
3925
3930
3935
3937
3935
3930
3925
3920
3915
3907
3900
3892
3885
3877
3870
3862
3860
3855
3852
3850
3847
3847
3847
3847
3845
3845
3845
3845
3845
3845
3842
3840
3837
3835
3832
3827
3822
3817
3812
3800
3780
3762
3747
3732
3712
3692
3672
3652
3635
3615
3597
3580
3562
3552
3545
3537
3530
3525
3522
3520
3517
3517
3522
3527
3535
3542
3550
3557
3565
3570
3575
3580
3585
3590
3595
3597
3600
3605
3607
3607
3610
3610
3610
3610
3610
3610
3610
3607
3607
3605
3605
3602
3600
3600
3597
3597
3595
3595
3595
3592
3592
3592
3592
3592
3590
3590
3590
3590
3590
3592
3592
3592
3592
3592
3592
3592
3592
3592
3592
3592
3592
3590
3590
3587
3587
3585
3582
3582
3580
3577
3575
3572
3562
3552
3542
3532
3525
3512
3502
3485
3475
3467
3462
3457
3452
3450
3450
3455
3465
3477
3490
3510
3530
3547
3560
3570
3577
3582
3585
3590
3592
3597
3607
3625
3647
3682
3725
3792
3865
3885
3892
3862
3720
3452
3047
2505
1847
1145
0517
0175
0165
0457
1157
2012
2822
3402
3715
3780
3812
3837
3857
3892
3912
3917
3922
3925
3927
3932
3932
3932
3930
3925
3920
3912
3905
3900
3892
3885
3880
3875
3870
3867
3865
3862
3860
3860
3860
3860
3860
3860
3862
3862
3862
3865
3865
3867
3867
3867
3867
3867
3865
3862
3860
3857
3855
3850
3845
3837
3817
3797
3780
3760
3742
3722
3705
3685
3667
3652
3635
3612
3605
3600
3595
3592
3590
3585
3582
3582
3580
3580
3580
3580
3580
3582
3582
3585
3585
3587
3587
3587
3587
3587
3587
3587
3585
3585
3585
3582
3582
3582
3580
3580
3580
3577
3577
3577
3577
3577
3577
3577
3577
3575
3575
3575
3575
3572
3572
3572
3572
3572
3572
3572
3572
3570
3570
3570
3570
3570
3570
3570
3570
3570
3570
3572
3572
3572
3572
3572
3572
3572
3570
3570
3567
3567
3565
3562
3560
3557
3555
3550
3545
3537
3530
3520
3510
3500
3487
3470
3460
3457
3457
3457
3455
3455
3452
3457
3470
3485
3497
3515
3532
3545
3555
3562
3570
3575
3580
3582
3585
3590
3597
3615
3642
3687
3747
3820
3897
3922
3905
3857
3667
3347
2870
2255
1550
0850
0320
0102
0285
0842
1640
2472
3150
3570
3697
3750
3780
3797
3840
3892
3910
3912
3915
3917
3922
3922
3920
3917
3917
3915
3910
3905
3897
3892
3885
3880
3875
3872
3870
3867
3865
3862
3862
3862
3862
3865
3867
3870
3875
3877
3882
3887
3890
3895
3897
3900
3902
3905
3907
3910
3912
3912
3912
3910
3905
3900
3892
3882
3872
3857
3830
3810
3792
3772
3750
3730
3715
3700
3682
3670
3660
3652
3645
3640
3635
3630
3625
3622
3620
3620
3617
3617
3615
3615
3612
3610
3607
3607
3605
3602
3600
3597
3595
3592
3590
3587
3587
3585
3582
3582
3580
3577
3577
3577
3575
3575
3575
3572
3572
3572
3572
3572
3572
3572
3572
3572
3572
3575
3575
3575
3575
3575
3575
3572
3572
3572
3572
3572
3570
3570
3570
3567
3567
3567
3565
3565
3565
3565
3562
3562
3560
3557
3555
3555
3552
3550
3547
3545
3545
3540
3537
3532
3517
3502
3487
3475
3462
3445
3435
3427
3422
3417
3412
3407
3407
3412
3422
3435
3447
3465
3482
3500
3512
3522
3527
3532
3537
3540
3545
3547
3555
3572
3592
3622
3660
3722
3795
3862
3885
3862
3802
3605
3270
2790
2177
1482
0805
0305
0125
0335
0905
1700
2510
3152
3550
3677
3727
3762
3787
3820
3852
3860
3865
3870
3875
3880
3882
3880
3880
3877
3875
3872
3867
3862
3857
3852
3847
3845
3842
3840
3837
3837
3837
3840
3840
3840
3842
3842
3845
3845
3847
3850
3852
3852
3855
3855
3857
3855
3855
3852
3850
3847
3845
3842
3837
3835
3827
3817
3795
3775
3755
3737
3717
3697
3677
3657
3635
3617
3592
3585
3580
3577
3572
3570
3567
3562
3560
3557
3557
3557
3557
3560
3560
3562
3565
3567
3567
3570
3570
3572
3572
3575
3575
3575
3575
3577
3577
3577
3575
3575
3575
3575
3575
3575
3575
3575
3577
3577
3577
3580
3580
3582
3582
3582
3582
3582
3582
3582
3582
3582
3585
3585
3585
3582
3582
3582
3580
3580
3580
3580
3580
3580
3580
3580
3577
3577
3575
3572
3570
3570
3567
3567
3567
3567
3565
3562
3550
3542
3537
3532
3525
3515
3502
3487
3472
3460
3455
3450
3445
3442
3440
3437
3440
3447
3455
3467
3482
3500
3517
3535
3545
3552
3557
3565
3570
3572
3577
3587
3600
3625
3647
3705
3767
3837
3862
3887
3825
3672
3392
2970
2402
1737
1050
0515
0260
0400
0915
1680
2490
3167
3575
3702
3752
3785
3805
3832
3862
3877
3882
3887
3892
3900
3902
3902
3902
3897
3890
3882
3877
3870
3865
3860
3857
3855
3852
3850
3847
3845
3842
3840
3837
3835
3835
3832
3832
3830
3830
3830
3827
3827
3825
3825
3822
3822
3820
3817
3815
3810
3800
3787
3777
3765
3752
3737
3722
3707
3692
3675
3660
3642
3627
3612
3595
3580
3570
