0716
0716
0719
0719
0716
0713
0713
0713
0709
0709
0706
0703
0700
0697
0694
0690
0681
0728
0877
1077
1340
1673
2053
2418
2735
2915
2976
2925
2773
2484
2117
1717
1328
0982
0732
0646
0618
0599
0592
0599
0614
0630
0640
0643
0646
0646
0649
0649
0649
0652
0652
0656
0659
0665
0675
0687
0697
0709
0722
0732
0741
0751
0757
0770
0782
0798
0817
0836
0852
0868
0881
0890
0900
0906
0912
0919
0928
0954
0988
1030
1061
1083
1102
1122
1141
1160
1175
1198
1232
1286
1328
1378
1445
1515
1594
1654
1686
1717
1755
1793
1835
1882
1923
1955
1980
2009
2028
2028
2006
1968
1927
1866
1809
1736
1651
1578
1499
1359
1210
1068
0915
0817
0706
0614
0532
0440
0383
0354
0332
0313
0294
0278
0263
0253
0244
0234
0225
0215
0212
0212
0209
0206
0202
0199
0202
0206
0212
0218
0221
0221
0221
0221
0225
0225
0225
0221
0215
0221
0231
0244
0256
0263
0269
0275
0282
0288
0294
0301
0304
0307
0310
0316
0323
0323
0323
0323
0326
0332
0335
0342
0348
0354
0358
0364
0374
0380
0389
0393
0399
0405
0412
0415
0418
0418
0418
0421
0427
0437
0446
0456
0456
0453
0450
0443
0437
0427
0408
0393
0380
0386
0405
0427
0437
0446
0459
0469
0481
0491
0500
0503
0507
0507
0500
0494
0488
0481
0475
0472
0469
0469
0465
0456
0443
0431
0424
0431
0443
0453
0459
0462
0469
0475
0484
0497
0507
0516
0522
0529
0532
0535
0538
0541
0545
0548
0554
0564
0573
0586
0589
0589
0586
0580
0573
0567
0557
0545
0538
0541
0557
0583
0605
0618
0627
0637
0643
0652
0659
0662
0662
0662
0665
0668
0671
0671
0675
0681
0681
0681
0681
0681
0678
0678
0681
0681
0684
0684
0684
0684
0687
0687
0687
0687
0687
0687
0690
0690
0694
0697
0697
0700
0706
0713
0716
0719
0722
0728
0738
0744
0751
0757
0760
0757
0754
0751
0751
0748
0741
0735
0732
0732
0732
0732
0732
0728
0728
0728
0728
0728
0735
0738
0741
0741
0744
0744
0741
0735
0732
0725
0722
0719
0716
0713
0709
0713
0716
0719
0722
0725
0728
0732
0735
0735
0738
0741
0744
0751
0757
0767
0773
0779
0792
0805
0817
0830
0836
0843
0846
0849
0855
0862
0868
0877
0890
0906
0919
0919
0906
0884
0858
0827
0773
0703
0665
0640
0621
0608
0602
0599
0595
0595
0592
0595
0595
0599
0602
0605
0605
0611
0618
0624
0618
0602
0580
0554
0522
0503
0519
0561
0684
0887
1160
1480
1825
2190
2519
2725
2789
2760
2675
2450
2145
1806
1448
1102
0801
0646
0602
0570
0548
0535
0532
0535
0545
0557
0573
0583
0592
0602
0611
0618
0621
0624
0630
0637
0649
0659
0668
0678
0690
0697
0706
0716
0722
0725
0728
0728
0732
0738
0744
0757
0767
0779
0789
0798
0805
0811
0817
0830
0843
0868
0919
0960
0992
1023
1058
1093
1134
1172
1201
1232
1267
1302
1343
1391
1432
1467
1511
1559
1613
1663
1714
1768
1825
1876
1901
1914
1930
1939
1942
1936
1917
1892
1850
1768
1679
1578
1461
1340
1217
1106
0935
0795
0706
0633
0573
0516
0459
0405
0339
0316
0307
0297
0291
0285
0278
0275
0269
0266
0259
0253
0250
0244
0240
0240
0240
0244
0250
0253
0259
0266
0272
0275
0275
0275
0275
0275
0275
0275
0272
0275
0278
0285
0291
0297
0301
0304
0310
0316
0320
0323
0329
0335
0351
0374
0393
0412
0427
0443
0456
0469
0478
0484
0491
0491
0494
0494
0491
0481
0472
0462
0453
0443
0424
0405
0396
0402
0415
0431
0437
0450
0462
0475
0488
0491
0491
0484
0481
0478
0475
0472
0462
0456
0450
0446
0443
0440
0437
0434
0431
0427
0421
0402
0377
0424
0453
0469
0481
0491
0497
0507
0516
0526
0532
0538
0541
0541
0538
0538
0541
0541
0541
0541
0538
0538
0541
0545
0548
0548
0548
0545
0538
0535
0529
0529
0529
0529
0532
0535
0541
0545
0551
0557
0561
0564
0564
0561
0561
0557
0561
0564
0576
0589
0589
0570
0548
0535
0529
0519
0507
0497
0484
0475
0472
0472
0475
0481
0494
0503
0516
0529
0538
0548
0557
0561
0561
0561
0561
0564
0567
0570
0576
0580
0583
0583
0583
0583
0583
0583
0583
0583
0583
0583
0580
0576
0573
0573
0573
0570
0570
0573
0576
0580
0586
0589
0592
0595
0592
0592
0589
0586
0586
0583
0586
0592
0599
0605
0611
0618
0624
0627
0627
0630
0633
0633
0637
0637
0640
0643
0652
0662
0671
0678
0681
0678
0675
0668
0662
0656
0646
0637
0633
0637
0649
0668
0687
0694
0703
0716
0728
0738
0751
0760
0770
0776
0782
0782
0779
0773
0763
0754
0744
0732
0719
0709
0700
0694
0687
0678
0671
0662
0652
0643
0633
0627
0624
0614
0608
0599
0592
0586
0576
0570
0561
0554
0545
0535
0522
0500
0450
0421
0434
0465
0545
0744
1061
1464
1904
2354
2782
3112
3264
3264
3102
2716
2205
1638
1074
0595
0389
0320
0367
0513
0630
0671
0690
0690
0671
0646
0633
0627
0618
0608
0602
0592
0586
0583
0583
0586
0595
0605
0621
0633
0649
0662
0671
0681
0690
0700
0716
0728
0744
0757
0770
0779
0792
0801
0808
0814
0824
0839
0862
0890
0912
0935
0960
0988
1017
1052
1087
1125
1166
1210
1255
1296
1347
1404
1476
1549
1622
1683
1721
1749
1774
1800
1822
1844
1876
1923
1980
2018
2047
2069
2082
2082
2063
2031
1987
1904
1797
1667
1515
1419
1312
1204
1093
0985
0881
0782
0719
0681
0649
0621
0576
0484
0421
0396
0374
0361
0354
0354
0361
0370
0380
0393
0402
0405
0412
0415
0415
0418
0421
0424
0427
0431
0434
0431
0431
0431
0427
0424
0418
0415
0415
0415
0418
0418
0421
0424
0434
0443
0456
0465
0472
0478
0491
0519
0548
0561
0567
0573
0580
0589
0599
0608
0611
0608
0599
0589
0583
0580
0573
0567
0561
0557
0554
0554
0554
0554
0557
0557
0561
0564
0564
0567
0567
0567
0567
0570
0570
0570
0573
0573
0576
0576
0576
0573
0567
0564
0561
0557
0554
0551
0545
0541
0538
0535
0535
0532
0522
0510
0500
0497
0503
0522
0541
0554
0561
0564
0570
0576
0583
0589
0595
0602
0605
0608
0611
0614
0618
0614
0614
0618
0618
0618
0614
0618
0618
0618
0621
0624
0624
0627
0627
0630
0630
0630
0630
0627
0624
0621
0618
0611
0608
0605
0599
0595
0592
0589
0589
0589
0589
0592
0592
0592
0589
0586
0583
0580
0576
0573
0573
0573
0576
0576
0576
0580
0580
0583
0583
0580
0576
0570
0567
0561
0557
0554
0551
0548
0548
0545
0541
0529
0522
0551
0599
0624
0643
0659
0675
0684
0694
0694
0694
0694
0687
0684
0681
0678
0671
0665
0656
0646
0640
0633
0630
0627
0624
0624
0627
0633
0640
0649
0656
0659
0662
0668
0671
0675
0678
0681
0687
0694
0703
0716
0728
0741
0751
0760
0767
0770
0770
0763
0757
0748
0735
0725
0716
0706
0700
0694
0694
0690
0681
0668
0652
0637
0621
0602
0586
0570
0554
0541
0529
0522
0516
0510
0500
0491
0481
0475
0469
0465
0465
0465
0472
0481
0497
0519
0557
0652
0830
1058
1340
1673
2044
2431
2763
2906
2896
2694
2301
1800
1239
0719
0364
0218
0171
0221
0297
0386
0459
0510
0548
0561
0567
0570
0573
0576
0580
0580
0580
0583
0589
0592
0599
0605
0605
0608
0614
0621
0630
0637
0646
0652
0662
0684
0706
0728
0738
0748
0754
0763
0779
0782
0770
0760
0751
0744
0738
0744
0763
0789
0830
0915
1007
1071
1112
1141
1163
1185
1217
1245
1277
1302
1331
1362
1391
1429
1499
1603
1695
1803
1866
1898
1923
1939
1949
1949
1946
1933
1917
1898
1860
1778
1692
1600
1505
1397
1277
1147
1014
0871
0741
0652
0586
0526
0462
0399
0370
0351
0335
0323
0313
0304
0301
0297
0294
0294
0294
0297
0304
0310
0313
0316
0323
0326
0332
0335
0335
0342
0345
0358
0370
0383
0389
0389
0386
0380
0377
0374
0364
0354
0348
0342
0342
0345
0351
0358
0361
0367
0380
0393
0402
0412
0418
0424
0431
0440
0446
0453
0459
0462
0469
0478
0494
0503
0507
0507
0507
0503
0500
0494
0491
0488
0481
0475
0469
0462
0456
0450
0446
0446
0446
0446
0450
0456
0462
0472
0481
0491
0497
0503
0510
0513
0519
0522
0522
0522
0522
0526
0535
0545
0554
0561
0567
0573
0580
0586
0592
0592
0595
0595
0595
0595
0599
0599
0602
0605
0608
0611
0614
0621
0624
0627
0630
0630
0630
0627
0618
0605
0592
0583
0573
0564
0554
0541
0532
0522
0516
0510
0503
0503
0503
0503
0510
0519
0526
0532
0538
0541
0545
0548
0548
0545
0545
0541
0541
0545
0548
0551
0554
0561
0564
0567
0567
0567
0564
0561
0557
0554
0554
0557
0561
0567
0576
0583
0592
0599
0605
0611
0614
0618
0621
0621
0618
0618
0621
0624
0627
0637
0646
0656
0662
0671
0681
0690
0694
0700
0709
0716
0725
0738
0751
0767
0786
0801
0814
0824
0827
0827
0817
0801
0779
0757
0735
0713
0694
0684
0671
0662
0652
0643
0633
0627
0621
0614
0605
0595
0586
0576
0570
0564
0557
0554
0554
0551
0545
0535
0522
0503
0459
0418
0415
0434
0472
0576
0782
1042
1362
1733
2148
2570
2931
3150
3226
3121
2808
2269
1641
1061
0687
0526
0472
0443
0431
0440
0462
0484
0494
0503
0507
0513
0516
0522
0526
0529
0532
0535
0538
0545
0545
0541
0541
0538
0538
0541
0548
0554
0561
0570
0576
0583
0589
0595
0602
0611
0621
0633
0646
0665
0687
0706
0728
0748
0763
0779
0798
0817
0839
0868
0896
0935
0973
1007
1042
1071
1106
1141
1172
1210
1270
1362
1438
1502
1556
1613
1670
1711
1743
1771
1793
1809
1819
1828
1835
1847
1870
1879
1857
1803
1743
1667
1578
1483
1391
1312
1213
1083
0973
0890
0801
0713
0627
0510
0446
0402
0367
0339
0313
0301
0294
0294
0294
0294
0297
0297
0301
0304
0307
0310
0313
0313
0313
0313
0316
0316
0316
0313
0316
0320
0323
0329
0335
0339
0342
0348
0358
0367
0380
0389
0396
0405
0418
0440
0481
0519
0548
0570
0576
0583
0589
0595
0599
0605
0608
0611
0618
0624
0627
0627
0624
0624
0624
0624
0624
0624
0621
0621
0624
0627
0630
0637
0640
0643
0649
0652
0659
0662
0665
0668
0671
0678
0678
0681
0681
0678
0675
0675
0675
0675
0678
0678
0681
0687
0690
0694
0694
0690
0687
0681
0675
0668
0662
0659
0656
0659
0665
0671
0684
0694
0703
0713
0722
0732
0738
0741
0748
0751
0754
0757
0763
0767
0773
0779
0786
0792
0798
0801
0805
0805
0805
0808
0811
0814
0817
0820
0820
0820
0824
0827
0827
0830
0827
0827
0827
0827
0830
0836
0839
0843
0846
0852
0858
0865
0871
0874
0874
0874
0874
0874
0874
0874
0874
0874
0881
0887
0896
0903
0912
0919
0925
0931
0935
0935
0931
0931
0928
0925
0925
0922
0922
0922
0925
0925
0925
0925
0925
0925
0925
0925
0925
0928
0928
0928
0931
0935
0938
0941
0944
0944
0944
0941
0938
0935
0935
0931
0931
0931
0928
0925
0922
0919
0915
0912
0906
0896
0887
0877
0871
0862
0855
0849
0843
0839
0836
0836
0833
0833
0833
0833
0836
0839
0843
0846
0843
0836
0830
0824
0814
0805
0792
0779
0763
0754
0741
0732
0722
0716
0709
0706
0697
0694
0684
0675
0662
0652
0646
0640
0637
0637
0637
0637
0637
0637
0637
0633
0630
0624
0618
0608
0602
0599
0595
0592
0592
0592
0589
0589
0583
0580
0570
0561
0548
0535
0526
0519
0513
0507
0500
0494
0491
0491
0491
0494
0494
0491
0484
0478
0475
0472
0469
0462
0456
0453
0450
0453
0453
0453
0453
0450
0450
0450
0446
0446
0440
0437
0431
0427
0424
0421
0415
0408
0405
0402
0405
0405
0408
0412
0418
0424
0434
0443
0456
0465
0472
0484
0494
0503
0510
0516
0519
0526
0535
0548
0557
0567
0576
0586
0599
0611
0618
0624
0621
0618
0614
0611
0605
0599
0586
0576
0567
0561
0554
0545
0535
0526
0519
0513
0507
0500
0488
0472
0456
0440
0427
0415
0402
0396
0393
0393
0399
0405
0418
0434
0453
0478
0510
0551
0592
0697
0890
1147
1435
1762
2104
2424
2637
2709
2652
2462
2066
1518
0931
0443
0212
0123
0123
0218
0364
0484
0526
0561
0576
0561
0529
0510
0491
0478
0465
0459
0462
0475
0491
0500
0510
0516
0529
0545
0557
0573
0586
0592
0602
0611
0621
0630
0640
0649
0662
0678
0694
0709
0728
0748
0767
0786
0808
0827
0849
0865
0881
0900
0919
0938
0960
0985
1007
1026
1045
1071
1096
1128
1172
1248
1312
1362
1423
1496
1581
1622
1648
1670
1689
1705
1714
1721
1724
1727
1724
1717
1708
1692
1670
1644
1613
1578
1524
1407
1312
1185
1039
0931
0846
0751
0633
0484
0377
0307
0250
0196
0177
0167
0155
0145
0136
0129
0123
0120
0114
0110
0101
0095
0091
0091
0088
0088
0085
0085
0082
0085
0088
0088
0088
0085
0079
0072
0069
0066
0063
0060
0057
0057
0060
0066
0072
0079
0082
0085
0088
0095
0101
0110
0117
0123
0133
0142
0152
0164
0174
0180
0187
0190
0193
0196
0199
0199
0199
0202
0206
0209
0215
0221
0225
0225
0225
0225
0225
0221
0218
0215
0212
0209
0209
0209
0209
0209
0209
0209
0209
0209
0209
0209
0212
0215
0218
0225
0231
0234
0237
0240
0244
0247
0250
0253
0256
0263
0266
0272
0282
0291
0297
0310
0323
0335
0348
0361
0374
0386
0399
0408
0424
0437
0446
0453
0459
0465
0472
0475
0478
0478
0475
0472
0469
0465
0462
0456
0453
0450
0450
0450
0450
0453
0456
0456
0456
0459
0459
0462
0462
0462
0465
0469
0475
0478
0481
0488
0494
0500
0507
0513
0516
0519
0522
0526
0529
0532
0535
0538
0545
0551
0561
0567
0573
0580
0589
0599
0614
0627
0640
0649
0662
0678
0690
0703
0719
0735
0754
0770
0786
0801
0814
0820
0827
0833
0839
0843
0849
0852
0858
0865
0871
0881
0887
0893
0900
0903
0906
0903
0896
0893
0890
0887
0887
0890
0893
0900
0906
0915
0925
0935
0938
0938
0938
0935
0935
0935
0941
0944
0954
0966
0982
0998
1014
1026
1033
1033
1036
1036
1039
1042
1042
1042
1049
1055
1064
1071
1071
1061
1042
1020
0998
0979
0963
0947
0928
0915
0900
0890
0877
0871
0858
0849
0843
0836
0833
0833
0830
0830
0830
0827
0827
0824
0814
0795
0786
0808
0865
1030
1242
1521
1876
2294
2709
3074
3305
3385
3299
3036
2545
1961
1362
0900
0697
0630
0605
0633
0678
0690
0694
0697
0700
0703
0703
0706
0709
0713
0716
0716
0716
0716
0709
0706
0703
0703
0706
0709
0713
0719
0725
0728
0732
0735
0741
0748
0754
0760
0770
0779
0789
0795
0805
0814
0820
0830
0836
0846
0855
0868
0884
0906
0931
0957
0979
0998
1017
1039
1064
1102
1163
1226
1296
1378
1470
1556
1610
1651
1683
1714
1740
1765
1784
1800
1822
1841
1857
1866
1870
1866
1857
1844
1825
1800
1749
1638
1521
1385
1258
1163
1102
1026
0922
0798
0678
0586
0529
0469
0408
0326
0244
0225
0215
0212
0206
0202
0196
0193
0190
0187
0180
0177
0174
0171
0171
0174
0174
0174
0174
0174
0174
0177
0180
0183
0187
0190
0193
0199
0202
0206
0209
0212
0215
0218
0225
0231
0237
0244
0250
0259
0269
0282
0291
0297
0307
0310
0316
0323
0329
0335
0342
0348
0354
0367
0377
0386
0396
0408
0415
0424
0431
0437
0440
0443
0446
0446
0446
0446
0446
0446
0446
0446
0446
0446
0450
0446
0446
0450
0453
0456
0456
0459
0465
0469
0472
0472
0472
0472
0472
0472
0472
0475
0481
0488
0494
0500
0507
0513
0522
0532
0538
0545
0551
0557
0564
0570
0573
0576
0580
0583
0589
0589
0592
0595
0599
0599
0599
0599
0599
0595
0595
0595
0595
0592
0589
0589
0586
0589
0589
0592
0595
0599
0602
0605
0611
0618
0624
0627
0627
0630
0633
0633
0633
0633
0633
0630
0630
0630
0633
0637
0640
0643
0646
0649
0652
0652
0656
0662
0665
0668
0675
0681
0694
0700
0713
0725
0738
0751
0763
0776
0789
0798
0805
0811
0817
0824
0830
0836
0846
0852
0858
0868
0881
0896
0915
0931
0947
0963
0979
0995
1011
1023
1033
1045
1055
1068
1077
1083
1090
1090
1090
1087
1077
1061
1042
1020
0998
0979
0966
0954
0944
0931
0922
0915
0909
0903
0893
0884
0871
0862
0852
0846
0843
0833
0827
0814
0805
0795
0779
0741
0713
0713
0744
0805
0988
1220
1508
1844
2224
2618
2988
3201
3274
3163
2817
2285
1683
1150
0748
0526
0440
0434
0488
0567
0671
0748
0801
0801
0741
0716
0700
0687
0675
0662
0652
0643
0637
0630
0624
0618
0618
0621
0630
0643
0652
0662
0668
0671
0681
0690
0697
0706
0722
0741
0763
0786
0808
0824
0839
0855
0868
0881
0890
0903
0912
0922
0931
0944
0957
0969
0985
0998
1017
1039
1064
1134
1267
1353
1410
1467
1534
1597
1660
1711
1749
1787
1822
1860
1908
1936
1961
1984
1999
2006
1999
1977
1939
1892
1800
1679
1600
1511
1419
1321
1223
1122
1020
0925
0836
0738
0627
0522
0453
0405
0383
0374
0374
0370
0370
0364
0361
0358
0354
0348
0345
0342
0342
0342
0345
0351
0358
0364
0367
0367
0370
0377
0380
0383
0386
0389
0393
0399
0408
0421
0431
0437
0440
0446
0450
0453
0456
0459
0459
0459
0462
0469
0475
0478
0481
0484
0491
0503
0519
0538
0554
0567
0576
0589
0602
0614
0627
0633
0640
0640
0640
0637
0640
0640
0640
0640
0640
0643
0643
0643
0640
0637
0633
0643
0662
0668
0671
0675
0678
0678
0681
0684
0687
0690
0694
0694
0694
0694
0694
0690
0690
0687
0681
0675
0665
0656
0649
0640
0633
0630
0624
0618
0614
0614
0614
0611
0605
0595
0583
0570
0557
0548
0538
0532
0522
0519
0516
0513
0507
0494
0478
0462
0453
0450
0453
0459
0465
0469
0472
0481
0491
0503
0513
0519
0522
0526
0529
0535
0538
0538
0535
0532
0529
0532
0535
0538
0538
0541
0545
0551
0557
0564
0567
0567
0570
0573
0580
0586
0592
0599
0611
0624
0637
0646
0646
0637
0621
0602
0583
0554
0535
0561
0602
0624
0637
0649
0662
0675
0684
0694
0706
0716
0728
0741
0754
0763
0776
0789
0808
0827
0843
0852
0862
0865
0871
0877
0893
0903
0900
0877
0846
0805
0754
0716
0703
0697
0690
0681
0675
0671
0668
0665
0662
0659
0652
0649
0646
0649
0656
0659
0665
0668
0675
0678
0684
0694
0700
0713
0725
0811
0992
1248
1597
2006
2437
2836
3137
3264
3242
2995
2516
1904
1293
0798
0481
0335
0285
0323
0443
0614
0703
0767
0811
0808
0754
0694
0637
0618
0611
0605
0602
0599
0599
0595
0611
0637
0662
0690
0706
0725
0744
0767
0786
0805
0820
0830
0843
0852
0862
0871
0881
0887
0893
0900
0906
0915
0925
0935
0944
0957
0966
0979
0992
1004
1020
1039
1071
1106
1141
1175
1213
1261
1305
1350
1404
1467
1537
1610
1679
1743
1800
1850
1873
1882
1892
1901
1908
1911
1901
1876
1844
1812
1768
1724
1673
1587
1476
1372
1248
1102
0960
0839
0744
0643
0567
0510
0465
0437
0418
0402
0374
0329
0256
0212
0183
0158
0136
0123
0120
0126
0136
0152
0164
0183
0212
0231
0215
0180
0155
0129
0110
0098
0101
0129
0164
0196
0209
0218
0228
0240
0253
0263
0272
0278
0285
0291
0297
0304
0304
0304
0304
0307
0310
0313
0313
0316
0323
0332
0345
0358
0370
0380
0386
0399
0421
0446
0472
0484
0481
0469
0456
0440
0427
0418
0405
0389
0377
0367
0364
0364
0370
0380
0393
0405
0421
0434
0446
0453
0462
0469
0475
0484
0491
0494
0497
0500
0500
0500
0500
0507
0507
0510
0510
0510
0510
0510
0510
0513
0513
0513
0513
0516
0519
0522
0526
0532
0538
0545
0548
0551
0551
0548
0548
0541
0538
0532
0522
0519
0516
0516
0516
0519
0519
0519
0519
0516
0516
0507
0491
0491
0522
0538
0548
0561
0573
0586
0595
0608
0618
0624
0624
0621
0614
0605
0592
0583
0573
0564
0554
0548
0545
0541
0532
0516
0503
0500
0510
0532
0564
0586
0599
0605
0618
0630
0646
0656
0665
0675
0684
0694
0700
0709
0719
0725
0728
0735
0744
0757
0767
0779
0792
0805
0817
0830
0843
0858
0871
0884
0893
0903
0906
0906
0903
0896
0887
0871
0855
0833
0811
0789
0763
0728
0694
0668
0652
0643
0640
0637
0633
0630
0627
0621
0614
0611
0605
0602
0599
0592
0592
0589
0589
0589
0586
0573
0551
0602
0751
0954
1210
1518
1873
2272
2675
3026
3226
3293
3188
2865
2256
1565
0963
0561
0393
0332
0386
0478
0570
0621
0656
0675
0675
0652
0624
0611
0605
0599
0589
0583
0573
0564
0554
0545
0538
0538
0541
0548
0554
0567
0576
0586
0599
0608
0621
0630
0640
0649
0659
0675
0687
0697
0713
0725
0735
0748
0760
0773
0786
0798
0811
0827
0846
0871
0893
0912
0935
0963
1004
1077
1144
1210
1277
1353
1410
1454
1499
1546
1591
1644
1702
1749
1787
1812
1838
1857
1870
1873
1866
1847
1816
1778
1727
1638
1549
1457
1366
1277
1160
1017
0900
0811
0725
0643
0557
0440
0393
0370
0351
0339
0326
0316
0307
0301
0291
0285
0278
0275
0272
0269
0266
0263
0263
0263
0266
0269
0269
0269
0269
0266
0266
0266
0263
0259
0253
0250
0247
0244
0244
0237
0228
0218
0215
0218
0228
0250
0282
0323
0399
0529
0719
0976
1309
1714
2174
2668
3128
3391
3404
3188
2671
1984
1255
0643
0272
0148
0212
0329
0412
0446
0472
0469
0443
0434
0427
0427
0427
0431
0434
0431
0424
0418
0412
0412
0418
0424
0431
0437
0443
0453
0462
0472
0484
0494
0503
0513
0522
0529
0535
0541
0551
0564
0576
0592
0611
0627
0646
0665
0684
0700
0722
0741
0763
0789
0814
0839
0868
0893
0919
0941
0969
1001
1055
1141
1217
1274
1318
1359
1404
1445
1476
1505
1530
1553
1565
1565
1549
1521
1483
1438
1369
1255
1166
1090
1023
0963
0909
0846
0770
0694
0621
0548
0503
0459
0418
0380
0361
0345
0332
0323
0316
0310
0313
0316
0323
0329
0335
0339
0345
0354
0361
0370
0374
0377
0377
0380
0386
0389
0393
0399
0405
0415
0431
0443
0459
0472
0484
0494
0507
0519
0532
0541
0551
0554
0561
0570
0580
0589
0595
0602
0605
0611
0614
0621
0621
0621
0618
0614
0611
0611
0611
0611
0614
0614
0614
0614
0614
0614
0611
0608
0602
0602
0602
0608
0618
0624
0624
0618
0611
0608
0608
0608
0605
0602
0599
0592
0589
0589
0586
0586
0586
0589
0592
0595
0595
0599
0599
0602
0605
0605
0608
0605
0605
0605
0608
0608
0608
0608
0608
0608
0608
0608
0611
0611
0614
0614
0621
0630
0637
0643
0646
0649
0652
0656
0659
0659
0659
0652
0649
0643
0643
0646
0646
0649
0656
0659
0665
0671
0678
0681
0681
0678
0675
0671
0668
0668
0665
0665
0665
0668
0671
0675
0678
0678
0675
0675
0671
0668
0662
0659
0656
0656
0659
0659
0662
0665
0665
0662
0659
0656
0649
0640
0637
0652
0675
0681
0687
0690
0694
0697
0703
0709
0722
0732
0744
0754
0763
0773
0782
0789
0795
0798
0798
0798
0801
0808
0817
0830
0839
0852
0868
0877
0890
0903
0912
0919
0922
0925
0928
0935
0941
0947
0954
0966
0976
0992
1004
1020
1030
1033
1036
1036
1030
1017
1004
0992
0976
0960
0947
0938
0931
0922
0909
0900
0887
0874
0862
0849
0836
0824
0814
0808
0801
0798
0798
0795
0792
0786
0779
0767
0748
0725
0716
0722
0751
0798
0947
1163
1457
1819
2218
2630
3007
3258
3343
3270
3045
2570
1930
1270
0773
0510
0415
0415
0475
0532
0580
0630
0687
0735
0786
0820
0820
0805
0776
0728
0656
0611
0583
0567
0561
0573
0605
0637
0649
0659
0668
0675
0681
0690
0697
0706
0716
0722
0728
0732
0735
0738
0741
0744
0744
0748
0748
0754
0760
0767
0773
0782
0792
0801
0820
0868
0912
0954
1004
1068
1134
1185
1220
1258
1302
1350
1407
1473
1521
1556
1575
1591
1606
1619
1625
1632
1638
1638
1638
1632
1625
1616
1600
1581
1562
1518
1407
1280
1179
1122
1087
1052
1001
0947
0874
0786
0713
0643
0570
0465
0424
0402
0383
0364
0348
0339
0329
0323
0316
0313
0310
0307
0304
0307
0307
0307
0304
0304
0304
0307
0310
0313
0316
0320
0320
0326
0329
0332
0332
0329
0326
0323
0329
0339
0354
0367
0377
0393
0412
0427
0431
0418
0396
0377
0364
0351
0342
0332
0323
0313
0310
0316
0329
0339
0348
0354
0358
0361
0370
0383
0399
0412
0421
0431
0440
0446
0456
0462
0469
0475
0478
0488
0497
0510
0522
0532
0538
0535
0532
0522
0510
0497
0481
0469
0446
0421
0402
0393
0402
0418
0437
0456
0472
0491
0510
0529
0541
0545
0538
0529
0516
0507
0503
0503
0497
0491
0484
0478
0472
0469
0465
0465
0462
0462
0459
0456
0453
0450
0446
0443
0437
0427
0421
0418
0415
0412
0408
0402
0399
0396
0396
0396
0396
0396
0393
0393
0393
0396
0402
0408
0415
0421
0431
0437
0446
0456
0459
0462
0465
0469
0469
0472
0472
0475
0478
0478
0481
0488
0491
0494
0497
0500
0500
0503
0500
0503
0500
0500
0497
0497
0497
0494
0494
0494
0494
0494
0494
0494
0497
0497
0500
0500
0497
0491
0484
0481
0491
0510
0529
0545
0564
0586
0602
0608
0602
0592
0580
0564
0545
0526
0516
0516
0522
0532
0541
0554
0567
0580
0589
0589
0586
0580
0573
0564
0551
0541
0541
0551
0561
0576
0586
0586
0580
0576
0573
0573
0573
0573
0573
0570
0570
0573
0583
0595
0608
0621
0633
0640
0646
0656
0665
0671
0681
0687
0694
0697
0703
0709
0716
0722
0725
0732
0735
0738
0744
0754
0767
0782
0795
0801
0792
0773
0741
0709
0678
0630
0592
0580
0573
0567
0564
0557
0551
0545
0541
0535
0529
0529
0526
0529
0529
0535
0538
0545
0554
0561
0573
0589
0605
0690
0865
1112
1438
1822
2240
2649
2995
3153
3210
3112
2805
2326
1755
1172
0725
0532
0465
0472
0548
0573
0586
0595
0608
0618
0624
0630
0633
0643
0649
0652
0656
0656
0656
0662
0665
0668
0671
0671
0671
0675
0675
0681
0690
0694
0700
0709
0716
0725
0741
0757
0773
0792
0811
0830
0846
0865
0881
0896
0912
0935
0963
0998
1030
1055
1083
1112
1141
1169
1201
1229
1258
1286
1315
1347
1385
1426
1473
1543
1638
1702
1752
1797
1838
1876
1901
1923
1946
1961
1965
1958
1939
1908
1873
1822
1740
1673
1581
1461
1350
1267
1182
1099
1014
0935
0865
0808
0744
0681
0633
0592
0561
0532
0503
0478
0459
0443
0427
0412
0399
0386
0374
0367
0361
0354
0354
0358
0364
0374
0383
0389
0396
0405
0408
0415
0418
0418
0418
0421
0427
0434
0440
0446
0453
0459
0465
0472
0475
0472
0469
0462
0456
0453
0453
0453
0453
0456
0459
0465
0475
0481
0491
0494
0497
0497
0500
0497
0497
0494
0491
0488
0484
0484
0484
0488
0488
0484
0484
0481
0481
0475
0472
0462
0453
0443
0431
0421
0415
0408
0402
0399
0396
0393
0396
0396
0396
0393
0386
0383
0377
0374
0370
0367
0361
0361
0361
0361
0364
0364
0367
0367
0364
0364
0364
0361
0361
0358
0358
0358
0358
0361
0364
0367
0367
0370
0370
0370
0370
0374
0377
0377
0380
0383
0386
0393
0402
0408
0412
0415
0421
0424
0434
0437
0440
0443
0446
0450
0450
0450
0453
0453
0450
0450
0453
0459
0462
0469
0475
0478
0484
0491
0497
0500
0503
0503
0503
0507
0510
0513
0519
0529
0535
0545
0557
0570
0580
0589
0599
0611
0621
0633
0649
0665
0684
0700
0716
0735
0754
0770
0789
0805
0820
0833
0846
0862
0874
0887
0896
0903
0909
0909
0909
0906
0903
0896
0887
0874
0865
0852
0839
0827
0817
0801
0789
0773
0763
0754
0744
0735
0728
0722
0722
0722
0725
0728
0732
0735
0741
0748
0757
0767
0786
0805
0827
0877
1001
1220
1537
1930
2358
2763
3115
3283
3340
3226
2868
2345
1730
1134
0713
0557
0497
0500
0586
0662
0732
0770
0789
0817
0849
0852
0811
0792
0782
0773
0767
0760
0757
0754
0751
0751
0754
0767
0782
0795
0808
0817
0824
0830
0833
0836
0839
0839
0843
0852
0862
0874
0890
0903
0915
0931
0947
0966
0985
1004
1023
1049
1080
1112
1144
1169
1191
1204
1220
1236
1258
1302
1423
1534
1597
1663
1724
1768
1800
1828
1854
1876
1895
1911
1923
1939
1955
1977
1996
2012
2012
1993
1961
1920
1844
1736
1651
1546
1426
1312
1131
0960
0865
0798
0754
0703
0640
0586
0541
0503
0469
0437
0408
0383
0358
0335
0320
0304
0297
0294
0294
0294
0294
0294
0291
0288
0288
0291
0313
0342
0367
0380
0389
0396
0405
0415
0424
0434
0443
0453
0459
0465
0472
0478
0481
0488
0488
0491
0497
0503
0510
0519
0529
0535
0545
0551
0564
0576
0592
0602
0611
0611
0611
0608
0605
0599
0589
0580
0564
0548
0548
0557
0570
0573
0573
0573
0576
0583
0586
0592
0599
0605
0608
0608
0611
0608
0605
0599
0592
0586
0576
0567
0561
0554
0548
0541
0538
0535
0529
0526
0519
0510
0503
0494
0488
0488
0491
0500
0513
0529
0545
0561
0576
0595
0611
0624
0624
0611
0592
0570
0554
0541
0532
0519
0510
0500
0494
0488
0484
0481
0475
0472
0469
0465
0462
0459
0456
0453
0453
0453
0456
0459
0465
0472
0478
0484
0491
0494
0497
0497
0497
0497
0500
0510
0519
0532
0541
0548
0548
0545
0541
0535
0529
0522
0516
0507
0497
0488
0478
0472
0465
0465
0469
0475
0484
0497
0510
0522
0535
0545
0554
0561
0570
0580
0589
0602
0618
0630
0646
0662
0678
0690
0700
0706
0713
0722
0735
0748
0770
0801
0827
0827
0808
0789
0773
0760
0741
0722
0697
0671
0649
0633
0621
0608
0602
0595
0595
0595
0592
0589
0583
0576
0570
0564
0557
0554
0551
0548
0548
0548
0545
0541
0535
0519
0488
0472
0494
0557
0735
1004
1362
1781
2224
2643
2976
3140
3194
3109
2846
2348
1778
1232
0763
0475
0405
0396
0386
0450
0529
0595
0665
0690
0697
0706
0713
0722
0732
0738
0744
0748
0751
0754
0757
0760
0760
0763
0767
0767
0767
0770
0776
0782
0789
0795
0801
0808
0814
0820
0830
0839
0846
0858
0884
0919
0947
0973
1001
1049
1109
1160
1191
1213
1229
1242
1261
1280
1299
1324
1356
1400
1448
1492
1546
1610
1663
1717
1774
1838
1901
1965
2031
2076
2107
2133
2148
2148
2129
2101
2063
2012
1936
1889
1841
1790
1721
1622
1502
1378
1264
1175
1109
1017
0922
0830
0760
0694
0627
0564
0497
0437
0389
0370
0361
0351
0342
0329
0320
0313
0307
0301
0301
0297
0297
0297
0301
0310
0316
0326
0335
0342
0348
0358
0370
0383
0396
0405
0415
0427
0440
0453
0465
0478
0484
0491
0497
0503
0513
0519
0522
0526
0529
0532
0535
0541
0548
0551
0551
0551
0548
0548
0548
0545
0541
0538
0538
0538
0545
0548
0554
0557
0561
0561
0564
0564
0564
0561
0557
0554
0551
0554
0554
0561
0564
0567
0570
0573
0573
0573
0570
0567
0564
0561
0554
0551
0551
0551
0551
0557
0561
0570
0576
0580
0586
0589
0592
0599
0602
0605
0608
0621
0637
0656
0671
0681
0678
0668
0659
0643
0630
0614
0592
0567
0548
0538
0548
0567
0589
0608
0640
0665
0665
0640
0614
0608
0605
0599
0592
0586
0580
0570
0561
0551
0541
0538
0535
0538
0541
0545
0551
0554
0557
0561
0564
0564
0564
0561
0561
0564
0567
0573
0586
0595
0605
0614
0624
0630
0637
0640
0643
0646
0649
0652
0656
0659
0665
0671
0675
0681
0687
0694
0697
0703
0706
0706
0706
0709
0716
0719
0725
0725
0722
0722
0722
0719
0719
0719
0716
0716
0716
0716
0719
0722
0725
0722
0719
0713
0709
0709
0706
0706
0706
0706
0709
0719
0728
0735
0741
0741
0744
0744
0744
0741
0738
0728
0719
0709
0700
0694
0690
0681
0671
0659
0646
0637
0630
0627
0624
0624
0630
0640
0649
0665
0678
0687
0694
0697
0700
0703
0706
0706
0709
0713
0713
0719
0722
0732
0738
0741
0741
0741
0738
0735
0728
0725
0722
0716
0713
0713
0709
0709
0709
0706
0703
0703
0700
0700
0697
0694
0690
0687
0684
0681
0678
0671
0665
0659
0649
0637
0624
0611
0599
0592
0589
0589
0589
0589
0592
0592
0589
0589
0589
0583
0580
0576
0573
0573
0576
0580
0586
0592
0595
0599
0599
0599
0599
0595
0592
0589
0586
0583
0583
0586
0586
0592
0595
0602
0605
0608
0608
0608
0611
0611
0611
0608
0608
0608
0611
0618
0627
0637
0643
0652
0659
0671
0681
0690
0694
0700
0703
0706
0709
0716
0722
0732
0738
0748
0757
0767
0776
0779
0779
0776
0770
0760
0754
0744
0735
0728
0722
0716
0713
0709
0706
0700
0694
0681
0668
0652
0640
0630
0621
0614
0608
0605
0602
0599
0599
0595
0589
0576
0554
0561
0627
0725
0858
1083
1391
1787
2253
2713
3093
3308
3321
3166
2757
2152
1442
0782
0332
0212
0171
0234
0427
0633
0725
0782
0824
0820
0757
0690
0621
0602
0595
0589
0586
0580
0576
0570
0567
0564
0564
0567
0573
0580
0592
0605
0621
0633
0643
0656
0665
0675
0687
0697
0713
0728
0748
0770
0792
0817
0839
0858
0881
0903
0925
0947
0966
0979
0992
0998
1007
1014
1030
1052
1096
1169
1245
1315
1372
1429
1492
1575
1629
1667
1695
1724
1755
1781
1803
1822
1841
1860
1876
1889
1892
1889
1876
1854
1828
1793
1727
1606
1489
1362
1223
1074
0915
0770
0678
0611
0551
0497
0456
0424
0396
0367
0339
0310
0288
0275
0269
0259
0253
0247
0240
0237
0231
0225
0218
0215
0209
0209
0209
0212
0218
0225
0231
0237
0244
0253
0259
0266
0275
0282
0291
0297
0307
0320
0335
0358
0386
0412
0421
0431
0434
0437
0437
0437
0437
0437
0440
0440
0443
0450
0453
0459
0462
0465
0465
0465
0465
0462
0462
0465
0472
0488
0503
0513
0507
0491
0475
0469
0462
0453
0443
0434
0421
0415
0408
0402
0402
0402
0405
0412
0421
0434
0440
0443
0450
0453
0459
0459
0462
0469
0481
0500
0510
0513
0516
0519
0519
0522
0522
0522
0522
0519
0516
0513
0507
0507
0510
0513
0519
0526
0532
0541
0548
0557
0564
0570
0570
0570
0570
0567
0564
0561
0561
0561
0561
0561
0564
0564
0564
0564
0564
0567
0567
0567
0564
0561
0561
0557
0557
0557
0554
0551
0548
0545
0541
0541
0541
0541
0541
0538
0538
0538
0538
0538
0535
0535
0532
0532
0532
0535
0535
0538
0541
0548
0551
0557
0557
0561
0561
0561
0561
0564
0567
0570
0573
0580
0583
0589
0595
0602
0605
0611
0621
0630
0640
0652
0662
0671
0678
0687
0694
0700
0703
0706
0709
0713
0713
0716
0719
0719
0722
0725
0728
0735
0738
0744
0751
0754
0760
0763
0773
0779
0786
0795
0805
0817
0836
0877
0915
0931
0941
0954
0966
0979
0973
0935
0884
0852
0824
0798
0779
0763
0748
0728
0716
0706
0694
0690
0681
0675
0668
0659
0649
0643
0633
0621
0608
0599
0595
0595
0599
0602
0605
0608
0614
0621
0630
0646
0662
0681
0789
1026
1334
1695
2088
2491
2862
3099
3121
2969
2522
1914
1267
0719
0494
0412
0380
0396
0437
0484
0545
0624
0671
0700
0725
0744
0763
0779
0792
0798
0805
0811
0817
0820
0817
0814
0814
0814
0817
0824
0830
0839
0849
0858
0871
0881
0890
0900
0909
0922
0938
0954
0969
0988
1007
1026
1049
1071
1087
1102
1115
1128
1144
1163
1182
1210
1242
1267
1289
1312
1347
1385
1432
1486
1540
1591
1648
1705
1774
1850
1904
1927
1946
1958
1971
1980
1984
1987
1990
1984
1977
1965
1946
1920
1889
1825
1702
1587
1457
1309
1175
1049
0925
0811
0690
0611
0567
0535
0497
0465
0427
0386
0335
0288
0240
0225
0209
0196
0187
0177
0167
0161
0158
0155
0148
0148
0148
0148
0152
0155
0158
0161
0167
0174
0180
0187
0190
0196
0199
0206
0215
0221
0228
0231
0237
0240
0244
0250
0253
0256
0259
0263
0266
0266
0269
0272
0275
0278
0282
0288
0297
0307
0320
0332
0342
0354
0361
0367
0370
0374
0377
0380
0383
0389
0396
0412
0427
0446
0453
0453
0443
0431
0415
0396
0367
0348
0374
0427
0462
0494
0526
0548
0561
0554
0541
0526
0513
0507
0500
0494
0481
0469
0456
0443
0434
0424
0418
0415
0418
0424
0434
0443
0450
0453
0456
0456
0456
0453
0453
0450
0453
0462
0478
0488
0484
0475
0462
0456
0450
0440
0431
0415
0402
0389
0380
0377
0377
0374
0377
0377
0383
0389
0396
0396
0396
0393
0389
0386
0383
0383
0380
0380
0383
0396
0408
0427
0443
0456
0469
0478
0488
0494
0500
0503
0503
0507
0507
0510
0513
0516
0522
0526
0532
0538
0548
0557
0567
0576
0586
0595
0605
0618
0627
0637
0649
0662
0681
0700
0725
0751
0770
0789
0805
0820
0833
0849
0862
0881
0903
0928
0947
0966
0985
0998
1011
1030
1045
1055
1058
1045
1017
0979
0944
0919
0887
0852
0817
0798
0792
0795
0801
0811
0824
0833
0849
0862
0874
0871
0852
0817
0786
0763
0744
0722
0700
0684
0671
0668
0671
0687
0709
0744
0789
0963
1261
1644
2079
2535
2950
3232
3327
3280
3131
2747
2212
1591
1023
0646
0500
0446
0431
0462
0513
0529
0541
0548
0557
0561
0567
0567
0573
0583
0592
0599
0605
0611
0614
0618
0624
0630
0633
0637
0640
0643
0646
0652
0659
0662
0671
0678
0687
0694
0703
0716
0725
0732
0744
0776
0814
0846
0871
0896
0915
0931
0947
0960
0973
0985
1001
1014
1026
1042
1061
1090
1134
1217
1293
1369
1448
1521
1597
1670
1749
1787
1809
1828
1844
1857
1866
1876
1879
1879
1876
1870
1860
1844
1822
1797
1768
1705
1572
1445
1305
1147
0992
0868
0773
0687
0570
0424
0370
0358
0342
0329
0316
0307
0297
0291
0288
0285
0282
0278
0275
0272
0266
0263
0256
0250
0244
0240
0237
0237
0240
0240
0247
0250
0256
0263
0266
0272
0278
0288
0294
0304
0310
0320
0332
0342
0351
0358
0367
0377
0386
0399
0412
0421
0427
0437
0443
0453
0462
0469
0472
0475
0475
0475
0478
0484
0488
0491
0497
0503
0510
0516
0522
0526
0529
0532
0538
0541
0548
0551
0554
0557
0561
0564
0567
0570
0567
0564
0561
0557
0554
0554
0551
0551
0551
0551
0551
0551
0554
0554
0557
0554
0551
0545
0538
0532
0522
0516
0510
0507
0503
0507
0510
0513
0513
0516
0519
0519
0519
0519
0516
0510
0503
0503
0503
0503
0503
0503
0507
0510
0516
0519
0526
0529
0529
0526
0526
0522
0519
0513
0510
0510
0507
0507
0507
0507
0510
0513
0516
0519
0522
0522
0522
0522
0522
0519
0519
0516
0513
0513
0516
0526
0535
0545
0557
0570
0589
0608
0627
0643
0652
0659
0665
0675
0684
0694
0703
0716
0725
0735
0751
0767
0779
0789
0795
0798
0798
0798
0795
0792
0786
0776
0770
0763
0757
0757
0751
0748
0744
0738
0732
0725
0716
0709
0700
0694
0687
0684
0678
0671
0662
0656
0646
0637
0630
0624
0621
0614
0605
0592
0583
0567
0554
0526
0469
0469
0513
0627
0900
1267
1705
2171
2646
3074
3359
3457
3372
3102
2516
1787
1077
0519
0231
0136
0221
0361
0507
0557
0570
0586
0599
0611
0621
0627
0633
0637
0643
0646
0646
0646
0646
0646
0649
0656
0662
0671
0681
0690
0700
0709
0719
0728
0735
0741
0741
0744
0751
0757
0763
0773
0789
0805
0820
0833
0849
0858
0868
0874
0884
0896
0915
0941
0992
1102
1198
1255
1293
1324
1350
1378
1400
1419
1442
1467
1505
1572
1660
1727
1771
1809
1847
1882
1914
1942
1971
1999
2022
2031
2022
1993
1952
1895
1790
1632
1499
1385
1289
1179
1064
0947
0852
0782
0719
0662
0602
0522
0484
0465
0450
0434
0421
0412
0405
0396
0383
0370
0361
0351
0342
0335
0329
0320
0310
0294
0285
0275
0269
0266
0266
0269
0282
0301
0320
0342
0358
0374
0383
0389
0402
0412
0421
0434
0443
0453
0462
0475
0488
0497
0500
0503
0503
0503
0503
0507
0510
0513
0522
0548
0570
0573
0564
0551
0548
0545
0538
0532
0526
0522
0522
0522
0522
0522
0522
0526
0532
0538
0545
0548
0551
0554
0564
0573
0586
0592
0595
0589
0583
0573
0567
0561
0554
0545
0535
0526
0522
0519
0522
0526
0526
0522
0522
0519
0516
0510
0510
0519
0532
0541
0554
0567
0576
0576
0561
0538
0522
0519
0513
0510
0503
0497
0491
0481
0475
0469
0465
0462
0462
0459
0459
0462
0465
0472
0475
0475
0475
0472
0465
0459
0456
0453
0446
0443
0440
0440
0440
0443
0446
0450
0450
0450
0453
0453
0453
0453
0453
0453
0453
0456
0462
0469
0478
0484
0491
0497
0507
0516
0526
0532
0541
0545
0548
0554
0564
0573
0583
0589
0599
0605
0614
0624
0633
0640
0646
0652
0659
0671
0681
0694
0703
0728
0792
0852
0893
0925
0950
0957
0947
0919
0884
0820
0716
0665
0633
0611
0592
0586
0589
0599
0608
0621
0633
0649
0665
0678
0678
0668
0646
0627
0614
0605
0592
0580
0567
0557
0554
0554
0561
0573
0595
0624
0665
0814
1045
1362
1749
2155
2541
2890
3172
3299
3289
3087
2646
2076
1435
0846
0434
0301
0316
0462
0535
0557
0573
0580
0576
0570
0567
0564
0564
0564
0564
0564
0564
0561
0561
0561
0567
0573
0586
0595
0608
0621
0627
0633
0637
0643
0652
0659
0665
0671
0678
0684
0690
0697
0703
0709
0716
0725
0738
0763
0805
0852
0903
0935
0954
0973
0985
1004
1020
1033
1042
1058
1080
1131
1242
1343
1416
1483
1540
1587
1641
1698
1733
1755
1778
1793
1809
1819
1819
1819
1812
1806
1793
1778
1759
1717
1619
1524
1451
1381
1293
1179
1058
0931
0792
0681
0592
0481
0424
0405
0389
0377
0370
0361
0358
0351
0345
0342
0335
0326
0316
0310
0307
0304
0301
0297
0297
0294
0288
0285
0275
0266
0259
0253
0247
0244
0240
0237
0237
0237
0237
0244
0250
0256
0263
0269
0278
0285
0294
0301
0313
0332
0358
0453
0665
0969
1356
1790
2228
2621
2931
3039
2982
2798
2307
1663
1007
0462
0129
0006
0000
0066
0164
0272
0301
0307
0316
0323
0329
0335
0342
0351
0361
0367
0367
0370
0370
0370
0370
0374
0380
0386
0389
0396
0405
0415
0427
0437
0446
0456
0465
0472
0484
0494
0507
0522
0554
0592
0627
0656
0681
0700
0722
0741
0757
0779
0798
0817
0833
0852
0881
0925
1001
1068
1134
1201
1286
1334
1369
1397
1423
1438
1445
1445
1445
1448
1448
1448
1448
1451
1451
1438
1375
1302
1226
1166
1109
1045
0973
0874
0767
0687
0627
0580
0519
0418
0364
0345
0326
0307
0291
0278
0269
0263
0256
0253
0253
0253
0259
0269
0278
0285
0291
0297
0301
0307
0313
0320
0323
0326
0332
0339
0348
0358
0364
0370
0377
0380
0383
0386
0389
0389
0393
0399
0402
0405
0408
0415
0424
0431
0443
0450
0459
0475
0494
0510
0526
0538
0548
0561
0573
0586
0599
0602
0599
0583
0570
0557
0551
0541
0535
0526
0516
0510
0503
0503
0507
0510
0513
0516
0522
0529
0535
0541
0548
0551
0554
0561
0567
0576
0583
0586
0586
0586
0586
0589
0589
0586
0580
0576
0570
0567
0570
0576
0583
0586
0589
0595
0602
0611
0614
0618
0621
0621
0621
0618
0618
0611
0608
0605
0602
0602
0602
0602
0602
0599
0599
0599
0595
0583
0586
0621
0637
0652
0665
0678
0684
0684
0678
0671
0662
0649
0640
0624
0605
0589
0580
0576
0580
0580
0583
0586
0592
0602
0608
0611
0611
0611
0611
0608
0608
0605
0602
0602
0599
0595
0599
0599
0602
0605
0608
0608
0608
0608
0611
0611
0614
0614
0621
0624
0630
0640
0646
0652
0656
0659
0662
0662
0662
0662
0662
0665
0668
0671
0671
0678
0681
0684
0687
0690
0690
0694
0694
0697
0700
0706
0709
0716
0722
0728
0732
0738
0744
0751
0767
0786
0801
0814
0817
0817
0817
0817
0814
0811
0801
0795
0814
0855
0881
0906
0928
0938
0938
0922
0903
0881
0865
0846
0830
0814
0798
0789
0782
0773
0767
0760
0754
0751
0751
0744
0738
0732
0725
0722
0719
0713
0709
0703
0697
0694
0687
0675
0649
0652
0706
0862
1102
1438
1844
2288
2713
3045
3201
3204
3052
2779
2443
2060
1651
1258
0884
0576
0459
0421
0475
0570
0646
0684
0709
0675
0640
0611
0599
0614
0643
0656
0659
0662
0665
0665
0665
0665
0668
0671
0675
0681
0690
0694
0694
0694
0694
0697
0700
0706
0713
0722
0728
0744
0760
0782
0801
0824
0846
0868
0890
0915
0938
0960
0979
0998
1017
1042
1074
1106
1131
1153
1188
1236
1286
1328
1359
1388
1410
1432
1476
1546
1629
1702
1740
1759
1774
1784
1784
1781
1762
1740
1708
1663
1597
1546
1496
1445
1391
1324
1239
1156
1061
0979
0915
0868
0805
0722
0637
0535
0459
0415
0386
0383
0380
0377
0374
0374
0370
0367
0364
0364
0364
0364
0367
0370
0370
0374
0374
0374
0370
0358
0358
0383
0399
0412
0424
0437
0443
0443
0443
0440
0440
0440
0437
0431
0424
0421
0418
0421
0431
0440
0446
0453
0459
0465
0475
0484
0491
0497
0507
0510
0513
0516
0516
0516
0513
0513
0513
0513
0513
0510
0510
0513
0516
0519
0522
0522
0522
0519
0522
0522
0522
0522
0522
0526
0529
0532
0538
0545
0548
0548
0551
0554
0561
0561
0561
0557
0557
0557
0561
0564
0567
0567
0564
0561
0561
0561
0557
0557
0557
0554
0554
0557
0561
0564
0567
0573
0576
0583
0589
0592
0599
0602
0605
0605
0608
0611
0614
0614
0614
0614
0618
0621
0624
0624
0621
0621
0618
0614
0614
0611
0608
0608
0605
0602
0602
0605
0605
0605
0608
0608
0608
0605
0605
0599
0592
0583
0573
0564
0557
0551
0541
0535
0529
0516
0500
0491
0494
0513
0538
0567
0592
0624
0652
0671
0675
0662
0640
0621
0602
0583
0561
0541
0532
0535
0551
0570
0586
0602
0614
0630
0646
0662
0678
0690
0697
0703
0709
0713
0716
0713
0709
0709
0709
0713
0716
0719
0722
0722
0725
0728
0732
0732
0732
0732
0732
0735
0738
0744
0751
0760
0767
0776
0786
0795
0805
0814
0820
0830
0836
0846
0855
0865
0871
0874
0877
0877
0874
0865
0855
0839
0824
0811
0795
0782
0773
0763
0751
0741
0728
0719
0706
0694
0687
0675
0665
0656
0649
0640
0633
0627
0621
0611
0599
0573
0548
0532
0532
0551
0589
0646
0741
0890
1106
1359
1660
1990
2345
2675
2934
3023
2985
2855
2462
1885
1232
0690
0367
0259
0320
0421
0535
0589
0611
0630
0643
0649
0656
0656
0656
0652
0646
0637
0627
0618
0608
0592
0576
0567
0567
0592
0630
0662
0678
0690
0697
0709
0722
0735
0744
0757
0767
0776
0786
0795
0801
0805
0811
0814
0820
0830
0846
0868
0896
0922
0954
0985
1017
1055
1096
1141
1185
1236
1293
1343
1385
1429
1476
1524
1578
1616
1651
1679
1705
1730
1752
1774
1793
1816
1838
1854
1863
1854
1835
1803
1768
1717
1635
1546
1457
1369
1283
1201
1115
1045
0960
0839
0732
0652
0564
0507
0469
0437
0415
0399
0389
0383
0374
0367
0361
0358
0354
0348
0342
0339
0335
0335
0339
0339
0339
0339
0339
0345
0351
0358
0361
0361
0364
0364
0367
0374
0380
0383
0389
0396
0402
0412
0421
0431
0440
0446
0450
0456
0459
0462
0465
0465
0472
0478
0488
0500
0507
0510
0513
0513
0513
0516
0519
0519
0519
0513
0507
0500
0500
0507
0516
0526
0532
0538
0545
0554
0561
0557
0545
0522
0497
0481
0475
0469
0462
0459
0453
0450
0450
0450
0450
0446
0443
0440
0440
0443
0446
0450
0453
0453
0456
0459
0465
0469
0469
0472
0469
0469
0465
0462
0462
0459
0459
0459
0459
0459
0462
0462
0465
0465
0465
0465
0462
0459
0456
0453
0453
0450
0443
0440
0434
0431
0427
0424
0424
0424
0427
0427
0431
0434
0437
0440
0443
0446
0450
0453
0456
0459
0459
0459
0459
0462
0469
0478
0488
0497
0503
0507
0507
0510
0513
0510
0507
0503
0497
0494
0491
0494
0497
0500
0507
0513
0522
0532
0548
0561
0570
0583
0592
0602
0614
0630
0646
0659
0675
0690
0706
0722
0735
0744
0751
0757
0760
0767
0773
0779
0786
0792
0801
0811
0820
0824
0827
0827
0824
0820
0811
0798
0782
0767
0751
0738
0725
0713
0703
0694
0681
0665
0652
0640
0624
0611
0602
0595
0589
0586
0583
0580
0573
0567
0561
0548
0522
0507
0538
0618
0728
0884
1131
1416
1771
2180
2592
2985
3299
3400
3324
3087
2554
1911
1293
0843
0618
0535
0507
0535
0583
0605
0618
0630
0643
0652
0659
0662
0665
0668
0671
0675
0678
0678
0678
0671
0665
0662
0662
0662
0668
0671
0678
0690
0706
0728
0757
0782
0801
0820
0843
0858
0877
0893
0906
0915
0925
0935
0944
0954
0966
0976
0988
1001
1014
1030
1049
1064
1080
1096
1118
1150
1198
1283
1353
1426
1499
1578
1657
1736
1816
1850
1873
1892
1908
1917
1927
1933
1936
1933
1930
1920
1908
1889
1863
1831
1768
1644
1530
1407
1274
1137
1023
0935
0830
0738
0665
0595
0532
0488
0456
0431
0408
0389
0377
0367
0361
0354
0348
0345
0335
0326
0316
0304
0297
0291
0288
0285
0285
0285
0291
0301
0310
0320
0326
0332
0335
0342
0345
0351
0354
0361
0370
0389
0412
0431
0437
0437
0437
0437
0440
0440
0440
0434
0427
0421
0421
0434
0453
0465
0475
0481
0488
0497
0503
0510
0516
0519
0522
0519
0516
0513
0510
0507
0507
0510
0510
0510
0510
0510
0510
0510
0510
0510
0507
0507
0503
0507
0510
0516
0519
0526
0529
0532
0529
0529
0522
0516
0507
0500
0497
0494
0494
0494
0494
0494
0497
0497
0497
0497
0497
0491
0488
0481
0478
0472
0469
0469
0472
0478
0481
0488
0494
0503
0510
0513
0516
0519
0519
0516
0516
0513
0513
0513
0516
0516
0519
0522
0526
0529
0532
0532
0532
0532
0529
0529
0529
0532
0538
0545
0551
0554
0557
0561
0564
0564
0561
0561
0557
0557
0557
0564
0570
0576
0583
0589
0599
0605
0614
0621
0627
0630
0637
0643
0652
0668
0684
0694
0709
0722
0738
0751
0767
0782
0795
0805
0814
0830
0846
0862
0874
0884
0887
0884
0877
0862
0846
0830
0811
0792
0776
0757
0735
0713
0697
0694
0694
0694
0694
0694
0697
0697
0697
0697
0700
0706
0713
0719
0725
0728
0728
0732
0732
0738
0744
0754
0773
0868
1071
1400
1850
2354
2846
3229
3378
3353
3074
2573
1961
1381
0925
0700
0624
0586
0589
0614
0640
0649
0656
0662
0665
0665
0665
0668
0671
0678
0684
0690
0694
0694
0697
0700
0706
0713
0722
0728
0735
0738
0744
0751
0757
0767
0773
0782
0795
0808
0820
0830
0836
0843
0852
0862
0871
0877
0884
0887
0896
0906
0915
0931
0944
0963
0992
1055
1122
1198
1255
1302
1347
1391
1432
1470
1508
1546
1581
1616
1657
1698
1727
1749
1768
1787
1803
1816
1822
1822
1819
1809
1797
1778
1755
1724
1654
1534
1435
1321
1198
1064
0925
0792
0687
0608
0535
0475
0424
0374
0320
0291
0272
0256
0237
0221
0209
0196
0187
0180
0174
0167
0164
0161
0161
0158
0139
0123
0126
0155
0187
0199
0209
0212
0215
0218
0221
0225
0228
0231
0234
0240
0244
0253
0263
0275
0288
0301
0310
0320
0332
0339
0351
0361
0370
0380
0393
0402
0418
0434
0450
0465
0475
0481
0488
0491
0494
0494
0497
0494
0491
0488
0488
0491
0497
0500
0503
0503
0503
0503
0510
0510
0510
0510
0513
0516
0519
0526
0529
0532
0532
0532
0532
0535
0538
0538
0538
0538
0541
0541
0545
0545
0541
0538
0535
0532
0535
0538
0541
0541
0541
0541
0545
0545
0541
0538
0532
0526
0522
0519
0519
0516
0516
0516
0516
0516
0519
0519
0513
0507
0500
0494
0491
0491
0491
0488
0488
0488
0491
0494
0497
0500
0500
0500
0500
0500
0500
0503
0510
0513
0522
0532
0545
0554
0567
0573
0583
0586
0589
0592
0595
0595
0599
0602
0605
0611
0621
0633
0643
0656
0662
0671
0678
0681
0687
0694
0697
0706
0716
0725
0738
0751
0770
0786
0801
0817
0827
0839
0846
0855
0862
0871
0877
0887
0900
0915
0931
0944
0950
0944
0922
0893
0862
0836
0820
0805
0789
0776
0763
0751
0738
0725
0716
0703
0694
0684
0678
0675
0671
0668
0668
0665
0659
0652
0643
0633
0614
0570
0573
0652
0760
0903
1147
1457
1850
2282
2713
3096
3350
3435
3356
3109
2551
1825
1125
0630
0446
0380
0443
0526
0592
0621
0640
0659
0675
0675
0659
0640
0633
0624
0618
0608
0599
0589
0583
0580
0580
0583
0589
0605
0624
0649
0671
0690
0703
0713
0722
0728
0738
0748
0760
0773
0786
0801
0814
0827
0839
0849
0862
0874
0890
0915
0957
1004
1042
1077
1109
1134
1160
1182
1207
1226
1248
1277
1315
1381
1451
1508
1546
1587
1644
1705
1752
1797
1838
1866
1882
1895
1904
1923
1946
1958
1936
1885
1825
1749
1663
1549
1404
1255
1112
1004
0922
0849
0776
0706
0649
0586
0526
0450
0383
0326
0288
0266
0256
0247
0240
0234
0231
0231
0228
0228
0225
0221
0221
0221
0228
0231
0237
0244
0250
0256
0266
0275
0282
0288
0294
0297
0301
0307
0313
0316
0320
0323
0329
0339
0348
0358
0367
0374
0383
0393
0402
0412
0418
0421
0424
0427
0434
0440
0446
0453
0459
0469
0478
0488
0497
0503
0507
0507
0513
0516
0516
0519
0522
0532
0548
0564
0580
0583
0580
0573
0567
0561
0557
0551
0541
0532
0522
0513
0507
0507
0507
0503
0503
0500
0500
0503
0503
0510
0513
0516
0516
0519
0522
0529
0538
0545
0551
0554
0557
0567
0576
0583
0586
0580
0564
0541
0522
0503
0494
0481
0465
0450
0437
0427
0418
0412
0408
0408
0415
0424
0440
0459
0478
0497
0510
0522
0529
0535
0541
0545
0548