2015
2007
1978
1965
1959
1953
1943
1938
1945
1963
1972
1982
1992
2000
2005
2009
2007
2002
1992
1980
1972
1965
1959
1951
1943
1936
1930
1926
1922
1920
1918
1914
1911
1907
1905
1901
1897
1895
1891
1887
1883
1883
1881
1878
1874
1872
1868
1866
1864
1862
1860
1860
1862
1866
1870
1876
1881
1889
1895
1905
1918
1936
1955
1974
1994
2009
2027
2042
2058
2071
2087
2100
2118
2131
2145
2156
2164
2170
2176
2182
2187
2193
2197
2201
2203
2205
2207
2205
2203
2199
2195
2189
2185
2178
2170
2162
2153
2139
2116
2091
2067
2046
2029
2011
1996
1984
1976
1969
1963
1959
1953
1949
1945
1943
1943
1943
1949
1957
1967
1976
1984
1990
1996
2000
2005
2009
2015
2019
2023
2027
2032
2034
2040
2044
2048
2052
2056
2060
2062
2065
2067
2071
2075
2077
2079
2081
2083
2085
2085
2085
2085
2085
2085
2083
2083
2083
2083
2081
2079
2079
2079
2079
2081
2083
2085
2089
2091
2093
2094
2096
2098
2100
2100
2102
2102
2102
2102
2102
2102
2102
2102
2102
2100
2098
2098
2096
2094
2093
2091
2087
2085
2083
2083
2081
2081
2081
2081
2079
2079
2077
2075
2073
2071
2067
2065
2062
2058
2054
2048
2044
2038
2032
2027
2019
2011
2003
1996
1990
1982
1974
1967
1961
1953
1945
1940
1932
1926
1920
1914
1909
1903
1895
1880
1864
1852
1845
1837
1831
1823
1816
1808
1802
1794
1787
1777
1767
1759
1752
1746
1738
1732
1725
1721
1717
1715
1715
1719
1723
1730
1738
1750
1761
1775
1794
1814
1833
1850
1866
1881
1897
1914
1930
1943
1959
1974
1990
2003
2015
2023
2029
2034
2038
2042
2046
2048
2046
2044
2042
2038
2036
2034
2034
2032
2031
2029
2027
2025
2023
2023
2023
2023
2025
2027
2029
2031
2032
2034
2040
2044
2048
2050
2054
2056
2058
2062
2063
2067
2073
2079
2085
2091
2096
2102
2108
2114
2122
2133
2185
2271
2379
2491
2569
2596
2604
2594
2567
2484
2383
2271
2154
2054
2021
2009
2021
2042
2067
2094
2112
2125
2129
2131
2133
2137
2141
2145
2147
2151
2154
2156
2158
2160
2160
2160
2160
2160
2160
2158
2158
2156
2154
2154
2154
2154
2154
2154
2154
2153
2151
2149
2147
2143
2141
2139
2137
2137
2139
2145
2153
2162
2172
2182
2191
2201
2211
2222
2234
2245
2259
2273
2290
2305
2321
2336
2352
2364
2375
2387
2398
2408
2420
2429
2441
2453
2466
2484
2499
2507
2513
2517
2520
2526
2530
2534
2536
2532
2524
2513
2499
2482
2458
2431
2406
2381
2356
2331
2305
2284
2265
2245
2230
2216
2203
2191
2180
2164
2147
2131
2122
2116
2110
2106
2102
2098
2094
2091
2087
2083
2079
2077
2073
2069
2063
2060
2054
2050
2044
2040
2034
2031
2027
2025
2021
2019
2015
2013
2011
2009
2005
2003
2000
1996
1994
1992
1990
1988
1988
1986
1984
1984
1982
1980
1978
1974
1972
1969
1965
1961
1957
1953
1951
1949
1947
1945
1945
1943
1941
1940
1938
1934
1932
1930
1926
1922
1920
1916
1914
1911
1909
1903
1899
1893
1887
1881
1876
1870
1864
1860
1854
1850
1847
1843
1839
1835
1833
1831
1827
1823
1820
1816
1814
1810
1806
1802
1798
1792
1789
1785
1781
1777
1773
1769
1763
1759
1754
1750
1746
1742
1738
1736
1734
1732
1730
1729
1729
1727
1727
1725
1723
1721
1719
1719
1717
1715
1715
1713
1713
1711
1711
1707
1703
1699
1694
1688
1682
1674
1668
1661
1655
1651
1645
1641
1636
1632
1628
1626
1622
1618
1614
1610
1607
1605
1603
1601
1603
1605
1608
1614
1620
1626
1632
1638
1643
1651
1657
1661
1667
1672
1678
1684
1692
1696
1698
1699
1698
1694
1688
1682
1674
1665
1657
1651
1645
1638
1632
1624
1618
1614
1610
1605
1601
1597
1593
1591
1591
1591
1591
1589
1591
1595
1599
1605
1610
1616
1622
1628
1634
1639
1643
1645
1647
1651
1657
1665
1672
1680
1688
1694
1699
1705
1713
1721
1732
1787
1885
2019
2182
2344
2460
2501
2464
2358
2141
1905
1705
1603
1568
1595
1638
1699
1781
1835
1860
1880
1887
1883
1880
1878
1878
1878
1876
1874
1872
1870
1868
1866
1866
1866
1868
1870
1874
1878
1881
1883
1887
1891
1897
1901
1907
1912
1918
1926
1938
1947
1959
1967
1974
1982
1992
2003
2015
2029
2040
2054
2067
2081
2094
2108
2123
2141
2160
2178
2199
2216
2232
2245
2257
2267
2276
2286
2294
2304
2313
2325
2338
2352
2367
2383
2398
2412
2422
2431
2439
2445
2453
2458
2464
2472
2476
2476
2474
2466
2457
2443
2429
2410
2379
2352
2325
2302
2282
2263
2244
2226
2211
2195
2182
2174
2170
2164
2158
2153
2147
2143
2151
2164
2182
2193
2203
2216
2228
2238
2247
2255
2263
2267
2275
2278
2278
2280
2282
2286
2290
2294
2296
2298
2296
2294
2290
2284
2280
2275
2271
2269
2267
2267
2269
2271
2273
2275
2278
2280
2282
2284
2286
2292
2296
2300
2304
2307
2307
2305
2302
2296
2288
2280
2273
2267
2261
2257
2251
2247
2242
2236
2230
2224
2218
2213
2209
2207
2203
2201
2199
2195
2191
2187
2182
2178
2172
2168
2164
2160
2160
2158
2156
2156
2156
2156
2158
2160
2162
2166
2168
2172
2176
2178
2180
2184
2187
2189
2191
2195
2199
2201
2203
2205
2205
2205
2205
2205
2205
2203
2203
2201
2199
2197
2195
2191
2185
2180
2174
2168
2160
2154
2151
2145
2139
2131
2120
2110
2098
2087
2077
2071
2065
2062
2058
2054
2052
2048
2046
2044
2042
2038
2036
2034
2034
2031
2029
2025
2019
2015
2011
2007
2005
2002
2000
1998
1996
1994
1992
1992
1990
1992
1994
1996
1998
2002
2005
2009
2013
2017
2021
2027
2031
2034
2040
2046
2054
2063
2075
2100
2125
2143
2156
2164
2168
2174
2176
2180
2182
2187
2189
2191
2191
2189
2184
2180
2172
2166
2158
2151
2145
2137
2127
2106
2087
2067
2058
2050
2044
2038
2034
2029
2025
2019
2013
2007
2003
2000
1996
1992
1986
1982
1976
1972
1967
1963
1961
1961
1965
1971
1980
1994
2007
2023
2036
2060
2081
2096
2108
2118
2125
2135
2145
2154
2168
2185
2249
2342
2470
2617
2753
2836
2842
2776
2590
2346
2100
1911
1850
1831
1866
1924
1969
1982
1990
1994
1996
1998
1998
1994
1990
1984
1978
1974
1971
1967
1965
1961
1959
1957
1957
1957
1959
1959
1961
1963
1965
1965
1965
1965
1965
1963
1963
1963
1965
1967
1969
1971
1972
1974
1976
1978
1982
1984
1988
1994
1998
2003
2009
2015
2021
2025
2029
2034
2042
2050
2058
2065
2071
2077
2083
2089
2094
2100
2110
2123
2143
2164
2187
2207
2226
2244
2259
2271
2280
2288
2296
2302
2309
2313
2317
2321
2323
2323
2321
2317
2309
2300
2288
2276
2261
2242
2207
2178
2154
2129
2102
2075
2048
2025
2000
1971
1940
1926
1920
1914
1909
1905
1901
1897
1893
1889
1885
1883
1881
1881
1880
1878
1878
1874
1872
1872
1870
1870
1868
1866
1864
1862
1860
1858
1858
1860
1862
1866
1874
1885
1899
1911
1920
1926
1930
1936
1940
1943
1947
1951
1955
1959
1963
1965
1967
1969
1969
1971
1969
1969
1969
1967
1967
1967
1965
1963
1961
1959
1957
1957
1955
1953
1949
1947
1945
1943
1941
1938
1934
1930
1926
1924
1920
1918
1916
1914
1912
1912
1912
1914
1914
1914
1912
1911
1909
1907
1905
1903
1901
1899
1897
1897
1897
1897
1897
1897
1897
1897
1897
1897
1897
1897
1897
1899
1901
1903
1905
1907
1909
1911
1912
1912
1914
1916
1916
1918
1920
1924
1926
1930
1932
1936
1938
1940
1941
1945
1947
1949
1951
1953
1957
1961
1965
1967
1969
1972
1974
1974
1976
1976
1974
1974
1974
1974
1974
1974
1974
1974
1976
1976
1978
1980
1982
1984
1986
1986
1988
1990
1992
1992
1994
1994
1996
1998
1998
2000
2002
2002
2003
2003
2003
2003
2002
2002
2002
2002
2002
2002
2003
2005
2007
2009
2013
2017
2021
2025
2029
2032
2034
2040
2046
2052
2058
2065
2071
2079
2087
2093
2098
2102
2106
2108
2112
2112
2114
2112
2110
2106
2100
2096
2089
2081
2071
2063
2054
2046
2038
2034
2029
2023
2019
2015
2011
2009
2005
2003
2000
1996
1994
1994
1994
1992
1992
1992
1992
1992
1994
1994
1996
1996
1996
1996
1996
1996
1996
1994
1994
1992
1990
1988
1984
1978
1972
1967
1961
1953
1932
1905
1874
1849
1823
1806
1804
1812
1831
1885
1992
2125
2263
2336
2364
2307
2135
1878
1614
1405
1320
1318
1395
1514
1572
1591
1595
1599
1603
1607
1608
1608
1610
1610
1610
1610
1610
1610
1608
1608
1610
1612
1614
1614
1616
1616
1618
1620
1620
1622
1624
1628
1630
1634
1639
1645
1653
1661
1678
1717
1750
1775
1794
1814
1833
1852
1872
1891
1911
1934
1955
1974
1994
2011
2027
2038
2050
2063
2079
2096
2114
2135
2156
2180
2205
2232
2257
2278
2300
2319
2336
2350
2364
2375
2387
2400
2416
2431
2443
2455
2466
2476
2482
2486
2484
2478
2470
2460
2451
2441
2429
2416
2402
2387
2371
2356
2340
2325
2309
2296
2284
2273
2263
2261
2257
2255
2251
2247
2245
2244
2242
2240
2238
2234
2232
2232
2232
2234
2234
2236
2238
2240
2242
2244
2244
2244
2242
2242
2242
2242
2244
2244
2244
2244
2244
2244
2244
2244
2242
2238
2236
2232
2228
2224
2220
2214
2209
2197
2182
2168
2154
2143
2131
2122
2114
2104
2094
2083
2071
2062
2054
2046
2040
2034
2031
2025
2019
2013
2007
2002
1996
1990
1982
1976
1967
1957
1947
1940
1932
1926
1920
1916
1912
1909
1905
1903
1901
1899
1899
1897
1897
1897
1899
1901
1905
1907
1909
1912
1916
1920
1924
1928
1930
1932
1936
1938
1941
1945
1947
1949
1951
1953
1957
1959
1959
1961
1961
1961
1961
1959
1959
1959
1959
1959
1959
1961
1961
1961
1961
1959
1957
1953
1949
1945
1941
1940
1936
1934
1932
1930
1930
1928
1928
1926
1922
1918
1914
1912
1911
1911
1911
1912
1916
1920
1926
1934
1940
1945
1949
1951
1955
1957
1961
1963
1967
1969
1971
1972
1974
1976
1978
1978
1978
1978
1980
1980
1980
1982
1982
1982
1982
1982
1982
1982
1982
1982
1982
1982
1982
1982
1980
1980
1980
1982
1982
1984
1986
1988
1990
1994
1996
2000
2002
2003
2003
2005
2007
2007
2007
2009
2009
2011
2015
2019
2023
2027
2031
2034
2034
2038
2040
2042
2044
2048
2054
2060
2067
2075
2091
2108
2120
2129
2137
2143
2147
2151
2154
2158
2160
2162
2162
2160
2158
2154
2151
2143
2133
2123
2110
2089
2065
2040
2023
2003
1990
1986
1984
1984
1982
1982
1980
1980
1982
1990
2005
2021
2032
2042
2054
2065
2073
2077
2081
2083
2085
2085
2087
2087
2089
2089
2089
2087
2087
2087
2085
2081
2077
2073
2067
2062
2056
2044
2036
2044
2067
2137
2228
2354
2497
2635
2720
2749
2714
2602
2400
2170
1969
1843
1798
1796
1829
1878
1920
1932
1940
1945
1947
1941
1928
1916
1909
1903
1897
1891
1885
1880
1876
1876
1878
1881
1887
1895
1901
1907
1912
1918
1924
1930
1936
1941
1945
1949
1953
1957
1961
1963
1967
1971
1976
1980
1986
1992
2000
2009
2015
2023
2032
2038
2046
2054
2062
2067
2073
2079
2085
2091
2096
2104
2110
2118
2125
2135
2149
2164
2178
2191
2205
2218
2236
2251
2269
2284
2294
2302
2309
2317
2321
2325
2327
2325
2321
2315
2309
2300
2290
2276
2253
2230
2207
2182
2158
2135
2112
2091
2073
2056
2036
2021
2005
1992
1980
1971
1961
1951
1941
1936
1930
1924
1920
1914
1909
1905
1901
1899
1897
1895
1895
1893
1891
1889
1885
1880
1874
1872
1878
1887
1899
1905
1909
1912
1914
1918
1920
1922
1926
1928
1932
1934
1938
1941
1945
1951
1955
1959
1963
1965
1965
1969
1971
1974
1978
1980
1982
1986
1990
1994
1998
2002
2003
2003
2005
2005
2005
2005
2005
2007
2007
2009
2011
2013
2015
2015
2015
2015
2015
2015
2015
2013
2013
2013
2011
2013
2013
2011
2011
2009
2007
2005
2003
2002
2000
2000
2000
1998
1998
1996
1996
1996
1996
1996
1994
1994
1994
1994
1994
1994
1994
1994
1996
1998
2002
2011
2029
2046
2073
2114
2151
2176
2193
2207
2214
2218
2220
2222
2222
2224
2224
2224
2226
2228
2228
2222
2213
2201
2191
2184
2176
2168
2162
2154
2147
2141
2133
2127
2122
2114
2108
2102
2096
2094
2091
2085
2079
2073
2069
2063
2060
2056
2052
2048
2044
2042
2042
2040
2038
2038
2036
2034
2034
2034
2034
2034
2032
2031
2031
2029
2029
2029
2027
2025
2025
2025
2023
2023
2021
2019
2017
2015
2013
2011
2009
2005
2002
1998
1994
1992
1988
1986
1984
1982
1980
1978
1978
1978
1978
1976
1976
1974
1972
1971
1969
1967
1965
1963
1961
1959
1959
1957
1955
1955
1953
1951
1949
1949
1947
1947
1945
1945
1945
1945
1947
1947
1947
1947
1947
1947
1949
1949
1949
1951
1951
1951
1949
1947
1945
1941
1938
1934
1928
1922
1911
1899
1889
1885
1881
1881
1880
1878
1878
1876
1874
1872
1870
1868
1868
1868
1868
1872
1876
1883
1889
1897
1905
1912
1918
1924
1930
1934
1940
1945
1951
1955
1961
1965
1969
1972
1974
1978
1980
1982
1986
1992
2003
2034
2093
2184
2307
2464
2631
2770
2826
2817
2710
2505
2259
2027
1852
1794
1775
1806
1862
1911
1924
1926
1928
1930
1934
1936
1938
1940
1941
1943
1945
1945
1945
1945
1943
1941
1941
1941
1943
1945
1945
1947
1949
1949
1949
1949
1949
1949
1947
1949
1949
1949
1949
1949
1951
1951
1951
1953
1953
1953
1955
1957
1959
1963
1967
1971
1974
1984
1996
2009
2023
2036
2050
2062
2071
2081
2091
2100
2110
2118
2127
2135
2145
2158
2178
2193
2201
2207
2211
2214
2216
2220
2222
2224
2226
2226
2226
2226
2226
2222
2218
2213
2207
2199
2189
2182
2172
2158
2135
2112
2091
2073
2056
2042
2032
2019
2007
1996
1984
1972
1957
1938
1922
1912
1907
1905
1901
1899
1899
1899
1899
1899
1899
1899
1899
1901
1901
1901
1903
1903
1905
1905
1905
1907
1907
1909
1911
1914
1918
1920
1922
1926
1930
1934
1938
1941
1945
1949
1955
1971
1988
1994
1998
2000
2002
2003
2003
2005
2005
2003
2003
2003
2005
2007
2009
2011
2015
2021
2027
2032
2036
2042
2048
2054
2060
2065
2073
2083
2093
2102
2112
2122
2131
2139
2145
2151
2154
2158
2162
2164
2168
2172
2178
2182
2187
2193
2199
2201
2203
2203
2201
2199
2195
2191
2187
2185
2184
2182
2182
2182
2182
2182
2180
2180
2180
2182
2185
2189
2193
2197
2197
2199
2201
2205
2205
2207
2207
2209
2209
2211
2211
2211
2211
2211
2209
2207
2207
2205
2205
2205
2205
2205
2205
2205
2207
2207
2209
2207
2207
2205
2203
2201
2199
2197
2195
2193
2191
2191
2191
2191
2189
2187
2185
2184
2182
2180
2178
2176
2174
2174
2174
2174
2176
2176
2176
2178
2178
2178
2178
2178
2178
2178
2178
2178
2178
2180
2180
2180
2180
2182
2182
2180
2180
2180
2180
2180
2180
2182
2182
2184
2184
2184
2185
2185
2185
2187
2189
2189
2191
2193
2195
2197
2199
2203
2207
2211
2213
2216
2220
2224
2228
2230
2234
2240
2247
2253
2257
2259
2255
2247
2236
2224
2211
2195
2178
2158
2141
2123
2106
2089
2069
2050
2034
2017
2005
1996
1986
1976
1965
1953
1941
1924
1899
1860
1825
1796
1773
1748
1723
1705
1692
1678
1667
1653
1639
1626
1616
1607
1597
1591
1583
1579
1577
1579
1581
1583
1587
1595
1605
1618
1668
1771
1893
2009
2067
2089
2048
1930
1740
1535
1368
1308
1289
1324
1378
1448
1494
1521
1539
1539
1527
1508
1479
1421
1363
1320
1283
1256
1237
1221
1206
1190
1177
1167
1161
1153
1148
1144
1140
1138
1136
1138
1142
1146
1152
1159
1167
1177
1190
1210
1229
1248
1270
1291
1316
1343
1368
1394
1419
1444
1469
1490
1506
1519
1533
1545
1554
1566
1577
1591
1603
1618
1632
1649
1672
1707
1742
1779
1814
1841
1870
1899
1934
1961
1980
1998
2017
2034
2050
2067
2081
2087
2089
2091
2094
2096
2100
2100
2100
2093
2081
2065
2050
2032
2013
1994
1974
1955
1934
1918
1905
1895
1889
1881
1876
1870
1868
1868
1874
1883
1895
1909
1924
1949
1976
2005
2021
2032
2040
2048
2056
2060
2063
2067
2069
2071
2073
2077
2079
2081
2081
2083
2085
2087
2089
2091
2093
2096
2102
2110
2118
2127
2135
2143
2151
2158
2168
2176
2182
2187
2193
2197
2203
2207
2211
2214
2216
2218
2220
2224
2226
2230
2234
2236
2238
2242
2245
2247
2251
2253
2255
2257
2259
2261
2263
2267
2269
2273
2278
2286
2294
2298
2292
2280
2267
2251
2242
2232
2222
2214
2205
2195
2187
2182
2178
2172
2168
2160
2154
2147
2137
2127
2120
2110
2100
2091
2083
2077
2071
2065
2060
2058
2060
2067
2079
2089
2096
2098
2102
2104
2108
2112
2114
2116
2118
2118
2120
2120
2122
2122
2120
2118
2116
2114
2110
2108
2104
2102
2102
2102
2102
2104
2106
2108
2110
2112
2116
2118
2120
2122
2123
2123
2125
2125
2127
2129
2129
2131
2131
2133
2133
2135
2133
2131
2129
2125
2122
2120
2114
2110
2106
2104
2100
2098
2096
2094
2091
2087
2085
2085
2083
2083
2083
2085
2087
2091
2094
2100
2106
2112
2120
2125
2135
2143
2158
2174
2191
2207
2222
2238
2249
2261
2275
2284
2290
2292
2292
2286
2280
2271
2263
2249
2230
2211
2189
2166
2137
2104
2085
2073
2065
2058
2050
2044
2036
2031
2023
2015
2005
1992
1971
1951
1934
1926
1920
1914
1911
1905
1901
1897
1895
1893
1893
1893
1893
1895
1897
1899
1903
1909
1912
1916
1922
1926
1932
1941
1955
1974
1990
2013
2085
2185
2323
2486
2637
2741
2751
2700
2518
2267
2005
1800
1744
1725
1758
1860
1953
2042
2071
2077
2079
2081
2083
2085
2089
2091
2091
2093
2093
2093
2093
2091
2089
2087
2087
2087
2089
2091
2093
2094
2094
2094
2094
2093
2091
2089
2089
2087
2087
2087
2087
2089
2091
2093
2094
2096
2098
2098
2100
2100
2102
2104
2106
2108
2112
2116
2122
2127
2133
2139
2145
2151
2156
2162
2168
2174
2182
2189
2201
2214
2228
2242
2255
2269
2280
2290
2298
2305
2313
2319
2325
2329
2331
2331
2329
2327
2321
2315
2307
2298
2288
2276
2261
2242
2226
2209
2191
2170
2145
2116
2087
2069
2060
2050
2042
2034
2029
2023
2017
2011
2007
2002
1996
1990
1988
1986
1984
1980
1978
1976
1974
1972
1971
1969
1967
1963
1961
1959
1957
1955
1953
1949
1947
1945
1943
1943
1941
1941
1940
1940
1940
1940
1940
1940
1940
1940
1941
1943
1945
1945
1947
1949
1951
1953
1955
1959
1961
1961
1963
1965
1969
1971
1972
1972
1974
1976
1978
1980
1982
1984
1986
1986
1988
1990
1992
1992
1994
1996
1996
1996
1998
2000
2003
2005
2009
2009
2009
2009
2009
2009
2007
2005
2003
2003
2002
2003
2003
2005
2007
2009
2009
2011
2013
2015
2015
2017
2017
2019
2023
2027
2031
2034
2038
2044
2048
2052
2056
2058
2058
2058
2056
2056
2054
2052
2050
2050
2048
2048
2048
2048
2050
2052
2052
2054
2056
2058
2062
2063
2063
2065
2067
2071
2075
2081
2087
2093
2098
2104
2108
2112
2114
2112
2106
2100
2091
2081
2073
2063
2058
2050
2044
2036
2032
2029
2025
2023
2021
2019
2019
2019
2023
2025
2029
2032
2034
2038
2042
2046
2050
2054
2058
2060
2063
2067
2073
2077
2081
2083
2085
2085
2081
2075
2065
2052
2038
2027
2013
2002
1992
1984
1976
1971
1963
1957
1949
1943
1938
1934
1928
1924
1920
1918
1914
1912
1911
1909
1907
1903
1899
1893
1885
1878
1868
1858
1850
1841
1833
1825
1818
1810
1802
1796
1790
1787
1785
1785
1787
1790
1796
1802
1812
1823
1868
1967
2104
2271
2431
2549
2590
2561
2476
2278
2060
1878
1802
1775
1779
1812
1858
1920
1971
2005
2029
2038
2046
2052
2058
2063
2067
2067
2067
2065
2060
2050
2040
2031
2019
2007
1992
1974
1961
1951
1943
1936
1930
1920
1911
1907
1918
1943
1969
1986
2002
2017
2031
2042
2056
2067
2077
2087
2096
2106
2114
2123
2131
2139
2147
2154
2160
2168
2174
2180
2187
2195
2203
2209
2214
2220
2228
2236
2244
2251
2259
2269
2278
2290
2304
2317
2329
2338
2344
2352
2360
2367
2375
2381
2383
2381
2371
2360
2342
2321
2282
2251
2211
2160
2110
2056
2013
1980
1947
1912
1881
1854
1835
1820
1804
1787
1771
1758
1744
1732
1721
1705
1690
1676
1668
1663
1657
1651
1645
1639
1634
1632
1628
1628
1626
1628
1630
1632
1638
1641
1647
1653
1659
1665
1668
1672
1674
1676
1678
1680
1680
1682
1684
1686
1690
1692
1696
1701
1705
1709
1713
1717
1723
1727
1729
1732
1734
1738
1742
1746
1752
1758
1763
1769
1775
1781
1785
1789
1792
1794
1796
1796
1798
1798
1800
1800
1802
1806
1810
1814
1818
1820
1823
1823
1823
1823
1821
1820
1818
1814
1810
1806
1796
1798
1823
1835
1843
1850
1856
1862
1866
1870
1874
1876
1876
1874
1872
1868
1864
1862
1860
1856
1852
1849
1845
1841
1835
1829
1823
1818
1816
1816
1820
1825
1835
1843
1852
1860
1870
1881
1891
1903
1914
1926
1936
1945
1953
1961
1969
1974
1980
1986
1990
1996
2000
2003
2005
2009
2013
2017
2021
2025
2029
2034
2036
2042
2046
2052
2060
2065
2075
2087
2100
2112
2122
2131
2141
2147
2154
2162
2170
2180
2191
2203
2213
2222
2228
2236
2242
2249
2253
2261
2265
2271
2275
2278
2282
2284
2286
2288
2290
2292
2296
2300
2302
2304
2302
2294
2282
2271
2261
2257
2253
2249
2244
2240
2236
2232
2228
2226
2224
2220
2220
2218
2218
2220
2220
2220
2220
2218
2218
2216
2216
2216
2214
2214
2214
2216
2216
2218
2220
2222
2222
2224
2226
2228
2230
2234
2238
2242
2245
2261
2304
2371
2478
2625
2799
2962
3053
3053
2962
2751
2491
2247
2067
2019
2000
2025
2102
2180
2245
2267
2280
2284
2284
2284
2284
2284
2284
2284
2282
2282
2282
2280
2278
2278
2282
2288
2296
2304
2311
2319
2327
2336
2344
2352
2358
2362
2364
2366
2367
2369
2371
2373
2375
2377
2379
2379
2375
2367
2358
2348
2340
2331
2323
2315
2309
2307
2309
2315
2325
2335
2344
2358
2371
2383
2398
2412
2426
2441
2457
2476
2493
2513
2530
2551
2569
2580
2588
2596
2604
2609
2617
2621
2625
2627
2629
2627
2627
2623
2619
2615
2609
2604
2598
2590
2584
2577
2567
2555
2544
2530
2517
2507
2495
2486
2476
2462
2447
2424
2404
2389
2381
2377
2373
2369
2367
2367
2366
2366
2364
2364
2364
2366
2367
2369
2371
2375
2379
2383
2385
2387
2389
2391
2393
2395
2396
2400
2402
2404
2406
2416
2412
2381
2344
2307
2275
2234
2182
2137
2104
2069
2038
2015
1990
1963
1940
1918
1899
1883
1868
1860
1856
1854
1850
1849
1849
1849
1847
1847
1847
1845
1843
1839
1835
1829
1823
1818
1814
1808
1804
1798
1792
1789
1783
1775
1765
1754
1742
1732
1723
1715
1709
1705
1703
1701
1701
1703
1703
1705
1705
1703
1703
1701
1703
1709
1719
1729
1738
1746
1754
1763
1771
1779
1783
1783
1777
1767
1756
1744
1732
1723
1713
1701
1692
1680
1670
1661
1653
1647
1639
1634
1628
1622
1614
1608
1601
1593
1585
1577
1570
1562
1556
1550
1545
1541
1537
1533
1527
1523
1517
1514
1508
1500
1492
1485
1475
1467
1457
1448
1436
1417
1397
1382
1372
1363
1355
1347
1337
1330
1326
1324
1328
1335
1347
1361
1376
1394
1421
1446
1465
1483
1502
1523
1548
1574
1599
1620
1639
1659
1678
1696
1711
1725
1734
1744
1752
1756
1763
1771
1779
1781
1775
1759
1738
1703
1645
1618
1605
1593
1583
1577
1574
1572
1574
1577
1583
1591
1599
1607
1614
1620
1628
1634
1641
1649
1657
1663
1668
1676
1682
1688
1694
1701
1709
1717
1729
1752
1775
1794
1812
1827
1841
1852
1866
1880
1889
1901
1914
1945
2005
2112
2257
2429
2598
2697
2731
2675
2505
2240
1982
1810
1752
1775
1841
1959
2046
2065
2077
2087
2093
2098
2102
2110
2116
2122
2125
2131
2135
2139
2143
2149
2158
2166
2178
2189
2203
2214
2222
2228
2236
2242
2247
2253
2257
2261
2265
2269
2275
2278
2282
2286
2288
2292
2296
2298
2302
2307
2311
2317
2323
2329
2335
2340
2346
2352
2356
2362
2367
2373
2379
2387
2395
2404
2416
2429
2441
2457
2470
2484
2495
2509
2520
2530
2540
2548
2555
2561
2567
2573
2578
2584
2590
2596
2600
2606
2609
2609
2608
2602
2592
2580
2567
2553
2538
2518
2495
2470
2443
2414
2387
2358
2331
2305
2280
2261
2251
2242
2234
2226
2220
2214
2211
2209
2205
2201
2195
2189
2184
2180
2174
2172
2168
2166
2164
2164
2162
2162
2162
2162
2160
2160
2156
2154
2151
2149
2147
2145
2145
2145
2145
2147
2147
2149
2151
2151
2151
2151
2153
2153
2153
2151
2151
2149
2149
2151
2151
2149
2147
2145
2143
2139
2137
2133
2129
2125
2120
2114
2110
2104
2098
2091
2085
2077
2067
2060
2050
2040
2032
2025
2017
2011
2005
2000
1994
1990
1986
1982
1978
1974
1971
1969
1965
1963
1961
1959
1959
1957
1955
1951
1945
1940
1934
1930
1924
1920
1914
1911
1909
1907
1905
1905
1905
1903
1899
1897
1893
1889
1885
1880
1876
1872
1870
1868
1866
1866
1864
1862
1860
1860
1858
1858
1854
1850
1849
1845
1843
1841
1839
1837
1835
1833
1833
1833
1835
1837
1839
1841
1843
1845
1849
1850
1852
1854
1856
1858
1862
1866
1870
1876
1880
1883
1887
1891
1895
1899
1903
1907
1911
1914
1924
1934
1943
1953
1965
1974
1984
1992
1998
2000
2002
2002
2002
2002
2000
2000
1998
1996
1994
1994
1992
1990
1988
1986
1982
1980
1974
1971
1965
1959
1953
1949
1943
1938
1934
1930
1926
1924
1922
1920
1918
1918
1916
1916
1916
1914
1912
1911
1909
1907
1905
1903
1901
1901
1901
1903
1905
1909
1914
1918
1926
1932
1941
1951
1963
1974
1988
2031
2116
2224
2346
2478
2615
2666
2699
2685
2549
2340
2122
1934
1887
1878
1868
1918
2005
2075
2100
2112
2120
2127
2135
2147
2162
2176
2191
2205
2224
2255
2309
2346
2356
2358
2360
2364
2366
2369
2371
2373
2375
2375
2377
2379
2379
2379
2377
2375
2373
2371
2369
2369
2369
2369
2369
2369
2371
2373
2377
2379
2383
2385
2387
2389
2391
2393
2395
2395
2396
2396
2398
2400
2402
2404
2406
2412
2416
2422
2427
2433
2441
2451
2462
2474
2486
2495
2501
2501
2503
2503
2505
2505
2505
2505
2505
2507
2507
2507
2501
2487
2468
2445
2412
2381
2348
2313
2276
2255
2242
2234
2226
2216
2207
2197
2189
2180
2170
2158
2147
2135
2125
2114
2104
2094
2085
2075
2069
2063
2060
2056
2052
2052
2052
2052
2052
2052
2052
2050
2048
2046
2044
2042
2040
2036
2034
2034
2034
2034
2032
2032
2031
2029
2027
2025
2021
2017
2011
2005
2000
1994
1988
1982
1978
1974
1971
1967
1963
1961
1959
1957
1955
1951
1947
1943
1940
1934
1930
1922
1914
1907
1899
1895
1891
1889
1887
1885
1883
1883
1883
1881
1880
1876
1874
1872
1872
1872
1874
1876
1878
1881
1885
1889
1893
1895
1897
1899
1899
1899
1901
1901
1901
1899
1899
1899
1897
1897
1893
1891
1887
1885
1883
1883
1881
1881
1881
1883
1885
1887
1889
1891
1893
1893
1895
1895
1897
1899
1899
1901
1905
1907
1909
1911
1914
1914
1916
1916
1914
1912
1909
1903
1895
1889
1883
1876
1870
1864
1860
1856
1852
1849
1845
1841
1835
1827
1820
1812
1804
1796
1789
1785
1783
1785
1787
1792
1798
1804
1810
1818
1823
1831
1837
1843
1849
1858
1872
1885
1899
1911
1922
1934
1945
1959
1978
1994
2003
2009
2013
2019
2023
2025
2029
2029
2027
2019
2007
1996
1986
1978
1969
1961
1951
1941
1934
1928
1926
1926
1926
1928
1932
1936
1943
1951
1957
1965
1971
1974
1980
1986
1994
2000
2007
2013
2017
2021
2025
2025
2025
2023
2021
2017
2013
2009
2005
2000
1994
1982
1974
1986
2017
2100
2218
2366
2526
2666
2733
2728
2629
2429
2193
1980
1841
1790
1787
1818
1864
1918
1934
1938
1941
1945
1947
1951
1955
1961
1965
1967
1969
1969
1969
1969
1967
1967
1967
1967
1969
1972
1974
1978
1982
1984
1988
1990
1992
1994
1994
1996
1998
2000
2003
2009
2017
2025
2032
2038
2046
2056
2065
2073
2081
2087
2093
2098
2104
2112
2118
2125
2131
2137
2143
2149
2154
2160
2164
2168
2174
2182
2189
2197
2205
2213
2220
2228
2236
2244
2251
2259
2269
2284
2298
2304
2309
2311
2313
2315
2317
2321
2323
2321
2317
2307
2298
2284
2265
2234
2207
2185
2166
2147
2127
2116
2106
2098
2091
2083
2075
2065
2056
2046
2038
2034
2029
2025
2021
2017
2013
2007
2003
2000
1996
1994
1992
1990
1988
1988
1988
1988
1988
1988
1986
1986
1984
1982
1980
1978
1976
1976
1976
1976
1974
1972
1971
1969
1967
1963
1959
1955
1951
1947
1943
1941
1940
1940
1938
1936
1936
1934
1932
1930
1928
1926
1924
1922
1920
1920
1920
1922
1922
1922
1922
1924
1924
1924
1922
1922
1922
1920
1920
1920
1920
1918
1918
1918
1918
1916
1916
1916
1916
1916
1916
1914
1914
1912
1911
1909
1907
1907
1907
1905
1905
1905
1905
1905
1907
1907
1907
1905
1905
1905
1905
1905
1905
1903
1903
1903
1903
1907
1911
1912
1914
1916
1920
1922
1924
1926
1928
1928
1928
1928
1928
1930
1932
1936
1938
1941
1947
1953
1959
1965
1971
1974
1980
1984
1988
1994
1998
2002
2007
2011
2015
2019
2019
2019
2019
2017
2015
2013
2011
2007
2005
2003
2002
1998
1990
1984
1980
1984
1994
2002
2007
2011
2013
2017
2021
2025
2029
2031
2034
2036
2040
2044
2048
2050
2054
2058
2063
2069
2077
2094
2108
2114
2118
2122
2125
2129
2131
2131
2131
2127
2120
2110
2100
2093
2085
2075
2065
2056
2048
2040
2034
2029
2025
2021
2019
2019
2017
2015
2015
2013
2013
2011
2011
2011
2011
2011
2011
2013
2013
2015
2015
2015
2013
2013
2013
2013
2011
2009
2005
2002
1998
1996
1990
1974
1967
1972
1992
2046
2141
2267
2427
2602
2762
2844
2842
2751
2544
2276
2031
1856
1802
1804
1872
1955
2031
2071
2093
2106
2114
2120
2123
2122
2120
2116
2110
2108
2106
2104
2102
2100
2096
2094
2093
2093
2091
2089
2087
2085
2085
2085
2085
2085
2085
2085
2085
2087
2087
2087
2085
2081
2079
2077
2075
2073
2073
2073
2073
2075
2081
2087
2093
2100
2106
2112
2116
2120
2123
2127
2133
2137
2141
2147
2153
2158
2162
2168
2172
2174
2176
2180
2182
2185
2191
2201
2211
2218
2226
2234
2240
2244
2249
2253
2259
2265
2267
2265
2261
2255
2245
2232
2207
2180
2151
2120
2087
2058
2036
2015
2000
1986
1974
1963
1953
1945
1940
1934
1930
1926
1924
1920
1918
1916
1914
1912
1909
1905
1901
1893
1887
1880
1874
1868
1862
1858
1854
1852
1852
1850
1850
1849
1849
1849
1847
1847
1845
1847
1866
1878
1885
1891
1897
1901
1907
1911
1914
1918
1922
1928
1934
1941
1951
1963
1976
1994
2017
2036
2054
2067
2081
2091
2096
2098
2102
2106
2108
2110
2112
2114
2116
2118
2120
2122
2123
2123
2123
2125
2125
2127
2127
2129
2129
2129
2131
2131
2131
2131
2129
2127
2125
2122
2116
2110
2106
2100
2096
2094
2093
2093
2091
2091
2089
2089
2089
2089
2089
2087
2087
2085
2085
2087
2087
2087
2087
2087
2087
2087
2087
2087
2087
2085
2083
2081
2081
2079
2077
2075
2075
2075
2073
2075
2075
2075
2073
2073
2073
2071
2069
2069
2067
2067
2065
2065
2063
2063
2063
2062
2060
2058
2056
2056
2054
2052
2050
2048
2048
2046
2046
2046
2046
2044
2042
2038
2036
2034
2034
2032
2031
2029
2027
2027
2027
2027
2027
2025
2023
2021
2017
2011
2005
2013
2027
2034
2040
2048
2054
2060
2063
2067
2071
2073
2077
2079
2083
2087
2091
2094
2098
2100
2100
2098
2093
2085
2077
2063
2042
2023
2003
1986
1971
1957
1941
1924
1911
1905
1901
1897
1893
1891
1889
1887
1887
1885
1885
1887
1887
1887
1889
1891
1893
1893
1893
1895
1895
1897
1897
1899
1901
1905
1909
1912
1914
1914
1912
1909
1903
1893
1883
1895
1936
2015
2129
2275
2433
2571
2627
2619
2524
2323
2077
1860
1715
1668
1668
1719
1787
1845
1880
1895
1901
1905
1909
1911
1912
1916
1918
1918
1918
1918
1920
1922
1924
1926
1926
1928
1928
1928
1930
1930
1930
1932
1934
1936
1940
1941
1947
1951
1957
1961
1967
1972
1976
1978
1982
1984
1986
1988
1992
1994
1994
1998
2000
2003
2007
2009
2013
2017
2023
2029
2036
2046
2054
2063
2075
2087
2102
2116
2127
2139
2151
2164
2178
2189
2203
2214
2230
2245
2261
2282
2302
2319
2331
2340
2344
2348
2352
2356
2360
2358
2348
2335
2317
2294
2271
2251
2234
2218
2203
2189
2174
2156
2137
2127
2122
2116
2112
2106
2102
2098
2094
2091
2087
2081
2075
2071
2065
2060
2052
2044
2034
2031
2025
2021
2019
2015
2011
2005
2002
2000
2000
2003
2011
2019
2029
2042
2067
2091
2116
2139
2164
2184
2201
2216
2228
2238
2245
2251
2255
2255
2253
2244
2234
2220
2205
2182
2160
2141
2131
2123
2116
2110
2104
2098
2094
2094
2094
2094
2096
2098
2100
2102
2104
2106
2108
2108
2110
2110
2110
2112
2116
2118
2122
2123
2125
2127
2129
2129
2129
2129
2129
2127
2125
2125
2123
2122
2122
2120
2116
2114
2110
2106
2102
2087
2052
2021
1982
1936
1891
1850
1804
1777
1761
1750
1742
1738
1736
1736
1734
1734
1732
1732
1730
1730
1730
1729
1727
1727
1727
1729
1729
1732
1734
1738
1744
1750
1758
1765
1773
1781
1792
1806
1820
1829
1837
1845
1856
1876
1897
1907
1912
1916
1920
1922
1924
1926
1928
1930
1932
1936
1938
1940
1941
1941
1943
1945
1947
1949
1951
1953
1955
1959
1961
1963
1965
1967
1969
1972
1974
1978
1982
1986
1990
1994
1998
2003
2007
2009
2013
2019
2025
2031
2036
2042
2046
2050
2054
2056
2058
2060
2060
2062
2063
2067
2071
2069
2058
2038
2019
1990
1957
1938
1926
1914
1905
1899
1893
1887
1885
1883
1881
1880
1878
1878
1876
1876
1876
1876
1876
1876
1876
1874
1874
1874
1872
1872
1872
1872
1874
1876
1878
1880
1881
1885
1889
1893
1897
1903
1909
1945
2025
2141
2292
2455
2598
2669
2666
2577
2389
2158
1953
1810
1758
1740
1765
1806
1860
1885
1893
1899
1905
1909
1912
1914
1918
1922
1926
1930
1932
1934
1936
1936
1936
1936
1938
1938
1938
1940
1940
1941
1943
1945
1947
1949
1953
1955
1957
1959
1961
1963
1963
1965
1967
1967
1969
1971
1972
1976
1980
1984
1990
1996
2003
2013
2023
2032
2038
2048
2054
2062
2069
2077
2085
2093
2100
2108
2118
2127
2141
2153
2164
2176
2187
2199
2211
2220
2230
2238
2244
2247
2251
2253
2257
2259
2261
2263
2263
2261
2259
2255
2249
2242
2234
2222
2207
2176
2145
2120
2098
2077
2058
2048
2040
2034
2032
2027
2025
2021
2019
2015
2013
2009
2007
2005
2005
2003
2002
2000
2000
2000
1998
1998
1998
1998
1996
1998
2000
2002
2009
2017
2027
2034
2038
2042
2046
2050
2054
2058
2062
2065
2067
2069
2071
2073
2073
2071
2071
2069
2067
2065
2063
2062
2060
2058
2056
2054
2050
2048
2046
2042
2038
2034
2034
2031
2027
2025
2021
2019
2015
2011
2007
2003
2000
1996
1994
1994
1996
2000
2005
2013
2019
2025
2029
2031
2032
2034
2034
2036
2038
2040
2042
2044
2048
2048
2050
2050
2048
2046
2046
2046
2046
2046
2046
2044
2044
2046
2046
2046
2046
2046
2044
2044
2044
2044
2044
2042
2042
2042
2042
2042
2040
2040
2040
2040
2040
2040
2040
2042
2042
2042
2044
2044
2044
2044
2044
2044
2044
2044
2044
2044
2044
2044
2046
2046
2046
2046
2048
2048
2048
2050
2050
2052
2052
2054
2054
2054
2054
2052
2052
2050
2048
2048
2046
2044
2042
2040
2038
2036
2034
2032
2029
2027
2027
2027
2027
2029
2031
2032
2034
2036
2040
2044
2046
2048
2052
2054
2058
2063
2067
2073
2079
2083
2089
2093
2096
2096
2094
2093
2091
2087
2085
2081
2075
2071
2065
2060
2052
2044
2032
2015
1998
1978
1963
1953
1945
1938
1932
1926
1922
1918
1914
1911
1907
1905
1903
1901
1901
1899
1901
1903
1905
1909
1912
1918
1922
1926
1930
1934
1938
1940
1943
1949
1955
1963
1971
1976
1984
1990
1996
2000
2007
2019
2063
2154
2280
2431
2586
2691
2726
2691
2580
2367
2135
1928
1814
1777
1806
1891
2005
2093
2120
2131
2133
2135
2137
2139
2141
2143
2143
2143
2143
2143
2143
2143
2143
2143
2145
2145
2147
2151
2153
2156
2162
2166
2170
2176
2178
2182
2184
2185
2187
2191
2193
2195
2197
2197
2199
2201
2201
2203
2203
2205
2207
2209
2211
2214
2214
2216
2218
2220
2222
2222
2224
2226
2228
2230
2234
2238
2244
2249
2257
2275
2296
2313
2333
2354
2379
2400
2420
2433
2445
2455
2460
2462
2464
2464
2466
2466
2468
2470
2470
2470
2466
2460
2451
2435
2400
2371
2354
2342
2331
2321
2309
2302
2290
2280
2269
2257
2242
2226
2213
2195
2174
2160
2153
2147
2143
2139
2135
2133
2129
2125
2120
2116
2110
2106
2102
2098
2094
2089
2081
2075
2071
2067
2063
2062
2058
2058
2056
2058
2060
2060
2060
2060
2060
2060
2060
2058
2056
2056
2054
2054
2054
2054
2052
2050
2048
2046
2044
2042
2040
2036
2034
2032
2029
2027
2025
2023
2019
2017
2015
2013
2011
2009
2007
2005
2003
2003
2003
2005
2005
2005
2005
2005
2005
2005
2003
2002
2000
1998
1996
1994
1994
1992
1990
1988
1988
1986
1984
1980
1978
1976
1974
1972
1971
1972
1976
1980
1986
1994
2000
2005
2009
2015
2023
2029
2034
2038
2042
2044
2044
2042
2040
2036
2034
2027
2019
2011
2000
1980
1963
1951
1936
1920
1895
1885
1880
1874
1868
1864
1860
1856
1854
1852
1850
1849
1849
1850
1852
1856
1858
1862
1866
1870
1874
1878
1880
1881
1883
1887
1889
1893
1895
1899
1901
1905
1907
1911
1914
1916
1918
1920
1922
1922
1924
1926
1928
1930
1930
1934
1936
1940
1943
1943
1940
1932
1924
1912
1899
1876
1850
1841
1837
1833
1829
1827
1825
1823
1823
1821
1821
1820
1820
1818
1818
1818
1818
1818
1818
1820
1820
1821
1823
1825
1825
1827
1827
1829
1829
1831
1831
1833
1835
1837
1841
1849
1854
1862
1868
1876
1885
1903
1941
2021
2137
2284
2439
2573
2642
2642
2577
2414
2205
2005
1854
1804
1787
1814
1858
1909
1949
1978
2002
2013
2021
2027
2032
2034
2038
2040
2042
2042
2042
2044
2046
2048
2052
2048
2027
2005
1986
1969
1953
1936
1920
1907
1895
1889
1885
1883
1881
1880
1878
1876
1876
1874
1874
1874
1876
1880
1883
1887
1891
1897
1903
1909
1912
1918
1922
1926
1930
1936
1940
1943
1947
1949
1953
1955
1959
1963
1965
1971
1978
1992
2007
2023
2036
2058
2087
2106
2122
2133
2141
2145
2147
2147
2147
2149
2151
2153
2153
2153
2151
2145
2133
2120
2102
2073
2052
2032
2011
1994
1976
1959
1934
1916
1907
1897
1889
1880
1872
1866
1862
1858
1856
1852
1849
1847
1845
1845
1845
1845
1845
1847
1847
1849
1852
1854
1856
1858
1860
1862
1864
1868
1872
1874
1876
1880
1883
1887
1891
1897
1901
1905
1909
1912
1918
1924
1928
1934
1940
1943
1949
1953
1959
1963
1969
1976
1988
2000
2009
2015
2021
2027
2032
2036
2042
2050
2054
2060
2067
2077
2094
2110
2118
2122
2125
2129
2131
2133
2129
2123
2118
2110
2106
2102
2098
2096
2093
2091
2089
2087
2085
2083
2079
2077
2077
2075
2073
2071
2069
2067
2063
2062
2060
2058
2054
2052
2048
2044
2042
2038
2034
2034
2031
2027
2023
2019
2017
2013
2011
2011
2009
2009
2007
2007
2007
2007
2009
2009
2009
2009
2009
2009
2011
2011
2009
2009
2007
2005
2005
2003
2003
2000
1998
1994
1990
1986
1984
1980
1974
1971
1967
1967
1971
1976
1982
1988
1990
1994
1998
2003
2007
2013
2017
2019
2023
2025
2029
2032
2034
2038
2048
2067
2085
2108
2139
2158
2168
2176
2182
2187
2191
2195
2199
2201
2203
2207
2211
2214
2216
2216
2214
2207
2197
2185
2170
2143
2123
2104
2083
2065
2058
2052
2048
2044
2042
2040
2040
2042
2046
2050
2056
2060
2065
2069
2075
2081
2087
2091
2094
2094
2093
2089
2083
2077
2071
2063
2056
2044
2034
2029
2027
2031
2034
2042
2071
2153
2273
2429
2596
2745
2824
2826
2743
2536
2280
2040
1872
1816
1818
1883
1969
2034
2054
2062
2054
2040
2031
2019
2011
2007
2005
2005
2003
2003
2002
2000
2000
1998
1998
1998
2000
2000
2000
2002
2002
2002
2002
2000
2000
1998
1996
1994
1992
1990
1990
1990
1990
1990
1990
1990
1990
1988
1988
1986
1986
1984
1984
1984
1984
1986
1990
1996
2002
2009
2017
2027
2036
2048
2060
2069
2081
2091
2102
2112
2122
2131
2141
2151
2160
2170
2185
2207
2228
2238
2245
2251
2255
2259
2261
2261
2263
2261
2257
2253
2247
2240
2234
2224
2205
2187
2168
2147
2120
2091
2065
2048
2032
2015
1998
1986
1974
1963
1955
1949
1947
1945
1943
1941
1941
1940
1940
1938
1938
1936
1936
1936
1936
1938
1940
1943
1947
1953
1959
1965
1971
1976
1980
1984
1986
1992
1996
2002
2005
2009
2011
2015
2019
2023
2025
2029
2031
2031
2032
2034
2036
2038
2040
2042
2044
2044
2046
2050
2052
2054
2058
2062
2065
2069
2073
2077
2079
2081
2083
2085
2087
2089
2091
2094
2098
2102
2104
2102
2094
2085
2075
2065
2054
2042
2034
2025
2015
2007
2000
1994
1988
1982
1976
1971
1965
1957
1949
1943
1936
1928
1920
1911
1905
1897
1891
1885
1880
1870
1860
1850
1841
1833
1825
1820
1816
1814
1810
1808
1804
1798
1794
1789
1783
1777
1771
1767
1763
1759
1756
1752
1748
1742
1738
1732
1727
1723
1717
1715
1711
1709
1707
1707
1705
1703
1701
1698
1694
1690
1684
1680
1674
1668
1663
1657
1651
1645
1641
1636
1630
1626
1620
1614
1610
1607
1603
1601
1599
1599
1597
1595
1593
1591
1589
1585
1583
1581
1579
1579
1581
1587
1593
1599
1607
1614
1620
1630
1643
1655
1661
1667
1668
1672
1676
1678
1680
1680
1680
1678
1674
1670
1668
1665
1661
1657
1657
1663
1670
1680
1688
1698
1705
1713
1723
1729
1736
1746
1759
1781
1808
1827
1841
1854
1866
1878
1889
1901
1912
1924
1934
1943
1953
1965
1980
1996
2013
2034
2058
2083
2147
2228
2338
2484
2650
2821
2956
3003
2989
2867
2654
2410
2213
2100
2087
2129
2224
2305
2379
2453
2495
2518
2528
2534
2540
2546
2553
2561
2567
2575
2582
2590
2598
2606
2613
2621
2627
2635
2640
2648
2654
2660
2668
2675
2685
2697
2704
2714
2722
2730
2739
2749
2759
2766
2774
2782
2793
2811
2832
2842
2848
2853
2859
2863
2867
2871
2873
2873
2873
2871
2869
2867
2865
2861
2859
2857
2857
2855
2853
2853
2850
2846
2842
2840
2844
2850
2859
2867
2875
2881
2886
2894
2900
2906
2908
2906
2904
2896
2888
2877
2863
2842
2803
2772
2741
2708
2677
2646
2613
2580
2551
2528
2505
2482
2472
2468
2462
2460
2457
2455
2453
2451
2449
2445
2441
2437
2433
2429
2426
2422
2420
2414
2410
2404
2398
2391
2381
2367
2352
2336
2325
2315
2305
2298
2286
2275
2261
2247
2234
2218
2205
2191
2176
2160
2147
2131
2114
2091
2069
2044
2029
2017
2007
2000
1990
1982
1972
1965
1957
1951
1947
1941
1936
1930
1926
1922
1920
1916
1912
1909
1907
1905
1903
1901
1899
1897
1897
1897
1895
1895
1893
1891
1889
1889
1889
1887
1887
1887
1889
1891
1895
1899
1905
1911
1918
1924
1932
1940
1947
1961
1972
1980
1980
1980
1980
1980
1980
1980
1980
1982
1982
1982
1980
1980
1980
1980
1980
1980
1980
1982
1982
1986
1988
1992
1996
1998
2002
2003
2007
2009
2009
2011
2011
2011
2011
2011
2013
2015
2017
2019
2023
2025
2027
2031
2032
2034
2038
2044
2052
2060
2073
2087
2100
2112
2123
2133
2139
2145
2149
2153
2154
2156
2156
2158
2160
2162
2166
2170
2174
2176
2182
2185
2191
2197
2203
2209
2216
2224
2240
2255
2269
2276
2280
2284
2286
2290
2292
2296
2300
2302
2302
2298
2292
2282
2271
2257
2245
2228
2209
2195
2182
2170
2160
2153
2147
2139
2133
2125
2118
2110
2100
2093
2083
2073
2065
2056
2046
2038
2032
2025
2019
2013
2007
2003
1998
1994
1988
1982
1976
1972
1969
1965
1965
1963
1965
1967
1971
1974
1980
1988
2000
2044
2137
2263
2414
2561
2646
2648
2573
2383
2139
1909
1730
1670
1651
1692
1765
1818
1833
1843
1849
1850
1849
1841
1837
1835
1835
1833
1831
1829
1827
1823
1823
1823
1823
1825
1825
1827
1827
1827
1825
1825
1825
1825
1825
1825
1827
1829
1831
1833
1835
1837
1837
1839
1841
1841
1841
1841
1843
1845
1849
1852
1856
1860
1864
1868
1872
1876
1880
1883
1889
1897
1905
1914
1922
1932
1941
1949
1957
1963
1967
1972
1978
1984
1990
1994
2000
2003
2007
2009
2009
2009
2009
2007
2003
2000
1994
1988
1984
1976
1971
1961
1951
1936
1916
1899
1885
1872
1854
1833
1810
1783
1761
1742
1727
1709
1694
1678
1665
1651
1638
1628
1622
1618
1614
1612
1608
1605
1601
1599
1595
1595
1593
1593
1593
1595
1601
1608
1616
1624
1634
1641
1651
1661
1674
1688
1703
1717
1729
1742
1754
1765
1775
1783
1790
1798
1804
1812
1820
1827
1835
1843
1850
1860
1870
1881
1891
1899
1905
1912
1918
1922
1926
1930
1932
1936
1938
1940
1940
1940
1938
1938
1938
1938
1938
1938
1940
1941
1943
1947
1951
1953
1957
1959
1961
1965
1967
1971
1972
1976
1978
1980
1984
1988
1992
1996
2000
2002
2005
2009
2013
2017
2021
2023
2027
2031
2032
2034
2038
2042
2048
2054
2060
2069
2081
2096
2112
2125
2137
2149
2160
2172
2184
2195
2205
2216
2228
2238
2249
2257
2263
2271
2276
2282
2286
2290
2292
2290
2284
2276
2269
2259
2249
2242
2234
2228
2220
2214
2209
2205
2201
2195
2193
2189
2185
2182
2178
2174
2172
2168
2164
2162
2158
2154
2149
2145
2139
2133
2123
2112
2100
2089
2079
2069
2062
2054
2048
2040
2034
2031
2027
2025
2023
2023
2025
2025
2027
2029
2032
2034
2038
2042
2046
2054
2063
2067
2065
2054
2038
2019
1990
1955
1938
1928
1918
1911
1903
1897
1891
1887
1883
1880
1874
1868
1864
1862
1860
1858
1854
1850
1845
1843
1839
1837
1835
1833
1829
1827
1825
1823
1821
1820
1816
1814
1814
1814
1816
1818
1821
1823
1829
1835
1841
1849
1856
1864
1922
2034
2182
2342
2487
2561
2559
2468
2276
2040
1827
1705
1661
1647
1661
1694
1744
1812
1835
1843
1850
1856
1862
1868
1874
1878
1880
1881
1881
1883
1883
1880
1878
1876
1872
1872
1870
1870
1868
1866
1862
1860
1856
1854
1850
1849
1847
1845
1845
1843
1843
1843
1837
1831
1827
1837
1858
1880
1891
1903
1911
1920
1930
1940
1949
1957
1965
1971
1976
1984
1992
2000
2009
2019
2031
2038
2048
2058
2067
2079
2093
2106
2122
2139
2156
2172
2185
2197
2207
2213
2216
2220
2222
2222
2224
2226
2230
2232
2232
2232
2228
2220
2211
2199
2185
2168
2139
2114
2093
2073
2052
2031
2003
1988
1978
1969
1963
1955
1951
1945
1941
1936
1932
1928
1924
1920
1918
1916
1914
1912
1911
1911
1911
1909
1909
1907
1905
1903
1901
1901
1901
1901
1903
1905
1909
1912
1916
1920
1922
1924
1926
1926
1928
1930
1930
1932
1932
1934
1938
1940
1941
1943
1945
1945
1943
1941
1940
1936
1932
1930
1926
1922
1920
1918
1916
1916
1914
1914
1912
1912
1912
1911
1911
1909
1909
1907
1909
1909
1912
1916
1922
1926
1934
1940
1945
1951
1955
1959
1963
1965
1965
1967
1969
1972
1974
1978
1982
1986
1988
1992
1996
1998
2002
2003
2003
2005
2007
2009
2011
2013
2015
2015
2017
2017
2019
2019
2019
2019
2019
2019
2019
2019
2019
2017
2015
2011
2009
2005
2003
2002
2000
1996
1994
1994
1992
1992
1992
1992
1992
1992
1990
1986
1984
1982
1978
1976
1974
1972
1971
1969
1969
1969
1969
1969
1967
1965
1963
1961
1959
1959
1959
1957
1957
1957
1957
1957
1957
1957
1957
1957
1957
1963
1971
1976
1982
1986
1990
1994
1998
2002
2005
2007
2011
2013
2019
2023
2029
2034
2040
2048
2058
2069
2085
2096
2106
2112
2116
2120
2123
2129
2135
2139
2141
2141
2135
2123
2112
2100
2087
2071
2054
2036
2021
2007
2000
1996
1990
1986
1982
1978
1976
1974
1972
1971
1969
1967
1965
1963
1963
1961
1959
1957
1955
1953
1953
1951
1949
1949
1947
1945
1945
1943
1941
1940
1936
1926
1916
1916
1928
1951
2021
2127
2273
2435
2592
2700
2710
2652
2460
2201
1941
1758
1707
1721
1789
1841
1856
1862
1866
1870
1874
1876
1878
1880
1880
1880
1881
1880
1880
1878
1878
1878
1880
1881
1883
1885
1887
1891
1895
1901
1907
1911
1916
1922
1934
1949
1963
1972
1980
1988
1994
1998
2003
2009
2013
2015
2017
2019
2023
2027
2032
2034
2038
2042
2048
2056
2067
2085
2104
2122
2139
2154
2170
2184
2199
2211
2222
2234
2244
2253
2265
2278
2294
2309
2325
2340
2356
2369
2381
2391
2396
2402
2410
2418
2424
2427
2429
2427
2424
2414
2402
2389
2358
2311
2288
2273
2253
2234
2218
2205
2193
2184
2174
2164
2154
2139
2123
2108
2098
2089
2081
2075
2071
2067
2065
2063
2062
2060
2058
2056
2056
2056
2054
2054
2054
2056
2058
2060
2063
2067
2073
2077
2081
2083
2085
2087
2089
2091
2091
2093
2094
2094
2096
2098
2100
2102
2104
2106
2108
2110
2110
2112
2110
2110
2106
2104
2102
2100
2096
2094
2093
2089
2087
2083
2079
2071
2062
2052
2042
2036
2032
2025
2019
2013
2007
2000
1990
1976
1965
1959
1955
1951
1949
1945
1941
1940
1936
1934
1934
1932
1932
1930
1930
1928
1928
1926
1926
1924
1922
1920
1918
1916
1916
1914
1914
1912
1912
1911
1911
1907
1903
1899
1897
1901
1909
1920
1928
1934
1940
1945
1951
1957
1963
1967
1971
1972
1972
1971
1969
1967
1965
1961
1957
1951
1947
1943
1941
1938
1936
1934
1930
1928
1926
1924
1924
1926
1928
1930
1932
1936
1940
1943
1945
1949
1951
1953
1955
1957
1955
1955
1953
1953
1951
1951
1949
1949
1949
1949
1951
1951
1951
1953
1955
1957
1959
1961
1963
1965
1967
1972
1978
1984
1988
1992
1994
1996
1996
1994
1988
1982
1976
1969
1963
1957
1949
1941
1932
1926
1924
1924
1928
1934
1940
1949
1961
1980
1998
2011
2027
2042
2065
2087
2106
2118
2125
2129
2131
2133
2133
2133
2133
2133
2133
2131
2133
2133
2135
2135
2135
2135
2137
2139
2141
2143
2149
2153
2184
2261
2366
2495
2625
2735
2770
2753
2631
2412
2154
1930
1808
1767
1789
1854
1934
2005
2034
2050
2062
2067
2063
2058
2052
2046
2042
2048
2060
2065
2067
2069
2071
2071
2075
2077
2081
2085
2087
2091
2094
2098
2102
2106
2110
2116
2125
2139
2147
2156
2162
2166
2172
2176
2180
2178
2174
2170
2164
2162
2158
2156
2153
2149
2145
2143
2143
2143
2145
2149
2153
2158
2166
2174
2182
2189
2201
2213
2222
2232
2240
2247
2259
2273
2286
2298
2302
2305
2309
2311
2313
2315
2317
2317
2317
2317
2313
2311
2305
2300
2294
2286
2278
2265
2251
2236
2218
2201
2180
2158
2137
2122
2110
2100
2089
2077
2063
2052
2040
2031
2019
2011
2009
2007
2007
2005
2005
2005
2003
2002
2002
2002
2002
2002
2002
2003
2005
2009
2015
2021
2027
2034
2038
2044
2048
2052
2056
2060
2062
2065
2069
2071
2073
2073
2075
2077
2079
2081
2079
2077
2077
2075
2075
2077
2077
2077
2077
2077
2079
2081
2081
2083
2083
2085
2085
2087
2089
2091
2094
2096
2100
2102
2104
2102
2100
2098
2096
2094
2094
2093
2093
2091
2091
2089
2089
2089
2089
2089
2089
2089
2089
2089
2087
2087
2085
2083
2081
2077
2073
2067
2063
2058
2052
2042
2034
2027
2025
2023
2021
2021
2019
2017
2013
2015
2025
2034
2036
2038
2040
2042
2046
2050
2054
2058
2060
2062
2063
2063
2065
2065
2065
2063
2063
2062
2062
2062
2062
2062
2063
2063
2063
2063
2063
2063
2063
2062
2060
2058
2056
2054
2052
2052
2050
2050
2050
2050
2050
2050
2048
2048
2044
2040
2040
2046
2060
2075
2087
2098
2112
2123
2131
2137
2143
2147
2153
2158
2162
2166
2164
2158
2151
2141
2131
2122
2106
2093
2079
2065
2054
2046
2038
2032
2025
2019
2015
2011
2009
2007
2003
2002
2000
1998
1996
1994
1990
1986
1984
1984
1990
1996
2002
2005
2007
2009
2011
2013
2017
2021
2023
2025
2027
2029
2031
2031
2032
2032
2034
2052
2131
2251
2410
2582
2733
2815
2815
2728
2518
2238
1969
1771
1707
1709
1790
1895
1982
2009
2013
2013
2015
2015
2017
2017
2019
2021