1809
1850
1878
1900
1921
1921
1880
1845
1812
1774
1731
1696
1663
1640
1640
1655
1675
1693
1708
1723
1739
1756
1769
1779
1787
1794
1802
1809
1812
1817
1820
1825
1825
1822
1817
1807
1799
1792
1782
1774
1764
1754
1741
1726
1708
1691
1678
1665
1648
1622
1584
1541
1501
1468
1440
1415
1395
1380
1365
1352
1339
1327
1311
1289
1253
1215
1180
1152
1122
1086
1064
1049
1036
1023
1011
0998
0988
0978
0965
0947
0925
0902
0879
0861
0849
0839
0829
0819
0808
0803
0796
0791
0783
0776
0765
0758
0748
0740
0730
0720
0712
0705
0695
0687
0677
0672
0664
0662
0657
0649
0639
0629
0626
0631
0642
0657
0669
0677
0682
0687
0695
0700
0707
0715
0722
0728
0728
0728
0725
0720
0717
0712
0705
0695
0685
0674
0664
0647
0604
0558
0510
0462
0417
0358
0285
0240
0214
0189
0161
0133
0111
0093
0075
0060
0050
0040
0032
0025
0020
0015
0012
0007
0005
0002
0000
0002
0005
0010
0017
0030
0042
0060
0098
0144
0207
0288
0427
0601
0798
0988
1145
1243
1279
1279
1243
1150
0993
0821
0649
0487
0396
0364
0351
0364
0396
0432
0477
0518
0568
0634
0707
0768
0808
0834
0864
0899
0922
0940
0955
0973
0993
1016
1038
1071
1114
1147
1167
1193
1223
1261
1296
1327
1359
1395
1448
1529
1589
1627
1658
1686
1708
1731
1751
1771
1792
1817
1855
1895
1948
2014
2085
2158
2216
2252
2282
2315
2345
2378
2406
2429
2451
2474
2505
2537
2568
2596
2616
2616
2596
2568
2537
2505
2467
2429
2403
2381
2360
2345
2338
2335
2333
2330
2325
2317
2310
2312
2333
2360
2376
2388
2398
2408
2419
2431
2441
2449
2454
2462
2467
2477
2484
2489
2497
2510
2520
2532
2540
2542
2537
2530
2517
2505
2489
2469
2436
2408
2388
2368
2348
2338
2350
2383
2414
2449
2487
2525
2553
2578
2598
2613
2626
2639
2649
2659
2671
2681
2687
2676
2656
2631
2608
2578
2548
2515
2494
2479
2467
2454
2439
2424
2406
2391
2373
2345
2305
2267
2234
2201
2166
2151
2163
2194
2242
2312
2368
2408
2451
2505
2578
2623
2651
2669
2671
2661
2636
2601
2542
2449
2360
2275
2234
2214
2196
2181
2168
2161
2156
2153
2153
2151
2151
2151
2153
2156
2158
2156
2153
2153
2171
2194
2209
2224
2237
2254
2272
2287
2300
2315
2348
2424
2578
2760
2942
3063
3101
3063
2960
2772
2540
2280
1979
1650
1357
1190
1127
1124
1167
1228
1311
1367
1402
1435
1468
1493
1516
1539
1559
1579
1600
1630
1673
1716
1754
1787
1820
1852
1913
1966
1989
2002
1996
1956
1916
1870
1820
1749
1658
1617
1600
1582
1567
1554
1547
1541
1539
1539
1541
1544
1549
1559
1569
1577
1587
1595
1600
1605
1610
1617
1625
1638
1650
1660
1665
1670
1670
1665
1663
1655
1648
1640
1632
1622
1615
1605
1587
1569
1549
1524
1498
1471
1443
1413
1387
1362
1339
1316
1294
1274
1261
1256
1253
1251
1248
1246
1243
1241
1238
1236
1238
1243
1253
1261
1274
1286
1306
1337
1372
1413
1433
1448
1458
1471
1481
1491
1501
1511
1521
1531
1547
1559
1577
1597
1617
1632
1643
1653
1660
1663
1665
1668
1670
1673
1678
1680
1686
1691
1696
1701
1701
1701
1698
1693
1686
1680
1673
1665
1655
1645
1632
1622
1612
1592
1541
1516
1504
1498
1493
1488
1486
1486
1481
1478
1476
1473
1471
1468
1463
1458
1450
1440
1428
1395
1324
1248
1170
1081
0993
0955
0940
0925
0912
0899
0889
0882
0877
0872
0869
0867
0864
0864
0867
0872
0877
0882
0887
0894
0902
0910
0917
0925
0932
0942
0963
0985
1008
1021
1031
1038
1051
1066
1092
1119
1152
1258
1392
1562
1754
1961
2158
2292
2338
2290
2141
1847
1524
1225
1013
0927
0899
0940
1008
1079
1112
1129
1140
1150
1165
1188
1210
1236
1256
1276
1299
1319
1337
1347
1357
1367
1380
1397
1423
1438
1445
1456
1468
1461
1418
1375
1329
1322
1319
1322
1319
1316
1314
1314
1314
1311
1311
1316
1322
1332
1342
1357
1375
1397
1443
1491
1529
1557
1582
1607
1627
1640
1653
1663
1673
1683
1693
1698
1701
1701
1701
1701
1698
1693
1686
1675
1663
1650
1638
1615
1562
1519
1483
1453
1423
1392
1375
1359
1347
1337
1332
1327
1324
1319
1314
1311
1309
1311
1314
1316
1316
1319
1322
1324
1329
1334
1339
1347
1354
1370
1385
1402
1428
1456
1486
1524
1559
1592
1617
1632
1648
1658
1668
1675
1683
1691
1696
1703
1708
1716
1723
1731
1739
1744
1754
1766
1782
1792
1802
1807
1812
1814
1820
1822
1825
1827
1827
1827
1822
1817
1814
1809
1807
1802
1797
1792
1792
1802
1822
1850
1873
1885
1898
1908
1918
1926
1933
1938
1943
1948
1953
1956
1961
1966
1969
1971
1971
1974
1974
1976
1981
1984
1991
1999
2007
2017
2039
2062
2082
2103
2120
2130
2138
2146
2153
2158
2161
2166
2168
2171
2171
2168
2166
2166
2163
2161
2156
2151
2146
2141
2133
2128
2120
2105
2108
2146
2201
2277
2403
2570
2770
2980
3164
3227
3200
3104
2863
2560
2232
1921
1713
1645
1688
1761
1837
1868
1883
1895
1903
1913
1926
1936
1948
1959
1966
1971
1974
1979
1981
1986
1991
1999
2009
2017
2022
2027
2027
2024
2019
2014
2009
2002
1994
1986
1976
1969
1959
1951
1938
1905
1878
1865
1855
1850
1845
1842
1835
1830
1825
1822
1822
1825
1825
1827
1827
1827
1830
1832
1832
1832
1830
1827
1827
1825
1825
1822
1820
1817
1814
1812
1809
1804
1799
1792
1784
1766
1721
1675
1635
1602
1574
1549
1531
1516
1501
1483
1466
1443
1420
1395
1370
1344
1319
1286
1246
1198
1172
1155
1140
1129
1124
1124
1127
1129
1132
1132
1134
1134
1134
1134
1134
1134
1137
1140
1142
1145
1145
1145
1142
1142
1142
1142
1142
1140
1140
1142
1152
1165
1175
1183
1188
1193
1198
1203
1205
1208
1210
1213
1218
1223
1228
1233
1238
1243
1248
1253
1258
1263
1268
1274
1281
1289
1299
1309
1316
1324
1332
1337
1342
1342
1339
1337
1332
1327
1324
1316
1309
1299
1289
1281
1266
1236
1208
1185
1170
1157
1147
1140
1134
1127
1124
1124
1129
1137
1147
1157
1167
1180
1195
1225
1243
1248
1251
1251
1251
1253
1256
1258
1261
1261
1266
1274
1281
1291
1304
1319
1344
1372
1397
1425
1450
1478
1511
1605
1729
1900
2110
2350
2583
2732
2740
2623
2295
1888
1514
1301
1233
1276
1349
1423
1466
1483
1498
1519
1539
1567
1622
1698
1741
1771
1784
1771
1746
1726
1711
1696
1688
1688
1691
1696
1701
1703
1706
1711
1711
1713
1718
1721
1723
1723
1723
1723
1723
1723
1726
1729
1731
1734
1739
1746
1756
1769
1779
1809
1865
1898
1918
1943
1971
2022
2065
2077
2085
2095
2100
2103
2100
2087
2072
2060
2047
2037
2027
2014
2002
1989
1981
1974
1966
1956
1941
1926
1911
1893
1880
1860
1817
1761
1736
1721
1708
1693
1678
1658
1627
1592
1572
1559
1549
1539
1524
1511
1504
1496
1491
1486
1481
1478
1478
1478
1478
1481
1486
1491
1498
1506
1516
1524
1531
1539
1549
1559
1564
1562
1552
1536
1514
1476
1407
1375
1357
1339
1329
1324
1324
1329
1334
1344
1352
1359
1367
1377
1390
1397
1405
1413
1423
1435
1456
1486
1514
1529
1539
1547
1554
1557
1557
1547
1534
1519
1498
1468
1425
1407
1402
1400
1397
1395
1392
1390
1387
1387
1385
1385
1385
1385
1385
1385
1385
1387
1390
1392
1395
1400
1402
1405
1407
1407
1407
1410
1413
1415
1420
1423
1425
1430
1438
1445
1456
1466
1476
1486
1493
1504
1514
1524
1534
1536
1539
1536
1534
1529
1524
1516
1506
1498
1504
1521
1564
1658
1820
2037
2282
2527
2742
2871
2871
2745
2439
2055
1686
1450
1397
1402
1433
1445
1456
1466
1471
1483
1526
1607
1650
1678
1693
1703
1711
1721
1729
1744
1769
1814
1850
1868
1883
1900
1918
1931
1941
1948
1956
1964
1971
1981
1991
1999
2009
2019
2032
2047
2062
2082
2103
2120
2141
2158
2176
2189
2201
2214
2247
2282
2295
2302
2307
2310
2310
2305
2292
2277
2262
2247
2229
2209
2194
2184
2176
2168
2161
2151
2141
2125
2110
2087
2057
2017
1994
1971
1946
1911
1865
1809
1769
1744
1721
1701
1643
1569
1526
1498
1481
1461
1440
1405
1380
1375
1372
1370
1370
1372
1382
1395
1405
1415
1425
1438
1445
1450
1448
1440
1430
1420
1415
1407
1400
1392
1387
1385
1392
1400
1413
1423
1433
1445
1463
1478
1491
1504
1514
1524
1536
1547
1549
1547
1536
1521
1504
1491
1473
1456
1443
1433
1423
1405
1367
1339
1324
1314
1306
1306
1311
1319
1334
1349
1382
1430
1448
1456
1466
1471
1476
1478
1481
1483
1483
1483
1478
1473
1466
1461
1453
1445
1433
1420
1410
1400
1390
1382
1377
1370
1362
1359
1362
1370
1382
1395
1415
1445
1456
1458
1463
1466
1466
1453
1445
1438
1430
1430
1433
1440
1456
1476
1516
1539
1549
1562
1574
1587
1605
1632
1675
1711
1741
1782
1857
1974
2128
2330
2573
2836
3088
3248
3255
3147
2851
2479
2118
1817
1617
1547
1524
1544
1607
1675
1713
1729
1736
1741
1746
1751
1759
1766
1771
1777
1782
1789
1802
1812
1817
1820
1812
1804
1794
1782
1766
1756
1761
1774
1782
1787
1794
1799
1802
1799
1797
1797
1792
1789
1782
1771
1804
1832
1850
1865
1883
1898
1911
1916
1921
1928
1933
1938
1943
1946
1951
1953
1956
1959
1961
1961
1959
1959
1956
1953
1951
1948
1943
1941
1936
1931
1928
1923
1908
1868
1835
1809
1787
1764
1741
1711
1668
1617
1579
1559
1544
1521
1504
1493
1486
1478
1468
1461
1456
1450
1448
1445
1443
1440
1435
1435
1433
1433
1430
1428
1423
1418
1413
1413
1410
1410
1410
1413
1418
1425
1433
1443
1450
1458
1466
1473
1486
1496
1506
1516
1521
1526
1534
1541
1547
1552
1554
1557
1557
1559
1562
1564
1569
1572
1574
1579
1584
1587
1592
1595
1600
1602
1605
1610
1612
1617
1620
1625
1630
1635
1640
1648
1653
1658
1660
1660
1660
1658
1658
1655
1653
1648
1645
1640
1638
1632
1630
1625
1617
1615
1617
1622
1630
1638
1643
1648
1650
1655
1658
1663
1668
1675
1678
1683
1688
1691
1693
1696
1698
1703
1706
1711
1713
1718
1726
1731
1734
1736
1739
1741
1744
1749
1754
1764
1771
1797
1845
1913
2019
2173
2368
2598
2826
2975
2990
2906
2636
2252
1842
1498
1271
1162
1152
1215
1344
1463
1572
1630
1655
1665
1675
1680
1686
1691
1696
1701
1703
1703
1706
1703
1706
1706
1708
1713
1716
1718
1721
1723
1729
1736
1744
1751
1754
1761
1766
1771
1771
1769
1756
1744
1729
1716
1698
1680
1673
1678
1688
1703
1713
1726
1739
1754
1766
1784
1799
1814
1832
1850
1865
1878
1885
1893
1900
1908
1916
1921
1926
1928
1928
1926
1926
1921
1913
1903
1890
1878
1857
1820
1784
1739
1691
1653
1605
1559
1531
1516
1509
1504
1501
1498
1496
1493
1488
1483
1476
1468
1463
1453
1443
1440
1443
1445
1450
1453
1458
1466
1468
1471
1468
1468
1466
1463
1456
1445
1466
1476
1483
1488
1493
1496
1498
1504
1511
1519
1526
1531
1539
1541
1549
1557
1567
1577
1582
1582
1582
1582
1582
1584
1582
1582
1577
1577
1577
1577
1579
1582
1587
1592
1592
1587
1579
1574
1572
1582
1602
1622
1650
1668
1678
1686
1691
1696
1698
1698
1691
1678
1660
1630
1592
1577
1569
1562
1557
1554
1557
1562
1572
1579
1584
1589
1595
1600
1605
1607
1610
1612
1612
1612
1612
1612
1610
1607
1607
1605
1602
1600
1597
1592
1582
1582
1600
1612
1617
1622
1627
1635
1640
1643
1648
1653
1655
1663
1693
1779
1905
2070
2275
2499
2704
2818
2821
2717
2451
2082
1683
1339
1112
1033
1097
1236
1380
1463
1491
1473
1420
1357
1334
1327
1337
1359
1385
1415
1435
1450
1463
1481
1504
1519
1526
1536
1544
1549
1554
1559
1567
1569
1574
1579
1584
1592
1605
1622
1638
1650
1655
1663
1668
1673
1675
1678
1680
1683
1688
1693
1701
1706
1711
1718
1726
1736
1749
1769
1784
1797
1809
1822
1832
1842
1847
1850
1852
1855
1860
1862
1868
1870
1875
1880
1880
1870
1850
1792
1721
1650
1610
1572
1541
1521
1496
1456
1425
1410
1402
1392
1382
1372
1365
1359
1352
1344
1337
1332
1329
1329
1334
1337
1339
1339
1344
1352
1349
1347
1344
1342
1339
1337
1337
1344
1352
1359
1370
1377
1390
1402
1415
1428
1438
1448
1456
1463
1473
1481
1483
1486
1483
1481
1476
1468
1463
1453
1438
1428
1440
1461
1478
1501
1519
1534
1549
1564
1574
1564
1547
1531
1511
1504
1509
1521
1536
1554
1577
1605
1638
1668
1688
1711
1739
1774
1807
1830
1852
1873
1895
1916
1931
1948
1946
1926
1913
1905
1898
1893
1888
1883
1880
1875
1873
1868
1860
1842
1817
1809
1804
1802
1799
1799
1797
1797
1794
1794
1792
1789
1789
1787
1787
1784
1784
1782
1782
1782
1779
1777
1777
1774
1769
1759
1777
1837
1913
2014
2163
2358
2585
2813
2972
2990
2914
2628
2229
1794
1428
1208
1175
1190
1296
1402
1493
1559
1587
1612
1622
1630
1638
1643
1648
1650
1650
1650
1648
1645
1640
1632
1625
1617
1607
1595
1577
1562
1562
1569
1582
1592
1605
1617
1630
1640
1650
1658
1663
1670
1680
1691
1698
1706
1711
1718
1729
1736
1741
1749
1754
1764
1774
1789
1804
1822
1842
1852
1862
1875
1885
1893
1893
1890
1888
1880
1873
1865
1855
1842
1825
1809
1794
1779
1764
1746
1731
1716
1686
1645
1612
1567
1526
1501
1478
1458
1443
1433
1423
1413
1402
1387
1372
1362
1354
1347
1342
1337
1332
1329
1324
1319
1316
1311
1306
1304
1299
1296
1294
1294
1291
1289
1286
1281
1266
1253
1246
1241
1233
1223
1223
1248
1258
1263
1271
1276
1279
1281
1284
1286
1289
1289
1291
1296
1299
1299
1301
1301
1306
1309
1311
1314
1319
1324
1332
1342
1362
1415
1438
1445
1453
1461
1466
1473
1478
1486
1491
1498
1504
1511
1519
1529
1547
1564
1582
1600
1612
1620
1630
1643
1653
1663
1673
1678
1686
1693
1698
1701
1703
1706
1708
1713
1718
1723
1729
1731
1736
1739
1741
1741
1744
1744
1746
1746
1749
1751
1756
1759
1761
1766
1771
1777
1782
1787
1789
1792
1792
1797
1802
1809
1820
1845
1893
1969
2082
2234
2419
2628
2861
3076
3222
3233
3136
2815
2383
1951
1620
1440
1380
1402
1443
1491
1541
1592
1620
1635
1645
1655
1663
1673
1683
1693
1698
1703
1711
1716
1723
1726
1726
1729
1729
1731
1729
1729
1723
1721
1716
1711
1706
1703
1698
1696
1693
1691
1688
1686
1686
1683
1683
1686
1688
1691
1696
1703
1711
1718
1731
1744
1771
1835
1873
1890
1908
1926
1938
1953
1974
1996
2019
2042
2067
2098
2113
2123
2130
2138
2141
2141
2130
2115
2095
2070
2032
2004
1971
1921
1860
1799
1746
1708
1688
1670
1653
1625
1600
1574
1554
1536
1521
1501
1473
1445
1418
1418
1445
1466
1481
1493
1506
1516
1524
1531
1539
1547
1554
1559
1564
1567
1569
1569
1572
1577
1579
1584
1587
1589
1592
1600
1605
1612
1617
1627
1650
1650
1625
1610
1595
1582
1574
1569
1567
1559
1549
1549
1569
1577
1582
1584
1589
1592
1595
1597
1600
1602
1605
1607
1607
1607
1607
1607
1610
1612
1612
1612
1615
1615
1617
1617
1617
1615
1612
1610
1607
1605
1602
1600
1597
1597
1595
1592
1589
1587
1584
1582
1577
1574
1569
1564
1562
1557
1554
1552
1552
1552
1554
1557
1562
1569
1574
1582
1587
1595
1602
1610
1615
1620
1630
1643
1655
1665
1670
1668
1665
1660
1653
1645
1638
1617
1617
1635
1691
1784
1918
2108
2348
2618
2861
2957
2934
2730
2340
1883
1506
1339
1286
1314
1339
1352
1365
1380
1400
1428
1488
1531
1539
1547
1552
1552
1544
1534
1526
1526
1536
1541
1547
1547
1547
1549
1549
1554
1559
1567
1574
1582
1589
1595
1602
1610
1617
1625
1630
1632
1635
1640
1645
1650
1653
1660
1670
1686
1703
1723
1746
1769
1784
1797
1825
1870
1900
1916
1928
1946
1964
1981
1996
2012
2029
2037
2037
2029
2014
1996
1974
1941
1918
1898
1873
1842
1802
1759
1736
1723
1713
1701
1688
1673
1658
1640
1622
1610
1595
1564
1524
1498
1483
1468
1448
1428
1407
1385
1365
1349
1324
1281
1253
1241
1231
1223
1220
1223
1228
1238
1251
1274
1304
1311
1316
1324
1329
1332
1329
1324
1322
1314
1309
1309
1319
1339
1362
1375
1385
1395
1407
1420
1433
1440
1450
1458
1466
1476
1481
1486
1491
1498
1504
1514
1521
1526
1531
1536
1541
1549
1554
1557
1562
1564
1569
1577
1587
1597
1607
1617
1630
1648
1665
1683
1698
1708
1716
1721
1726
1731
1736
1736
1736
1734
1731
1729
1723
1721
1716
1713
1708
1703
1701
1698
1698
1701
1706
1711
1716
1721
1729
1739
1749
1756
1759
1764
1766
1769
1774
1777
1777
1774
1764
1751
1741
1731
1718
1706
1696
1693
1698
1708
1726
1782
1878
2014
2189
2398
2631
2851
2972
2972
2853
2573
2214
1837
1524
1327
1261
1263
1347
1481
1600
1638
1650
1655
1660
1668
1673
1680
1688
1701
1713
1736
1761
1771
1777
1782
1787
1792
1794
1797
1799
1799
1797
1794
1789
1784
1782
1777
1766
1761
1769
1784
1797
1807
1817
1830
1845
1857
1865
1870
1878
1883
1885
1888
1888
1890
1895
1898
1903
1905
1905
1908
1911
1913
1916
1918
1921
1923
1931
1943
1959
1971
1979
1994
2012
1981
1943
1911
1893
1870
1840
1789
1713
1670
1635
1615
1589
1557
1509
1445
1397
1365
1334
1304
1276
1258
1248
1241
1233
1228
1228
1231
1233
1238
1238
1241
1246
1248
1248
1241
1231
1220
1215
1213
1210
1205
1203
1200
1198
1198
1198
1198
1195
1193
1190
1190
1188
1188
1185
1185
1183
1183
1183
1180
1177
1175
1170
1165
1152
1140
1140
1157
1180
1198
1215
1231
1246
1256
1263
1271
1276
1284
1289
1294
1299
1301
1306
1314
1324
1334
1347
1357
1370
1387
1407
1428
1443
1456
1466
1481
1496
1514
1529
1539
1547
1554
1559
1569
1577
1582
1582
1574
1567
1559
1554
1552
1547
1536
1529
1521
1521
1529
1541
1554
1564
1574
1587
1600
1615
1622
1632
1638
1643
1648
1655
1660
1665
1668
1670
1673
1680
1686
1693
1701
1711
1721
1736
1771
1845
1966
2143
2383
2654
2894
3043
3056
2960
2641
2214
1799
1473
1354
1316
1357
1478
1574
1620
1660
1718
1756
1777
1789
1799
1809
1817
1822
1827
1832
1837
1840
1842
1842
1842
1840
1837
1837
1837
1837
1837
1837
1837
1840
1842
1845
1847
1850
1852
1855
1857
1862
1868
1870
1875
1880
1885
1893
1898
1905
1911
1918
1926
1933
1941
1946
1951
1956
1961
1969
1979
1994
2019
2044
2067
2098
2130
2151
2166
2176
2184
2189
2189
2181
2166
2146
2108
2052
2009
1976
1946
1908
1873
1855
1842
1840
1847
1852
1857
1860
1862
1857
1847
1830
1802
1744
1693
1663
1640
1622
1610
1579
1534
1509
1496
1488
1481
1476
1476
1478
1488
1496
1506
1519
1529
1544
1559
1569
1569
1554
1534
1516
1506
1496
1486
1473
1461
1453
1445
1445
1443
1443
1440
1440
1443
1445
1450
1456
1461
1463
1473
1478
1473
1461
1453
1445
1438
1433
1430
1428
1423
1418
1407
1402
1415
1440
1461
1481
1496
1509
1519
1526
1534
1541
1547
1552
1552
1554
1554
1554
1552
1549
1547
1539
1531
1526
1524
1521
1519
1516
1514
1511
1509
1506
1504
1501
1496
1491
1488
1486
1483
1478
1476
1471
1463
1458
1453
1448
1440
1435
1428
1425
1420
1420
1420
1423
1425
1428
1433
1440
1450
1461
1481
1529
1584
1640
1744
1885
2082
2335
2596
2770
2788
2694
2403
2002
1564
1203
1061
1016
1076
1129
1160
1185
1205
1223
1248
1299
1352
1370
1380
1387
1392
1395
1397
1400
1405
1413
1420
1430
1435
1440
1445
1453
1463
1473
1486
1498
1511
1524
1536
1549
1564
1577
1592
1610
1627
1653
1675
1693
1708
1734
1787
1835
1865
1885
1900
1908
1916
1921
1923
1928
1936
1948
1964
1976
1991
2004
2024
2044
2057
2062
2065
2067
2070
2075
2077
2082
2082
2080
2070
2055
2037
2002
1933
1868
1822
1794
1761
1708
1645
1589
1554
1534
1521
1504
1486
1471
1458
1445
1433
1423
1415
1410
1405
1400
1397
1395
1392
1390
1387
1387
1390
1392
1397
1402
1410
1420
1430
1440
1448
1456
1463
1468
1473
1481
1491
1498
1506
1509
1511
1516
1519
1521
1524
1524
1526
1526
1534
1541
1549
1554
1557
1552
1541
1529
1511
1496
1478
1456
1435
1418
1410
1405
1402
1400
1397
1395
1395
1392
1392
1395
1402
1413
1428
1440
1448
1458
1468
1476
1483
1491
1498
1504
1511
1514
1516
1516
1514
1514
1514
1511
1511
1511
1511
1514
1516
1521
1526
1529
1531
1536
1539
1541
1541
1541
1541
1541
1544
1547
1547
1549
1552
1549
1549
1549
1549
1549
1552
1554
1554
1557
1557
1557
1559
1564
1569
1577
1584
1627
1734
1878
2055
2267
2507
2740
2866
2863
2727
2414
2012
1632
1377
1304
1279
1324
1370
1400
1425
1443
1461
1496
1554
1597
1617
1640
1663
1680
1693
1706
1716
1723
1734
1741
1749
1754
1759
1761
1764
1766
1769
1771
1774
1774
1774
1774
1777
1777
1779
1779
1782
1784
1787
1789
1794
1799
1804
1807
1809
1812
1817
1822
1827
1832
1840
1850
1862
1875
1890
1903
1913
1921
1926
1936
1948
1959
1964
1964
1959
1951
1946
1941
1936
1931
1926
1918
1911
1903
1895
1885
1873
1850
1817
1787
1751
1703
1665
1643
1620
1600
1587
1577
1569
1564
1557
1547
1534
1524
1511
1501
1488
1476
1463
1453
1445
1438
1430
1423
1415
1410
1405
1407
1418
1428
1440
1450
1466
1478
1486
1483
1478
1473
1466
1461
1453
1450
1450
1453
1458
1468
1478
1491
1504
1524
1547
1562
1577
1589
1602
1615
1620
1620
1615
1602
1592
1582
1567
1557
1552
1554
1564
1579
1607
1650
1693
1723
1741
1761
1784
1802
1812
1820
1827
1830
1830
1825
1814
1802
1782
1759
1749
1744
1739
1734
1729
1723
1723
1723
1726
1726
1726
1726
1729
1731
1734
1734
1731
1731
1731
1734
1734
1736
1736
1734
1734
1734
1736
1736
1736
1734
1734
1734
1736
1736
1736
1736
1736
1739
1741
1746
1751
1759
1779
1830
1923
2057
2244
2462
2689
2896
2972
2954
2775
2449
2082
1777
1557
1423
1377
1365
1359
1357
1354
1349
1342
1332
1319
1304
1284
1253
1200
1172
1157
1150
1142
1134
1127
1114
1104
1097
1089
1081
1071
1061
1051
1046
1041
1036
1023
1011
1043
1076
1097
1117
1134
1155
1190
1241
1284
1316
1344
1372
1400
1435
1473
1506
1534
1559
1584
1612
1630
1648
1665
1688
1713
1736
1764
1784
1799
1812
1822
1830
1837
1845
1850
1850
1847
1840
1832
1822
1814
1802
1787
1769
1749
1716
1660
1602
1544
1506
1481
1461
1443
1433
1425
1418
1410
1405
1405
1405
1413
1420
1428
1433
1440
1445
1453
1461
1468
1473
1478
1486
1496
1506
1514
1521
1529
1534
1541
1547
1552
1557
1559
1564
1567
1574
1579
1582
1582
1584
1584
1584
1584
1587
1589
1589
1592
1597
1602
1605
1602
1592
1577
1562
1541
1529
1524
1516
1506
1504
1509
1514
1516
1521
1529
1536
1547
1557
1567
1582
1597
1612
1622
1632
1643
1653
1665
1680
1696
1708
1716
1726
1736
1744
1751
1754
1754
1751
1751
1749
1749
1746
1739
1734
1741
1759
1771
1784
1794
1799
1794
1787
1782
1777
1771
1764
1759
1754
1754
1756
1761
1769
1774
1784
1792
1804
1820
1835
1850
1865
1878
1890
1903
1916
1923
1933
1948
2012
2100
2226
2391
2578
2772
2967
3136
3202
3185
3015
2689
2297
1921
1635
1521
1486
1519
1617
1701
1746
1784
1812
1852
1916
1953
1961
1966
1971
1971
1974
1974
1974
1971
1969
1966
1964
1959
1951
1943
1936
1928
1923
1921
1916
1913
1911
1908
1905
1903
1900
1895
1890
1888
1885
1893
1908
1923
1936
1948
1961
1974
1986
1994
2004
2017
2032
2050
2067
2085
2110
2138
2143
2133
2130
2130
2128
2125
2123
2120
2120
2115
2110
2103
2098
2090
2082
2075
2057
2017
1986
1948
1893
1832
1774
1734
1698
1658
1617
1577
1557
1544
1536
1526
1511
1488
1463
1425
1377
1347
1316
1284
1238
1170
1124
1102
1119
1157
1170
1180
1188
1195
1203
1213
1220
1228
1238
1253
1271
1301
1352
1380
1400
1415
1425
1435
1443
1448
1450
1456
1463
1468
1476
1478
1478
1478
1476
1473
1473
1471
1466
1461
1458
1456
1456
1463
1473
1483
1493
1498
1506
1514
1521
1529
1536
1539
1544
1549
1554
1559
1564
1567
1569
1572
1572
1574
1577
1577
1579
1579
1582
1584
1587
1589
1592
1595
1592
1592
1589
1584
1582
1574
1569
1564
1562
1559
1557
1552
1549
1544
1539
1536
1531
1529
1526
1526
1531
1536
1544
1557
1567
1577
1589
1602
1617
1627
1632
1627
1617
1602
1584
1554
1516
1511
1506
1501
1526
1610
1726
1905
2143
2429
2717
2927
2957
2899
2613
2209
1774
1435
1327
1291
1334
1372
1397
1423
1445
1471
1488
1504
1516
1526
1541
1554
1567
1579
1592
1605
1615
1620
1625
1627
1630
1630
1632
1638
1645
1653
1658
1663
1665
1665
1668
1670
1673
1673
1673
1670
1670
1670
1673
1675
1680
1683
1686
1693
1703
1716
1726
1736
1746
1759
1774
1799
1837
1873
1908
1941
1969
1984
1996
2004
2012
2014
2017
2017
2014
2007
1999
1986
1974
1959
1938
1913
1890
1868
1835
1794
1744
1691
1640
1615
1597
1584
1577
1567
1554
1541
1526
1509
1483
1448
1415
1385
1367
1357
1344
1337
1329
1327
1324
1327
1332
1339
1344
1352
1357
1365
1367
1370
1375
1377
1380
1385
1390
1397
1402
1407
1410
1415
1420
1425
1430
1435
1440
1445
1453
1463
1471
1478
1486
1491
1498
1504
1509
1514
1516
1519
1521
1521
1524
1526
1529
1531
1531
1534
1536
1539
1539
1541
1541
1544
1547
1552
1557
1559
1564
1569
1577
1582
1589
1600
1610
1620
1630
1640
1648
1648
1643
1638
1630
1620
1612
1600
1587
1567
1547
1534
1521
1511
1506
1498
1493
1491
1486
1486
1483
1481
1478
1478
1478
1478
1481
1483
1483
1483
1483
1483
1483
1483
1486
1486
1488
1491
1496
1501
1504
1511
1516
1526
1536
1544
1554
1622
1731
1885
2085
2317
2558
2732
2793
2724
2512
2098
1638
1261
1074
1054
1134
1261
1327
1354
1367
1377
1387
1402
1418
1433
1453
1483
1531
1579
1600
1607
1615
1620
1625
1630
1635
1640
1648
1655
1663
1670
1680
1686
1691
1693
1698
1703
1711
1718
1726
1734
1741
1749
1759
1766
1774
1777
1782
1787
1797
1809
1842
1903
1926
1933
1943
1956
1964
1969
1971
1971
1971
1971
1971
1971
1969
1964
1959
1953
1948
1946
1941
1933
1923
1911
1898
1880
1862
1842
1817
1789
1764
1734
1683
1617
1577
1554
1534
1519
1501
1468
1430
1410
1395
1390
1392
1395
1395
1397
1400
1402
1402
1400
1387
1375
1362
1354
1344
1332
1324
1314
1306
1301
1296
1294
1294
1296
1299
1304
1309
1316
1324
1334
1342
1352
1359
1375
1392
1407
1420
1428
1435
1440
1445
1453
1463
1471
1476
1478
1483
1488
1493
1504
1511
1519
1526
1534
1547
1559
1567
1567
1564
1562
1559
1557
1549
1539
1582
1617
1645
1663
1675
1680
1686
1688
1691
1696
1701
1703
1698
1688
1673
1663
1653
1645
1638
1630
1625
1620
1620
1622
1627
1632
1640
1645
1650
1658
1665
1675
1680
1680
1675
1670
1663
1653
1648
1638
1630
1620
1615
1612
1615
1617
1625
1635
1645
1655
1663
1673
1683
1693
1701
1708
1718
1729
1744
1779
1840
1938
2065
2226
2431
2659
2843
2866
2813
2537
2151
1751
1423
1251
1231
1299
1382
1410
1433
1453
1491
1554
1592
1607
1617
1625
1635
1645
1655
1665
1675
1683
1691
1698
1703
1708
1711
1716
1721
1723
1729
1736
1739
1744
1746
1751
1754
1761
1766
1771
1777
1787
1797
1807
1814
1825
1832
1840
1847
1860
1873
1888
1905
1928
1948
1966
1986
2004
2019
2037
2057
2085
2108
2128
2138
2148
2158
2166
2168
2171
2168
2163
2156
2143
2130
2115
2090
2062
2034
1989
1926
1880
1850
1827
1809
1794
1779
1766
1754
1744
1734
1723
1708
1688
1663
1643
1622
1607
1595
1587
1582
1579
1577
1577
1577
1574
1574
1574
1574
1574
1574
1572
1569
1567
1564
1564
1564
1562
1562
1559
1559
1562
1562
1564
1562
1559
1554
1549
1547
1544
1539
1531
1526
1521
1516
1514
1509
1498
1488
1481
1473
1468
1466
1461
1456
1448
1443
1440
1438
1435
1435
1433
1433
1435
1438
1443
1445
1448
1450
1456
1458
1461
1466
1473
1478
1488
1496
1504
1509
1511
1514
1519
1521
1524
1526
1526
1531
1534
1536
1541
1541
1536
1531
1524
1516
1511
1504
1496
1488
1481
1473
1466
1461
1456
1450
1440
1430
1423
1420
1423
1430
1438
1445
1453
1463
1476
1481
1478
1471
1458
1443
1423
1397
1377
1359
1352
1354
1375
1428
1519
1650
1827
2032
2237
2416
2525
2535
2472
2257
1953
1622
1332
1122
1038
1013
1049
1107
1170
1225
1281
1314
1332
1349
1365
1385
1428
1461
1471
1478
1481
1483
1481
1476
1468
1463
1456
1461
1478
1488
1493
1498
1504
1509
1511
1514
1516
1519
1524
1526
1526
1526
1526
1526
1529
1534
1536
1539
1541
1547
1552
1559
1567
1579
1602
1645
1688
1718
1741
1769
1814
1875
1908
1918
1923
1926
1928
1931
1931
1928
1926
1918
1911
1900
1890
1870
1850
1827
1789
1736
1678
1627
1597
1574
1554
1534
1501
1448
1402
1375
1357
1342
1324
1306
1291
1274
1261
1276
1294
1309
1314
1309
1291
1279
1263
1251
1243
1238
1228
1215
1218
1236
1243
1246
1248
1251
1253
1253
1256
1256
1258
1258
1258
1258
1258
1258
1258
1261
1261
1263
1266
1268
1271
1274
1279
1281
1284
1289
1291
1296
1304
1311
1324
1334
1344
1349
1354
1357
1357
1359
1359
1362
1365
1367
1367
1370
1367
1367
1365
1362
1357
1352
1342
1377
1410
1428
1445
1458
1468
1478
1493
1516
1541
1557
1564
1572
1577
1582
1582
1579
1574
1564
1554
1541
1521
1511
1526
1549
1562
1572
1579
1584
1592
1597
1602
1607
1610
1615
1617
1620
1622
1627
1643
1650
1643
1625
1615
1605
1592
1587
1587
1597
1607
1617
1625
1632
1643
1653
1663
1673
1688
1744
1842
1991
2194
2446
2707
2917
3013
3003
2851
2550
2186
1832
1557
1418
1367
1365
1392
1435
1481
1544
1615
1686
1718
1731
1739
1744
1749
1749
1749
1749
1749
1749
1751
1754
1754
1749
1741
1731
1716
1703
1729
1769
1804
1822
1832
1837
1840
1837
1835
1832
1827
1825
1837
1865
1895
1931
1951
1961
1969
1976
1984
1994
2002
2012
2022
2034
2047
2060
2075
2087
2098
2110
2125
2138
2151
2158
2166
2171
2176
2181
2184
2184
2181
2173
2163
2148
2120
2080
2050
2012
1966
1916
1865
1804
1756
1726
1698
1675
1648
1620
1612
1607
1602
1600
1597
1595
1592
1589
1584
1577
1572
1567
1564
1564
1559
1552
1544
1541
1544
1549
1557
1567
1569
1574
1579
1589
1597
1605
1605
1602
1597
1595
1595
1592
1589
1587
1582
1579
1577
1582
1592
1607
1617
1627
1635
1643
1648
1655
1660
1665
1668
1673
1678
1683
1688
1693
1698
1701
1706
1708
1711
1713
1716
1716
1716
1716
1718
1721
1723
1726
1731
1736
1741
1746
1751
1754
1756
1759
1764
1766
1769
1771
1771
1774
1777
1779
1784
1789
1794
1797
1799
1802
1807
1807
1807
1804
1802
1802
1802
1802
1802
1802
1802
1799
1799
1802
1804
1804
1802
1799
1799
1799
1799
1797
1797
1799
1799
1802
1804
1809
1809
1809
1809
1812
1814
1814
1817
1820
1822
1822
1827
1837
1847
1862
1913
2055
2275
2575
2891
3144
3235
3131
2853
2451
2012
1650
1430
1370
1377
1471
1567
1622
1645
1653
1660
1665
1670
1673
1675
1678
1680
1680
1683
1683
1686
1688
1691
1693
1696
1698
1701
1701
1701
1701
1703
1706
1708
1713
1723
1736
1741
1736
1726
1716
1711
1706
1701
1693
1688
1686
1683
1680
1683
1686
1688
1693
1701
1708
1718
1726
1734
1741
1751
1759
1766
1774
1782
1787
1792
1799
1807
1812
1820
1827
1840
1850
1857
1852
1842
1825
1797
1739
1688
1660
1635
1617
1584
1534
1493
1466
1443
1423
1402
1380
1370
1367
1365
1362
1359
1357
1365
1375
1385
1392
1397
1402
1407
1410
1415
1418
1413
1405
1397
1387
1377
1367
1359
1347
1332
1322
1316
1319
1332
1347
1362
1372
1387
1402
1420
1433
1443
1453
1461
1468
1473
1478
1483
1488
1488
1488
1491
1493
1496
1498
1501
1504
1504
1506
1506
1509
1509
1511
1511
1514
1516
1516
1519
1524
1529
1536
1557
1592
1610
1620
1620
1610
1602
1595
1589
1584
1582
1584
1587
1592
1595
1602
1610
1625
1625
1607
1595
1589
1582
1579
1579
1579
1579
1574
1569
1564
1559
1557
1552
1549
1541
1536
1529
1521
1514
1493
1473
1463
1453
1445
1438
1430
1433
1445
1458
1466
1473
1481
1483
1486
1488
1491
1493
1498
1504
1506
1509
1509
1509
1514
1519
1521
1526
1559
1650
1771
1931
2146
2396
2621
2740
2737
2601
2310
1946
1587
1306
1205
1170
1195
1220
1233
1248
1266
1289
1316
1347
1365
1372
1380
1387
1392
1395
1395
1395
1395
1392
1392
1390
1390
1387
1385
1385
1385
1390
1397
1410
1420
1435
1458
1476
1483
1488
1491
1493
1493
1496
1501
1506
1511
1519
1526
1534
1539
1547
1554
1562
1569
1574
1584
1597
1617
1658
1706
1751
1782
1799
1812
1825
1832
1840
1847
1855
1857
1857
1850
1840
1825
1802
1771
1736
1703
1678
1653
1627
1602
1569
1544
1519
1493
1466
1448
1438
1430
1423
1415
1407
1397
1387
1375
1367
1359
1349
1342
1334
1327
1322
1319
1316
1316
1319
1324
1329
1337
1342
1349
1357
1365
1375
1382
1392
1400
1402
1402
1402
1402
1397
1395
1385
1375
1407
1428
1440
1448
1453
1458
1463
1471
1478
1483
1488
1493
1498
1509
1526
1541
1557
1582
1605
1617
1625
1605
1589
1582
1574
1567
1562
1559
1562
1564
1569
1574
1579
1584
1589
1595
1600
1605
1607
1610
1615
1617
1622
1627
1632
1632
1627
1620
1612
1597
1569
1531
1516
1506
1498
1493
1491
1488
1488
1486
1483
1478
1476
1473
1476
1481
1488
1496
1504
1516
1521
1511
1491
1471
1448
1433
1423
1415
1407
1402
1400
1402
1410
1420
1430
1448
1463
1481
1498
1516
1524
1521
1509
1501
1488
1488
1514
1587
1701
1875
2098
2345
2578
2760
2823
2805
2636
2315
1918
1557
1299
1220
1195
1228
1268
1304
1332
1367
1415
1468
1521
1579
1625
1643
1650
1655
1658
1660
1663
1665
1670
1675
1680
1683
1686
1691
1693
1696
1703
1708
1713
1723
1734
1744
1754
1761
1769
1777
1787
1797
1814
1827
1837
1845
1852
1860
1870
1880
1890
1905
1921
1941
1961
1981
1999
2017
2032
2042
2052
2072
2110
2153
2199
2247
2290
2320
2343
2371
2398
2424
2451
2469
2484
2494
2499
2497
2484
2469
2441
2391
2338
2277
2206
2153
2123
2103
2077
2044
1994
1926
1890
1868
1855
1850
1850
1857
1870
1888
1918
1971
2017
2077
2120
2141
2156
2168
2176
2176
2171
2163
2151
2135
2105
2057
2024
1999
1948
1921
1903
1888
1875
1865
1855
1850
1847
1845
1840
1832
1822
1809
1797
1787
1779
1771
1761
1749
1736
1723
1711
1696
1680
1663
1643
1620
1605
1584
1562
1541
1526
1514
1506
1498
1496
1488
1483
1478
1478
1478
1483
1486
1491
1493
1496
1498
1506
1516
1521
1524
1519
1514
1509
1504
1498
1493
1486
1478
1473
1471
1468
1468
1463
1461
1461
1461
1461
1461
1458
1456
1450
1450
1450
1450
1453
1453
1456
1463
1445
1410
1397
1387
1380
1372
1370
1367
1370
1372
1372
1375
1380
1382
1387
1392
1397
1402
1407
1410
1415
1425
1435
1450
1509
1627
1799
2007
2244
2502
2752
2932
2952
2871
2590
2214
1822
1493
1311
1251
1284
1314
1332
1347
1359
1370
1382
1410
1458
1496
1521
1531
1521
1496
1461
1410
1385
1370
1359
1352
1347
1347
1349
1352
1352
1352
1352
1354
1357
1359
1365
1367
1370
1377
1387
1397
1407
1415
1420
1430
1440
1450
1461
1471
1478
1486
1496
1506
1519
1531
1541
1559
1577
1597
1615
1632
1658
1696
1731
1761
1787
1812
1835
1850
1862
1873
1883
1888
1888
1885
1878
1870
1857
1832
1774
1721
1691
1665
1640
1617
1584
1544
1506
1486
1473
1463
1453
1448
1448
1456
1466
1478
1491
1504
1511
1521
1531
1541
1549
1554
1559
1567
1572
1574
1574
1569
1564
1557
1549
1541
1531
1519
1504
1486
1461
1413
1402
1397
1395
1392
1392
1392
1395
1395
1395
1395
1397
1400
1400
1402
1405
1405
1405
1407
1407
1407
1407
1405
1405
1405
1405
1405
1405
1405
1405
1405
1405
1405
1407
1407
1407
1410
1413
1415
1418
1420
1423
1425
1428
1430
1435
1440
1448
1453
1458
1463
1468
1471
1473
1476
1473
1468
1463
1461
1456
1450
1448
1443
1438
1430
1428
1425
1423
1415
1405
1395
1385
1377
1375
1372
1370
1367
1365
1365
1367
1367
1367
1367
1365
1362
1359
1362
1362
1362
1359
1357
1357
1359
1362
1365
1362
1359
1359
1357
1365
1375
1390
1407
1440
1511
1658
1870
2141
2426
2669
2745
2717
2507
2158
1751
1385
1092
0925
0867
0867
0922
1003
1094
1175
1261
1311
1334
1352
1365
1377
1390
1402
1410
1415
1420
1428
1438
1445
1448
1445
1445
1440
1438
1435
1430
1423
1453
1486
1511
1539
1569
1617
1683
1736
1769
1802
1832
1862
1893
1918
1941
1981
2034
2090
2148
2181
2196
2211
2232
2252
2277
2310
2355
2396
2436
2477
2522
2545
2560
2573
2583
2590
2593
2593
2590
2583
2570
2555
2535
2494
2419
2360
2317
2282
2206
2105
1989
1938
1908
1883
1850
1802
1754
1734
1721
1713
1706
1696
1686
1673
1655
1635
1617
1605
1587
1574
1564
1552
1539
1526
1519
1514
1506
1498
1488
1483
1483
1493
1506
1521
1539
1564
1564
1539
1516
1493
1473
1453
1430
1405
1392
1385
1380
1375
1372
1367
1367
1367
1367
1370
1372
1377
1385
1392
1405
1415
1428
1453
1466
1468
1473
1476
1481
1483
1483
1471
1453
1435
1420
1407
1395
1382
1372
1370
1375
1382
1395
1405
1418
1433
1448
1456
1456
1450
1448
1443
1440
1438
1438
1438
1443
1450
1458
1466
1473
1481
1491
1501
1511
1516
1521
1526
1529
1534
1536
1536
1536
1536
1539
1544
1547
1544
1534
1519
1501
1471
1435
1438
1438
1435
1435
1433
1433
1435
1438
1440
1445
1453
1466
1481
1509
1544
1630
1746
1905
2105
2340
2565
2719
2732
2654
2371
1986
1605
1309
1162
1107
1102
1124
1157
1203
1246
1296
1347
1392
1418
1430
1440
1458
1473
1496
1539
1587
1607
1617
1625
1617
1592
1567
1536
1516
1504
1491
1483
1483
1496
1514
1531
1552
1574
1595
1617
1650
1693
1726
1749
1766
1779
1792
1802
1812
1825
1837
1852
1873
1905
1956
1999
2029
2052
2072
2090
2113
2138
2153
2166
2173
2184
2191
2196
2196
2194
2189
2184
2178
2171
2163
2156
2146
2135
2123
2108
2085
2042
1979
1918
1868
1825
1774
1718
1648
1612
1600
1587
1577
1572
1567
1562
1557
1552
1547
1541
1539
1536
1534
1534
1531
1529
1526
1521
1514
1511
1511
1519
1534
1554
1574
1605
1632
1658
1703
1764
1820
1875
1928
1979
2060
2166
2300
2449
2596
2755
2934
3131
3331
3513
3672
3822
3955
4059
4095
4067
3986
3756
3425
3023
2575
2120
1739
1466
1289
1188
1157
1137
1129
1127
1127
1127
1127
1127
1124
1124
1124
1124
1127
1132
1134
1137
1140
1140
1142
1145
1147
1150
1155
1155
1155
1155
1157
1160
1160
1162
1162
1160
1157
1155
1150
1140
1129
1119
1104
1076
1046
1026
1011
0998
0990
0990
1003
1021
1043
1059
1076
1097
1114
1132
1147
1167
1203
1268
1322
1362
1402
1456
1511
1539
1559
1569
1572
1569
1564
1562
1559
1557
1552
1549
1549
1549
1552
1557
1564
1574
1589
1567
1547
1529
1519
1516
1526
1536
1544
1552
1557
1559
1562
1567
1572
1582
1587
1592
1597
1600
1605
1610
1617
1630
1640
1643
1632
1617
1600
1589
1577
1564
1552
1544
1544
1552
1562
1572
1577
1582
1587
1592
1600
1605
1607
1610
1612
1615
1615
1617
1617
1615
1612
1607
1605
1605
1605
1605
1605
1602
1597
1592
1589
1589
1589
1592
1595
1597
1600
1605
1612
1617
1617
1620
1620
1617
1617
1617
1612
1607
1602
1597
1592
1589
1587
1579
1572
1567
1564
1567
1574
1582
1587
1589
1592
1597
1602
1605
1607
1607
1610
1612
1612
1612
1610
1607
1602
1600
1600
1600
1597
1595
1592
1589
1592
1592
1592
1595
1597
1600
1605
1610
1615
1617
1620
1620
1625
1627
1630
1635
1635
1638
1638
1638
1638
1638
1638
1638
1635
1632
1632
1632
1630
1630
1627
1625
1627
1632
1643
1653
1660
1668
1675
1683
1691
1698
1701
1703
1706
1706
1706
1706
1708
1708
1713
1716
1718
1721
1723
1723
1721
1721
1718
1716
1711
1708
1708
1711
1718
1726
1736
1746
1754
1736
1708
1693
1678
1665
1653
1643
1635
1630
1625
1622
1620
1620
1617
1617
1617
1615
1612
1612
1610
1610
1612
1617
1617
1622
1630
1635
1640
1645
1650
1658
1663
1668
1670
1675
1686
1729
1840
2002
2206
2434
2644
2778
2790
2719
2467
2118
1764
1483
1347
1301
1274
1253
1231
1203
1200
1231
1316
1433
1536
1572
1582
1584
1584
1584
1587
1589
1592
1595
1595
1595
1595
1597
1597
1597
1600
1602
1605
1607
1612
1617
1622
1630
1640
1658
1675
1691
1703
1713
1721
1726
1729
1734
1739
1746
1754
1764
1774
1787
1797
1809
1827
1845
1865
1883
1900
1921
1943
1971
1996
2017
2032
2039
2047
2057
2062
2070
2075
2077
2075
2075
2070
2065
2057
2047
2032
2004
1946
1908
1888
1865
1840
1812
1761
1688
1643
1615
1600
1597
1595
1595
1595
1592
1589
1589
1589
1589
1592
1595
1597
1600
1605
1612
1617
1617
1610
1592
1577
1564
1557
1549
1541
1536
1529
1521
1519
1521
1524
1526
1531
1534
1536
1541
1549
1557
1564
1569
1574
1582
1587
1595
1597
1597
1592
1584
1574
1564
1554
1544
1534
1526
1519
1514
1509
1506
1504
1501
1498
1498
1498
1501
1501
1504
1504
1506
1509
1511
1516
1519
1519
1521
1524
1526
1526
1526
1519
1506
1493
1481
1471
1463
1456
1448
1440
1433
1428
1423
1418
1413
1407
1402
1397
1392
1390
1387
1385
1382
1377
1370
1365
1359
1357
1357
1354
1352
1349
1349
1349
1352
1354
1357
1359
1359
1362
1365
1367
1372
1377
1385
1397
1410
1438
1496
1610
1731
1875
2042
2221
2345
2388
2338
2178
1862
1498
1185
1036
0980
0980
1028
1099
1185
1241
1279
1299
1311
1322
1327
1334
1339
1344
1349
1357
1367
1375
1387
1397
1410
1423
1445
1468
1483
1493
1501
1509
1514
1521
1526
1529
1534
1539
1547
1552
1562
1569
1582
1595
1617
1653
1680
1698
1718
1739
1764
1797
1835
1875
1903
1921
1933
1948
1976
2004
2022
2034
2047
2060
2070
2080
2087
2093
2100
2108
2113
2123
2130
2141
2163
2176
2166
2141
2100
2037
1984
1943
1898
1860
1832
1809
1797
1787
1771
1754
1744
1739
1734
1731
1726
1726
1726
1731
1736
1744
1754
1766
1764
1741
1723
1708
1698
1701
1708
1718
1726
1734
1739
1746
1746
1744
1741
1734
1729
1721
1703
1706
1734
1754
1771
1787
1794
1797
1794
1794
1794
1797
1799
1802
1807
1814
1825
1835
1842
1847
1852
1857
1862
1865
1870
1873
1873
1870
1868
1862
1860
1855
1850
1842
1837
1832
1825
1817
1809
1804
1802
1802
1804
1812
1817
1825
1832
1847
1857
1860
1850
1837
1827
1820
1812
1804
1797
1787
1779
1769
1756
1734
1691
1668
1653
1645
1643
1648
1660
1673
1680
1691
1703
1713
1718
1713
1701
1683
1665
1648
1620
1607
1607
1605
1605
1605
1605
1600
1589
1579
1567
1569
1589
1640
1761
1923
2098
2277
2446
2563
2603
2550
2388
2072
1691
1349
1107
1041
1016
1018
1036
1051
1061
1074
1086
1104
1134
1183
1220
1243
1258
1266
1271
1274
1276
1279
1284
1289
1294
1299
1304
1314
1327
1337
1349
1357
1362
1367
1372
1380
1385
1392
1397
1402
1410
1415
1420
1425
1425
1425
1425
1428
1430
1435
1443
1461
1504
1529
1544
1554
1569
1582
1595
1602
1610
1617
1622
1627
1630
1630
1627
1620
1615
1605
1595
1584
1572
1559
1544
1529
1514
1493
1453
1395
1347
1304
1263
1215
1165
1109
1046
0995
0970
0960
0950
0942
0940
0940
0940
0942
0942
0945
0945
0947
0950
0955
0958
0955
0947
0935
0922
0912
0902
0889
0879
0879
0884
0894
0910
0935
0983
1018
1036
1051
1064
1074
1081
1092
1099
1109
1119
1134
1152
1167
1183
1200
1215
1233
1246
1256
1266
1274
1284
1291
1296
1304
1309
1316
1324
1329
1337
1344
1352
1362
1372
1382
1395
1402
1413
1423
1433
1445
1461
1473
1481
1486
1491
1496
1501
1506
1509
1514
1519
1524
1529
1529
1529
1529
1526
1526
1524
1524
1526
1529
1531
1534
1539
1541
1541
1539
1539
1534
1529
1524
1514
1514
1531
1547
1557
1569
1579
1589
1602
1612
1627
1648
1663
1668
1670
1673
1675
1678
1683
1691
1696
1706
1744
1837
1966
2135
2335
2522
2616
2618
2527
2320
2065
1799
1572
1453
1443
1504
1615
1665
1683
1665
1643
1627
1670
1749
1792
1812
1799
1759
1734
1723
1731
1751
1782
1830
1885
1921
1928
1928
1931
1931
1933
1933
1936
1938
1941
1943
1946
1948
1951
1953
1959
1964
1969
1974
1979
1989
1999
2014
2027
2037
2050
2062
2080
2103
2125
2151
2171
2191
2206
2219
2229
2234
2239
2244
2249
2254
2259
2262
2267
2272
2280
2287
2295
2292
2280
2257
2224
2176
2128
2077
2034
2002
1966
1941
1921
1900
1883
1870
1862
1860
1855
1850
1842
1837
1832
1830
1827
1825
1822
1820
1817
1817
1817
1817
1814
1809
1804
1799
1797
1794
1789
1784
1777
1769
1761
1751
1736
1703
1678
1660
1648
1640
1630
1617
1605
1587
1574
1562
1552
1541
1536
1531
1526
1521
1519
1514
1511
1511
1509
1504
1498
1493
1488
1486
1483
1481
1478
1478
1478
1481
1483
1488
1491
1493
1496
1498
1501
1504
1509
1511
1514
1519
1524
1526
1534
1539
1541
1544
1544
1544
1541
1539
1536
1534
1529
1524
1521
1516
1514
1506
1498
1488
1483
1481
1483
1488
1496
1504
1516
1524
1506
1476
1463
1456
1448
1440
1433
1425
1418
1413
1410
1407
1407
1407
1410
1413
1420
1425
1433
1438
1445
1458
1476
1511
1564
1645
1774
1941
2146
2368
2583
2747
2772
2730
2482
2090
1620
1210
1013
0995
1092
1241
1352
1395
1418
1433
1445
1468
1498
1524
1552
1572
1572
1554
1534
1521
1511
1504
1496
1488
1483
1478
1476
1473
1473
1473
1476
1481
1488
1496
1504
1514
1526
1552
1602
1620
1627
1632
1638
1643
1648
1653
1660
1665
1670
1675
1683
1693
1718
1777
1812
1832
1847
1865
1878
1895
1926
1979
2007
2017
2027
2034
2039
2042
2044
2044
2042
2039
2034
2027
2014
2002
1974
1918
1862
1809
1761
1706
1665
1643
1625
1615
1607
1592
1574
1547
1521
1498
1488
1486
1486
1483
1481
1478
1476
1468
1453
1433
1410
1382
1357
1337
1329
1327
1324
1319
1311
1306
1301
1296
1296
1294
1294
1294
1294
1294
1296
1299
1299
1299
1299
1299
1301
1301
1304
1309
1311
1314
1319
1322
1327
1329
1332
1332
1334
1337
1339
1342
1347
1352
1357
1359
1359
1359
1357
1352
1347
1339
1332
1314
1304
1314
1332
1342
1352
1357
1365
1370
1377
1387
1395
1405
1415
1425
1440
1471
1491
1506
1519
1531
1536
1521
1496
1483
1473
1461
1450
1440
1438
1438
1443
1450
1458
1466
1473
1483
1496
1509
1524
1541
1557
1564
1572
1579
1582
1584
1584
1584
1587
1592
1600
1607
1610
1612
1615
1617
1620
1625
1632
1643
1658
1736
1878
2044
2229
2424
2593
2684
2687
2603
2393
2103
1804
1582
1420
1327
1294
1314
1375
1461
1519
1552
1567
1577
1584
1592
1597
1607
1617
1625
1635
1643
1653
1665
1683
1701
1711
1721
1726
1731
1736
1741
1744
1749
1751
1754
1756
1761
1766
1771
1779
1784
1792
1799
1814
1832
1850
1868
1883
1900
1916
1933
1951
1966
1979
1989
1999
2009
2022
2034
2047
2060
2075
2093
2115
2135
2153
2166
2173
2184
2191
2199
2204
2206
2201
2191
2178
2163
2141
2103
2075
2034
1984
1943
1913
1885
1860
1835
1799
1761
1729
1703
1675
1638
1615
1597
1587
1597
1617
1638
1655
1673
1688
1701
1711
1718
1726
1731
1736
1739
1739
1739
1736
1731
1723
1713
1701
1686
1655
1600
1574
1567
1559
1552
1547
1539
1531
1524
1519
1516
1516
1516
1516
1516
1519
1521
1526
1531
1536
1541
1541
1544
1549
1554
1562
1567
1577
1587
1600
1612
1620
1632
1640
1650
1660
1678
1691
1701
1706
1708
1711
1713
1716
1718
1721
1721
1721
1721
1721
1721
1721
1721
1721
1718
1718
1716
1716
1716
1713
1716
1716
1721
1723
1726
1734
1744
1744
1729
1716
1706
1698
1693
1691
1693
1698
1708
1713
1721
1726
1734
1741
1746
1751
1754
1759
1761
1766
1769
1771
1774
1779
1787
1797
1809
1830
1860
1903
1971
2052
2171
2325
2492
2651
2783
2858
2858
2778
2542
2196
1812
1496
1357
1311
1349
1461
1562
1625
1635
1645
1650
1653
1655
1658
1660
1663
1665
1668
1673
1675
1678
1680
1683
1686
1688
1688
1691
1693
1693
1696
1696
1698
1701
1706
1711
1713
1716
1718
1723
1729
1734
1736
1739
1741
1744
1749
1754
1759
1764
1774
1789
1812
1832
1850
1868
1885
1905
1923
1941
1956
1964
1971
1976
1984
1989
1991
1994
1994
1994
1991
1989
1986
1981
1971
1961
1943
1895
1840
1782
1721
1663
1610
1559
1519
1486
1458
1425
1377
1327
1291
1266
1243
1218
1183
1167
1160
1155
1150
1145
1140
1137
1134
1134
1134
1132
1129
1124
1124
1124
1124
1124
1122
1119
1117
1114
1112
1109
1107
1099
1089
1084
1081
1086
1097
1109
1122
1132
1145
1157
1170
1180
1190
1195
1200
1205
1210
1215
1220
1225
1228
1233
1238
1243
1251
1256
1261
1266
1271
1279
1286
1296
1311
1324
1337
1344
1354
1365
1380
1407
1438
1473
1504
1511
1516
1521
1524
1516
1504
1496
1491
1483
1481
1478
1476
1473
1471
1468
1466
1468
1473
1478
1486
1491
1496
1501
1506
1514
1519
1524
1529
1531
1534
1534
1536
1539
1539
1539
1536
1536
1539
1541
1544
1544
1544
1544
1547
1549
1552
1559
1567
1574
1615
1696
1787
1898
2039
2226
2451
2692
2853
2909
2861
2707
2388
2007
1632
1347
1251
1258
1402
1544
1600
1617
1622
1627
1632
1640
1645
1653
1660
1670
1680
1698
1729
1764
1779
1787
1794
1802
1809
1812
1817
1820
1822
1827
1830
1832
1835
1837
1840
1842
1842
1845
1847
1852
1860
1875
1898
1928
1956
1979
1999
2017
2034
2052
2062
2075
2085
2098
2108
2118
2133
2156
2184
2204
2219
2229
2237
2242
2244
2247
2252
2257
2259
2259
2249
2237
2221
2204
2178
2158
2138
2110
2057
1991
1933
1893
1862
1830
1789
1736
1683
1643
1630
1625
1622
1620
1620
1620
1620
1620
1617
1615
1612
1610
1605
1600
1592
1587
1582
1577
1572
1567
1554
1536
1526
1526
1531
1541
1549
1559
1572
1579
1577
1564
1547
1536
1526
1521
1516
1516
1514
1511
1511
1516
1521
1531
1539
1547
1552
1559
1569
1579
1587
1592
1592
1592
1592
1589
1587
1577
1564
1584
1597
1602
1607
1612
1617
1617
1620
1622
1625
1625
1625
1622
1620
1617
1612
1610
1605
1602
1600
1595
1592
1589
1587
1587
1584
1582
1579
1577
1572
1569
1569
1569
1572
1572
1574
1574
1577
1579
1582
1582
1584
1584
1587
1595
1597
1597
1595
1592
1589
1589
1589
1589
1589
1589
1589
1589
1592
1597
1605
1612
1617
1650
1721
1837
2004
2214
2444
2649
2747
2740
2603
2297
1905
1519
1233
1137
1142
1190
1215
1238
1253
1309
1385
1433
1450
1456
1461
1466
1468
1471
1471
1473
1473
1473
1473
1476
1478
1481
1483
1486
1488
1491
1496
1498
1501
1504
1506
1511
1516
1521
1531
1539
1549
1557
1564
1572
1579
1587
1595
1602
1612
1625
1638
1650
1658
1668
1678
1688
1701
1716
1736
1764
1797
1837
1895
1931
1936
1941
1946
1946
1946
1938
1926
1913
1900
1885
1870
1857
1850
1837
1797
1718
1668
1627
1597
1572
1552
1529
1501
1478
1461
1445
1430
1415
1395
1375
1359
1347
1339
1334
1329
1324
1319
1314
1306
1299
1291
1286
1281
1279
1276
1274
1274
1276
1281
1291
1299
1309
1314
1322
1332
1339
1347
1352
1354
1352
1349
1347
1344
1344
1337
1327
1357
1413
1438
1443
1445
1448
1448
1440
1430
1418
1405
1387
1377
1387
1407
1423
1438
1450
1463
1473
1483
1493
1506
1516
1526
1534
1539
1541
1547
1552
1554
1557
1557
1557
1554
1552
1549
1549
1547
1544
1541
1541
1544
1549
1559
1569
1587
1612
1620
1625
1630
1632
1632
1622
1615
1605
1597
1587
1584
1589
1600
1615
