0635
0629
0621
0615
0609
0603
0597
0591
0587
0582
0578
0576
0574
0574
0574
0574
0574
0574
0572
0572
0572
0572
0574
0574
0574
0574
0576
0576
0578
0578
0580
0580
0580
0580
0582
0582
0585
0585
0587
0587
0589
0589
0591
0591
0593
0593
0595
0595
0595
0597
0597
0599
0599
0601
0601
0603
0603
0605
0607
0607
0609
0609
0611
0611
0613
0613
0615
0617
0617
0619
0619
0621
0621
0623
0623
0625
0627
0627
0629
0631
0633
0633
0635
0637
0639
0641
0643
0645
0647
0649
0651
0653
0653
0655
0657
0659
0659
0659
0659
0659
0659
0657
0657
0657
0655
0653
0651
0649
0647
0645
0643
0639
0637
0635
0633
0631
0629
0629
0629
0629
0631
0631
0633
0633
0635
0637
0637
0639
0641
0643
0645
0647
0649
0651
0653
0655
0657
0659
0661
0661
0661
0663
0663
0665
0665
0665
0665
0665
0667
0667
0667
0667
0665
0665
0665
0663
0663
0661
0661
0663
0665
0667
0669
0671
0673
0675
0679
0681
0683
0621
0623
0625
0625
0629
0631
0633
0635
0637
0639
0641
0639
0637
0637
0635
0635
0633
0631
0631
0629
0627
0627
0625
0623
0623
0621
0619
0617
0615
0613
0611
0609
0609
0607
0605
0603
0603
0601
0601
0599
0597
0597
0595
0593
0591
0591
0589
0589
0587
0587
0587
0587
0587
0587
0587
0585
0585
0585
0587
0587
0587
0587
0587
0587
0589
0589
0591
0593
0597
0599
0603
0607
0611
0615
0621
0627
0633
0641
0647
0659
0687
0711
0731
0747
0757
0765
0771
0780
0784
0788
0790
0790
0790
0788
0784
0777
0769
0759
0747
0735
0719
0691
0663
0639
0625
0617
0611
0605
0601
0597
0593
0589
0585
0582
0578
0576
0572
0570
0566
0560
0522
0438
0335
0229
0134
0104
0126
0186
0381
0693
1121
1638
2159
2595
2886
3009
3009
2892
2621
2245
1793
1316
0882
0558
0400
0343
0321
0331
0359
0402
0468
0540
0605
0631
0643
0653
0661
0665
0671
0675
0679
0683
0689
0695
0701
0705
0709
0715
0721
0727
0733
0737
0743
0749
0755
0761
0765
0771
0775
0782
0786
0790
0794
0798
0802
0806
0810
0814
0820
0824
0830
0836
0842
0848
0854
0860
0866
0872
0878
0886
0892
0900
0910
0920
0930
0940
0948
0958
0966
0975
0987
0999
1013
1027
1041
1055
1069
1087
1103
1121
1137
1155
1174
1194
1212
1230
1252
1274
1298
1322
1338
1350
1362
1373
1377
1377
1373
1365
1352
1336
1304
1254
1208
1157
1101
1043
0983
0926
0870
0816
0765
0715
0673
0641
0601
0572
0552
0536
0526
0520
0514
0512
0508
0506
0504
0502
0500
0498
0498
0498
0498
0498
0500
0500
0502
0504
0504
0506
0508
0510
0514
0516
0518
0520
0522
0526
0528
0530
0534
0536
0538
0542
0544
0546
0548
0552
0552
0554
0556
0556
0558
0558
0558
0560
0560
0560
0560
0560
0560
0560
0560
0560
0558
0556
0554
0552
0550
0548
0546
0544
0542
0542
0540
0538
0536
0534
0532
0530
0530
0530
0528
0528
0528
0528
0528
0530
0530
0532
0532
0534
0536
0536
0538
0538
0538
0538
0538
0538
0536
0536
0534
0532
0530
0528
0526
0524
0522
0520
0518
0516
0514
0514
0514
0512
0514
0514
0514
0516
0516
0518
0518
0520
0522
0524
0526
0528
0530
0532
0534
0536
0538
0540
0540
0542
0544
0544
0544
0546
0546
0546
0546
0548
0548
0548
0548
0548
0548
0548
0550
0550
0550
0550
0550
0552
0552
0552
0552
0554
0554
0556
0556
0558
0560
0562
0564
0566
0568
0568
0570
0572
0572
0574
0576
0576
0578
0580
0582
0587
0589
0591
0593
0595
0597
0599
0601
0601
0603
0603
0605
0605
0607
0607
0609
0609
0611
0611
0611
0611
0613
0613
0613
0613
0613
0613
0615
0615
0617
0619
0621
0621
0623
0625
0627
0631
0633
0635
0639
0641
0643
0645
0649
0651
0653
0655
0659
0661
0663
0665
0667
0671
0673
0675
0677
0677
0677
0677
0677
0677
0677
0677
0679
0679
0683
0685
0689
0693
0699
0705
0713
0723
0733
0745
0761
0792
0810
0810
0808
0808
0808
0808
0808
0808
0808
0806
0806
0806
0804
0802
0800
0796
0792
0788
0784
0780
0773
0765
0759
0751
0733
0687
0597
0496
0392
0291
0257
0277
0331
0550
0914
1419
2036
2695
3302
3741
3902
3731
3252
2573
1845
1210
0749
0468
0341
0295
0293
0333
0444
0572
0687
0737
0755
0761
0767
0771
0775
0780
0784
0786
0788
0792
0796
0800
0804
0810
0816
0822
0828
0834
0838
0844
0848
0854
0858
0864
0870
0874
0880
0886
0890
0894
0898
0900
0904
0908
0910
0914
0916
0920
0924
0926
0930
0934
0938
0940
0944
0948
0952
0956
0960
0966
0970
0977
0981
0987
0993
0999
1007
1013
1023
1033
1045
1055
1065
1075
1085
1095
1109
1129
1149
1167
1186
1204
1222
1242
1262
1282
1294
1304
1314
1322
1328
1332
1332
1328
1320
1312
1300
1284
1264
1222
1182
1127
1065
1003
0942
0882
0828
0780
0725
0681
0645
0607
0572
0544
0520
0498
0488
0482
0476
0470
0466
0450
0444
0440
0438
0438
0438
0440
0442
0446
0452
0458
0464
0470
0474
0478
0484
0488
0492
0496
0498
0500
0502
0504
0508
0508
0510
0510
0512
0514
0516
0518
0520
0522
0526
0528
0530
0530
0532
0534
0536
0536
0538
0538
0540
0540
0540
0542
0542
0540
0540
0540
0540
0540
0538
0536
0536
0536
0534
0532
0530
0530
0528
0528
0526
0526
0524
0524
0524
0524
0524
0524
0522
0522
0522
0522
0522
0522
0520
0520
0522
0524
0524
0524
0526
0526
0528
0528
0530
0530
0534
0536
0538
0538
0540
0542
0544
0546
0548
0550
0550
0552
0554
0556
0556
0558
0560
0562
0564
0566
0570
0572
0574
0576
0578
0580
0585
0587
0591
0593
0595
0597
0599
0603
0605
0609
0613
0617
0621
0623
0627
0631
0635
0639
0643
0647
0649
0653
0655
0657
0659
0663
0667
0671
0675
0677
0681
0683
0685
0689
0691
0693
0697
0701
0703
0705
0705
0707
0709
0711
0711
0713
0715
0717
0719
0721
0721
0721
0723
0723
0725
0727
0729
0731
0733
0735
0735
0735
0733
0733
0733
0733
0733
0731
0731
0729
0727
0723
0721
0719
0717
0715
0713
0711
0709
0707
0707
0705
0705
0705
0705
0705
0705
0705
0705
0705
0705
0705
0705
0705
0705
0707
0707
0709
0711
0713
0717
0719
0721
0723
0723
0725
0727
0729
0729
0731
0733
0735
0735
0737
0737
0739
0739
0741
0739
0739
0735
0733
0729
0725
0719
0713
0707
0705
0701
0701
0703
0705
0713
0721
0731
0741
0753
0765
0777
0790
0800
0808
0814
0816
0816
0814
0810
0804
0796
0790
0782
0775
0769
0763
0761
0759
0757
0755
0751
0745
0737
0717
0683
0587
0482
0373
0259
0219
0197
0223
0390
0703
1163
1742
2400
3055
3604
3893
3910
3670
3099
2384
1670
1075
0651
0387
0277
0249
0289
0390
0526
0647
0703
0713
0723
0733
0737
0737
0735
0733
0731
0733
0737
0743
0749
0757
0765
0773
0780
0788
0794
0800
0804
0810
0814
0820
0826
0830
0834
0838
0842
0848
0852
0856
0860
0866
0870
0874
0876
0880
0882
0886
0888
0892
0896
0900
0904
0910
0914
0918
0924
0930
0934
0940
0944
0950
0954
0960
0964
0970
0979
0991
1005
1019
1031
1045
1057
1071
1085
1103
1117
1129
1143
1159
1182
1202
1222
1242
1264
1286
1310
1326
1338
1350
1360
1365
1365
1362
1356
1344
1330
1304
1256
1208
1155
1095
1037
0975
0918
0862
0810
0759
0711
0673
0641
0607
0578
0554
0532
0514
0504
0498
0490
0484
0478
0472
0468
0466
0464
0464
0466
0466
0470
0472
0474
0478
0482
0486
0490
0494
0498
0500
0502
0504
0508
0508
0512
0514
0518
0520
0522
0522
0524
0526
0528
0528
0530
0530
0530
0530
0530
0530
0532
0534
0536
0538
0538
0538
0540
0538
0538
0538
0538
0536
0534
0532
0528
0526
0522
0520
0520
0518
0516
0514
0512
0510
0508
0508
0506
0504
0502
0502
0500
0498
0498
0496
0496
0496
0494
0492
0490
0490
0488
0486
0482
0480
0476
0472
0470
0468
0466
0464
0464
0464
0464
0464
0466
0466
0466
0466
0466
0466
0468
0468
0470
0472
0474
0476
0480
0482
0484
0488
0490
0494
0498
0500
0504
0506
0506
0508
0508
0508
0508
0510
0510
0512
0514
0516
0518
0520
0522
0524
0528
0530
0532
0534
0536
0538
0540
0542
0544
0548
0550
0552
0556
0558
0560
0562
0564
0568
0572
0574
0574
0576
0578
0582
0585
0587
0589
0591
0593
0597
0601
0603
0609
0613
0619
0623
0625
0627
0631
0633
0637
0641
0645
0649
0651
0653
0655
0655
0655
0657
0661
0663
0665
0667
0669
0671
0675
0675
0677
0679
0679
0681
0683
0683
0683
0683
0685
0685
0687
0689
0691
0693
0695
0697
0697
0699
0701
0703
0705
0705
0705
0705
0707
0707
0709
0709
0711
0711
0713
0713
0713
0715
0715
0717
0717
0719
0719
0721
0723
0725
0727
0729
0731
0733
0735
0739
0741
0743
0745
0745
0747
0749
0749
0751
0751
0753
0755
0757
0759
0761
0763
0765
0769
0771
0773
0775
0777
0780
0782
0784
0790
0794
0802
0808
0818
0828
0842
0860
0888
0914
0938
0950
0960
0968
0975
0979
0985
0989
0991
0989
0987
0981
0972
0964
0952
0940
0928
0906
0866
0830
0800
0773
0749
0731
0721
0713
0709
0705
0705
0705
0703
0701
0701
0703
0705
0707
0705
0691
0641
0552
0446
0333
0217
0176
0160
0186
0355
0673
1129
1700
2342
2967
3463
3656
3634
3300
2703
2012
1367
0870
0536
0339
0249
0227
0263
0345
0470
0589
0665
0681
0697
0709
0717
0719
0717
0717
0717
0719
0721
0723
0725
0729
0733
0735
0737
0741
0747
0751
0757
0761
0765
0769
0773
0775
0780
0784
0788
0794
0798
0804
0808
0814
0820
0826
0832
0838
0844
0850
0856
0862
0866
0872
0876
0880
0882
0884
0886
0888
0892
0896
0902
0906
0914
0920
0928
0936
0942
0950
0958
0968
0979
0993
1007
1021
1035
1047
1063
1077
1093
1111
1129
1147
1165
1184
1208
1230
1248
1262
1276
1288
1296
1300
1300
1298
1294
1286
1274
1260
1230
1180
1133
1081
1027
0970
0912
0854
0798
0745
0699
0647
0607
0572
0530
0512
0504
0496
0488
0482
0474
0466
0460
0458
0454
0452
0452
0452
0454
0456
0456
0458
0460
0464
0466
0470
0472
0476
0480
0484
0488
0492
0496
0498
0502
0506
0510
0514
0518
0522
0526
0530
0532
0534
0536
0540
0542
0546
0548
0550
0552
0554
0556
0556
0556
0558
0558
0556
0556
0556
0556
0556
0556
0556
0558
0558
0560
0562
0564
0566
0568
0570
0570
0570
0572
0570
0570
0570
0568
0568
0566
0564
0564
0564
0564
0564
0566
0566
0568
0570
0570
0570
0570
0572
0572
0574
0574
0576
0576
0578
0578
0580
0582
0585
0587
0591
0593
0595
0597
0597
0599
0599
0601
0603
0603
0605
0605
0607
0607
0607
0607
0609
0609
0611
0613
0615
0615
0617
0617
0617
0619
0621
0621
0623
0625
0627
0629
0631
0633
0635
0637
0641
0643
0645
0647
0649
0651
0655
0657
0661
0665
0667
0669
0673
0675
0677
0681
0685
0687
0691
0695
0697
0701
0703
0705
0705
0707
0709
0711
0713
0713
0715
0717
0717
0717
0717
0719
0721
0723
0725
0727
0729
0731
0733
0735
0735
0735
0735
0737
0737
0737
0737
0737
0737
0739
0739
0739
0741
0741
0743
0743
0743
0743
0745
0743
0743
0743
0741
0739
0737
0735
0733
0731
0731
0729
0729
0727
0727
0727
0725
0725
0725
0725
0727
0727
0727
0727
0727
0725
0725
0725
0725
0723
0723
0723
0723
0725
0725
0727
0727
0727
0727
0725
0725
0725
0723
0723
0719
0717
0711
0705
0701
0697
0695
0693
0695
0697
0701
0705
0709
0715
0723
0731
0739
0749
0757
0767
0773
0777
0780
0775
0771
0765
0757
0749
0739
0731
0725
0719
0715
0711
0709
0707
0705
0707
0707
0707
0701
0681
0615
0518
0408
0293
0178
0140
0154
0205
0418
0771
1262
1859
2504
3109
3562
3755
3630
3210
2587
1895
1268
0786
0466
0273
0190
0170
0213
0313
0448
0566
0639
0653
0667
0679
0687
0687
0687
0687
0687
0689
0691
0691
0695
0699
0703
0705
0705
0707
0711
0713
0715
0717
0721
0725
0729
0733
0737
0743
0747
0753
0759
0763
0769
0773
0780
0782
0786
0788
0790
0792
0794
0798
0802
0806
0810
0814
0818
0822
0828
0832
0838
0844
0850
0856
0862
0866
0872
0878
0884
0892
0904
0916
0928
0938
0948
0958
0970
0989
1013
1037
1059
1081
1103
1123
1145
1165
1186
1202
1214
1222
1230
1236
1242
1244
1246
1244
1236
1222
1202
1163
1105
1053
0997
0936
0876
0814
0753
0695
0641
0593
0546
0508
0480
0450
0428
0408
0394
0381
0375
0369
0365
0361
0357
0357
0355
0355
0355
0355
0359
0363
0369
0375
0381
0390
0396
0404
0410
0418
0424
0432
0440
0448
0456
0464
0474
0486
0494
0504
0510
0514
0520
0528
0534
0538
0544
0550
0552
0556
0558
0560
0562
0566
0570
0572
0576
0578
0580
0585
0587
0589
0591
0593
0595
0595
0595
0595
0595
0595
0593
0591
0589
0589
0587
0587
0585
0587
0587
0587
0587
0585
0585
0582
0582
0582
0580
0580
0580
0578
0578
0578
0578
0578
0580
0582
0582
0585
0587
0589
0591
0593
0595
0597
0597
0599
0599
0601
0601
0601
0601
0603
0603
0605
0605
0605
0607
0607
0607
0609
0611
0611
0613
0615
0615
0617
0617
0619
0619
0621
0623
0625
0627
0629
0631
0635
0637
0641
0643
0647
0649
0651
0653
0653
0655
0655
0655
0657
0659
0661
0663
0663
0663
0663
0665
0665
0667
0669
0671
0673
0675
0677
0677
0677
0679
0681
0683
0685
0687
0689
0691
0693
0697
0699
0701
0703
0705
0705
0709
0711
0713
0713
0715
0715
0719
0721
0725
0727
0731
0733
0735
0737
0739
0739
0741
0743
0745
0747
0747
0747
0745
0745
0743
0741
0741
0739
0737
0737
0735
0733
0729
0727
0725
0723
0721
0719
0717
0717
0719
0719
0717
0717
0717
0717
0719
0721
0723
0725
0725
0727
0729
0729
0729
0729
0731
0731
0731
0733
0731
0731
0731
0731
0729
0727
0727
0725
0723
0721
0721
0719
0715
0711
0707
0705
0701
0699
0699
0699
0701
0703
0705
0709
0713
0729
0755
0771
0788
0800
0810
0816
0818
0816
0812
0804
0796
0786
0777
0771
0767
0763
0757
0755
0753
0751
0751
0753
0759
0761
0757
0743
0695
0607
0502
0394
0287
0221
0199
0243
0383
0691
1139
1712
2360
3011
3548
3799
3799
3518
2929
2219
1535
0987
0611
0390
0305
0283
0319
0412
0526
0629
0697
0711
0725
0737
0743
0745
0745
0745
0747
0749
0751
0753
0755
0759
0763
0765
0769
0773
0777
0782
0786
0792
0798
0804
0810
0814
0820
0824
0830
0834
0838
0842
0844
0846
0848
0850
0852
0852
0854
0858
0860
0862
0866
0868
0872
0876
0880
0884
0890
0894
0900
0904
0906
0910
0916
0922
0930
0942
0954
0964
0972
0981
0991
1003
1019
1037
1051
1067
1081
1097
1111
1127
1143
1159
1178
1196
1218
1242
1258
1274
1290
1302
1308
1312
1312
1308
1300
1290
1274
1244
1190
1139
1085
1029
0970
0914
0860
0808
0757
0711
0663
0623
0593
0554
0522
0496
0478
0470
0462
0458
0454
0452
0448
0446
0444
0444
0444
0446
0448
0450
0452
0454
0456
0458
0460
0462
0466
0470
0472
0476
0480
0482
0486
0490
0492
0496
0502
0504
0508
0510
0512
0516
0518
0520
0522
0524
0528
0530
0532
0534
0536
0538
0540
0544
0546
0548
0550
0550
0552
0552
0550
0550
0550
0548
0548
0546
0544
0542
0540
0540
0538
0538
0538
0538
0538
0538
0538
0538
0536
0536
0536
0534
0534
0534
0534
0532
0532
0532
0532
0532
0534
0538
0540
0542
0544
0544
0546
0548
0550
0552
0552
0554
0554
0556
0556
0554
0556
0558
0560
0562
0562
0564
0566
0568
0570
0572
0574
0576
0578
0580
0580
0580
0580
0582
0582
0585
0585
0587
0591
0593
0597
0599
0603
0605
0609
0613
0615
0617
0619
0619
0621
0623
0625
0627
0629
0633
0637
0641
0645
0649
0653
0657
0663
0667
0673
0675
0679
0681
0685
0687
0691
0693
0695
0697
0701
0703
0705
0707
0711
0713
0717
0719
0719
0721
0721
0721
0723
0723
0725
0725
0727
0729
0731
0733
0737
0741
0743
0747
0749
0751
0753
0755
0755
0757
0757
0757
0757
0755
0757
0757
0759
0759
0761
0761
0761
0761
0759
0759
0757
0755
0755
0753
0753
0753
0751
0749
0749
0747
0747
0747
0747
0749
0749
0749
0747
0747
0747
0745
0747
0747
0747
0747
0747
0747
0745
0745
0745
0745
0745
0743
0745
0745
0745
0745
0747
0747
0749
0751
0751
0751
0751
0751
0751
0749
0747
0743
0739
0735
0729
0723
0719
0717
0715
0713
0711
0709
0711
0721
0739
0757
0769
0780
0790
0796
0802
0804
0806
0804
0802
0798
0794
0790
0786
0782
0777
0775
0773
0771
0771
0769
0767
0765
0765
0765
0763
0755
0723
0657
0554
0446
0333
0229
0192
0209
0269
0492
0858
1369
1992
2667
3304
3785
4000
3885
3459
2810
2076
1407
0882
0530
0321
0249
0233
0279
0396
0522
0631
0687
0697
0707
0715
0717
0717
0715
0713
0713
0713
0713
0715
0721
0725
0731
0735
0739
0745
0749
0755
0759
0763
0769
0773
0777
0782
0786
0792
0796
0802
0806
0810
0814
0816
0820
0822
0824
0828
0830
0832
0834
0836
0838
0842
0846
0848
0852
0856
0860
0866
0872
0880
0886
0892
0898
0906
0914
0922
0932
0946
0960
0972
0985
0993
1005
1019
1035
1053
1067
1083
1101
1123
1143
1165
1188
1212
1236
1258
1272
1284
1294
1302
1308
1308
1306
1302
1292
1278
1254
1210
1170
1121
1065
1005
0944
0884
0824
0767
0715
0667
0621
0572
0534
0504
0474
0450
0428
0414
0408
0402
0398
0396
0394
0392
0390
0390
0390
0390
0392
0396
0400
0402
0406
0410
0414
0418
0422
0426
0430
0434
0438
0442
0444
0448
0450
0454
0460
0466
0472
0480
0486
0492
0498
0504
0510
0516
0518
0518
0518
0520
0522
0524
0526
0528
0530
0530
0530
0530
0530
0530
0532
0532
0532
0532
0532
0532
0532
0532
0532
0530
0530
0530
0530
0530
0528
0528
0526
0524
0522
0522
0520
0522
0522
0524
0524
0526
0528
0530
0532
0536
0538
0540
0542
0542
0542
0542
0540
0540
0540
0540
0540
0542
0544
0546
0548
0550
0552
0552
0554
0554
0554
0554
0554
0554
0554
0556
0556
0558
0558
0560
0560
0562
0562
0562
0564
0562
0562
0562
0560
0558
0560
0560
0562
0564
0566
0570
0572
0576
0578
0582
0585
0587
0587
0589
0589
0591
0593
0595
0597
0599
0601
0603
0605
0609
0611
0615
0619
0621
0625
0627
0629
0631
0633
0635
0637
0639
0641
0645
0651
0655
0659
0665
0671
0675
0679
0683
0687
0691
0693
0697
0699
0701
0703
0705
0707
0711
0715
0719
0725
0727
0731
0733
0735
0737
0739
0739
0739
0739
0737
0737
0737
0737
0737
0739
0741
0743
0745
0745
0745
0747
0749
0751
0755
0755
0757
0757
0757
0757
0757
0755
0755
0755
0753
0751
0749
0749
0747
0747
0747
0745
0745
0745
0745
0745
0745
0745
0745
0743
0741
0737
0735
0733
0731
0729
0727
0725
0721
0719
0719
0719
0719
0719
0717
0715
0715
0713
0713
0711
0711
0711
0711
0709
0707
0705
0705
0705
0705
0703
0703
0701
0701
0701
0701
0703
0703
0705
0705
0705
0705
0705
0705
0705
0705
0705
0705
0705
0705
0703
0703
0703
0705
0705
0705
0707
0709
0711
0715
0721
0729
0739
0751
0765
0788
0810
0836
0856
0876
0892
0898
0902
0904
0906
0910
0912
0914
0916
0914
0912
0906
0896
0886
0872
0856
0826
0798
0771
0745
0715
0701
0691
0683
0677
0673
0671
0667
0665
0663
0663
0665
0669
0673
0669
0657
0611
0522
0414
0295
0180
0104
0078
0120
0249
0552
1001
1570
2209
2838
3345
3548
3532
3210
2617
1925
1282
0784
0450
0263
0190
0172
0211
0305
0434
0552
0633
0655
0673
0685
0695
0701
0701
0703
0705
0707
0711
0715
0719
0725
0731
0735
0739
0743
0749
0755
0761
0767
0773
0780
0786
0790
0794
0798
0804
0808
0814
0818
0822
0826
0830
0832
0836
0838
0840
0840
0842
0844
0848
0852
0858
0864
0870
0874
0880
0884
0888
0894
0896
0900
0904
0908
0912
0920
0934
0946
0960
0972
0989
1007
1025
1045
1061
1077
1089
1103
1117
1131
1149
1167
1184
1200
1218
1238
1262
1278
1292
1302
1310
1314
1316
1314
1308
1300
1286
1260
1212
1159
1107
1053
0999
0940
0882
0820
0761
0705
0661
0623
0582
0548
0522
0490
0466
0448
0434
0424
0418
0412
0408
0402
0398
0394
0392
0392
0394
0396
0400
0402
0406
0410
0414
0418
0424
0428
0432
0436
0438
0442
0444
0448
0452
0456
0460
0466
0470
0474
0480
0484
0488
0492
0496
0498
0500
0502
0504
0508
0510
0514
0516
0520
0524
0526
0530
0530
0532
0534
0534
0534
0534
0534
0532
0530
0528
0528
0528
0528
0530
0530
0532
0532
0532
0534
0534
0532
0530
0528
0528
0526
0526
0526
0524
0524
0522
0524
0526
0528
0528
0528
0528
0528
0530
0532
0534
0534
0536
0536
0536
0538
0538
0538
0538
0538
0538
0538
0538
0538
0540
0542
0544
0546
0550
0554
0556
0558
0562
0564
0566
0566
0568
0570
0570
0572
0572
0574
0576
0578
0582
0589
0593
0599
0601
0605
0609
0613
0619
0623
0627
0631
0635
0637
0641
0643
0647
0651
0655
0659
0661
0665
0667
0669
0671
0673
0675
0677
0681
0683
0685
0687
0689
0695
0699
0703
0705
0707
0709
0713
0717
0719
0721
0723
0725
0725
0727
0729
0731
0733
0735
0737
0737
0739
0741
0745
0747
0749
0751
0755
0757
0761
0763
0765
0765
0767
0769
0769
0769
0771
0771
0771
0769
0769
0769
0769
0769
0767
0767
0765
0763
0759
0757
0755
0753
0751
0749
0749
0749
0747
0747
0745
0745
0741
0739
0735
0733
0731
0729
0727
0725
0725
0725
0725
0727
0729
0731
0733
0733
0735
0735
0733
0733
0731
0731
0731
0731
0729
0729
0731
0731
0735
0739
0743
0749
0755
0763
0773
0786
0808
0832
0850
0866
0876
0882
0890
0894
0898
0900
0900
0900
0900
0898
0896
0890
0882
0876
0870
0864
0854
0840
0814
0786
0755
0739
0731
0723
0719
0713
0709
0705
0705
0705
0703
0703
0705
0705
0707
0709
0709
0705
0657
0566
0452
0335
0223
0150
0122
0160
0287
0574
1015
1594
2249
2896
3429
3707
3723
3489
2943
2247
1547
0960
0554
0321
0233
0219
0257
0337
0458
0572
0649
0669
0683
0693
0697
0695
0693
0691
0693
0697
0701
0703
0705
0711
0719
0725
0729
0735
0741
0747
0751
0755
0759
0765
0769
0773
0775
0782
0788
0794
0800
0806
0812
0818
0824
0828
0834
0840
0844
0848
0850
0852
0856
0860
0866
0870
0874
0880
0886
0892
0898
0904
0910
0916
0922
0928
0936
0948
0958
0968
0979
0991
1003
1019
1035
1053
1069
1085
1103
1119
1135
1149
1163
1180
1200
1222
1246
1268
1290
1306
1318
1326
1336
1344
1350
1352
1346
1332
1310
1276
1222
1174
1119
1061
1005
0950
0894
0836
0782
0729
0681
0641
0611
0576
0546
0520
0496
0476
0468
0462
0456
0450
0444
0442
0438
0438
0438
0438
0438
0438
0440
0440
0440
0442
0444
0448
0450
0454
0458
0462
0466
0470
0476
0480
0486
0490
0494
0498
0502
0504
0506
0510
0512
0514
0518
0522
0526
0528
0532
0534
0536
0538
0538
0540
0540
0542
0542
0542
0542
0542
0540
0542
0542
0544
0546
0548
0550
0552
0554
0554
0554
0554
0554
0554
0552
0552
0550
0548
0546
0544
0542
0540
0538
0538
0540
0540
0540
0540
0540
0540
0540
0540
0540
0542
0542
0544
0546
0546
0548
0548
0550
0550
0552
0556
0558
0560
0562
0564
0564
0566
0566
0568
0568
0570
0570
0572
0572
0574
0574
0574
0576
0578
0580
0580
0582
0585
0587
0589
0591
0593
0595
0595
0597
0597
0597
0597
0599
0603
0605
0605
0607
0611
0613
0617
0619
0621
0625
0629
0631
0633
0633
0635
0637
0639
0641
0645
0647
0649
0651
0653
0655
0657
0659
0663
0665
0667
0669
0669
0669
0669
0669
0671
0669
0669
0671
0671
0671
0673
0673
0675
0677
0681
0683
0685
0687
0691
0695
0697
0699
0703
0705
0705
0705
0707
0709
0709
0709
0711
0711
0713
0713
0715
0715
0717
0717
0719
0719
0719
0721
0721
0721
0721
0719
0719
0717
0715
0715
0713
0711
0709
0709
0707
0705
0705
0705
0707
0707
0709
0709
0709
0711
0711
0711
0711
0711
0713
0715
0715
0717
0717
0717
0719
0719
0719
0719
0719
0719
0719
0717
0715
0715
0711
0707
0705
0701
0695
0691
0685
0681
0677
0677
0677
0679
0683
0689
0697
0705
0715
0725
0737
0747
0757
0767
0771
0775
0775
0775
0773
0769
0765
0759
0755
0751
0747
0745
0745
0747
0747
0749
0751
0755
0755
0751
0735
0679
0580
0468
0347
0235
0178
0156
0213
0385
0723
1212
1815
2484
3138
3660
3875
3859
3536
2929
2207
1525
0981
0605
0381
0287
0263
0301
0390
0514
0623
0687
0699
0711
0721
0729
0729
0729
0727
0727
0731
0735
0739
0743
0749
0755
0759
0763
0767
0773
0780
0786
0790
0796
0802
0808
0814
0818
0822
0828
0832
0836
0838
0840
0842
0844
0844
0848
0850
0852
0856
0860
0864
0868
0872
0878
0884
0888
0894
0900
0906
0910
0916
0922
0928
0938
0946
0956
0964
0972
0981
0991
1001
1015
1029
1043
1057
1069
1083
1099
1115
1131
1149
1170
1194
1216
1238
1258
1278
1294
1304
1312
1320
1328
1336
1338
1334
1324
1306
1280
1240
1200
1155
1105
1049
0989
0930
0874
0818
0763
0713
0669
0619
0578
0546
0510
0486
0468
0456
0450
0446
0442
0440
0436
0434
0434
0436
0438
0440
0442
0442
0444
0446
0448
0452
0456
0462
0468
0474
0482
0488
0494
0498
0500
0504
0508
0512
0516
0522
0526
0528
0530
0530
0532
0536
0540
0544
0544
0546
0548
0548
0548
0550
0550
0552
0552
0552
0552
0552
0552
0552
0552
0554
0554
0556
0556
0556
0556
0556
0556
0556
0554
0552
0550
0546
0542
0538
0534
0530
0528
0528
0528
0530
0532
0532
0534
0536
0540
0542
0544
0546
0544
0544
0542
0540
0538
0536
0536
0534
0534
0534
0534
0534
0534
0534
0536
0538
0540
0542
0544
0546
0546
0548
0546
0546
0548
0550
0550
0552
0554
0554
0556
0556
0558
0562
0564
0564
0562
0562
0564
0564
0566
0566
0568
0570
0570
0574
0578
0582
0587
0589
0593
0595
0597
0597
0595
0593
0591
0589
0589
0587
0587
0585
0585
0585
0589
0595
0601
0609
0613
0617
0621
0625
0629
0633
0635
0639
0641
0641
0643
0645
0649
0653
0659
0663
0667
0669
0671
0671
0673
0675
0677
0677
0679
0679
0681
0685
0687
0691
0693
0695
0697
0699
0701
0701
0701
0701
0703
0705
0707
0711
0713
0717
0719
0721
0723
0723
0723
0723
0721
0719
0717
0717
0715
0713
0713
0711
0711
0711
0709
0707
0707
0707
0705
0705
0707
0707
0707
0709
0709
0711
0709
0709
0711
0713
0715
0717
0717
0717
0717
0717
0717
0717
0715
0713
0711
0709
0707
0705
0705
0705
0705
0707
0707
0709
0711
0711
0711
0711
0711
0709
0709
0709
0709
0709
0709
0709
0709
0709
0711
0711
0711
0711
0709
0707
0705
0705
0703
0701
0697
0695
0693
0693
0693
0695
0695
0697
0699
0699
0699
0697
0697
0697
0699
0699
0699
0699
0697
0695
0695
0695
0699
0701
0703
0705
0707
0711
0715
0719
0727
0733
0741
0751
0771
0794
0810
0828
0850
0876
0896
0910
0918
0922
0924
0928
0932
0934
0936
0932
0928
0920
0914
0906
0898
0888
0870
0836
0804
0775
0751
0733
0717
0707
0703
0701
0699
0697
0695
0695
0693
0693
0695
0699
0701
0695
0679
0609
0502
0392
0277
0164
0120
0128
0168
0381
0753
1278
1919
2605
3232
3702
3910
3787
3353
2695
1958
1294
0790
0462
0285
0245
0239
0279
0385
0496
0595
0653
0677
0687
0691
0689
0687
0687
0689
0693
0695
0697
0699
0703
0705
0711
0717
0721
0727
0731
0735
0735
0737
0739
0741
0745
0751
0757
0763
0769
0773
0780
0786
0794
0800
0804
0808
0812
0816
0822
0828
0836
0842
0850
0858
0864
0870
0876
0880
0882
0884
0886
0890
0894
0898
0902
0910
0918
0926
0932
0938
0948
0962
0983
1003
1023
1041
1053
1065
1081
1101
1121
1145
1163
1180
1200
1224
1256
1284
1306
1322
1330
1336
1344
1354
1360
1358
1348
1328
1300
1260
1222
1172
1113
1055
0997
0940
0884
0830
0771
0719
0671
0627
0589
0544
0508
0486
0470
0456
0448
0444
0440
0436
0436
0436
0434
0436
0436
0436
0436
0436
0438
0438
0438
0440
0440
0442
0444
0448
0450
0454
0460
0466
0472
0476
0482
0486
0490
0492
0494
0498
0502
0506
0510
0514
0516
0520
0524
0530
0534
0536
0540
0542
0544
0548
0550
0550
0550
0550
0550
0550
0550
0550
0550
0552
0554
0554
0554
0554
0554
0552
0552
0552
0554
0554
0552
0554
0554
0554
0556
0558
0560
0562
0564
0566
0566
0564
0564
0566
0566
0568
0568
0568
0566
0566
0566
0568
0570
0574
0580
0585
0589
0593
0595
0599
0601
0601
0603
0605
0607
0607
0605
0605
0603
0603
0601
0601
0599
0599
0599
0599
0601
0603
0603
0607
0609
0609
0611
0613
0615
0617
0621
0625
0627
0629
0633
0635
0637
0643
0649
0655
0663
0667
0671
0673
0675
0679
0681
0683
0685
0687
0687
0685
0685
0683
0681
0683
0687
0691
0693
0697
0701
0705
0707
0711
0715
0719
0723
0725
0727
0729
0729
0731
0733
0737
0739
0737
0737
0739
0739
0741
0743
0745
0749
0751
0755
0757
0759
0761
0763
0765
0767
0769
0769
0769
0769
0767
0767
0767
0765
0763
0763
0761
0761
0759
0759
0757
0757
0755
0755
0751
0749
0747
0747
0745
0745
0745
0747
0749
0751
0753
0755
0755
0759
0761
0763
0763
0765
0763
0763
0759
0757
0753
0751
0747
0745
0741
0737
0733
0731
0727
0723
0721
0719
0717
0715
0713
0711
0709
0711
0717
0731
0749
0767
0777
0788
0796
0804
0810
0814
0816
0818
0816
0812
0808
0804
0798
0794
0792
0790
0788
0786
0786
0786
0788
0792
0792
0790
0769
0717
0621
0508
0392
0281
0229
0209
0261
0430
0761
1242
1843
2520
3194
3759
4050
4066
3815
3230
2494
1761
1151
0713
0442
0313
0279
0315
0400
0526
0641
0713
0733
0751
0767
0775
0782
0786
0790
0796
0800
0802
0804
0808
0810
0814
0816
0818
0818
0820
0822
0822
0822
0822
0822
0824
0824
0824
0824
0822
0820
0816
0812
0810
0808
0804
0802
0800
0798
0796
0792
0790
0788
0788
0788
0788
0788
0788
0788
0790
0794
0796
0800
0806
0812
0820
0826
0832
0838
0854
0872
0888
0902
0914
0926
0940
0952
0966
0981
0995
1011
1027
1045
1063
1083
1107
1133
1159
1186
1202
1216
1226
1236
1242
1244
1242
1234
1220
1204
1174
1121
1071
1017
0954
0888
0820
0755
0695
0637
0585
0536
0490
0444
0410
0381
0347
0327
0311
0299
0289
0283
0279
0279
0277
0275
0271
0269
0269
0269
0271
0273
0275
0279
0281
0283
0287
0289
0295
0303
0309
0317
0323
0329
0335
0339
0345
0351
0357
0361
0367
0373
0379
0385
0394
0402
0410
0416
0422
0426
0430
0434
0438
0444
0448
0452
0456
0460
0462
0464
0464
0464
0464
0464
0466
0468
0470
0472
0472
0474
0472
0472
0472
0472
0474
0474
0474
0472
0470
0470
0470
0472
0472
0474
0474
0476
0478
0480
0484
0488
0492
0496
0500
0502
0506
0510
0512
0516
0520
0524
0526
0528
0530
0534
0536
0540
0544
0546
0552
0556
0560
0566
0570
0576
0580
0585
0589
0591
0595
0599
0601
0605
0609
0611
0615
0619
0623
0629
0633
0639
0643
0647
0649
0651
0653
0657
0661
0667
0671
0675
0677
0677
0679
0681
0685
0691
0697
0703
0705
0707
0709
0711
0711
0713
0717
0719
0721
0723
0725
0725
0727
0727
0727
0727
0727
0731
0733
0737
0739
0739
0741
0741
0743
0745
0747
0749
0753
0755
0757
0759
0761
0763
0767
0769
0773
0775
0780
0782
0784
0786
0788
0788
0786
0786
0784
0784
0784
0782
0782
0784
0786
0786
0786
0784
0784
0784
0784
0784
0786
0784
0784
0782
0782
0780
0777
0777
0777
0780
0780
0780
0782
0782
0782
0782
0782
0782
0782
0780
0777
0775
0775
0775
0775
0777
0777
0777
0777
0777
0775
0773
0775
0780
0786
0792
0798
0804
0810
0816
0822
0828
0834
0842
0850
0858
0864
0868
0870
0872
0874
0874
0874
0872
0870
0866
0860
0852
0842
0832
0824
0818
0812
0806
0800
0792
0782
0773
0765
0761
0759
0759
0761
0763
0763
0759
0749
0717
0659
0560
0450
0335
0237
0203
0227
0307
0550
0938
1463
2088
2748
3345
3763
3902
3709
3220
2543
1817
1188
0727
0448
0307
0263
0287
0343
0462
0578
0673
0713
0727
0735
0741
0741
0739
0737
0737
0739
0741
0741
0745
0749
0755
0759
0761
0765
0771
0777
0784
0788
0792
0798
0804
0810
0816
0822
0830
0838
0846
0850
0852
0854
0856
0860
0866
0872
0876
0880
0884
0886
0890
0896
0902
0910
0918
0924
0930
0934
0940
0942
0948
0954
0962
0968
0977
0981
0987
0991
0997
1005
1013
1021
1033
1047
1063
1081
1101
1119
1141
1159
1178
1192
1208
1226
1248
1272
1288
1304
1318
1328
1332
1334
1334
1330
1324
1316
1304
1280
1232
1180
1125
1069
1011
0954
0898
0840
0784
0731
0685
0647
0617
0585
0554
0528
0504
0482
0474
0466
0460
0456
0452
0450
0446
0444
0440
0438
0440
0440
0442
0444
0446
0448
0450
0452
0454
0456
0460
0464
0470
0474
0478
0482
0488
0494
0498
0502
0504
0506
0506
0508
0510
0512
0514
0518
0518
0518
0520
0522
0524
0526
0530
0534
0540
0542
0544
0546
0546
0550
0552
0554
0554
0552
0552
0554
0554
0556
0556
0556
0558
0558
0558
0558
0558
0558
0558
0558
0558
0556
0554
0554
0554
0554
0552
0550
0548
0546
0544
0542
0540
0538
0538
0538
0538
0538
0538
0538
0538
0540
0540
0538
0536
0536
0536
0536
0536
0536
0536
0538
0540
0542
0544
0546
0548
0552
0556
0558
0560
0562
0562
0564
0566
0568
0568
0570
0574
0576
0578
0578
0580
0582
0587
0591
0595
0597
0599
0601
0605
0607
0609
0613
0615
0619
0621
0623
0623
0625
0627
0631
0633
0635
0635
0639
0639
0639
0639
0641
0643
0645
0649
0653
0655
0659
0661
0665
0667
0671
0675
0681
0683
0685
0687
0687
0687
0689
0689
0687
0689
0689
0693
0695
0699
0701
0705
0705
0709
0711
0713
0715
0717
0719
0719
0721
0719
0719
0719
0719
0721
0721
0721
0719
0719
0719
0719
0719
0719
0719
0719
0719
0719
0719
0721
0721
0723
0725
0725
0725
0725
0725
0725
0727
0729
0729
0729
0729
0729
0729
0731
0733
0735
0737
0741
0743
0745
0745
0745
0745
0743
0743
0743
0741
0739
0737
0735
0731
0727
0725
0723
0725
0729
0733
0741
0749
0757
0767
0777
0786
0796
0804
0812
0818
0824
0826
0828
0828
0828
0826
0822
0816
0810
0806
0802
0800
0800
0802
0802
0800
0800
0800
0800
0796
0790
0763
0699
0587
0468
0349
0255
0221
0249
0343
0605
1015
1568
2217
2898
3514
3946
4095
3916
3445
2778
2058
1417
0924
0601
0412
0343
0349
0420
0536
0651
0725
0737
0751
0763
0773
0777
0777
0775
0773
0773
0773
0775
0777
0784
0790
0794
0796
0798
0800
0804
0808
0812
0814
0818
0822
0826
0828
0832
0834
0838
0844
0848
0852
0856
0858
0860
0864
0868
0870
0874
0876
0876
0878
0878
0878
0880
0884
0888
0890
0894
0896
0898
0902
0908
0912
0918
0924
0928
0936
0946
0964
0987
1003
1017
1029
1041
1055
1071
1089
1107
1125
1141
1155
1172
1194
1224
1254
1280
1304
1320
1332
1340
1348
1354
1360
1358
1348
1330
1300
1250
1198
1141
1081
1023
0966
0906
0842
0780
0719
0667
0623
0574
0538
0510
0476
0446
0420
0398
0381
0373
0367
0363
0359
0355
0353
0351
0349
0351
0353
0355
0359
0361
0363
0363
0365
0369
0373
0377
0383
0390
0394
0400
0404
0408
0412
0418
0424
0430
0436
0442
0448
0452
0456
0462
0468
0474
0478
0484
0488
0492
0496
0500
0502
0506
0508
0510
0510
0512
0512
0512
0512
0514
0514
0516
0516
0518
0518
0518
0516
0514
0512
0512
0512
0510
0510
0510
0510
0508
0506
0504
0504
0504
0506
0508
0508
0508
0508
0506
0506
0504
0504
0506
0508
0510
0512
0514
0516
0518
0520
0524
0526
0528
0530
0530
0532
0532
0534
0534
0532
0532
0532
0532
0530
0528
0528
0530
0530
0530
0532
0534
0536
0538
0540
0546
0550
0556
0560
0562
0564
0566
0566
0570
0570
0572
0574
0576
0576
0578
0578
0578
0580
0585
0587
0591
0593
0595
0597
0601
0605
0609
0611
0615
0617
0619
0619
0621
0621
0623
0627
0631
0635
0635
0637
0639
0641
0643
0647
0651
0655
0659
0661
0663
0665
0669
0673
0679
0687
0693
0699
0705
0707
0711
0715
0721
0725
0727
0729
0731
0733
0735
0735
0735
0737
0739
0741
0741
0739
0739
0741
0745
0747
0749
0749
0749
0751
0751
0751
0747
0747
0747
0747
0747
0745
0743
0741
0741
0739
0739
0739
0739
0741
0743
0745
0745
0745
0745
0743
0741
0739
0737
0735
0733
0731
0731
0729
0727
0725
0725
0725
0725
0725
0723
0721
0717
0711
0707
0705
0701
0697
0693
0691
0691
0691
0691
0691
0691
0693
0693
0693
0695
0695
0699
0701
0701
0699
0697
0695
0693
0689
0689
0687
0687
0687
0687
0687
0687
0687
0687
0689
0691
0693
0695
0697
0697
0697
0697
0697
0697
0699
0701
0705
0707
0711
0717
0723
0741
0782
0814
0848
0876
0888
0890
0892
0892
0894
0896
0898
0900
0898
0894
0888
0880
0872
0862
0852
0836
0804
0775
0743
0713
0687
0673
0665
0659
0655
0653
0653
0655
0655
0653
0653
0655
0659
0663
0661
0647
0599
0506
0392
0271
0164
0112
0094
0146
0299
0613
1063
1632
2255
2852
3310
3530
3445
3069
2478
1805
1188
0715
0412
0245
0195
0186
0233
0345
0480
0601
0667
0683
0695
0705
0707
0709
0713
0717
0719
0723
0727
0731
0737
0745
0751
0757
0761
0767
0773
0780
0784
0790
0794
0800
0806
0810
0816
0822
0826
0832
0836
0842
0846
0850
0854
0858
0862
0868
0872
0878
0884
0888
0894
0900
0904
0908
0910
0914
0918
0920
0924
0926
0928
0934
0938
0944
0950
0956
0968
0983
0995
1009
1021
1035
1049
1061
1073
1087
1105
1131
1157
1180
1198
1218
1234
1256
1282
1310
1326
1338
1348
1354
1358
1358
1358
1354
1346
1334
1314
1274
1236
1192
1139
1085
1027
0968
0906
0848
0790
0737
0689
0641
0605
0578
0546
0522
0506
0492
0484
0476
0472
0468
0464
0462
0460
0456
0454
0452
0450
0450
0450
0452
0454
0458
0466
0474
0482
0488
0494
0500
0504
0508
0514
0518
0522
0526
0530
0534
0534
0536
0538
0538
0540
0544
0546
0552
0556
0560
0562
0566
0568
0570
0572
0574
0574
0574
0574
0574
0576
0576
0576
0576
0576
0576
0576
0576
0576
0576
0574
0574
0574
0572
0568
0564
0560
0558
0554
0550
0548
0544
0542
0540
0540
0540
0540
0540
0542
0544
0546
0546
0546
0546
0546
0548
0550
0550
0550
0552
0554
0556
0558
0558
0560
0562
0562
0564
0564
0566
0568
0570
0572
0572
0572
0570
0570
0570
0570
0568
0570
0572
0572
0572
0572
0572
0572
0572
0572
0574
0576
0580
0585
0587
0589
0589
0589
0591
0591
0593
0597
0599
0601
0605
0607
0609
0611
0613
0613
0615
0619
0625
0629
0631
0633
0633
0635
0637
0639
0641
0641
0643
0645
0647
0651
0655
0657
0659
0661
0665
0667
0669
0671
0671
0675
0677
0681
0683
0685
0687
0687
0687
0687
0687
0689
0691
0691
0693
0693
0695
0697
0697
0697
0697
0697
0699
0701
0703
0703
0703
0703
0705
0705
0705
0703
0703
0703
0703
0705
0705
0705
0705
0707
0707
0709
0711
0713
0715
0717
0721
0721
0723
0723
0723
0723
0723
0721
0719
0719
0719
0717
0717
0717
0715
0715
0713
0711
0711
0709
0707
0705
0703
0701
0697
0693
0689
0687
0689
0691
0693
0697
0703
0707
0715
0725
0741
0771
0790
0798
0806
0810
0814
0814
0812
0808
0800
0792
0784
0777
0773
0769
0767
0765
0763
0761
0761
0761
0759
0753
0741
0717
0651
0558
0452
0343
0249
0215
0237
0303
0520
0870
1348
1929
2559
3142
3566
3729
3584
3152
2524
1843
1244
0790
0494
0331
0271
0271
0335
0456
0580
0683
0727
0735
0743
0751
0757
0759
0761
0761
0761
0761
0763
0767
0773
0777
0782
0786
0790
0792
0794
0796
0800
0804
0806
0810
0814
0818
0824
0828
0834
0840
0846
0850
0856
0860
0864
0868
0872
0876
0880
0882
0884
0886
0890
0894
0900
0906
0910
0914
0920
0924
0930
0936
0944
0952
0962
0972
0979
0985
0991
0995
1001
1009
1021
1033
1045
1059
1075
1089
1105
1119
1131
1141
1151
1165
1182
1198
1220
1244
1260
1274
1286
1296
1302
1302
1300
1294
1286
1272
1246
1198
1149
1097
1045
0991
0940
0890
0844
0794
0739
0691
0641
0595
0558
0530
0498
0488
0482
0478
0470
0466
0460
0458
0456
0456
0454
0452
0452
0452
0452
0452
0450
0450
0450
0450
0450
0452
0454
0456
0458
0462
0466
0470
0474
0478
0484
0488
0494
0498
0502
0506
0510
0512
0516
0518
0520
0522
0526
0528
0532
0534
0536
0540
0544
0546
0548
0550
0552
0554
0554
0556
0556
0556
0554
0554
0552
0550
0550
0548
0546
0544
0544
0544
0542
0542
0542
0542
0540
0540
0538
0536
0536
0534
0532
0532
0532
0532
0532
0532
0532
0534
0534
0536
0538
0540
0540
0542
0542
0542
0540
0540
0538
0536
0536
0534
0534
0534
0536
0536
0536
0538
0540
0544
0546
0548
0550
0552
0556
0558
0560
0562
0566
0568
0570
0572
0574
0576
0576
0578
0580
0582
0585
0587
0589
0589
0589
0589
0589
0591
0591
0591
0591
0591
0591
0593
0597
0599
0603
0605
0607
0611
0615
0619
0623
0625
0629
0631
0635
0635
0637
0637
0637
0639
0639
0639
0639
0641
0641
0641
0643
0643
0645
0647
0651
0655
0657
0657
0657
0657
0657
0657
0657
0657
0657
0657
0657
0657
0659
0661
0663
0665
0669
0673
0677
0679
0683
0687
0689
0691
0693
0695
0697
0699
0697
0697
0693
0691
0689
0687
0685
0685
0683
0685
0685
0685
0685
0685
0685
0687
0689
0691
0695
0697
0701
0703
0703
0703
0703
0701
0701
0699
0699
0699
0697
0695
0691
0689
0685
0681
0679
0677
0675
0675
0673
0671
0669
0667
0665
0665
0661
0661
0659
0659
0659
0659
0661
0665
0669
0673
0679
0685
0693
0703
0717
0747
0773
0796
0806
0812
0818
0822
0824
0826
0828
0828
0828
0828
0826
0826
0826
0826
0828
0830
0834
0836
0838
0840
0840
0840
0832
0820
0790
0707
0609
0500
0394
0331
0311
0359
0514
0818
1256
1809
2436
3075
3618
3908
3924
3696
3148
2454
1767
1198
0798
0552
0448
0412
0444
0540
0669
0777
0834
0842
0850
0858
0864
0868
0870
0870
0868
0866
0866
0866
0870
0874
0880
0884
0886
0888
0890
0894
0898
0902
0906
0910
0912
0916
0918
0918
0920
0924
0928
0932
0938
0944
0948
0952
0956
0960
0962
0966
0970
0975
0979
0981
0985
0987
0991
0993
0995
0999
1001
1007
1011
1017
1023
1027
1033
1039
1045
1053
1061
1071
1087
1105
1119
1131
1143
1159
1182
1202
1222
1244
1266
1286
1306
1326
1346
1362
1375
1383
1391
1395
1401
1401
1401
1395
1385
1371
1342
1296
1250
1196
1135
1085
1009
0934
0880
0814
0757
0705
0653
0613
0582
0550
0522
0500
0480
0464
0456
0450
0446
0442
0438
0436
0434
0434
0434
0434
0434
0436
0438
0440
0442
0442
0444
0448
0450
0452
0454
0456
0458
0462
0464
0468
0472
0476
0478
0482
0486
0490
0490
0492
0494
0498
0500
0502
0504
0506
0510
0512
0516
0518
0520
0522
0526
0528
0530
0530
0530
0530
0532
0532
0534
0534
0534
0534
0536
0536
0538
0538
0540
0542
0544
0548
0550
0550
0552
0552
0554
0556
0558
0558
0558
0558
0558
0556
0556
0556
0556
0558
0560
0562
0564
0564
0566
0568
0570
0572
0576
0580
0582
0587
0589
0591
0591
0593
0593
0593
0593
0593
0595
0595
0595
0597
0597
0597
0599
0601
0603
0605
0607
0609
0611
0613
0617
0619
0619
0623
0625
0627
0629
0631
0633
0637
0641
0645
0647
0649
0653
0655
0657
0659
0659
0661
0663
0665
0667
0669
0673
0675
0677
0679
0681
0685
0687
0691
0695
0701
0705
0707
0709
0713
0715
0717
0719
0723
0725
0729
0731
0735
0739
0741
0745
0749
0751
0753
0755
0757
0759
0759
0761
0761
0763
0763
0763
0763
0763
0761
0761
0759
0757
0755
0755
0751
0749
0747
0743
0737
0733
0729
0725
0719
0715
0713
0709
0707
0705
0699
0695
0691
0685
0683
0679
0675
0671
0665
0657
0651
0645
0641
0637
0635
0633
0629
0625
0623
0619
0615
0611
0609
0605
0603
0601
0599
0597
0593
0589
0585
0582
0578
0576
0574
0572
0570
0570
0568
0568
0568
0566
0566
0566
0566
0564
0564
0562
0562
0562
0562
0562
0560
0560
0558
0558
0556
0556
0554
0556
0556
0556
0558
0558
0560
0562
0566
0570
0574
0580
0587
0593
0599
0605
0617
0647
0673
0701
0719
0739
0753
0761
0765
0767
0769
0773
0775
0777
0780
0780
0775
0767
0755
0741
0723
0695
0665
0639
0617
0601
0589
0582
0580
0576
0574
0572
0572
0570
0568
0570
0572
0572
0572
0562
0546
0496
0414
0309
0195
0086
0020
0000
0050
0203
0516
0968
1543
2191
2838
3369
3608
3602
3308
2723
2032
1362
0830
0464
0243
0122
0080
0104
0184
0329
0464
0568
0613
0627
0637
0645
0647
0647
0647
0645
0647
0649
0653
0657
0661
0665
0669
0675
0681
0687
0695
0703
0709
0717
0725
0731
0739
0745
0749
0753
0755
0759
0763
0765
0771
0775
0782
0788
0794
0800
0806
0814
0820
0828
0836
0842
0850
0856
0862
0868
0874
0882
0888
0896
0906
0920
0934
0946
0958
0970
0985
0999
1013
1025
1037
1049
1063
1077
1091
1107
1123
1143
1163
1186
1212
1242
1270
1292
1312
1326
1336
1344
1350
1356
1362
1367
1367
1360
1346
1328
1296
1246
1198
1145
1087
1029
0970
0912
0854
0800
0747
0699
0653
0607
0568
0540
0506
0486
0472
0460
0450
0444
0440
0438
0436
0434
0434
0434
0436
0436
0436
0438
0438
0438
0438
0438
0440
0440
0440
0442
0444
0446
0450
0454
0458
0464
0468
0474
0480
0486
0490
0494
0500
0504
0508
0512
0516
0518
0520
0522
0524
0526
0528
0530
0532
0534
0536
0540
0544
0548
0550
0552
0554
0558
0560
0560
0562
0564
0564
0566
0566
0568
0568
0568
0568
0568
0568
0568
0568
0568
0566
0566
0566
0568
0568
0568
0568
0570
0570
0572
0572
0574
0576
0578
0582
0585
0589
0591
0593
0595
0597
0597
0599
0601
0603
0605
0607
0609
0611
0613
0613
0615
0617
0617
0617
0619
0621
0621
0623
0623
0623
0623
0623
0623
0623
0625
0625
0625
0627
0627
0627
0629
0629
0629
0629
0629
0631
0633
0635
0637
0637
0639
0639
0643
0645
0647
0649
0651
0653
0655
0657
0657
0657
0657
0659
0659
0659
0659
0659
0657
0657
0657
0657
0657
0657
0659
0659
0659
0659
0657
0657
0657
0655
0653
0653
0653
0653
0653
0655
0653
0653
0653
0651
0651
0651
0651
0653
0655
0661
0665
0667
0671
0673
0675
0679
0683
0687
0691
0695
0699
0703
0705
0705
0705
0705
0707
0707
0707
0707
0707
0707
0705
0705
0705
0705
0705
0705
0707
0711
0713
0717
0721
0725
0733
0753
0775
0800
0822
0842
0858
0868
0876
0880
0884
0890
0894
0898
0902
0902
0902
0898
0892
0882
0872
0860
0846
0824
0784
0751
0721
0699
0679
0667
0661
0657
0655
0653
0651
0649
0647
0647
0651
0653
0649
0637
0619
0564
0480
0377
0267
0164
0114
0098
0152
0315
0633
1087
1654
2289
2916
3415
3668
3600
3218
2609
1909
1270
0792
0482
0305
0221
0190
0219
0297
0428
0554
0655
0691
0701
0707
0713
0717
0717
0715
0715
0715
0717
0719
0723
0727
0735
0741
0747
0751
0755
0761
0765
0769
0773
0780
0784
0790
0794
0798
0802
0806
0812
0816
0822
0826
0832
0836
0842
0848
0852
0858
0862
0868
0872
0876
0880
0882
0886
0888
0892
0896
0900
0906
0914
0922
0930
0940
0948
0956
0968
0979
0991
1005
1017
1029
1041
1055
1069
1085
1101
1121
1139
1157
1176
1196
1218
1238
1258
1276
1288
1296
1302
1308
1314
1318
1322
1322
1314
1300
1280
1242
1186
1135
1081
1023
0964
0908
0852
0798
0743
0695
0647
0607
0574
0538
0512
0490
0474
0466
0462
0458
0456
0452
0448
0446
0446
0446
0448
0450
0454
0458
0460
0464
0466
0470
0474
0478
0484
0490
0494
0500
0506
0510
0514
0520
0524
0532
0538
0546
0556
0562
0568
0572
0574
0578
0580
0582
0587
0589
0591
0591
0593
0593
0595
0595
0597
0599
0599
0599
0597
0597
0595
0593
0591
0589
0587
0585
0582
0580
0578
0576
0574
0572
0570
0568
0568
0566
0566
0564
0564
0564
0564
0562
0562
0562
0562
0564
0564
0566
0566
0566
0566
0566
0568
0568
0570
0572
0572
0574
0574
0576
0578
0580
0582
0585
0589
0591
0593
0593
0595
0595
0597
0597
0599
0599
0599
0599
0597
0597
0599
0599
0601
0605
0607
0609
0611
0615
0617
0621
0623
0627
0629
0631
0631
0633
0633
0633
0635
0635
0637
0637
0639
0641
0643
0645
0647
0649
0651
0653
0653
0655
0659
0663
0667
0669
0671
0675
0675
0677
0679
0681
0681
0683
0683
0683
0685
0685
0685
0685
0687
0687
0689
0691
0693
0695
0699
0701
0703
0705
0705
0707
0709
0713
0715
0717
0717
0719
0721
0721
0721
0723
0723
0723
0721
0721
0721
0719
0719
0719
0717
0717
0717
0717
0715
0715
0713
0711
0711
0709
0707
0705
0705
0705
0703
0701
0701
0701
0701
0701
0699
0699
0697
0695
0695
0695
0693
0691
0691
0689
0687
0685
0685
0685
0685
0687
0689
0691
0693
0695
0697
0699
0703
0705
0705
0705
0707
0709
0709
0709
0709
0709
0707
0707
0705
0705
0703
0701
0699
0697
0693
0689
0685
0681
0679
0679
0681
0687
0699
0711
0723
0737
0747
0757
0769
0777
0784
0788
0786
0780
0771
0761
0751
0743
0735
0729
0725
0723
0721
0723
0723
0723
0723
0725
0729
0725
0715
0697
0627
0528
0416
0301
0201
0162
0184
0255
0490
0866
1383
1996
2647
3242
3662
3813
3644
3184
2524
1811
1182
0711
0422
0287
0249
0279
0353
0480
0601
0677
0691
0703
0713
0721
0723
0723
0723
0723
0725
0727
0729
0733
0737
0743
0747
0751
0757
0761
0765
0769
0773
0775
0780
0784
0788
0792
0794
0798
0802
0806
0808
0812
0816
0820
0822
0826
0830
0834
0838
0844
0848
0850
0854
0860
0864
0868
0872
0878
0884
0890
0896
0900
0904
0910
0916
0924
0930
0940
0948
0958
0968
0977
0983
0991
0999
1009
1021
1039
1057
1073
1091
1109
1125
1143
1165
1188
1202
1216
1228
1238
1248
1252
1256
1254
1252
1244
1234
1222
1206
1174
1117
1069
1019
0968
0918
0868
0816
0769
0735
0701
0663
0627
0591
0560
0532
0510
0492
0484
0478
0470
0464
0460
0456
0454
0454
0454
0456
0460
0464
0466
0468
0472
0476
0480
0484
0486
0488
0492
0496
0500
0504
0508
0512
0516
0520
0522
0524
0526
0530
0532
0534
0534
0536
0536
0538
0540
0542
0542
0546
0548
0550
0554
0556
0558
0562
0564
0566
0566
0566
0566
0566
0566
0566
0564
0562
0562
0560
0558
0556
0554
0552
0552
0550
0548
0548
0548
0548
0548
0548
0548
0548
0548
0550
0552
0552
0552
0554
0554
0556
0556
0556
0556
0556
0556
0558
0558
0558
0560
0562
0562
0564
0564
0566
0570
0572
0574
0576
0578
0580
0580
0582
0582
0585
0587
0589
0589
0591
0593
0595
0597
0599
0601
0601
0603
0603
0605
0605
0607
0607
0607
0609
0609
0611
0613
0615
0619
0621
0623
0625
0627
0629
0631
0633
0635
0637
0639
0639
0641
0643
0645
0647
0649
0651
0653
0655
0657
0657
0659
0661
0661
0661
0663
0663
0665
0665
0667
0667
0669
0671
0675
0677
0679
0681
0683
0685
0689
0689
0691
0693
0693
0693
0693
0691
0689
0689
0689
0689
0689
0689
0691
0691
0695
0697
0697
0699
0699
0701
0703
0703
0703
0703
0701
0701
0699
0699
0697
0697
0697
0699
0699
0701
0701
0701
0701
0703
0703
0703
0703
0703
0703
0703
0703
0703
0705
0705
0705
0705
0705
0705
0705
0705
0705
0705
0705
0703
0703
0701
0699
0697
0697
0695
0693
0689
0685
0681
0675
0673
0669
0669
0673
0677
0683
0693
0701
0709
0719
0729
0737
0747
0755
0763
0767
0771
0773
0773
0769
0763
0755
0745
0735
0725
0717
0709
0707
0705
0705
0705
0699
0695
0695
0693
0691
0675
0649
0568
0464
0349
0225
0178
0152
0176
0339
0655
1113
1696
2360
3021
3566
3821
3821
3534
2933
2201
1493
0918
0522
0291
0229
0213
0261
0385
0508
0611
0651
0663
0667
0671
0671
0669
0667
0665
0665
0667
0667
0669
0671
0675
0679
0683
0687
0691
0697
0701
0703
0705
0709
0711
0715
0717
0721
0725
0729
0735
0739
0745
0749
0755
0759
0763
0767
0771
0775
0780
0784
0788
0790
0794
0798
0802
0806
0810
0816
0822
0828
0834
0842
0848
0854
0862
0868
0872
0878
0884
0892
0900
0912
0922
0932
0944
0954
0964
0977
0991
1011
1031
1049
1067
1087
1111
1135
1159
1176
1190
1200
1208
1214
1214
1212
1204
1192
1176
1145
1097
1055
1005
0948
0892
0834
0780
0725
0677
0631
0578
0534
0500
0468
0436
0406
0390
0381
0373
0375
0402
0438
0480
0520
