1670
1322
0976
0659
0401
0264
0266
0337
0381
0421
0457
0487
0502
0507
0513
0520
0517
0484
0432
0376
0328
0277
0185
0094
0051
0019
0000
0019
0082
0160
0251
0300
0378
0469
0571
0661
0703
0732
0746
0766
0788
0814
0844
0877
0963
1080
1216
1365
1526
1710
1925
2154
2374
2576
2753
2895
3004
3110
3220
3331
3415
3443
3458
3458
3450
3433
3410
3369
3323
3267
3197
3148
3123
3106
3086
3062
3035
3002
2972
2956
2944
2934
2928
2925
2925
2928
2936
2946
2959
2976
3002
3024
3052
3096
3128
3141
3153
3162
3174
3184
3191
3200
3214
3243
3300
3336
3356
3371
3386
3399
3410
3420
3430
3440
3450
3460
3471
3485
3496
3513
3529
3543
3552
3564
3582
3609
3640
3681
3736
3776
3800
3819
3835
3848
3861
3868
3868
3860
3850
3845
3840
3833
3830
3827
3827
3832
3842
3853
3865
3878
3896
3911
3918
3919
3923
3928
3929
3931
3931
3929
3928
3924
3923
3921
3921
3921
3921
3921
3924
3929
3934
3939
3944
3949
3952
3956
3961
3971
3982
3992
4000
4007
4010
4014
4018
4023
4027
4028
4028
4030
4035
4042
4052
4061
4070
4080
4088
4095
4095
4091
4085
4075
4063
4038
3989
3957
3941
3929
3921
3913
3906
3898
3890
3883
3878
3873
3868
3861
3853
3845
3835
3825
3812
3797
3781
3766
3752
3741
3729
3716
3705
3696
3696
3701
3708
3714
3721
3731
3739
3739
3733
3718
3693
3652
3605
3584
3579
3574
3574
3592
3605
3617
3627
3632
3630
3619
3599
3582
3569
3556
3539
3523
3513
3513
3514
3518
3519
3519
3523
3529
3536
3541
3536
3521
3496
3453
3399
3379
3369
3361
3351
3343
3336
3329
3316
3301
3336
3359
3372
3384
3392
3399
3402
3400
3397
3394
3389
3384
3371
3353
3387
3409
3422
3435
3447
3455
3457
3458
3462
3462
3460
3455
3447
3432
3415
3397
3318
3124
2890
2657
2447
2272
2140
2085
2065
2106
2235
2440
2675
2913
3133
3298
3394
3438
3462
3478
3488
3486
3470
3450
3433
3415
3402
3395
3397
3404
3414
3430
3463
3493
3513
3511
3481
3460
3443
3427
3417
3415
3425
3438
3453
3470
3491
3503
3495
3476
3457
3430
3402
3384
3367
3357
3354
3361
3367
3374
3379
3382
3387
3389
3389
3387
3384
3377
3369
3357
3348
3336
3326
3315
3305
3296
3290
3283
3278
3270
3263
3255
3248
3242
3234
3222
3215
3225
3245
3260
3273
3285
3291
3291
3286
3276
3267
3255
3238
3224
3224
3242
3267
3290
3316
3338
3341
3338
3333
3328
3323
3319
3318
3323
3331
3339
3348
3359
3371
3379
3377
3367
3354
3339
3323
3315
3328
3351
3366
3377
3389
3395
3400
3404
3407
3409
3410
3412
3412
3412
3410
3410
3412
3415
3420
3424
3427
3427
3430
3437
3443
3452
3457
3462
3467
3471
3475
3478
3476
3473
3467
3458
3448
3438
3429
3415
3402
3399
3397
3395
3392
3389
3386
3384
3382
3379
3377
3376
3374
3376
3379
3382
3382
3381
3379
3377
3372
3377
3399
3410
3420
3430
3438
3442
3438
3427
3412
3397
3387
3374
3361
3349
3339
3334
3338
3346
3354
3364
3376
3392
3417
3438
3455
3473
3493
3506
3518
3529
3534
3524
3496
3455
3405
3367
3326
3298
3280
3268
3268
3281
3308
3349
3397
3422
3437
3442
3432
3414
3400
3387
3377
3374
3374
3374
3372
3371
3371
3371
3369
3367
3366
3364
3361
3357
3356
3353
3349
3346
3339
3329
3319
3315
3318
3326
3338
3349
3364
3376
3376
3362
3346
3336
3328
3319
3315
3310
3308
3310
3318
3328
3339
3349
3359
3371
3381
3389
3394
3399
3404
3410
3422
3440
3440
3424
3410
3400
3394
3392
3399
3412
3429
3450
3480
3490
3506
3501
3443
3348
3199
3007
2769
2487
2202
1988
1893
1963
2212
2582
2987
3331
3543
3599
3617
3584
3524
3486
3467
3478
3514
3536
3544
3538
3511
3440
3359
3329
3329
3351
3379
3425
3460
3478
3491
3496
3493
3480
3460
3424
3387
3367
3356
3381
3424
3450
3458
3465
3462
3445
3433
3422
3410
3394
3377
3356
3329
3328
3344
3362
3379
3381
3362
3346
3328
3328
3341
3349
3356
3359
3361
3361
3356
3348
3334
3313
3268
3235
3219
3207
3199
3192
3191
3189
3186
3181
3176
3176
3184
3199
3210
3224
3232
3235
3229
3215
3200
3191
3179
3166
3156
3154
3159
3174
3197
3272
3344
3364
3377
3386
3391
3392
3394
3395
3397
3397
3399
3400
3402
3402
3404
3409
3415
3422
3427
3432
3440
3457
3471
3473
3465
3448
3422
3387
3369
3357
3351
3353
3366
3384
3392
3399
3407
3415
3422
3429
3432
3435
3438
3440
3440
3438
3437
3433
3430
3425
3422
3419
3414
3409
3400
3392
3384
3362
3290
3184
3001
2728
2389
2045
1783
1707
1733
1953
2316
2726
3080
3324
3384
3399
3407
3412
3415
3424
3430
3435
3442
3448
3457
3467
3471
3478
3485
3490
3496
3503
3511
3518
3524
3529
3534
3539
3543
3548
3551
3556
3559
3564
3569
3571
3572
3577
3587
3584
3559
3541
3526
3513
3500
3488
3478
3463
3442
3437
3443
3448
3452
3453
3455
3453
3450
3443
3433
3422
3409
3386
3357
3344
3336
3331
3326
3321
3316
3311
3306
3301
3298
3295
3290
3286
3285
3280
3268
3257
3252
3257
3265
3273
3276
3278
3280
3280
3283
3288
3293
3298
3301
3305
3306
3308
3311
3315
3316
3319
3323
3329
3336
3346
3357
3369
3379
3392
3409
3419
3410
3392
3382
3372
3364
3357
3356
3359
3366
3372
3381
3392
3412
3415
3419
3420
3422
3410
3392
3381
3371
3364
3357
3356
3359
3364
3372
3384
3410
3442
3453
3462
3467
3467
3450
3432
3424
3417
3410
3404
3395
3391
3386
3382
3381
3381
3381
3382
3384
3387
3392
3394
3397
3400
3402
3405
3412
3419
3422
3420
3414
3404
3394
3381
3361
3394
3417
3430
3442
3452
3458
3460
3458
3453
3448
3443
3438
3427
3407
3435
3457
3468
3478
3486
3491
3491
3488
3483
3478
3473
3467
3462
3455
3448
3443
3438
3435
3432
3427
3420
3412
3407
3402
3397
3392
3387
3382
3381
3381
3381
3381
3379
3376
3374
3384
3399
3409
3412
3415
3419
3422
3427
3432
3437
3440
3443
3445
3448
3450
3452
3453
3453
3453
3453
3455
3457
3460
3462
3463
3463
3463
3462
3457
3448
3438
3429
3420
3414
3409
3404
3399
3394
3387
3382
3376
3371
3366
3361
3356
3351
3348
3344
3338
3326
3300
3300
3326
3346
3361
3374
3382
3391
3394
3400
3407
3414
3420
3429
3435
3442
3448
3457
3468
3478
3476
3465
3447
3430
3410
3395
3387
3382
3377
3374
3369
3366
3364
3364
3369
3376
3387
3399
3430
3462
3473
3481
3455
3414
3369
3339
3321
3303
3283
3258
3234
3257
3291
3336
3381
3407
3415
3419
3420
3424
3427
3429
3425
3419
3410
3400
3392
3387
3379
3371
3366
3366
3367
3371
3377
3386
3399
3420
3430
3440
3447
3424
3404
3392
3384
3374
3361
3348
3336
3328
3319
3311
3303
3296
3290
3285
3281
3280
3276
3273
3268
3263
3237
3186
3169
3171
3192
3212
3230
3252
3278
3316
3376
3427
3462
3463
3443
3432
3424
3417
3412
3407
3405
3404
3404
3404
3404
3405
3410
3417
3425
3435
3457
3491
3521
3521
3470
3338
3115
2810
2455
2113
1847
1746
1758
1913
2192
2521
2848
3128
3316
3405
3443
3453
3460
3465
3468
3471
3476
3480
3485
3490
3495
3500
3506
3513
3518
3524
3531
3538
3543
3549
3552
3554
3554
3549
3544
3538
3531
3524
3519
3514
3510
3503
3495
3488
3480
3473
3465
3457
3448
3440
3433
3429
3424
3420
3417
3414
3412
3412
3412
3412
3409
3405
3402
3399
3395
3392
3392
3389
3386
3381
3377
3372
3369
3367
3364
3359
3353
3346
3339
3333
3324
3318
3313
3306
3301
3296
3295
3291
3290
3288
3285
3283
3281
3281
3281
3281
3286
3295
3306
3323
3349
3386
3386
3386
3387
3387
3389
3391
3387
3381
3374
3364
3353
3354
3382
3422
3465
3485
3498
3510
3523
3539
3554
3564
3574
3582
3589
3594
3595
3592
3586
3576
3567
3559
3554
3549
3543
3538
3533
3526
3518
3511
3503
3496
3490
3485
3481
3480
3478
3476
3473
3468
3463
3458
3455
3452
3448
3445
3443
3442
3443
3447
3450
3453
3457
3462
3468
3480
3457
3435
3422
3409
3397
3387
3377
3364
3346
3344
3361
3369
3376
3382
3389
3392
3394
3394
3395
3395
3395
3395
3394
3391
3387
3382
3381
3381
3379
3379
3374
3367
3362
3362
3369
3377
3384
3389
3392
3397
3402
3409
3412
3414
3412
3409
3405
3402
3399
3397
3394
3392
3387
3386
3386
3387
3389
3391
3391
3391
3391
3391
3391
3391
3389
3386
3382
3381
3379
3377
3376
3372
3369
3367
3364
3359
3353
3344
3341
3343
3351
3361
3372
3379
3387
3392
3399
3404
3407
3404
3395
3386
3371
3357
3346
3334
3319
3306
3298
3295
3295
3296
3300
3301
3303
3306
3308
3311
3315
3318
3321
3324
3329
3331
3334
3334
3333
3329
3328
3324
3321
3318
3315
3313
3311
3311
3310
3308
3301
3295
3308
3336
3367
3402
3427
3443
3460
3470
3470
3457
3433
3392
3353
3334
3323
3326
3354
3382
3407
3409
3384
3316
3176
2974
2730
2462
2216
2029
1945
1945
2034
2225
2501
2804
3100
3333
3503
3551
3566
3571
3556
3529
3514
3505
3496
3488
3483
3480
3478
3478
3478
3480
3481
3485
3486
3490
3493
3498
3503
3505
3500
3495
3486
3480
3475
3470
3462
3453
3447
3445
3445
3447
3450
3453
3457
3462
3468
3476
3481
3483
3473
3460
3450
3443
3437
3429
3422
3417
3412
3405
3399
3392
3386
3379
3374
3372
3371
3367
3362
3357
3349
3339
3329
3318
3308
3300
3291
3285
3281
3276
3273
3268
3263
3258
3257
3257
3260
3265
3270
3276
3283
3290
3298
3311
3326
3346
3367
3386
3402
3420
3438
3458
3475
3491
3506
3524
3541
3551
3556
3559
3561
3564
3566
3571
3576
3579
3582
3582
3582
3584
3584
3586
3586
3586
3582
3582
3584
3587
3587
3571
3544
3516
3483
3462
3450
3437
3422
3425
3462
3501
3544
3576
3594
3610
3624
3628
3624
3609
3592
3582
3574
3564
3554
3546
3536
3528
3518
3506
3493
3481
3471
3465
3462
3458
3457
3453
3448
3443
3438
3432
3427
3420
3415
3414
3412
3412
3412
3410
3410
3410
3410
3410
3410
3407
3404
3402
3400
3400
3399
3399
3397
3397
3397
3397
3399
3395
3391
3386
3382
3382
3387
3392
3394
3397
3399
3404
3410
3419
3422
3422
3417
3409
3399
3391
3384
3377
3367
3354
3344
3338
3338
3343
3349
3356
3361
3367
3377
3389
3397
3397
3391
3377
3361
3339
3313
3310
3303
3296
3315
3333
3344
3356
3367
3376
3381
3387
3392
3400
3407
3407
3399
3386
3369
3357
3343
3329
3321
3319
3324
3331
3339
3344
3349
3356
3359
3362
3362
3359
3351
3341
3331
3321
3315
3306
3298
3288
3278
3272
3265
3258
3253
3247
3242
3238
3235
3232
3229
3225
3220
3217
3214
3214
3215
3220
3229
3238
3250
3262
3273
3285
3296
3306
3316
3326
3334
3344
3351
3359
3366
3374
3384
3395
3410
3422
3432
3442
3453
3467
3476
3475
3462
3435
3359
3207
2979
2683
2349
2016
1738
1601
1602
1741
2054
2435
2787
3081
3275
3389
3445
3485
3513
3514
3486
3440
3400
3387
3377
3372
3376
3400
3430
3447
3458
3471
3483
3495
3503
3510
3513
3513
3513
3514
3514
3514
3513
3511
3510
3510
3473
3453
3447
3438
3433
3429
3425
3422
3420
3415
3410
3404
3399
3392
3391
3386
3381
3376
3369
3362
3357
3351
3343
3333
3323
3313
3306
3300
3295
3288
3285
3280
3278
3278
3278
3278
3280
3280
3280
3280
3281
3283
3285
3286
3285
3285
3283
3285
3288
3291
3295
3298
3301
3306
3313
3321
3329
3341
3356
3371
3387
3405
3422
3435
3443
3450
3455
3458
3460
3462
3463
3465
3468
3475
3483
3491
3500
3508
3516
3526
3538
3546
3556
3566
3579
3595
3614
3627
3633
3632
3628
3625
3620
3617
3614
3612
3607
3602
3597
3592
3589
3586
3584
3584
3584
3584
3584
3582
3581
3576
3572
3567
3562
3556
3549
3543
3536
3529
3524
3518
3505
3488
3473
3463
3460
3460
3460
3460
3460
3458
3458
3462
3463
3468
3470
3471
3473
3473
3473
3471
3470
3467
3465
3462
3462
3462
3462
3460
3458
3458
3458
3458
3460
3460
3460
3458
3458
3457
3455
3453
3452
3450
3447
3445
3442
3438
3433
3427
3422
3409
3372
3336
3311
3293
3275
3253
3229
3202
3176
3149
3126
3110
3095
3083
3068
3052
3039
3040
3065
3090
3101
3108
3115
3121
3128
3134
3139
3146
3151
3154
3158
3161
3161
3161
3162
3164
3166
3169
3172
3174
3174
3177
3181
3187
3191
3194
3196
3199
3205
3215
3225
3230
3227
3215
3200
3189
3181
3172
3161
3148
3136
3129
3128
3133
3139
3146
3151
3156
3162
3169
3177
3184
3189
3194
3197
3202
3209
3217
3222
3229
3232
3237
3243
3250
3257
3265
3272
3280
3286
3293
3301
3308
3313
3316
3319
3324
3331
3339
3349
3359
3367
3376
3384
3392
3397
3402
3407
3412
3419
3437
3463
3433
3348
3186
2959
2678
2371
2088
1926
1873
1936
2123
2427
2766
3090
3351
3523
3561
3564
3564
3566
3567
3567
3562
3551
3539
3528
3519
3510
3496
3483
3473
3471
3476
3485
3493
3501
3508
3521
3534
3541
3534
3521
3508
3501
3498
3496
3496
3495
3493
3490
3488
3486
3485
3483
3480
3475
3468
3465
3463
3460
3458
3453
3448
3440
3432
3420
3397
3374
3361
3357
3354
3354
3353
3353
3351
3351
3351
3351
3351
3351
3351
3351
3348
3346
3343
3341
3339
3338
3336
3334
3333
3336
3341
3346
3351
3361
3372
3338
3311
3293
3280
3268
3265
3268
3281
3301
3323
3354
3404
3440
3467
3488
3506
3524
3543
3559
3577
3592
3597
3590
3576
3559
3541
3518
3505
3521
3552
3579
3604
3627
3640
3652
3673
3698
3663
3604
3559
3551
3549
3546
3544
3543
3543
3539
3538
3534
3533
3533
3533
3533
3534
3534
3534
3533
3533
3533
3533
3529
3528
3524
3523
3523
3524
3526
3528
3528
3528
3528
3526
3526
3524
3521
3516
3513
3510
3508
3508
3506
3505
3500
3495
3490
3481
3471
3460
3448
3435
3424
3415
3412
3410
3409
3410
3412
3414
3415
3415
3414
3407
3410
3440
3452
3460
3468
3475
3481
3486
3491
3498
3503
3506
3510
3510
3506
3501
3496
3491
3485
3478
3473
3467
3462
3457
3452
3450
3448
3447
3445
3442
3438
3432
3425
3419
3412
3409
3407
3407
3407
3407
3409
3410
3412
3414
3415
3417
3414
3412
3409
3414
3429
3443
3457
3473
3490
3498
3493
3480
3465
3457
3448
3442
3437
3430
3422
3415
3409
3402
3399
3399
3399
3395
3392
3391
3382
3369
3357
3354
3356
3356
3356
3354
3354
3353
3353
3354
3357
3361
3364
3367
3369
3372
3374
3377
3382
3387
3392
3395
3402
3410
3420
3430
3442
3452
3460
3468
3476
3485
3491
3500
3510
3524
3551
3566
3552
3518
3420
3273
3060
2797
2506
2214
1968
1864
1873
2034
2346
2738
3111
3376
3440
3455
3468
3476
3483
3490
3493
3493
3493
3491
3486
3481
3473
3465
3455
3447
3440
3435
3430
3420
3409
3395
3389
3386
3387
3392
3397
3402
3407
3412
3417
3424
3429
3430
3427
3419
3410
3402
3399
3394
3391
3384
3379
3372
3367
3364
3361
3357
3354
3351
3349
3348
3346
3344
3341
3334
3328
3319
3311
3300
3280
3238
3194
3171
3156
3146
3138
3131
3128
3124
3123
3126
3131
3136
3144
3151
3159
3166
3174
3184
3192
3202
3210
3219
3229
3240
3252
3265
3280
3293
3311
3329
3348
3362
3372
3381
3387
3392
3402
3412
3424
3435
3443
3450
3457
3467
3481
3495
3501
3503
3505
3505
3508
3513
3516
3514
3505
3488
3473
3465
3455
3442
3430
3424
3422
3427
3433
3442
3445
3448
3452
3457
3463
3470
3475
3480
3481
3481
3481
3480
3476
3473
3468
3463
3460
3455
3450
3445
3438
3430
3422
3410
3399
3387
3374
3361
3348
3338
3333
3329
3326
3323
3321
3319
3316
3313
3311
3308
3306
3306
3308
3310
3313
3315
3318
3321
3328
3333
3338
3341
3346
3351
3356
3361
3364
3369
3374
3381
3387
3392
3397
3402
3407
3412
3415
3417
3417
3415
3414
3410
3407
3405
3402
3399
3395
3392
3391
3386
3376
3366
3354
3348
3348
3351
3356
3362
3371
3381
3389
3392
3387
3381
3377
3372
3366
3359
3354
3354
3361
3372
3384
3394
3402
3412
3424
3433
3443
3450
3453
3455
3453
3450
3445
3435
3424
3412
3400
3392
3386
3379
3372
3364
3357
3351
3344
3338
3333
3326
3319
3315
3310
3306
3305
3305
3306
3308
3311
3313
3316
3321
3326
3329
3333
3334
3336
3336
3338
3339
3343
3346
3349
3354
3359
3364
3372
3379
3387
3395
3405
3415
3425
3433
3442
3453
3467
3478
3488
3493
3493
3490
3480
3465
3443
3369
3222
3027
2787
2516
2239
2002
1867
1862
1969
2260
2625
2949
3186
3344
3430
3481
3514
3534
3533
3516
3493
3480
3470
3460
3453
3448
3447
3448
3455
3462
3468
3476
3483
3491
3500
3510
3518
3524
3531
3536
3541
3544
3544
3544
3543
3538
3531
3523
3514
3508
3501
3496
3491
3486
3480
3471
3465
3458
3448
3437
3422
3405
3391
3374
3356
3331
3303
3283
3270
3260
3253
3250
3243
3237
3232
3229
3229
3230
3230
3230
3225
3222
3220
3219
3219
3217
3212
3207
3202
3199
3197
3196
3194
3187
3177
3166
3162
3169
3182
3199
3214
3229
3245
3257
3267
3275
3281
3290
3296
3306
3315
3324
3336
3351
3369
3395
3407
3410
3414
3415
3419
3420
3415
3405
3392
3379
3357
3341
3328
3318
3308
3301
3295
3293
3295
3303
3316
3333
3348
3362
3384
3402
3414
3420
3427
3432
3437
3440
3445
3448
3452
3453
3453
3452
3450
3447
3440
3430
3417
3402
3343
3219
3039
2806
2516
2199
1902
1720
1705
1812
2118
2510
2896
3192
3326
3371
3351
3329
3311
3315
3349
3402
3448
3462
3468
3471
3475
3478
3486
3495
3505
3513
3526
3538
3544
3543
3536
3528
3521
3516
3511
3510
3514
3526
3538
3548
3562
3572
3572
3561
3544
3529
3513
3500
3493
3488
3483
3476
3471
3468
3465
3462
3457
3452
3445
3438
3432
3424
3419
3410
3402
3392
3386
3376
3367
3361
3353
3344
3328
3303
3280
3263
3250
3242
3245
3265
3288
3306
3326
3343
3351
3349
3346
3346
3346
3346
3344
3344
3343
3343
3346
3353
3359
3369
3379
3394
3409
3420
3430
3437
3443
3448
3455
3460
3467
3475
3495
3519
3533
3541
3519
3495
3478
3465
3455
3443
3433
3427
3435
3453
3485
3513
3524
3533
3533
3518
3506
3495
3488
3496
3511
3523
3534
3543
3546
3541
3533
3518
3490
3458
3442
3430
3432
3455
3481
3508
3519
3528
3536
3539
3529
3506
3473
3442
3432
3427
3424
3419
3414
3407
3402
3397
3392
3387
3384
3382
3386
3392
3399
3414
3437
3452
3463
3463
3443
3425
3405
3395
3409
3430
3442
3448
3455
3458
3463
3468
3473
3480
3485
3490
3493
3496
3500
3503
3506
3511
3521
3529
3528
3519
3506
3490
3468
3447
3433
3424
3415
3407
3402
3397
3394
3392
3389
3384
3381
3377
3376
3377
3381
3386
3391
3395
3405
3405
3392
3386
3379
3372
3369
3366
3364
3362
3361
3357
3354
3351
3349
3348
3348
3344
3341
3336
3334
3331
3329
3328
3326
3324
3323
3321
3319
3315
3308
3331
3356
3374
3384
3374
3359
3349
3341
3334
3328
3324
3321
3319
3319
3319
3321
3323
3324
3331
3339
3326
3311
3301
3296
3306
3324
3341
3357
3369
3376
3381
3386
3389
3392
3395
3399
3404
3409
3414
3419
3425
3432
3438
3442
3433
3419
3404
3391
3376
3362
3356
3353
3349
3346
3341
3338
3334
3333
3334
3339
3346
3354
3361
3367
3374
3381
3386
3391
3395
3400
3405
3410
3414
3417
3420
3425
3429
3432
3433
3432
3432
3429
3427
3425
3422
3417
3410
3405
3402
3400
3402
3404
3405
3407
3412
3419
3419
3402
3392
3384
3374
3369
3369
3372
3379
3387
3394
3407
3405
3382
3364
3348
3336
3329
3324
3323
3319
3318
3315
3311
3310
3310
3318
3328
3339
3353
3371
3382
3376
3364
3359
3354
3351
3346
3343
3339
3336
3333
3329
3328
3324
3323
3321
3319
3315
3306
3291
3295
3323
3339
3351
3359
3366
3371
3376
3381
3384
3386
3389
3392
3395
3404
3429
3460
3483
3501
3498
3455
3366
3225
3029
2782
2495
2191
1926
1768
1750
1824
2070
2402
2763
3096
3364
3548
3622
3648
3622
3577
3543
3524
3511
3513
3538
3554
3566
3577
3584
3587
3584
3577
3566
3554
3543
3528
3513
3505
3506
3510
3513
3514
3516
3518
3519
3521
3523
3526
3526
3524
3523
3521
3518
3514
3508
3498
3490
3468
3440
3433
3430
3425
3422
3420
3420
3422
3424
3425
3429
3430
3433
3438
3443
3445
3443
3437
3427
3417
3407
3399
3389
3374
3359
3341
3324
3316
3308
3300
3291
3285
3280
3280
3280
3280
3281
3283
3288
3295
3303
3311
3318
3326
3334
3344
3353
3361
3367
3372
3377
3384
3394
3414
3427
3437
3443
3448
3453
3458
3463
3468
3476
3486
3498
3506
3514
3521
3529
3536
3543
3549
3556
3561
3566
3569
3571
3569
3567
3564
3561
3557
3556
3552
3549
3546
3543
3541
3536
3529
3519
3510
3500
3488
3478
3468
3460
3453
3445
3440
3437
3433
3432
3432
3432
3432
3435
3442
3448
3457
3470
3478
3467
3445
3433
3424
3415
3407
3404
3405
3410
3419
3430
3447
3470
3478
3485
3493
3493
3480
3471
3465
3458
3452
3442
3430
3420
3415
3409
3404
3402
3402
3402
3402
3399
3395
3392
3391
3389
3387
3386
3384
3382
3379
3379
3381
3382
3381
3381
3377
3374
3369
3354
3357
3387
3397
3404
3410
3419
3425
3432
3437
3440
3445
3452
3455
3457
3455
3450
3445
3442
3438
3437
3433
3430
3427
3424
3422
3419
3412
3402
3392
3387
3386
3387
3391
3394
3399
3409
3405
3384
3372
3367
3361
3356
3353
3349
3348
3346
3346
3348
3348
3348
3349
3351
3354
3359
3364
3367
3371
3372
3376
3379
3384
3384
3382
3376
3369
3362
3357
3353
3346
3338
3331
3328
3331
3339
3349
3361
3382
3412
3424
3430
3437
3442
3443
3442
3438
3432
3425
3417
3409
3399
3389
3377
3367
3356
3339
3310
3257
3171
3057
2898
2690
2449
2209
2022
1968
1989
2148
2422
2764
3100
3339
3468
3519
3548
3569
3579
3592
3604
3566
3516
3476
3473
3470
3467
3465
3463
3463
3462
3460
3458
3458
3458
3458
3460
3460
3460
3458
3455
3448
3442
3435
3430
3424
3419
3414
3407
3399
3391
3379
3369
3361
3353
3344
3338
3329
3319
3313
3308
3303
3300
3298
3295
3293
3293
3291
3290
3288
3283
3278
3273
3267
3262
3255
3250
3245
3240
3235
3232
3224
3215
3207
3202
3200
3200
3202
3205
3210
3219
3212
3176
3151
3133
3120
3110
3106
3110
3118
3129
3143
3159
3179
3200
3217
3234
3245
3253
3262
3272
3280
3288
3296
3301
3308
3315
3324
3336
3367
3404
3410
3415
3419
3424
3425
3429
3430
3433
3438
3443
3447
3448
3448
3450
3455
3465
3475
3475
3458
3432
3402
3367
3354
3344
3334
3328
3338
3361
3384
3409
3419
3424
3429
3435
3430
3395
3381
3371
3362
3354
3348
3341
3333
3326
3319
3318
3319
3321
3324
3328
3331
3333
3334
3334
3334
3334
3333
3334
3338
3341
3346
3349
3353
3356
3359
3362
3366
3366
3366
3364
3362
3364
3364
3367
3369
3371
3372
3372
3372
3372
3372
3371
3367
3367
3366
3364
3362
3362
3362
3362
3364
3366
3367
3366
3364
3364
3366
3367
3369
3372
3374
3374
3374
3374
3376
3379
3382
3384
3384
3384
3386
3389
3391
3392
3392
3392
3392
3395
3397
3397
3395
3392
3391
3386
3384
3382
3379
3374
3367
3364
3362
3361
3359
3356
3351
3343
3336
3331
3326
3321
3316
3310
3301
3295
3288
3276
3253
3257
3290
3313
3331
3348
3359
3367
3374
3384
3395
3404
3402
3395
3392
3389
3382
3379
3379
3386
3397
3409
3417
3425
3432
3440
3448
3457
3463
3467
3470
3471
3476
3483
3493
3508
3505
3470
3379
3235
3047
2819
2558
2292
2065
1941
1933
2009
2204
2457
2711
2959
3179
3324
3379
3400
3417
3417
3404
3391
3376
3372
3379
3384
3387
3391
3392
3391
3386
3382
3381
3381
3377
3374
3382
3402
3420
3440
3458
3473
3486
3496
3506
3514
3523
3526
3524
3516
3505
3491
3476
3463
3443
3424
3410
3399
3392
3391
3389
3384
3379
3372
3367
3362
3356
3349
3339
3329
3318
3310
3301
3290
3273
3252
3234
3225
3227
3235
3245
3255
3265
3281
3296
3300
3300
3298
3296
3295
3293
3293
3295
3300
3310
3321
3331
3338
3344
3351
3356
3361
3364
3367
3374
3381
3389
3395
3400
3407
3414
3420
3427
3433
3438
3447
3457
3471
3485
3498
3508
3516
3523
3529
3536
3541
3546
3548
3549
3551
3556
3561
3567
3571
3572
3574
3574
3576
3577
3577
3576
3574
3576
3577
3582
3586
3590
3590
3587
3586
3584
3582
3581
3577
3574
3569
3566
3561
3556
3549
3543
3534
3526
3519
3513
3505
3495
3483
3471
3458
3448
3438
3429
3419
3409
3400
3394
3391
3386
3384
3382
3382
3384
3386
3391
3392
3397
3400
3404
3409
3414
3419
3424
3427
3432
3438
3445
3452
3457
3460
3463
3465
3468
3470
3475
3480
3485
3490
3493
3498
3503
3506
3508
3510
3508
3503
3498
3493
3488
3483
3476
3471
3467
3463
3460
3458
3455
3445
3433
3422
3415
3420
3430
3445
3460
3471
3490
3508
3519
3523
3516
3501
3481
3442
3391
3361
3343
3333
3349
3382
3400
3419
3437
3452
3460
3462
3458
3455
3452
3448
3447
3443
3438
3435
3432
3429
3424
3415
3405
3392
3382
3369
3354
3331
3308
3285
3265
3253
3245
3237
3229
3222
3215
3214
3212
3215
3220
3227
3235
3247
3260
3275
3298
3343
3364
3377
3386
3392
3399
3402
3400
3394
3387
3377
3366
3349
3336
3336
3349
3367
3382
3399
3412
3409
3394
3362
3265
3113
2900
2637
2344
2068
1877
1811
1857
2004
2344
2739
3073
3298
3392
3420
3379
3331
3293
3296
3339
3366
3384
3399
3412
3424
3432
3438
3445
3453
3465
3478
3486
3486
3471
3452
3435
3430
3425
3424
3419
3414
3409
3404
3400
3397
3395
3392
3391
3389
3387
3386
3384
3382
3379
3376
3369
3364
3359
3354
3348
3341
3334
3328
3323
3318
3313
3305
3298
3290
3280
3272
3265
3257
3248
3242
3235
3229
3224
3217
3209
3197
3186
3174
3166
3162
3162
3161
3159
3159
3158
3158
3158
3156
3154
3154
3154
3156
3162
3169
3179
3187
3196
3205
3215
3229
3242
3258
3276
3296
3324
3362
3391
3409
3415
3420
3422
3425
3429
3432
3433
3437
3438
3440
3440
3442
3445
3447
3447
3447
3445
3447
3448
3452
3457
3458
3460
3462
3463
3468
3471
3473
3473
3473
3475
3476
3478
3481
3481
3480
3476
3476
3478
3480
3483
3485
3485
3485
3486
3488
3488
3490
3490
3490
3490
3490
3491
3493
3495
3496
3505
3510
3486
3447
3427
3412
3395
3384
3372
3366
3361
3359
3361
3364
3369
3376
3384
3392
3399
3405
3417
3429
3440
3448
3450
3448
3443
3438
3433
3430
3427
3422
3417
3414
3410
3409
3407
3407
3407
3409
3412
3415
3420
3422
3422
3422
3419
3414
3407
3399
3392
3389
3384
3382
3381
3381
3379
3377
3374
3369
3362
3356
3348
3338
3329
3319
3313
3306
3303
3300
3300
3300
3301
3303
3303
3303
3303
3300
3293
3285
3280
3280
3291
3308
3324
3338
3353
3367
3381
3389
3391
3384
3371
3359
3349
3344
3338
3331
3323
3313
3305
3298
3291
3286
3281
3276
3275
3275
3276
3278
3278
3280
3280
3280
3280
3280
3278
3276
3273
3270
3268
3272
3283
3300
3315
3324
3334
3344
3354
3362
3371
3377
3381
3384
3386
3387
3391
3394
3399
3405
3410
3415
3424
3430
3437
3442
3443
3442
3437
3429
3417
3404
3357
3237
3052
2804
2515
2222
1983
1872
1835
1905
2118
2444
2804
3138
3367
3483
3524
3541
3552
3566
3576
3579
3569
3552
3538
3521
3508
3511
3529
3551
3559
3564
3571
3576
3582
3589
3597
3602
3607
3610
3614
3614
3612
3607
3599
3592
3582
3574
3564
3554
3546
3538
3534
3531
3528
3523
3516
3511
3506
3501
3496
3491
3483
3476
3470
3465
3462
3457
3452
3445
3440
3437
3432
3424
3412
3399
3386
3372
3364
3356
3349
3341
3334
3328
3323
3316
3311
3306
3301
3298
3295
3295
3295
3295
3296
3300
3305
3311
3316
3323
3328
3334
3346
3359
3374
3392
3409
3424
3437
3450
3462
3473
3485
3496
3506
3514
3519
3524
3528
3529
3531
3533
3536
3539
3543
3548
3552
3556
3561
3564
3569
3574
3577
3582
3587
3594
3609
3625
3633
3640
3647
3653
3662
3665
3652
3630
3617
3604
3592
3581
3574
3572
3572
3576
3579
3584
3590
3600
3609
3602
3586
3576
3569
3564
3559
3556
3551
3544
3538
3531
3524
3516
3505
3478
3435
3412
3397
3391
3399
3422
3450
3483
3496
3505
3513
3519
3518
3506
3491
3483
3476
3471
3465
3460
3455
3450
3443
3438
3435
3432
3429
3427
3425
3424
3420
3415
3405
3397
3392
3399
3415
3437
3467
3505
3526
3539
3552
3561
3559
3539
3511
3483
3448
3430
3419
3410
3404
3397
3392
3387
3379
3371
3362
3351
3341
3331
3315
3300
3295
3301
3318
3338
3364
3400
3430
3450
3467
3478
3483
3478
3465
3452
3442
3433
3425
3419
3410
3404
3395
3387
3379
3369
3361
3354
3348
3341
3336
3329
3324
3319
3315
3311
3305
3300
3293
3283
3272
3255
3238
3222
3205
3191
3181
3176
3174
3172
3166
3158
3187
3235
3276
3288
3296
3303
3308
3313
3316
3319
3324
3328
3331
3333
3336
3338
3341
3348
3356
3364
3366
3361
3354
3346
3339
3331
3324
3324
3338
3356
3371
3391
3404
3404
3391
3359
3267
3120
2911
2645
2359
2098
1900
1852
1880
2083
2404
2769
3113
3392
3539
3592
3592
3561
3546
3541
3536
3531
3526
3521
3516
3511
3505
3500
3496
3493
3491
3493
3493
3491
3490
3488
3481
3475
3471
3480
3495
3511
3524
3539
3552
3559
3554
3541
3524
3513
3503
3493
3485
3476
3470
3463
3457
3452
3448
3447
3443
3442
3438
3435
3433
3430
3425
3419
3412
3402
3392
3384
3374
3357
3329
3316
3310
3308
3305
3301
3298
3295
3291
3286
3285
3283
3281
3281
3281
3281
3283
3285
3288
3290
3293
3295
3296
3296
3298
3301
3305
3311
3319
3328
3338
3356
3379
3404
3437
3480
3529
3556
3569
3577
3586
3590
3592
3592
3586
3576
3566
3557
3552
3548
3543
3538
3533
3529
3526
3526
3524
3524
3524
3524
3526
3529
3533
3536
3538
3539
3543
3546
3549
3552
3552
3552
3549
3546
3543
3539
3538
3536
3534
3533
3531
3529
3528
3526
3524
3519
3513
3506
3496
3483
3465
3447
3417
3371
3336
3315
3300
3286
3278
3278
3285
3293
3305
3324
3353
3316
3290
3275
3263
3253
3247
3245
3250
3258
3263
3267
3270
3273
3278
3286
3293
3296
3300
3300
3301
3303
3308
3308
3305
3301
3300
3300
3301
3303
3303
3301
3301
3301
3303
3303
3301
3300
3296
3293
3291
3290
3286
3283
3280
3278
3276
3275
3273
3272
3268
3267
3265
3263
3260
3255
3252
3248
3247
3245
3245
3247
3248
3252
3257
3263
3270
3278
3283
3290
3296
3303
3310
3313
3316
3316
3316
3313
3306
3298
3290
3280
3272
3267
3258
3248
3238
3230
3227
3227
3232
3240
3248
3260
3273
3296
3315
3316
3300
3283
3275
3268
3263
3258
3253
3247
3243
3240
3240
3242
3243
3248
3255
3263
3275
3286
3298
3310
3323
3338
3356
3372
3387
3399
3414
3427
3443
3465
3485
3498
3495
3485
3468
3443
3361
3217
3020
2772
2477
2176
1936
1855
1872
2040
2313
2614
2923
3207
3435
3572
3622
3622
3571
3491
3442
3435
3433
3430
3429
3427
3427
3425
3424
3422
3422
3422
3425
3429
3435
3438
3442
3443
3447
3450
3453
3458
3465
3473
3480
3486
3490
3491
3493
3493
3491
3488
3481
3473
3463
3453
3442
3432
3420
3402
3384
3366
3353
3343
3333
3328
3321
3316
3311
3308
3303
3300
3296
3291
3285
3278
3272
3267
3260
3253
3245
3237
3230
3224
3217
3209
3202
3194
3186
3181
3177
3176
3177
3179
3184
3191
3199
3207
3219
3230
3250
3290
3331
3353
3366
3377
3387
3397
3407
3415
3422
3425
3430
3437
3448
3476
3516
3531
3541
3549
3554
3556
3551
3541
3533
3523
3511
3503
3514
3534
3544
3554
3564
3576
3582
3586
3584
3581
3579
3577
3576
3572
3567
3559
3551
3543
3534
3526
3521
3514
3511
3508
3506
3503
3498
3493
3490
3486
3486
3485
3480
3475
3470
3467
3463
3460
3457
3452
3448
3445
3440
3433
3417
3419
3445
3475
3505
3506
3481
3462
3445
3432
3419
3410
3400
3381
3356
3392
3425
3448
3468
3475
3468
3450
3430
3417
3405
3395
3387
3379
3376
3376
3381
3386
3392
3399
3404
3409
3414
3420
3429
3433
3438
3438
3437
3433
3429
3424
3417
3409
3394
3392
3407
3414
3420
3425
3429
3430
3432
3435
3438
3440
3443
3445
3445
3447
3452
3462
3468
3460
3442
3427
3412
3399
3394
3397
3402
3407
3414
3424
3430
3420
3397
3382
3367
3354
3348
3353
3364
3377
3387
3399
3412
3422
3422
3415
3407
3397
3391
3384
3377
3371
3364
3357
3353
3348
3343
3339
3334
3329
3324
3319
3316
3310
3305
3298
3291
3285
3278
3272
3265
3255
3245
3247
3257
3272
3285
3298
3311
3323
3331
3336
3341
3344
3348
3348
3349
3353
3356
3361
3367
3374
3379
3382
3387
3392
3399
3409
3422
3445
3465
3467
3450
3415
3315
3116
2842
2511
2173
1885
1693
1665
1720
1959
2285
2639
2954
3204
3376
3490
3579
3607
3586
3521
3409
3389
3391
3391
3391
3392
3392
3392
3392
3391
3389
3392
3394
3400
3409
3417
3424
3429
3432
3437
3443
3447
3448
3448
3448
3448
3448
3452
3453
3457
3450
3437
3425
3419
3412
3407
3400
3395
3392
3387
3384
3379
3372
3367
3361
3356
3351
3344
3338
3328
3318
3306
3288
3267
3252
3240
3230
3220
3212
3204
3197
3191
3186
3181
3177
3174
3174
3172
3172
3169
3167
3166
3164
3166
3176
3191
3207
3224
3238
3252
3265
3280
3293
3306
3319
3331
3344
3359
3376
3392
3407
3429
3450
3470
3481
3493
3500
3503
3505
3506
3508
3511
3514
3516
3516
3516
3514
3516
3516
3516
3516
3514
3511
3510
3508
3508
3506
3506
3506
3508
3511
3516
3521
3524
3526
3529
3531
3534
3536
3539
3541
3546
3557
3572
3581
3572
3554
3534
3523
3511
3501
3491
3485
3480
3476
3475
3475
3475
3476
3480
3483
3488
3493
3496
3503
3508
3513
3514
3511
3503
3490
3476
3465
3457
3448
3438
3429
3420
3412
3407
3405
3405
3407
3409
3412
3415
3419
3422
3425
3430
3432
3433
3433
3437
3443
3453
3460
3458
3445
3427
3412
3405
3400
3395
3392
3387
3382
3377
3372
3367
3366
3364
3362
3362
3364
3364
3366
3369
3374
3377
3379
3379
3379
3379
3379
3379
3379
3377
3376
3374
3374
3379
3384
3387
3389
3391
3391
3392
3392
3394
3394
3392
3391
3391
3392
3394
3397
3400
3404
3404
3405
3405
3402
3395
3387
3376
3366
3357
3353
3348
3344
3339
3334
3331
3331
3331
3331
3329
3324
3319
3315
3311
3308
3306
3303
3298
3293
3290
3286
3283
3280
3273
3267
3260
3253
3248
3247
3247
3248
3255
3263
3276
3290
3305
3318
3328
3334
3341
3348
3356
3366
3372
3379
3382
3387
3392
3395
3399
3400
3399
3395
3392
3387
3382
3377
3372
3366
3359
3351
3343
3333
3321
3247
3088
2857
2564
2240
1945
1756
1733
1816
2092
2478
2875
3189
3372
3435
3455
3465
3473
3478
3483
3488
3491
3495
3498
3500
3501
3501
3500
3500
3500
3500
3500
3500
3498
3495
3493
3491
3490
3491
3491
3493
3493
3493
3491
3490
3486
3483
3478
3475
3470
3467
3462
3457
3452
3445
3437
3429
3415
3382
3356
3336
3323
3310
3300
3295
3295
3306
3324
3343
3359
3377
3392
3404
3407
3402
3392
3376
3356
3328
3280
3234
3210
3196
3182
3172
3164
3158
3158
3159
3164
3171
3177
3182
3187
3194
3202
3210
3219
3225
3232
3240
3248
3257
3265
3273
3283
3298
3318
3333
3344
3356
3367
3382
3397
3415
3437
3473
3518
3544
3564
3561
3523
3481
3437
3409
3387
3367
3357
3367
3389
3422
3465
3480
3486
3493
3498
3501
3505
3508
3511
3514
3518
3518
3519
3518
3518
3516
3513
3511
3508
3506
3505
3501
3498
3496
3495
3493
3490
3488
3485
3481
3476
3470
3465
3458
3453
3448
3447
3443
3442
3440
3437
3435
3430
3424
3419
3419
3422
3422
3422
3422
3420
3420
3420
3420
3420
3422
3425
3429
3432
3433
3433
3435
3435
3437
3437
3437
3437
3438
3442
3445
3448
3452
3453
3455
3457
3458
3460
3460
3458
3457
3453
3450
3447
3443
3440
3435
3424
3429
3463
3486
3503
3518
3529
3534
3531
3524
3514
3506
3500
3491
3481
3473
3467
3460
3453
3445
3435
3425
3415
3409
3404
3395
3386
3376
3371
3374
3384
3395
3409
3419
3432
3447
3458
3463
3458
3450
3435
3417
3392
3381
3374
3367
3359
3357
3367
3382
3392
3404
3415
3422
3420
3409
3394
3381
3367
3354
3339
3326
3311
3295
3280
3273
3267
3262
3257
3252
3247
3243
3240
3237
3234
3230
3229
3227
3227
3229
3230
3232
3234
3235
3237
3240
3245
3248
3252
3255
3258
3263
3270
3278
3301
3343
3354
3357
3361
3364
3367
3371
3376
3381
3386
3391
3394
3397
3400
3405
3410
3419
3432
3455
3467
3460
3440
3386
3253
3053
2794
2492
2169
1890
1698
1674
1740
2035
2447
2857
3187
3405
3538
3586
3607
3620
3586
3552
3528
3511
3510
3511
3514
3514
3514
3514
3514
3514
3516
3519
3524
3528
3531
3531
3529
3528
3524
3521
3516
3511
3506
3501
3496
3490
3485
3475
3453
3438
3437
3435
3433
3430
3427
3422
3419
3417
3420
3424
3427
3432
3437
3447
3457
3457
3443
3422
3394
3362
3353
3351
3349
3348
3344
3341
3339
3338
3336
3334
3333
3331
3329
3328
3326
3326
3326
3326
3324
3321
3318
3315
3310
3305
3301
3298
3295
3291
3290
3291
3296
3306
3318
3333
3346
3359
3369
3379
3391
3399
3410
3420
3432
3442
3452
3462
3471
3481
3493
3505
3521
3539
3554
3564
3572
3577
3582
3589
3595
3602
3609
3612
3614
3615
3614
3612
3607
3602
3594
3584
3576
3566
3559
3554
3549
3546
3541
3536
3531
3524
3519
3514
3513
3510
3506
3501
3496
3493
3490
3486
3483
3476
3468
3460
3450
3440
3432
3419
3392
3366
3353
3356
3357
3361
3361
3359
3356
3356
3357
3361
3362
3362
3361
3361
3364
3367
3372
3376
3377
3376
3376
3377
3381
3381
3379
3376
3372
3371
3369
3367
3369
3369
3369
3369
3369
3369
3369
3367
3367
3366
3364
3362
3362
3362
3362
3364
3366
3367
3371
3374
3377
3379
3381
3379
3377
3377
3376
3372
3371
3369
3367
3367
3366
3366
3364
3361
3356
3349
3339
3315
3318
3351
3367
3377
3387
3394
3400
3405
3407
3407
3407
3405
3400
3392
3386
3374
3364
3356
3351
3346
3343
3336
3329
3323
3316
3310
3303
3296
3290
3283
3280
3278
3276
3276
3275
3275
3273
3273
3275
3275
3276
3280
3285
3290
3295
3300
3306
3313
3318
3324
3328
3333
3338
3346
3353
3361
3369
3377
3386
3392
3400
3409
3414
3417
3419
3422
3425
3429
3435
3447
3470
3483
3475
3458
3404
3296
3129
2903
2629
2340
2083
1930
1880
1936
2103
2392
2705
2981
3191
3341
3422
3478
3519
3523
3493
3442
3402
3391
3379
3384
3417
3435
3445
3455
3463
3470
3473
3478
3483
3488
3491
3491
3490
3486
3481
3476
3471
3468
3463
3460
3455
3448
3443
3440
3435
3430
3424
3419
3414
3409
3405
3402
3397
3392
3389
3384
3381
3377
3372
3366
3357
3349
3344
3339
3334
3329
3323
3316
3308
3300
3293
3285
3276
3267
3258
3252
3243
3235
3227
3214
3202
3191
3184
3181
3182
3184
3187
3192
3199
3204
3209
3212
3217
3224
3232
3243
3255
3268
3280
3296
3313
3328
3344
3362
3381
3404
3424
3437
3448
3457
3463
3468
3473
3478
3481
3483
3485
3490
3498
3493
3460
3438
3422
3407
3397
3397
3402
3412
3424
3440
3465
3471
3476
3481
3475
3445
3432
3427
3424
3424
3420
3417
3414
3409
3404
3399
3395
3392
3389
3386
3384
3384
3382
3381
3377
3371
3354
3341
3334
3329
3318
3303
3316
3324
3329
3334
3339
3343
3344
3349
3356
3364
3372
3379
3384
3387
3389
3392
3395
3399
3402
3404
3407
3414
3420
3429
3433
3437
3438
3438
3440
3442
3442
3442
3442
3443
3447
3453
3460
3463
3467
3465
3460
3453
3447
3437
3422
3414
3419
3432
3440
3448
3457
3463
3463
3457
3447
3433
3420
3402
3389
3387
3397
3410
3419
3430
3440
3448
3448
3438
3424
3407
3392
3376
3361
3362
3374
3391
3404
3422
3437
3445
3452
3455
3458
3463
3468
3471
3475
3475
3473
3473
3471
3467
3462
3453
3443
3435
3430
3425
3422
3419
3414
3409
3404
3399
3395
3392
3387
3382
3379
3376
3376
3374
3372
3371
3371
3369
3369
3367
3364
3361
3357
3354
3351
3351
3353
3357
3364
3374
3387
3397
3407
3415
3424
3433
3442
3450
3457
3460
3460
3460
3460
3460
3458
3457
3453
3448
3443
3440
3435
3430
3424
3417
3407
3400
3391
3372
3303
3162
2949
2670
2340
2021
1797
1761
1807
2042
2381
2769
3118
3354
3468
3506
3475
3419
3382
3369
3359
3364
3400
3427
3448
3465
3471
3473
3473
3473
3476
3481
3485
3478
3463
3457
3452
3448
3445
3443
3442
3440
3437
3433
3429
3425
3422
3419
3417
3414
3410
3407
3402
3395
3386
3357
3336
3319
3310
3303
3296
3290
3285
3278
3270
3263
3258
3252
3247
3240
3237
3232
3227
3220
3214
3207
3202
3200
3200
3200
3200
3200
3202
3204
3207
3214
3207
3171
3151
3139
3128
3120
3111
3105
3100
3098
3096
3100
3105
3113
3121
3131
3143
3156
3179
3202
3222
3242
3263
3283
3303
3324
3346
3357
3367
3376
3384
3392
3399
3407
3414
3422
3427
3433
3440
3445
3448
3453
3457
3462
3467
3471
3478
3483
3488
3493
3496
3498
3500
3501
3501
3501
3503
3505
3506
3511
3516
3521
3524
3526
3526
3523
3518
3511
3503
3491
3471
3470
3496
3523
3549
3548
3518
3493
3473
3457
3443
3432
3419
3402
3394
3412
3442
3453
3460
3467
3475
3481
3486
3493
3498
3503
3508
3513
3516
3516
3516
3513
3513
3513
3513
3513
3511
3508
3503
3500
3498
3495
3493
3488
3483
3478
3475
3473
3470
3462
3452
3442
3433
3432
3435
3440
3447
3453
3462
3480
3480
3458
3445
3435
3425
3415
3410
3410
3415
3420
3427
3433
3440
3447
3455
3462
3468
3475
3478
3481
3485
3488
3491
3493
3495
3500
3503
3506
3505
3495
3478
3465
3458
3452
3447
3443
3440
3435
3430
3425
3422
3417
3415
3414
3412
3409
3407
3404
3404
3404
3402
3402
3399
3397
3394
3392
3389
3386
3382
3379
3377
3377
3377
3377
3376
3372
3367
3364
3364
3366
3371
3376
3381
3384
3387
3392
3394
3397
3402
3404
3404
3402
3399
3397
3392
3389
3381
3371
3359
3339
3324
3324
3351
3382
3404
3427
3450
3467
3473
3471
3467
3460
3455
3448
3443
3433
3419
3394
3351
3214
2994
2728
2450
2196
1989
1883
1880
1976
2216
2541
2888
3197
3417
3508
3531
3548
3556
3561
3561
3557
3551
3541
3533
3524
3519
3513
3510
3506
3506
3506
3506
3505
3501
3498
3498
3496
3495
3491
3488
3486
3485
3481
3478
3473
3467
3460
3453
3447
3437
3420
3399
3387
3384
3384
3387
3389
3391
3391
3392
3392
3394
3395
3399
3400
3404
3407
3410
3415
3420
3425
3425
3417
3400
3379
3353
3313
3276
3258
3247
3238
3230
3224
3220
3219
3219
3219
3219
3219
3219
3219
3222
3225
3230
3234
3234
3234
3232
3230
3229
3225
3222
3219
3217
3227
3242
3258
3272
3285
3298
3311
3326
3341
3354
3366
3377
3389
3400
3414
3430
3447
3460
3468
3476
3485
3491
3498
3503
3506
3511
3514
3516
3518
3516
3513
3511
3508
3506
3503
3498
3493
3486
3483
3480
3478
3473
3465
3457
3450
3445
3442
3438
3432
3425
3417
3412
3409
3405
3399
3392
3386
3379
3377
3379
3382
3386
3387
3387
3389
3391
3392
3397
3400
3402
3402
3402
3404
3407
3409
3410
3409
3409
3409
3414
3427
3429
3409
3399
3392
3387
3382
3381
3381
3379
3377
3372
3371
3371
3372
3377
3382
3387
3392
3400
3415
3397
3387
3381
3376
3369
3362
3359
3356
3353
3348
3344
3343
3343
3343
3343
3341
3339
3333
3318
3324
3367
3392
3407
3422
3433
3442
3445
3442
3437
3430
3422
3414
3410
3407
3402
3399
3397
3394
3392
3389
3384
3381
3379
3377
3377
3377
3377
3377
3376
3374
3372
3369
3366
3364
3361
3359
3357
3356
3353
3351
3349
3346
3344
3341
3338
3336
3334
3333
3331
3328
3324
3319
3315
3310
3303
3298
3291
3286
3285
3285
3288
3295
3303
3313
3324
3336
3348
3357
3362
3367
3372
3376
3381
3387
3392
3399
3407
3414
3419
3422
3424
3424
3420
3415
3410
3407
3404
3402
3400
3399
3397
3394
3392
3392
3389
3377
3371
3381
3395
3419
3442
3414
3338
3179
2943
2642
2303
1988
1759
1723
1763
2037
2449
2891
3268
3526
3622
3655
3620
3559
3514
3500
3488
3483
3498
3528
3544
3556
3566
3572
3579
3582
3586
3587
3586
3579
3571
3559
3549
3541
3533
3526
3519
3511
3503
3493
3485
3475
3465
3455
3447
3442
3438
3435
3432
3427
3420
3412
3405
3399
3392
3386
3379
3371
3366
3362
3361
3357
3354
3349
3343
3338
3338
3343
3348
3353
3357
3366
3381
3379
3351
3334
3323
3311
3303
3296
3291
3286
3281
3273
3268
3263
3258
3253
3247
3240
3234
3232
3237
3247
3258
3270
3278
3288
3298
3308
3316
3323
3326
3328
3329
3331
3336
3341
3346
3349
3353
3356
3362
3371
3382
3402
3450
3473
3483
3493
3503
3511
3516
3519
3523
3528
3531
3534
3536
3536
3534
3534
3538
3543
3548
3551
3552
3552
3554
3554
3556
3554
3549
3543
3534
3528
3521
3516
3513
3508
3501
3496
3490
3483
3475
3467
3457
3450
3442
3433
3424
3409
3381
3369
3366
3362
3361
3357
3356
3362
3379
3392
3400
3407
3414
3422
3430
3438
3445
3450
3453
3455
3457
3460
3460
3460
3457
3455
3453
3455
3458
3460
3460
3457
3452
3445
3440
3435
3429
3422
3417
3414
3409
3407
3405
3405
3405
3405
3407
3410
3414
3417
3425
3437
3409
3374
3343
3318
3301
3288
3278
3280
3300
3328
3354
3389
3407
3409
3410
3410
3412
3414
3417
3419
3420
3419
3414
3410
3405
3402
3399
3395
3392
3387
3386
3382
3381
3377
3374
3372
3369
3367
3366
3362
3359
3356
3351
3348
3341
3334
3326
3318
3311
3306
3303
3300
3296
3291
3288
3283
3278
3268
3257
3247
3240
3242
3250
3260
3272
3280
3286
3295
3305
3315
3328
3339
3351
3361
3367
3374
3382
3391
3395
3402
3409
3414
3420
3425
3429
3432
3435
3438
3443
3453
3473
3475
3452
3389
3272
3098
2868
2589
2290
2021
1865
1814
1867
2032
2325
2658
2976
3252
3453
3546
3577
3548
3498
3460
3443
3429
3424
3432
3452
3471
3491
3501
3488
3465
3452
3442
3435
3429
3425
3424
3429
3435
3443
3455
3465
3473
3486
3501
3514
3521
3521
3516
3505
3491
3476
3460
3440
3420
3402
3387
3374
3359
3346
3338
3336
3343
3353
3364
3374
3387
3399
3404
3399
3389
3371
3338
3298
3290
3286
3281
3278
3273
3270
3268
3267
3263
3262
3260
3260
3260
3260
3260
3258
3255
3253
3252
3252
3253
3257
3262
3268
3276
3285
3293
3301
3306
3313
3319
3326
3334
3344
3357
3371
3384
3397
3409
3420
3430
3438
3445
3450
3455
3458
3468
3490
3511
3521
3524
3528
3531
3534
3538
3543
3548
3551
3554
3556
3557
3559
3559
3559
3559
3559
3559
3561
3566
3571
3576
3579
3581
3581
3579
3577
3574
3567
3562
3557
3551
3544
3539
3533
3524
3516
3506
3498
3491
3483
3475
3468
3460
3450
3440
3432
3424
3417
3410
3400
3389
3374
3364
3366
3377
3392
3405
3415
3424
3433
3442
3448
3455
3460
3462
3460
3457
3453
3450
3445
3440
3435
3430
3424
3412
3400
3394
3394
3400
3414
3427
3438
3452
3467
3475
3475
3467
3452
3438
3427
3417
3407
3399
3391
3382
3376
3371
3366
3362
3359
3356
3351
3336
3338
3367
3387
3402
3417
3429
3433
3427
3412
3395
3382
3374
3362
3348
3334
3324
3321
3323
3329
3334
3339
3343
3344
3351
3361
3371
3377
3381
3382
3387
3392
3399
3407
3414
3420
3425
3432
3442
3448
3430
3395
3374
3356
3341
3328
3319
3311
3306
3301
3300
3298
3300
3300
3298
3296
3293
3288
3285
3281
3276
3272
3267
3258
3252
3245
3238
3227
3214
3210
3217
3232
3252
3288
3349
3381
3395
3409
3417
3417
3412
3404
3395
3386
3369
3361
3372
3395
3414
3433
3450
3462
3471
3488
3508
3490
3429
3313
3133
2880
2569
2252
1979
1819
1801
1865
2073
2366
2685
2974
3217
3395
3471
3495
3510
3516
3518
3511
3496
3476
3440
3395
3379
3366
3359
3374
3407
3435
3465
3485
3486
3485
3483
3483
3483
3486
3485
3467
3447
3437
3430
3425
3420
3415
3409
3404
3400
3400
3400
3399
3395
3392
3387
3384
3381
3377
3372
3367
3362
3357
3353
3349
3344
3338
3329
3319
3311
3303
3295
3286
3276
3265
3257
3247
3237
3225
3207
3186
3166
3144
3129
3121
3115
3106
3098
3090
3083
3077
3072
3067
3063
3060
3057
3057
3058
3062
3068
3073
3080
3088
3098
3108
3120
3131
3141
3151
3169
3189
3209
3224
3235
3242
3248
3253
3260
3265
3272
3276
3280
3285
3291
3298
3306
3316
3326
3334
3341
3348
3353
3357
3364
3371
3377
3384
3391
3394
3399
3404
3405
3407
3409
3410
3412
3415
3419
3420
3422
3425
3427
3429
3429
3427
3424
3420
3419
3415
3414
3414
3412
3410
3409
3407
3404
3399
3394
3389
3382
3377
3372
3366
3361
3357
3354
3351
3346
3339
3331
3321
3315
3310
3306
3306
3306
3308
3313
3321
3331
3341
3348
3353
3357
3364
3376
3386
3392
3394
3392
3391
3389
3387
3386
3382
3376
3367
3364
3372
3392
3420
3448
3491
3506
3513
3521
3531
3538
3526
3501
3485
3471
3458
3450
3450
3458
3473
3485
3493
3501
3510
3516
3524
3533
3539
3544
3544
3543
3539
3534
3528
3521
3513
3505
3495
3488
3483
3480
3478
3475
3471
3467
3462
3458
3457
3457
3458
3458
3462
3463
3465
3468
3471
3475
3476
3478
3478
3480
3481
3481
3480
3480
3478
3476
3475
3473
3471
3468
3465
3462
3457
3452
3447
3442
3435
3432
3427
3424
3420
3415
3412
3407
3404
3399
3395
3394
3392
3391
3389
3389
3389
3389
3391
3392
3394
3397
3402
3407
3410
3415
3422
3427
3430
3433
3437
3442
3445
3450
3455
3462
3470
3480
3490
3498
3505
3508
3508
3508
3505
3501
3496
3490
3476
3462
3447
3384
3262
3095
2891
2634
2325
2009
1745
1654
1680
1903
2277
2693
3055
3311
3410
3425
3437
3448
3460
3471
3480
3486
3491
3495
3498
3501
3503
3503
3501
3503
3503
3503
3501
3500
3496
3490
3481
3473
3467
3460
3452
3445
3435
3427
3419
3410
3402
3391
3374
3356
3341
3331
3329
3333
3341
3354
3369
3387
3407
3435
3467
3495
3521
3548
3571
3599
3622
3633
3642
3647
3650
3653
3657
3662
3666
3671
3675
3676
3678
3678
3680
3680
3680
3680
3680
3680
3685
3698
3696
3666
3637
3609
3592
3584
3577
3571
3566
3561
3556
3554
3557
3566
3577
3589
3600
3610
3622
3635
3647
3660
3670
3680
3688
3695
3705
3713
3719
3729
3738
3746
3752
3756
3754
3747
3739
3728
3716
3706
3695
3683
3670
3658
3647
3633
3624
3615
3609
3604
3599
3595
3594
3590
3587
3582
3576
3571
3566
3562
3557
3552
3548
3543
3539
3536
3531
3523
3506
3468
3440
3424
3410
3397
3389
3384
3386
3392
3404
3415
3429
3448
3458
3453
3445
3442
3442
3440
3438
3438
3437
3435
3432
3429
3424
3419
3415
3412
3410
3410
3410
3410
3409
3405
3402
3399
3392
3387
3381
3374
3369
3366
3361
3359
3357
3356
3354
3354
3354
3354
3353
3349
3344
3338
3331
3326
3319
3311
3305
3296
3290
3281
3273
3265
3255
3247
3242
3240
3242
3243
3247
3250
3253
3257
3262
3265
3270
3273
3275
3275
3275
3275
3273
3268
3263
3255
3245
3237
3230
3222
3209
3194
3182
3181
3187
3200
3217
3232
3248
3265
3273
3270
3263
3255
3250
3245
3240
3235
3230
3225
3220
3215
3210
3205
3200
3194
3186
3181
3181
3187
3199
3210
3222
3238
3247
3230
3205
3194
3187
3181
3172
3166
3159
3154
3153
3149
3148
3146
3144
3146
3148
3151
3153
3154
3156
3159
3167
3144
3121
3103
3093
3105
3128
3148
3167
3186
3210
3237
3257
3276
3295
3308
3313
3310
3303
3293
3286
3280
3273
3265
3257
3252
3250
3253
3260
3270
3281
3295
3316
3328
3319
3295
3222
3083
2867
2574
2229
1888
1619
1535
1566
1812
2197
2596
2934
3162
3293
3369
3448
3500
3534
3536
3471
3364
3331
3318
3308
3321
3331
3334
3339
3341
3344
3346
3348
3348
3349
3351
3348
3343
3336
3328
3319
3311
3306
3301
3296
3293
3290
3285
3281
3276
3272
3268
3263
3257
3250
3247
3245
3243
3243
3243
3243
3243
3243
3245
3245
3242
3235
3229
3222
3217
3214
3209
3202
3194
3186
3179
3176
3171
3164
3154
3146
3136
3129
3124
3121
3118
3113
3108
3105
3103
3101
3091
3098
3139
3184
3232
3270
