3215
3422
3633
3842
4017
4077
4095
4062
4034
4017
4000
3982
3967
3952
3937
3922
3907
3894
3883
3873
3862
3855
3847
3838
3829
3823
3821
3812
3801
3758
3614
3418
3176
2890
2588
2316
2116
2034
2004
2045
2172
2372
2601
2832
3045
3226
3351
3394
3422
3441
3452
3459
3463
3469
3474
3476
3478
3480
3480
3478
3476
3472
3465
3457
3448
3437
3426
3416
3401
3385
3368
3353
3338
3323
3304
3282
3258
3241
3224
3204
3181
3157
3131
3107
3088
3069
3047
3025
3002
2980
2959
2937
2918
2896
2875
2853
2832
2808
2784
2763
2739
2717
2694
2670
2640
2612
2586
2562
2541
2521
2497
2476
2454
2431
2409
2385
2362
2338
2312
2295
2286
2280
2273
2267
2260
2258
2265
2280
2301
2329
2370
2407
2448
2487
2528
2571
2612
2653
2683
2704
2719
2728
2735
2739
2743
2750
2754
2756
2756
2745
2730
2709
2687
2657
2625
2590
2569
2549
2534
2523
2513
2504
2497
2491
2485
2478
2474
2467
2461
2454
2446
2435
2424
2413
2400
2392
2379
2368
2357
2347
2338
2327
2319
2310
2301
2293
2282
2271
2260
2250
2241
2237
2232
2228
2224
2219
2217
2213
2211
2209
2206
2206
2206
2206
2211
2215
2219
2224
2230
2235
2241
2245
2247
2252
2254
2256
2260
2263
2267
2271
2273
2275
2278
2278
2278
2275
2271
2265
2258
2250
2241
2230
2222
2213
2204
2196
2187
2181
2174
2168
2161
2155
2148
2142
2135
2129
2125
2120
2118
2116
2116
2118
2120
2122
2125
2127
2129
2133
2135
2138
2140
2142
2142
2144
2146
2146
2148
2148
2148
2148
2146
2144
2142
2138
2135
2131
2129
2127
2125
2122
2120
2118
2116
2114
2112
2110
2107
2105
2103
2103
2105
2105
2103
2099
2094
2090
2088
2090
2094
2103
2112
2135
2135
2066
1935
1739
1493
1213
0933
0689
0530
0476
0497
0566
0737
0961
1215
1469
1698
1879
1995
2038
2062
2077
2084
2090
2094
2097
2101
2103
2107
2110
2110
2112
2112
2112
2110
2107
2107
2105
2103
2099
2097
2092
2088
2084
2077
2071
2064
2058
2051
2045
2038
2034
2030
2025
2019
2013
2006
2000
1993
1984
1978
1974
1967
1963
1961
1959
1956
1952
1950
1946
1941
1937
1926
1916
1905
1892
1879
1864
1844
1819
1791
1765
1737
1709
1681
1655
1629
1601
1575
1547
1532
1519
1506
1497
1493
1491
1493
1500
1510
1523
1541
1566
1612
1648
1698
1758
1803
1842
1885
1928
1972
2010
2041
2064
2084
2101
2116
2122
2125
2127
2131
2133
2135
2135
2138
2140
2140
2140
2142
2140
2140
2138
2138
2138
2135
2133
2131
2131
2129
2129
2127
2125
2125
2122
2122
2120
2120
2120
2120
2120
2120
2120
2120
2122
2122
2125
2127
2129
2131
2133
2138
2142
2146
2148
2153
2157
2161
2166
2168
2170
2174
2178
2181
2183
2187
2189
2194
2198
2202
2209
2213
2217
2222
2226
2228
2230
2232
2235
2239
2241
2243
2243
2245
2247
2250
2252
2254
2256
2258
2260
2263
2265
2267
2267
2267
2265
2263
2260
2258
2254
2250
2245
2239
2235
2228
2222
2215
2211
2204
2202
2198
2196
2194
2191
2189
2189
2187
2187
2189
2189
2191
2194
2198
2202
2206
2213
2217
2222
2226
2230
2232
2235
2237
2237
2239
2239
2239
2239
2239
2239
2237
2235
2232
2230
2228
2224
2222
2217
2213
2211
2206
2202
2200
2196
2194
2194
2196
2198
2198
2200
2202
2206
2209
2213
2217
2224
2237
2258
2239
2181
2038
1803
1478
1081
0668
0303
0092
0073
0193
0530
0963
1392
1737
1954
2049
2077
2099
2125
2150
2166
2176
2189
2198
2209
2217
2224
2230
2239
2250
2269
2303
2342
2394
2457
2519
2582
2638
2674
2689
2696
2702
2707
2709
2711
2707
2696
2681
2666
2650
2631
2612
2592
2571
2553
2536
2521
2506
2491
2478
2465
2452
2437
2424
2411
2398
2383
2370
2355
2336
2316
2293
2273
2250
2226
2198
2170
2144
2112
2073
2036
2002
1965
1928
1894
1859
1821
1788
1763
1741
1724
1715
1704
1696
1689
1687
1687
1694
1704
1722
1741
1771
1823
1864
1905
1946
1993
2028
2053
2073
2086
2094
2099
2103
2107
2110
2112
2114
2116
2118
2118
2120
2118
2116
2114
2107
2101
2094
2086
2077
2069
2062
2053
2047
2041
2034
2030
2028
2023
2021
2017
2013
2010
2008
2004
2002
2000
1997
1997
1997
1995
1995
1995
1995
1993
1993
1993
1993
1993
1993
1993
1995
1997
1997
2000
2000
2000
2002
2002
2004
2008
2010
2013
2017
2021
2023
2028
2030
2032
2036
2038
2043
2047
2049
2051
2053
2056
2056
2058
2060
2060
2062
2064
2066
2069
2071
2073
2075
2077
2079
2081
2084
2086
2088
2088
2090
2090
2092
2092
2092
2090
2090
2090
2088
2086
2084
2081
2079
2075
2073
2071
2071
2071
2071
2073
2075
2077
2081
2086
2090
2097
2103
2110
2118
2125
2129
2133
2138
2142
2144
2146
2150
2155
2159
2163
2166
2170
2172
2174
2176
2178
2183
2187
2194
2198
2200
2202
2202
2202
2202
2202
2204
2206
2211
2215
2222
2228
2235
2245
2265
2308
2338
2364
2385
2383
2331
2191
1972
1663
1284
0872
0502
0265
0237
0338
0674
1116
1564
1924
2157
2245
2282
2312
2340
2381
2428
2441
2448
2454
2461
2465
2467
2469
2469
2469
2467
2463
2461
2459
2454
2450
2448
2444
2439
2435
2433
2428
2424
2420
2416
2411
2407
2403
2396
2392
2385
2381
2372
2366
2360
2351
2342
2336
2327
2321
2312
2301
2288
2275
2260
2250
2237
2226
2215
2204
2191
2181
2168
2157
2146
2133
2116
2099
2079
2060
2038
2015
1989
1963
1935
1905
1875
1851
1829
1814
1801
1791
1784
1780
1784
1793
1806
1825
1859
1911
1959
2008
2058
2110
2157
2209
2258
2295
2334
2366
2394
2418
2435
2446
2452
2459
2463
2469
2472
2474
2476
2478
2478
2476
2476
2474
2472
2467
2463
2459
2454
2450
2444
2439
2435
2431
2426
2424
2420
2418
2413
2409
2405
2400
2394
2388
2381
2375
2368
2362
2353
2347
2338
2331
2325
2321
2316
2314
2312
2310
2310
2308
2306
2306
2306
2306
2308
2308
2308
2306
2306
2303
2299
2297
2293
2291
2286
2284
2280
2278
2273
2271
2267
2263
2258
2254
2250
2247
2243
2239
2235
2230
2226
2219
2213
2209
2204
2202
2198
2198
2198
2198
2200
2202
2204
2206
2206
2209
2211
2211
2209
2206
2204
2202
2198
2194
2187
2183
2178
2176
2174
2172
2170
2168
2168
2168
2170
2170
2172
2172
2174
2176
2178
2181
2185
2187
2191
2196
2200
2204
2211
2215
2222
2226
2232
2239
2243
2250
2256
2263
2267
2269
2271
2271
2269
2267
2263
2258
2252
2247
2241
2237
2230
2226
2224
2219
2213
2206
2213
2224
2237
2254
2271
2237
2138
1952
1674
1312
0900
0497
0189
0053
0135
0420
0834
1280
1659
1909
2002
2032
2058
2086
2110
2120
2129
2135
2142
2148
2157
2161
2166
2166
2163
2161
2159
2155
2148
2144
2140
2133
2127
2120
2112
2105
2099
2094
2088
2084
2079
2075
2069
2064
2060
2053
2049
2045
2041
2038
2036
2034
2032
2028
2025
2021
2017
2013
2006
2002
1997
1991
1987
1980
1974
1967
1963
1959
1952
1946
1937
1922
1896
1872
1849
1821
1788
1760
1730
1700
1666
1638
1616
1599
1586
1575
1566
1558
1549
1545
1549
1558
1573
1599
1638
1674
1715
1758
1803
1849
1892
1935
1976
2017
2056
2086
2110
2138
2153
2163
2168
2174
2181
2185
2191
2196
2202
2206
2209
2213
2215
2219
2222
2224
2224
2226
2226
2226
2226
2226
2228
2226
2226
2224
2222
2219
2217
2215
2213
2211
2211
2211
2211
2211
2211
2211
2211
2213
2215
2215
2215
2215
2217
2219
2222
2224
2226
2228
2230
2232
2237
2239
2241
2243
2247
2252
2256
2258
2263
2265
2267
2269
2271
2273
2275
2278
2278
2280
2280
2282
2282
2282
2280
2280
2280
2282
2282
2282
2282
2282
2282
2280
2278
2275
2273
2271
2269
2267
2267
2263
2260
2256
2252
2250
2245
2241
2239
2237
2232
2228
2222
2215
2204
2189
2174
2166
2157
2153
2148
2144
2142
2140
2140
2140
2146
2153
2161
2170
2178
2185
2189
2194
2198
2200
2202
2204
2206
2206
2209
2209
2209
2209
2206
2206
2206
2206
2204
2204
2202
2202
2200
2200
2198
2196
2191
2187
2185
2183
2178
2172
2166
2163
2157
2144
2135
2138
2155
2176
2198
2224
2228
2211
2170
2049
1849
1569
1222
0834
0465
0183
0064
0140
0407
0803
1245
1631
1898
2017
2060
2090
2112
2142
2183
2202
2211
2217
2226
2232
2237
2237
2232
2226
2217
2209
2202
2196
2191
2189
2189
2187
2185
2185
2183
2181
2181
2181
2181
2183
2183
2183
2183
2181
2178
2176
2172
2166
2163
2159
2155
2153
2148
2142
2133
2122
2112
2103
2097
2092
2088
2084
2077
2064
2038
2017
2002
1989
1978
1965
1952
1933
1907
1883
1859
1836
1812
1791
1767
1741
1715
1689
1659
1631
1603
1579
1562
1549
1538
1534
1534
1541
1553
1594
1640
1691
1747
1788
1836
1872
1924
1976
2008
2049
2081
2112
2142
2166
2181
2204
2213
2217
2222
2224
2228
2230
2232
2235
2237
2237
2237
2237
2235
2232
2232
2235
2235
2235
2235
2235
2232
2232
2232
2235
2237
2239
2239
2241
2243
2243
2243
2243
2243
2243
2243
2245
2247
2250
2252
2252
2254
2256
2258
2260
2263
2265
2267
2269
2269
2271
2271
2269
2269
2267
2267
2267
2265
2263
2263
2260
2260
2258
2258
2258
2258
2258
2260
2263
2263
2265
2265
2265
2265
2267
2267
2267
2267
2267
2267
2267
2265
2263
2258
2256
2252
2247
2241
2235
2230
2226
2219
2215
2213
2209
2209
2209
2213
2217
2224
2230
2237
2241
2243
2247
2250
2252
2254
2256
2258
2260
2265
2267
2271
2273
2278
2282
2284
2288
2291
2293
2295
2297
2299
2299
2301
2301
2301
2301
2299
2299
2299
2299
2299
2301
2301
2303
2308
2316
2325
2338
2362
2403
2428
2446
2424
2357
2204
1965
1633
1237
0827
0489
0351
0362
0579
0976
1426
1838
2140
2308
2370
2396
2420
2448
2480
2493
2500
2506
2513
2517
2519
2519
2517
2513
2506
2502
2495
2487
2480
2472
2463
2457
2450
2444
2437
2433
2426
2422
2416
2409
2403
2396
2388
2381
2372
2362
2353
2347
2340
2331
2325
2316
2306
2297
2286
2273
2260
2245
2230
2217
2204
2196
2185
2174
2163
2150
2135
2118
2103
2081
2058
2032
2002
1969
1935
1898
1859
1823
1786
1754
1722
1698
1678
1666
1657
1648
1642
1642
1644
1650
1659
1674
1702
1732
1760
1812
1859
1909
1956
1991
2028
2066
2105
2142
2170
2194
2215
2232
2245
2254
2260
2263
2265
2267
2267
2267
2267
2267
2269
2269
2269
2267
2267
2267
2267
2265
2263
2258
2256
2252
2250
2245
2243
2239
2235
2232
2232
2230
2230
2228
2226
2224
2222
2219
2217
2217
2215
2213
2211
2211
2209
2204
2202
2202
2200
2198
2198
2198
2198
2198
2200
2202
2204
2206
2206
2209
2211
2211
2211
2213
2213
2215
2215
2217
2219
2219
2217
2215
2213
2213
2213
2215
2215
2217
2217
2217
2217
2215
2213
2211
2211
2211
2211
2211
2211
2211
2211
2209
2209
2209
2209
2211
2211
2211
2213
2215
2217
2219
2222
2224
2224
2224
2224
2226
2226
2224
2226
2226
2226
2224
2219
2215
2206
2200
2196
2189
2185
2181
2176
2174
2174
2176
2181
2185
2194
2202
2209
2217
2230
2243
2258
2271
2280
2286
2291
2295
2297
2301
2303
2306
2310
2314
2319
2321
2325
2325
2327
2327
2329
2329
2331
2331
2331
2334
2334
2334
2331
2329
2327
2325
2323
2321
2319
2319
2316
2314
2312
2310
2308
2306
2306
2321
2347
2370
2394
2394
2372
2316
2166
1928
1601
1209
0795
0433
0234
0221
0368
0732
1178
1603
1918
2094
2142
2161
2176
2194
2237
2291
2306
2308
2310
2314
2316
2316
2316
2314
2310
2306
2301
2297
2293
2288
2286
2284
2282
2280
2275
2273
2269
2265
2258
2252
2245
2241
2235
2230
2224
2219
2215
2211
2209
2206
2204
2202
2200
2196
2191
2187
2181
2174
2166
2157
2146
2131
2118
2107
2094
2077
2058
2038
2019
2004
1982
1954
1931
1900
1866
1836
1808
1780
1754
1726
1694
1661
1633
1612
1590
1575
1566
1560
1556
1553
1558
1562
1573
1590
1622
1653
1691
1734
1775
1821
1864
1903
1941
1980
2017
2047
2069
2090
2112
2133
2155
2163
2170
2176
2183
2187
2191
2194
2196
2198
2200
2202
2204
2206
2209
2209
2213
2215
2215
2213
2213
2211
2209
2209
2209
2206
2206
2206
2206
2204
2204
2202
2200
2198
2196
2196
2194
2194
2191
2189
2189
2189
2187
2185
2185
2183
2183
2183
2183
2185
2187
2187
2187
2187
2187
2185
2185
2183
2183
2183
2181
2181
2181
2181
2178
2178
2178
2178
2181
2181
2185
2189
2198
2206
2213
2219
2224
2228
2230
2230
2232
2235
2237
2237
2239
2239
2239
2239
2239
2237
2235
2235
2235
2235
2235
2232
2230
2230
2228
2228
2228
2226
2224
2222
2222
2219
2219
2219
2219
2224
2228
2235
2243
2252
2265
2275
2291
2325
2329
2308
2250
2105
1877
1564
1189
0790
0439
0239
0226
0362
0715
1161
1586
1905
2090
2159
2189
2219
2254
2306
2331
2336
2344
2351
2362
2370
2375
2377
2377
2375
2375
2375
2375
2375
2372
2372
2372
2372
2370
2368
2364
2362
2357
2355
2353
2349
2344
2340
2336
2331
2327
2319
2308
2299
2291
2284
2278
2269
2260
2252
2241
2230
2219
2209
2196
2181
2168
2159
2148
2133
2114
2092
2071
2051
2030
2008
1987
1963
1933
1896
1872
1851
1829
1799
1765
1730
1696
1666
1644
1627
1616
1605
1599
1597
1605
1618
1642
1681
1724
1767
1814
1859
1905
1948
1993
2036
2077
2118
2148
2170
2209
2222
2226
2230
2235
2239
2245
2247
2252
2254
2256
2258
2256
2256
2256
2256
2254
2254
2254
2254
2252
2252
2252
2252
2252
2252
2252
2252
2250
2250
2250
2252
2252
2254
2254
2254
2254
2254
2252
2252
2252
2252
2254
2254
2254
2254
2254
2254
2252
2252
2250
2250
2250
2252
2252
2254
2254
2254
2254
2254
2256
2256
2256
2258
2258
2258
2258
2258
2256
2254
2254
2254
2254
2254
2252
2252
2250
2250
2250
2250
2250
2250
2252
2252
2252
2254
2254
2254
2252
2252
2250
2250
2247
2245
2243
2243
2243
2243
2243
2243
2243
2243
2243
2243
2243
2243
2243
2245
2247
2250
2250
2252
2252
2250
2250
2250
2247
2247
2247
2245
2245
2245
2247
2245
2245
2245
2243
2241
2239
2237
2235
2232
2230
2228
2226
2224
2217
2213
2209
2204
2200
2198
2194
2189
2187
2187
2185
2187
2191
2196
2202
2211
2217
2224
2230
2232
2235
2237
2239
2239
2239
2241
2241
2241
2241
2243
2243
2245
2247
2247
2250
2250
2252
2254
2254
2254
2254
2252
2250
2245
2241
2237
2235
2230
2226
2222
2217
2213
2204
2200
2215
2237
2256
2278
2275
2252
2185
2034
1808
1497
1122
0722
0364
0137
0109
0204
0521
0946
1383
1743
1982
2075
2112
2138
2159
2187
2217
2226
2230
2235
2239
2245
2250
2252
2254
2254
2252
2252
2250
2245
2243
2241
2239
2237
2232
2232
2230
2226
2226
2224
2224
2224
2224
2224
2222
2222
2219
2217
2217
2215
2213
2209
2204
2200
2189
2178
2170
2163
2157
2150
2142
2129
2114
2097
2077
2060
2045
2028
2013
1991
1965
1941
1918
1894
1870
1847
1825
1797
1769
1743
1717
1694
1668
1640
1618
1601
1590
1584
1579
1573
1569
1564
1566
1577
1597
1627
1668
1706
1747
1793
1838
1888
1933
1974
2013
2043
2069
2099
2125
2146
2166
2185
2191
2196
2198
2200
2204
2209
2211
2213
2213
2215
2215
2213
2213
2213
2211
2209
2206
2206
2206
2204
2202
2200
2198
2198
2196
2194
2194
2191
2191
2191
2191
2191
2191
2191
2191
2191
2191
2191
2194
2194
2194
2196
2196
2196
2196
2196
2198
2198
2198
2200
2200
2200
2202
2204
2204
2206
2206
2206
2206
2209
2209
2209
2211
2211
2213
2213
2215
2215
2215
2215
2215
2215
2217
2219
2219
2222
2228
2226
2219
2217
2215
2215
2213
2213
2213
2213
2213
2211
2211
2209
2209
2209
2209
2209
2209
2209
2209
2209
2209
2209
2206
2206
2206
2204
2204
2204
2204
2202
2202
2202
2202
2204
2206
2209
2211
2215
2219
2226
2230
2235
2241
2245
2252
2256
2260
2265
2267
2271
2273
2273
2275
2278
2280
2282
2284
2286
2286
2288
2291
2291
2291
2291
2291
2288
2288
2291
2291
2291
2291
2288
2286
2284
2282
2280
2278
2278
2280
2284
2291
2297
2316
2331
2342
2336
2295
2187
2004
1734
1385
0980
0579
0256
0144
0161
0390
0780
1228
1627
1909
2038
2088
2120
2140
2166
2211
2230
2239
2247
2256
2263
2269
2269
2269
2267
2263
2258
2252
2247
2243
2241
2239
2235
2232
2230
2228
2226
2226
2224
2224
2224
2226
2226
2228
2230
2230
2230
2228
2228
2226
2224
2222
2222
2219
2215
2213
2209
2204
2198
2191
2185
2168
2153
2140
2125
2110
2090
2073
2056
2034
2008
1987
1965
1941
1918
1894
1870
1844
1819
1791
1760
1732
1704
1681
1666
1655
1648
1642
1640
1642
1648
1657
1670
1687
1717
1747
1786
1834
1881
1926
1972
2013
2053
2090
2127
2163
2191
2213
2237
2254
2269
2280
2288
2295
2299
2301
2306
2308
2310
2310
2310
2312
2312
2312
2312
2310
2310
2308
2306
2303
2303
2301
2301
2299
2297
2295
2293
2291
2288
2286
2286
2286
2284
2284
2282
2280
2278
2278
2275
2273
2273
2273
2273
2273
2273
2273
2271
2271
2271
2269
2269
2269
2269
2271
2273
2278
2278
2280
2280
2280
2282
2282
2284
2288
2291
2295
2297
2299
2299
2299
2299
2301
2301
2301
2299
2299
2297
2295
2293
2291
2288
2288
2288
2288
2288
2286
2286
2286
2288
2291
2291
2293
2295
2297
2297
2299
2297
2295
2291
2288
2284
2280
2275
2269
2265
2260
2256
2252
2245
2239
2237
2235
2235
2239
2245
2254
2265
2273
2280
2286
2291
2293
2297
2301
2303
2303
2306
2308
2308
2308
2308
2306
2306
2303
2303
2301
2299
2297
2295
2295
2293
2293
2293
2293
2291
2291
2291
2291
2288
2286
2286
2286
2286
2288
2291
2293
2297
2303
2312
2321
2331
2342
2364
2366
2338
2265
2112
1877
1560
1185
0797
0461
0280
0271
0420
0762
1187
1601
1922
2118
2187
2219
2247
2278
2319
2338
2344
2353
2360
2368
2372
2375
2375
2372
2370
2366
2364
2360
2357
2353
2349
2344
2338
2334
2329
2323
2316
2310
2303
2297
2291
2284
2275
2269
2263
2256
2250
2243
2237
2230
2222
2213
2200
2187
2176
2166
2157
2146
2133
2122
2112
2099
2088
2075
2064
2053
2038
2017
1997
1980
1963
1944
1924
1905
1883
1855
1821
1795
1773
1754
1726
1691
1659
1618
1588
1571
1560
1560
1560
1560
1560
1560
1577
1609
1648
1694
1739
1782
1827
1872
1916
1956
1995
2030
2062
2088
2118
2144
2163
2183
2200
2211
2217
2224
2230
2235
2239
2241
2243
2243
2243
2245
2245
2245
2247
2247
2247
2247
2247
2247
2247
2245
2245
2241
2239
2237
2232
2230
2226
2222
2219
2217
2213
2211
2206
2204
2200
2198
2198
2198
2196
2196
2196
2196
2196
2196
2194
2194
2196
2196
2198
2198
2200
2200
2202
2202
2200
2200
2200
2198
2198
2196
2191
2189
2185
2181
2174
2170
2166
2161
2159
2157
2153
2150
2148
2144
2144
2144
2144
2148
2153
2155
2159
2163
2166
2168
2170
2170
2172
2172
2172
2172
2172
2172
2172
2170
2170
2168
2168
2168
2170
2170
2170
2172
2172
2174
2174
2174
2174
2174
2174
2174
2174
2174
2174
2176
2178
2183
2189
2198
2209
2217
2230
2256
2256
2228
2155
1991
1747
1422
1038
0644
0310
0153
0153
0331
0704
1155
1571
1879
2053
2112
2140
2166
2196
2241
2263
2269
2275
2284
2293
2299
2303
2306
2306
2306
2308
2308
2308
2306
2306
2303
2303
2301
2299
2295
2291
2286
2282
2278
2275
2271
2267
2260
2254
2247
2239
2230
2226
2222
2217
2215
2211
2206
2200
2194
2185
2176
2166
2157
2144
2129
2114
2101
2086
2071
2053
2036
2015
1995
1976
1956
1937
1911
1881
1857
1831
1806
1780
1752
1726
1698
1666
1642
1627
1616
1612
1605
1601
1599
1601
1609
1629
1657
1702
1743
1791
1840
1890
1941
1987
2030
2071
2107
2140
2166
2185
2213
2226
2235
2243
2247
2254
2258
2260
2263
2265
2265
2265
2265
2265
2263
2260
2258
2256
2256
2254
2254
2252
2250
2247
2243
2241
2239
2235
2230
2226
2224
2222
2219
2217
2215
2213
2211
2209
2204
2200
2196
2191
2189
2185
2183
2181
2181
2178
2178
2176
2174
2174
2174
2174
2174
2174
2172
2172
2172
2172
2172
2172
2172
2170
2170
2170
2170
2168
2168
2168
2170
2170
2172
2174
2174
2176
2176
2176
2176
2178
2178
2178
2181
2181
2183
2185
2185
2185
2187
2189
2189
2191
2194
2196
2198
2200
2202
2206
2209
2209
2211
2211
2211
2213
2213
2213
2213
2213
2213
2213
2213
2213
2211
2209
2209
2206
2206
2206
2206
2209
2209
2211
2213
2215
2217
2222
2226
2230
2235
2239
2243
2247
2250
2250
2250
2247
2245
2243
2241
2239
2239
2237
2237
2235
2235
2235
2237
2239
2241
2245
2250
2254
2260
2265
2269
2271
2273
2273
2275
2278
2278
2278
2278
2278
2278
2275
2273
2273
2271
2269
2269
2267
2267
2265
2263
2260
2256
2254
2252
2247
2245
2245
2243
2241
2235
2232
2232
2241
2258
2280
2306
2329
2316
2278
2166
1978
1706
1355
0954
0562
0247
0092
0144
0394
0788
1239
1644
1933
2090
2144
2166
2191
2226
2269
2303
2325
2344
2362
2377
2390
2400
2407
2409
2413
2418
2422
2424
2426
2426
2426
2426
2428
2428
2428
2426
2424
2420
2416
2411
2405
2398
2394
2390
2385
2381
2375
2368
2362
2357
2353
2351
2347
2342
2338
2331
2321
2308
2295
2282
2267
2243
2222
2202
2181
2166
2146
2127
2107
2086
2066
2045
2025
2004
1982
1952
1920
1888
1853
1825
1803
1782
1760
1739
1719
1709
1700
1694
1689
1687
1691
1698
1706
1722
1747
1791
1831
1877
1928
1976
2025
2069
2105
2148
2181
2206
2237
2258
2273
2284
2293
2297
2297
2299
2301
2303
2306
2306
2306
2306
2306
2306
2306
2303
2303
2301
2301
2301
2299
2299
2297
2295
2291
2286
2282
2280
2273
2269
2265
2260
2258
2256
2254
2250
2247
2245
2243
2243
2243
2243
2243
2243
2245
2245
2247
2245
2245
2245
2245
2247
2247
2245
2245
2245
2245
2243
2243
2243
2241
2241
2241
2241
2243
2243
2241
2241
2243
2241
2241
2241
2239
2241
2241
2243
2243
2243
2241
2239
2239
2237
2237
2235
2235
2232
2232
2232
2230
2228
2224
2222
2219
2217
2215
2213
2211
2209
2204
2202
2200
2198
2196
2191
2187
2185
2181
2176
2172
2166
2163
2161
2157
2153
2148
2146
2144
2144
2144
2144
2146
2150
2155
2161
2166
2170
2174
2178
2183
2185
2189
2191
2194
2194
2191
2191
2189
2187
2185
2183
2183
2178
2176
2176
2174
2172
2170
2170
2168
2168
2170
2170
2168
2168
2168
2170
2172
2174
2178
2185
2191
2202
2211
2222
2239
2239
2211
2135
1974
1728
1398
1002
0594
0247
0086
0088
0275
0659
1118
1549
1859
2000
2051
2084
2103
2131
2174
2226
2256
2258
2260
2263
2267
2267
2267
2265
2265
2265
2265
2263
2260
2256
2254
2252
2250
2250
2247
2245
2243
2241
2237
2235
2232
2230
2228
2226
2222
2217
2211
2204
2196
2189
2181
2174
2170
2166
2157
2150
2142
2133
2127
2118
2110
2099
2084
2071
2058
2043
2025
2006
1989
1974
1959
1946
1931
1916
1896
1875
1849
1823
1795
1769
1743
1715
1683
1663
1650
1640
1631
1625
1625
1629
1638
1646
1661
1687
1732
1773
1816
1862
1909
1956
2000
2038
2081
2116
2142
2174
2202
2228
2247
2265
2271
2275
2280
2284
2288
2293
2297
2299
2301
2301
2301
2301
2299
2297
2295
2293
2291
2288
2286
2284
2284
2280
2278
2275
2271
2267
2265
2260
2258
2256
2254
2252
2250
2247
2245
2243
2241
2241
2239
2239
2239
2239
2239
2237
2237
2239
2239
2241
2241
2241
2241
2243
2243
2243
2245
2245
2247
2252
2254
2254
2254
2256
2256
2258
2260
2263
2263
2263
2265
2265
2265
2265
2265
2265
2265
2265
2265
2265
2265
2263
2260
2260
2258
2258
2256
2254
2252
2252
2250
2247
2245
2245
2245
2245
2245
2243
2243
2241
2239
2237
2235
2230
2226
2222
2215
2211
2206
2200
2194
2187
2183
2178
2176
2172
2170
2170
2170
2172
2174
2176
2181
2183
2187
2191
2196
2200
2202
2204
2204
2206
2209
2209
2211
2211
2211
2211
2211
2211
2209
2206
2206
2206
2206
2206
2206
2204
2204
2202
2200
2200
2200
2198
2198
2200
2202
2206
2209
2213
2219
2228
2239
2250
2267
2297
2301
2280
2224
2081
1859
1558
1194
0801
0443
0213
0185
0278
0594
1017
1454
1806
2028
2110
2140
2166
2185
2217
2254
2267
2273
2280
2284
2293
2297
2299
2299
2299
2299
2299
2299
2297
2295
2293
2288
2284
2280
2275
2271
2265
2258
2254
2252
2250
2245
2241
2235
2230
2224
2219
2213
2206
2202
2198
2194
2187
2181
2174
2166
2159
2153
2144
2135
2125
2114
2101
2088
2077
2069
2058
2043
2028
2015
2000
1982
1961
1941
1916
1879
1847
1821
1793
1765
1737
1702
1674
1648
1633
1627
1620
1614
1607
1605
1609
1620
1635
1663
1704
1741
1782
1825
1870
1922
1969
2013
2051
2086
2122
2153
2174
2198
2217
2235
2245
2250
2252
2252
2254
2256
2258
2258
2260
2260
2263
2263
2263
2260
2260
2260
2260
2260
2260
2258
2258
2258
2258
2256
2254
2252
2250
2247
2245
2241
2239
2237
2235
2232
2230
2228
2228
2228
2226
2228
2228
2228
2228
2226
2226
2226
2228
2230
2230
2232
2235
2237
2239
2239
2239
2241
2241
2243
2243
2247
2250
2254
2258
2260
2265
2265
2267
2267
2269
2269
2269
2269
2269
2269
2269
2267
2267
2265
2263
2263
2260
2260
2260
2258
2256
2256
2254
2252
2250
2247
2245
2245
2243
2241
2239
2239
2237
2232
2230
2226
2222
2217
2213
2209
2204
2200
2198
2194
2191
2187
2185
2181
2178
2174
2170
2168
2166
2166
2168
2170
2174
2178
2185
2191
2196
2200
2204
2209
2213
2215
2217
2219
2219
2222
2222
2219
2219
2217
2217
2215
2213
2211
2209
2206
2204
2200
2196
2194
2191
2189
2187
2185
2185
2185
2187
2191
2198
2204
2213
2222
2230
2239
2258
2269
2258
2228
2142
1954
1674
1314
0900
0493
0178
0038
0112
0392
0808
1265
1657
1931
2064
2112
2131
2155
2189
2239
2273
2280
2284
2288
2291
2295
2297
2299
2299
2301
2301
2303
2303
2301
2299
2297
2295
2293
2288
2286
2284
2284
2284
2282
2280
2278
2275
2275
2273
2271
2269
2269
2269
2267
2265
2263
2258
2254
2247
2239
2228
2219
2209
2200
2187
2172
2163
2153
2142
2129
2116
2101
2084
2062
2036
2015
1991
1969
1946
1916
1879
1849
1827
1799
1771
1743
1715
1691
1670
1655
1646
1638
1631
1627
1625
1631
1642
1659
1689
1734
1775
1821
1870
1918
1967
2015
2058
2097
2133
2170
2200
2222
2247
2258
2263
2269
2273
2278
2280
2284
2286
2288
2291
2291
2293
2293
2293
2293
2291
2288
2288
2286
2282
2280
2275
2271
2269
2265
2263
2260
2258
2256
2254
2252
2250
2247
2247
2245
2245
2245
2245
2247
2247
2247
2247
2247
2247
2245
2245
2245
2245
2245
2247
2250
2250
2252
2252
2252
2252
2252
2252
2254
2254
2256
2258
2258
2260
2260
2260
2260
2260
2260
2260
2260
2258
2258
2258
2256
2256
2256
2254
2252
2252
2250
2250
2247
2247
2245
2243
2243
2243
2243
2243
2243
2243
2243
2243
2243
2243
2243
2243
2241
2241
2241
2239
2237
2235
2230
2226
2219
2211
2202
2196
2194
2191
2189
2189
2187
2187
2187
2187
2187
2187
2189
2191
2194
2196
2198
2202
2204
2206
2209
2209
2211
2211
2211
2211
2209
2209
2209
2209
2209
2209
2211
2211
2211
2211
2209
2206
2204
2202
2200
2198
2196
2196
2194
2191
2189
2189
2187
2187
2185
2183
2204
2237
2260
2273
2280
2247
2150
1969
1698
1349
0950
0562
0262
0131
0209
0474
0868
1301
1681
1950
2077
2122
2138
2155
2185
2219
2237
2247
2250
2252
2254
2256
2258
2260
2263
2263
2263
2265
2263
2260
2256
2250
2243
2237
2232
2226
2224
2219
2215
2209
2202
2198
2194
2189
2187
2183
2183
2181
2178
2176
2172
2168
2166
2159
2155
2148
2142
2135
2127
2114
2099
2084
2071
2058
2043
2030
2015
2000
1987
1974
1961
1946
1926
1909
1888
1859
1831
1801
1775
1754
1732
1711
1687
1657
1638
1627
1616
1607
1603
1603
1607
1614
1622
1635
1661
1706
1752
1797
1838
1883
1928
1974
2019
2062
2097
2122
2144
2163
2181
2211
2226
2235
2243
2252
2258
2260
2263
2265
2267
2267
2269
2269
2269
2267
2267
2267
2265
2265
2263
2263
2260
2260
2258
2256
2254
2252
2247
2245
2243
2241
2239
2237
2235
2235
2232
2232
2232
2232
2232
2232
2232
2232
2232
2230
2230
2230
2230
2230
2228
2228
2228
2226
2226
2224
2224
2224
2224
2224
2224
2224
2224
2224
2224
2224
2224
2224
2222
2222
2219
2217
2215
2213
2211
2209
2206
2202
2200
2198
2196
2191
2189
2187
2183
2178
2174
2170
2168
2166
2166
2166
2166
2166
2166
2166
2168
2170
2172
2174
2178
2181
2185
2187
2191
2196
2198
2200
2202
2202
2202
2202
2202
2200
2200
2200
2198
2198
2198
2198
2198
2198
2196
2194
2191
2191
2189
2187
2185
2185
2185
2185
2187
2189
2191
2194
2198
2204
2211
2224
2250
2267
2278
2250
2166
2006
1760
1435
1045
0644
0297
0129
0131
0318
0702
1157
1573
1877
2051
2114
2142
2159
2194
2256
2295
2312
2316
2323
2327
2334
2338
2340
2342
2344
2347
2347
2347
2347
2347
2347
2347
2347
2347
2344
2344
2342
2340
2338
2334
2331
2329
2327
2323
2321
2316
2312
2310
2303
2299
2293
2284
2278
2273
2267
2263
2258
2254
2247
2239
2226
2213
2202
2194
2181
2168
2157
2142
2125
2103
2084
2064
2045
2028
2002
1972
1946
1918
1888
1855
1827
1806
1778
1760
1747
1739
1732
1730
1730
1737
1743
1754
1773
1810
1849
1892
1939
1980
2041
2103
2142
2185
2226
2258
2284
2312
2325
2331
2338
2344
2349
2353
2355
2357
2357
2360
2360
2357
2355
2355
2353
2349
2347
2342
2338
2336
2331
2327
2323
2321
2319
2316
2314
2312
2310
2308
2306
2303
2299
2297
2295
2291
2288
2284
2282
2278
2275
2271
2267
2265
2263
2260
2258
2256
2256
2254
2254
2254
2252
2252
2252
2254
2254
2256
2256
2256
2256
2256
2256
2254
2254
2254
2254
2254
2254
2256
2256
2256
2256
2256
2256
2254
2254
2254
2254
2256
2256
2258
2258
2260
2260
2260
2258
2258
2256
2254
2252
2250
2250
2250
2247
2247
2245
2243
2241
2239
2237
2235
2232
2230
2228
2228
2226
2224
2222
2219
2217
2213
2211
2206
2204
2202
2198
2196
2191
2187
2183
2176
2170
2163
2155
2148
2144
2140
2138
2135
2133
2131
2129
2127
2125
2122
2122
2125
2129
2135
2144
2153
2159
2166
2168
2170
2174
2174
2176
2176
2176
2178
2178
2178
2178
2181
2181
2178
2178
2176
2176
2176
2176
2176
2176
2176
2176
2176
2176
2174
2174
2174
2174
2176
2178
2183
2187
2194
2200
2209
2213
2226
2254
2256
2232
2166
2023
1793
1476
1088
0674
0310
0103
0088
0221
0573
1021
1463
1810
2023
2101
2127
2150
2166
2219
2273
2308
2321
2325
2329
2334
2338
2342
2347
2349
2353
2355
2355
2355
2355
2355
2355
2357
2357
2357
2360
2360
2362
2362
2360
2360
2357
2355
2353
2351
2347
2344
2342
2340
2338
2334
2331
2325
2319
2310
2299
2291
2284
2278
2271
2265
2258
2247
2237
2224
2211
2191
2168
2146
2120
2097
2075
2047
2013
1978
1946
1913
1881
1851
1821
1793
1760
1732
1711
1687
1672
1661
1650
1646
1646
1648
1655
1663
1678
1706
1739
1773
1814
1851
1905
1961
1997
2041
2077
2110
2140
2166
2196
2219
2235
2243
2247
2250
2250
2250
2252
2254
2254
2256
2256
2256
2254
2252
2250
2245
2241
2239
2235
2232
2228
2226
2224
2224
2222
2222
2219
2219
2219
2217
2217
2217
2217
2217
2217
2217
2217
2217
2217
2217
2217
2215
2215
2215
2215
2215
2215
2215
2215
2215
2215
2215
2215
2213
2213
2213
2213
2215
2215
2215
2215
2215
2217
2217
2217
2217
2217
2217
2217
2219
2219
2219
2219
2219
2217
2217
2215
2215
2215
2215
2215
2213
2213
2213
2211
2209
2204
2202
2200
2196
2194
2189
2187
2185
2183
2181
2178
2176
2176
2174
2172
2170
2168
2166
2163
2159
2155
2150
2144
2140
2135
2131
2127
2122
2118
2114
2110
2110
2112
2118
2125
2133
2142
2148
2155
2159
2163
2166
2166
2166
2168
2168
2170
2170
2170
2170
2170
2168
2168
2166
2166
2163
2163
2163
2161
2161
2161
2161
2161
2161
2161
2161
2161
2161
2163
2166
2166
2170
2174
2181
2187
2200
2228
2245
2258
2237
2176
2047
1836
1543
1176
0773
0396
0133
0056
0191
0512
0944
1379
1730
1950
2032
2060
2081
2101
2153
2215
2237
2241
2243
2245
2247
2250
2252
2252
2252
2252
2252
2252
2252
2250
2247
2247
2245
2243
2241
2241
2239
2237
2235
2230
2228
2226
2222
2219
2215
2213
2209
2200
2191
2183
2176
2170
2166
2159
2153
2146
2138
2131
2122
2114
2103
2088
2075
2064
2051
2041
2028
2013
1993
1974
1954
1935
1916
1898
1877
1849
1825
1799
1771
1741
1717
1700
1678
1655
1633
1627
1622
1618
1614
1614
1618
1627
1642
1666
1704
1741
1780
1821
1862
1907
1950
1995
2036
2071
2103
2131
2163
2189
2209
2232
2243
2247
2252
2256
2258
2260
2265
2267
2269
2271
2273
2275
2278
2278
2278
2278
2278
2278
2275
2275
2273
2273
2271
2269
2269
2267
2265
2263
2260
2258
2256
2254
2250
2247
2245
2243
2241
2241
2241
2239
2239
2239
2239
2239
2237
2237
2237
2237
2239
2239
2239
2241
2241
2243
2243
2243
2243
2243
2245
2245
2247
2247
2250
2252
2252
2254
2256
2258
2260
2263
2265
2267
2267
2267
2269
2269
2269
2269
2271
2271
2271
2271
2271
2269
2269
2269
2267
2267
2265
2265
2265
2263
2263
2260
2258
2254
2252
2250
2247
2247
2245
2243
2243
2241
2239
2235
2230
2228
2224
2217
2206
2198
2196
2194
2194
2196
2196
2196
2196
2196
2196
2196
2196
2198
2200
2200
2202
2202
2202
2204
2204
2204
2202
2202
2200
2200
2200
2198
2198
2198
2198
2200
2200
2200
2200
2200
2200
2198
2198
2196
2196
2196
2198
2198
2200
2204
2209
2213
2217
2224
2237
2265
2280
2288
2263
2185
2034
1801
1491
1116
0722
0366
0157
0137
0252
0577
0995
1416
1756
1972
2051
2084
2101
2129
2185
2222
2237
2241
2247
2250
2254
2258
2263
2265
2265
2265
2265
2265
2263
2260
2258
2256
2252
2250
2245
2241
2239
2235
2230
2226
2224
2219
2213
2209
2202
2198
2194
2189
2187
2183
2181
2176
2172
2168
2163
2157
2148
2142
2133
2125
2116
2107
2097
2088
2079
2071
2058
2038
2019
1997
1978
1963
1946
1920
1892
1862
1836
1814
1795
1767
1737
1706
1674
1653
1638
1625
1614
1605
1597
1590
1590
1597
1609
1629
1661
1698
1732
1788
1844
1900
1959
1997
2041
2079
2114
2148
2172
2194
2213
2230
2241
2252
2260
2269
2271
2273
2275
2278
2280
2282
2282
2284
2284
2286
2286
2286
2288
2288
2288
2288
2288
2288
2286
2286
2286
2284
2284
2284
2282
2280
2278
2273
2271
2269
2267
2267
2265
2265
2265
2265
2265
2265
2265
2265
2265
2265
2267
2267
2269
2271
2273
2273
2275
2275
2275
2275
2275
2275
2275
2278
2278
2280
2280
2282
2282
2284
2286
2286
2286
2286
2286
2286
2286
2286
2286
2286
2286
2286
2284
2284
2282
2275
2269
2265
2260
2258
2256
2256
2254
2254
2252
2252
2250
2247
2245
2241
2239
2235
2230
2226
2224
2219
2215
2213
2209
2204
2200
2198
2196
2196
2198
2202
2209
2213
2219
2224
2228
2232
2237
2239
2241
2243
2243
2243
2243
2241
2241
2239
2235
2232
2230
2226
2222
2219
2215
2213
2211
2209
2209
2206
2206
2204
2202
2200
2198
2196
2194
2191
2191
2191
2194
2198
2202
2206
2215
2224
2230
2250
2275
2288
2297
2260
2163
1978
1704
1353
0950
0545
0224
0109
0131
0359
0758
1211
1616
1903
2047
2097
2120
2140
2168
2213
2250
2260
2265
2269
2273
2278
2280
2282
2282
2282
2280
2280
2278
2273
2269
2265
2258
2254
2250
2245
2241
2239
2235
2232
2228
2224
2222
2219
2217
2213
2211
2211
2209
2206
2204
2202
2200
2196
2194
2189
2185
2174
2166
2153
2138
2125
2110
2099
2088
2081
2069
2053
2034
2017
1997
1978
1959
1939
1918
1888
1855
1825
1795
1767
1737
1709
1678
1653
1633
1616
1605
1597
1590
1588
1588
1592
1603
1618
1644
1689
1730
1773
1821
1868
1916
1961
2008
2049
2088
2127
2157
2178
2204
2222
2235
2245
2254
2260
2267
2271
2275
2278
2280
2280
2282
2282
2284
2284
2284
2284
2284
2282
2280
2280
2275
2273
2271
2269
2267
2267
2265
2263
2260
2258
2258
2256
2254
2254
2252
2252
2250
2250
2247
2247
2247
2247
2247
2247
2250
2250
2250
2252
2252
2252
2252
2254
2254
2256
2258
2263
2265
2267
2269
2271
2273
2275
2278
2280
2282
2284
2286
2286
2288
2288
2291
2291
2288
2288
2288
2288
2286
2286
2286
2288
2291
2293
2288
2284
2278
2275
2273
2271
2269
2267
2267
2265
2263
2260
2258
2256
2254
2252
2247
2245
2241
2237
2232
2228
2224
2219
2217
2215
2213
2209
2206
2202
2200
2200
2202
2209
2215
2224
2232
2239
2245
2250
2252
2256
2258
2260
2263
2265
2265
2265
2265
2265
2265
2263
2263
2263
2263
2260
2260
2260
2260
2260
2260
2260
2260
2263
2263
2263
2265
2265
2265
2267
2267
2269
2271
2273
2278
2282
2288
2295
2301
2308
2316
2342
2342
2316
2247
2097
1853
1521
1125
0711
0359
0193
0196
0379
0762
1217
1638
1941
2086
2138
2166
2181
2204
2252
2278
2286
2295
2299
2303
2308
2314
2316
2319
2319
2319
2316
2314
2312
2308
2303
2297
2293
2288
2284
2280
2278
2275
2273
2271
2269
2267
2263
2260
2256
2254
2250
2247
2245
2243
2239
2235
2230
2224
2217
2211
2196
2181
2168
2159
2146
2135
2120
2107
2097
2086
2075
2060
2045
2025
2004
1980
1959
1937
1916
1894
1866
1831
1797
1763
1732
1711
1687
1663
1642
1629
1622
1614
1609
1607
1609
1620
1633
1657
1694
1730
1773
1823
1872
1922
1967
2008
2049
2084
2125
2157
2176
2198
2217
2224
2228
2230
2235
2237
2239
2241
2245
2247
2252
2254
2256
2256
2258
2258
2256
2256
2256
2254
2254
2254
2254
2254
2252
2252
2250
2250
2247
2245
2243
2243
2243
2243
2243
2243
2243
2243
2243
2243
2245
2245
2245
2245
2247
2247
2247
2247
2247
2247
2247
2247
2250
2250
2250
2250
2250
2252
2252
2252
2252
2252
2252
2252
2252
2252
2252
2252
2252
2252
2250
2250
2247
2247
2245
2243
2241
2237
2232
2228
2226
2224
2224
2222
2222
2219
2219
2219
2222
2222
2224
2226
2228
2230
2230
2230
2232
2232
2235
2235
2237
2237
2239
2239
2239
2239
2237
2235
2232
2230
2230
2228
2228
2228
2226
2226
2224
2224
2222
2219
2219
2217
2215
2215
2215
2213
2215
2215
2217
2222
2226
2232
2239
2245
2252
2260
2282
2286
2271
2235
2112
1903
1601
1224
0812
0439
0202
0174
0273
0609
1047
1482
1814
2017
2097
2129
2161
2194
2245
2271
2280
2286
2293
2299
2306
2312
2316
2319
2316
2316
2314
2312
2312
2308
2306
2301
2299
2295
2288
2284
2278
2271
2267
2260
2256
2252
2247
2241
2235
2228
2219
2213
2209
2204
2200
2196
2189
2183
2172
2166
2155
2146
2135
2127
2120
2114
2107
2101
2092
2086
2075
2060
2036
2015
1991
1969
1948
1922
1890
1857
1823
1793
1767
1741
1715
1689
1659
1635
1616
1603
1599
1599
1599
1599
1599
1601
1625
1661
1704
1747
1793
1838
1885
1933
1980
2028
2071
2103
2129
2157
2178
2198
2215
2228
2235
2239
2241
2245
2247
2250
2252
2256
2258
2260
2263
2263
2263
2263
2263
2260
2260
2258
2258
2256
2256
2254
2252
2247
2245
2243
2243
2241
2239
2239
2237
2235
2232
2232
2228
2226
2224
2224
2222
2222
2219
2219
2217
2217
2217
2217
2217
2217
2217
2217
2217
2217
2219
2219
2219
2219
2222
2219
2219
2217
2217
2217
2217
2217
2217
2217
2219
2219
2219
2219
2222
2222
2222
2224
2226
2228
2230
2235
2237
2239
2241
2243
2245
2247
2250
2252
2252
2254
2254
2254
2254
2254
2254
2254
2254
2252
2252
2252
2252
2252
2252
2250
2250
2250
2250
2247
2247
2247
2247
2245
2243
2243
2243
2241
2241
2241
2241
2241
2241
2241
2239
2239
2235
2232
2228
2224
2217
2213
2206
2202
2198
2194
2189
2187
2185
2185
2189
2196
2202
2211
2217
2224
2226
2230
2232
2235
2237
2239
2239
2241
2239
2239
2237
2235
2232
2232
2230
2230
2228
2228
2226
2224
2222
2219
2217
2215
2213
2211
2209
2206
2204
2204
2202
2200
2198
2191
2189
2194
2209
2228
2252
2275
2263
2226
2120
1939
1676
1338
0948
0551
0221
0088
0099
0306
0693
1159
1586
1896
2043
2097
2129
2148
2174
2226
2254
2260
2267
2275
2282
2291
2295
2297
2299
2299
2299
2299
2299
2299
2299
2297
2297
2295
2293
2291
2288
2286
2286
2284
2282
2278
2273
2271
2267
2265
2260
2256
2254
2247
2237
2224
2213
2200
2189
2181
2172
2166
2159
2153
2146
2142
2135
2129
2120
2107
2092
2077
2060
2038
2019
2000
1980
1956
1935
1913
1892
1872
1851
1827
1793
1754
1719
1696
1672
1648
1627
1614
1605
1597
1590
1590
1599
1614
1635
1672
1706
1745
1795
1840
1888
1933
1976
2015
2049
2086
2114
2135
2159
2178
2198
2215
2230
2235
2239
2241
2245
2247
2250
2250
2252
2254
2254
2254
2254
2256
2256
2256
2258
2258
2258
2258
2258
2258
2258
2258
2258
2256
2256
2254
2252
2247
2243
2241
2237
2232
2230
2226
2224
2222
2219
2219
2217
2219
2219
2219
2219
2219
2222
2224
2226
2228
2232
2232
2235
2237
2239
2239
2239
2241
2241
2243
2245
2247
2247
2250
2250
2252
2252
2254
2254
2254
2252
2250
2250
2247
2245
2243
2243
2241
2241
2239
2237
2235
2232
2230
2230
2230
2228
2228
2226
2226
2226
2224
2224
2222
2219
2219
2217
2217
2215
2213
2211
2209
2204
2202
2198
2194
2187
2181
2174
2168
2166
2163
2163
2166
2172
2178
2187
2196
2204
2211
2215
2219
2224
2228
2235
2239
2241
2245
2245
2247
2247
2247
2245
2245
2243
2243
2243
2241
2241
2239
2239
2237
2237
2235
2232
2232
2232
2232
2232
2230
2230
2232
2232
2235
2239
2243
2252
2260
2271
2291
2314
2321
2325
2288
2176
1980
1689
1319
0907
0510
0204
0071
0142
0407
0812
1271
1676
1959
2088
2133
2163
2181
2209
2258
2282
2288
2295
2303
2312
2319
2323
2327
2329
2329
2329
2329
2329
2327
2325
2325
2323
2319
2314
2310
2308
2303
2297
2293
2291
2286
2282
2280
2278
2278
2275
2275
2275
2278
2278
2275
2275
2273
2271
2267
2265
2263
2260
2256
2252
2243
2232
2209
2189
2172
2157
2142
2125
2105
2084
2058
2030
2002
1974
1948
1922
1896
1870
1844
1816
1791
1765
1737
1706
1683
1663
1655
1657
1657
1659
1659
1674
1698
1730
1769
1812
1859
1903
1944
1984
2023
2060
2099
2138
2166
2191
2217
2239
2258
2271
2282
2288
2291
2295
2299
2301
2303
2306
2306
2306
2303
2303
2301
2299
2297
2295
2293
2288
2286
2282
2278
2273
2271
2269
2267
2265
2263
2260
2258
2256
2254
2252
2250
2247
2245
2243
2241
2239
2237
2235
2235
2232
2230
2230
2230
2232
2232
2235
2237
2239
2241
2243
2245
2247
2250
2250
2252
2254
2254
2254
2254
2254
2254
2252
2250
2250
2247
2247
2245
2245
2243
2241
2239
2239
2237
2235
2235
2235
2232
2232
2232
2230
2228
2226
2226
2224
2224
2222
2219
2219
2219
2219
2219
2217
2215
2213
2211
2206
2204
2200
2198
2194
2191
2189
2185
2181
2174
2170
2166
2166
2163
2163
2163
2163
2166
2168
2172
2176
2181
2185
2189
2194
2196
2200
2202
2202
2204
2206
2206
2209
2206
2206
2206
2206
2204
2204
2204
2204
2204
2204
2204
2204
2204
2204
2204
2204
2202
2200
2200
2198
2198
2198
2200
2202
2209
2215
2224
2232
2241
2256
2282
2271
2241
2138
1954
1683
1329
0933
0551
0256
0131
0211
0480
0877
1319
1698
1959
2071
2112
2135
2155
2178
2222
2241
2247
2254
2260
2269
2275
2278
2280
2280
2280
2280
2280
2278
2275
2273
2269
2265
2258
2252
2245
2241
2237
2235
2230
2226
2222
2217
2213
2209
2204
2202
2200
2198
2196
2194
2191
2187
2183
2178
2170
2166
2157
2150
2144
2135
2129
2118
2103
2090
2077
2064
2049
2036
2021
2002
1980
1963
1941
1916
1888
1859
1831
1801
1771
1741
1711
1678
1648
1627
1607
1594
1581
1575
1575
1579
1590
1607
1638
1670
1704
1756
1808
1862
1913
1965
2002
2043
2081
2118
2153
2176
2196
2217
2232
2241
2250
2256
2263
2271
2275
2280
2282
2284
2286
2288
2291
2293
2295
2297
2297
2297
2295
2293
2288
2282
2278
2273
2271
2267
2265
2263
2260
2258
2254
2252
2247
2245
2243
2243
2241
2239
2237
2235
2232
2230
2228
2226
2224
2222
2219
2219
2219
2219
2222
2222
2224
2226
2226
2228
2228
2230
2230
2232
2235
2239
2241
2243
2245
2247
2247
2247
2247
2247
2247
2245
2245
2245
2245
2243
2243
2241
2241
2241
2239
2239
2239
2239
2239
2239
2239
2239
2239
2239
2241
2241
2239
2237
2235
2232
2230
2228
2226
2224
2222
2219
2217
2213
2204
2196
2187
2178
2172
2166
2163
2159
2155
2150
2148
2146
2148
2150
2155
2161
2166
2174
2181
2187
2191
2196
2198
2200
2202
2202
2202
2202
2202
2202
2202
2200
2198
2194
2191
2189
2189
2189
2189
2189
2189
2189
2187
2187
2187
2187
2185
2185
2183
2181
2181
2178
2174
2172
2181
2200
2226
2252
2265
2271
2241
2150
1976
1719
1383
0989
0584
0245
0092
0096
0286
0655
1097
1519
1838
2028
2090
2114
2135
2155
2185
2222
2239
2245
2254
2260
2267
2269
2271
2271
2271
2271
2271
2269
2267
2263
2258
2254
2250
2243
2241
2237
2235
2232
2230
2226
2224
2222
2219
2217
2215
2213
2211
2209
2206
2204
2202
2198
2191
2185
2176
2170
2163
2155
2146
2138
2127
2118
2107
2097
2079
2060
2041
2028
2015
2002
1989
1972
1954
1928
1903
1881
1857
1829
1797
1756
1717
1687
1663
1644
1622
1605
1594
1586
1577
1579
1597
1616
1640
1663
1696
1730
1782
1840
1879
1924
1967
2008
2049
2090
2131
2163
2187
2206
2224
2239
2252
2263
2267
2271
2273
2275
2278
2280
2282
2284
2284
2286
2286
2286
2286
2284
2284
2282
2280
2278
2273
2271
2269
2269
2267
2267
2265
2265
2263
2260
2260
2258
2254
2254
2252
2250
2250
2250
2250
2250
2250
2247
2247
2245
2243
2243
2243
2241
2243
2243
2245
2247
2250
2254
2256
2258
2260
2265
2267
2267
2269
2269
2269
2269
2269
2269
2269
2269
2269
2269
2269
2267
2267
2265
2263
2263
2263
2263
2263
2263
2263
2263
2260
2260
2256
2254
2252
2250
2247
2245
2243
2241
2239
2239
2237
2235
2232
2230
2226
2222
2219
2215
2213
2211
2209
2206
2202
2200
2198
2194
2189
2185
2181
2181
2183
2189
2196
2202
2209
2213
2215
2219
2222
2224
2226
2228
2230
2230
2232
2232
2232
2232
2232
2230
2228
2228
2226
2224
2222
2222
2219
2217
2215
2213
2209
2206
2204
2202
2200
2198
2198
2194
2191
2191
2196
2209
2226
2243
2263
2288
2291
2269
2209
2071
1853
1551
1178
0769
0398
0142
0073
0217
0543
0978
1420
1775
2004
2088
2116
2140
2163
2200
2241
2254
2260
2265
2269
2273
2280
2282
2282
2282
2282
2284
2284
2284
2282
2278
2275
2271
2267
2265
2260
2258
2258
2256
2254
2250
2247
2245
2241
2239
2235
2232
2228
2226
2222
2215
2211
2204
2196
2187
2178
2172
2166
2161
2155
2148
2142
2135
2129
2122
2116
2110
2097
2077
2058
2034
2002
1976
1956
1935
1907
1872
1840
1806
1780
1758
1732
1706
1683
1666
1655
1646
1640
1635
1635
1642
1650
1663
1687
1726
1758
1799
1847
1896
1950
2000
2041
2081
2116
2157
2189
2215
2241
2263
2280
2293
2303
2310
2314
2316
2319
2321
2323
2323
2325
2325
2325
2325
2325
2325
2327
2327
2327
2329
2329
2329
2329
2331
2331
2331
2331
2331
2331
2331
2331
2329
2327
2325
2323
2321
2316
2314
2312
2310
2308
2306
2303
2301
2301
2299
2297
2297
2297
2297
2297
2297
2297
2295
2295
2293
2293
2291
2291
2288
2288
2286
2284
2282
2280
2275
2271
2269
2265
2263
2260
2258
2256
2254
2250
2247
2245
2245
2247
2252
2258
2263
2269
2273
2278
2282
2284
2286
2288
2288
2288
2288
2288
2288
2288
2288
2286
2284
2282
2280
2278
2273
2271
2269
2269
2267
2265
2265
2263
2258
2256
2254
2252
2252
2250
2250
2250
2252
2252
2250
2256
2280
2314
2342
2360
2355
2295
2166
1944
1629
1241
0821
0435
0196
0172
0293
0648
1101
1543
1885
2092
2159
2183
2209
2230
2263
2303
2329
2342
2351
2355
2362
2366
2368
2366
2366
2368
2368
2370
2370
2370
2368
2366
2364
2362
2357
2353
2349
2344
2338
2331
2327
2321
2314
2306
2295
2288
2282
2275
2269
2263
2256
2250
2243
2237
2230
2224
2215
2206
2191
2170
2153
2135
2125
2112
2099
2084
2062
2036
2017
1997
1978
1956
1931
1896
1868
1844
1819
1791
1763
1734
1709
1681
1657
1638
1618
1607
1601
1594
1590
1586
1588
1599
1618
1648
1694
1734
1780
1829
1877
1924
1967
2008
2043
2075
2110
2138
2159
2185
2202
2215
2226
2235
2239
2241
2241
2239
2239
2239
2239
2239
2239
2239
2239
2237
2235
2230
2228
2226
2224
2222
2222
2219
2219
2217
2217
2215
2213
2211
2209
2206
2206
2206
2206
2206
2206
2206
2204
2202
2200
2198
2194
2191
2189
2187
2187
2187
2187
2189
2191
2194
2196
2198
2200
2202
2204
2206
2209
2211
2213
2215
2215
2215
2215
2213
2213
2211
2209
2209
2209
2209
2209
2209
2209
2209
2209
2209
2206
2206
2209
2209
2209
2209
2209
2209
2209
2209
2206
2206
2206
2204
2204
2204
2204
2204
2204
2204
2206
2206
2206
2206
2206
2206
2206
2206
2206
2209
2209
2209
2209
2209
2209
2206
2204
2204
2202
2200
2198
2198
2198
2198
2196
2196
2194
2191
2191
2189
2187
2187
2187
2185
2185
2185
2185
2187
2187
2187
2189
2189
2189
2191
2191
2194
2196
2196
2198
2200
2202
2204
2206
2209
2211
2213
2213
2213
2213
2213
2211
2211
2211
2209
2209
2206
2204
2202
2202
2198
2196
2194
2189
2187
2185
2183
2178
2176
2174
2172
2168
2166
2161
2161
2168
2178
2191
2206
2224
2222
2189
2105
1944
1704
1387
1012
0627
0301
0150
0153
0331
0693
1131
1541
1842
2015
2062
2081
2103
2129
2163
2202
2224
2239
2247
2250
2252
2254
2254
2252
2250
2250
2252
2252
2252
2250
2247
2245
2243
2241
2239
2237
2232
2230
2228
2226
2224
2222
2222
2219
2217
2215
2215
2211
2209
2206
2202
2200
2198
2194
2189
2185
2181
2176
2168
2159
2146
2135
2125
2114
2103
2090
2075
2060
2045
2025
2004
1987
1969
1952
1928
1903
1875
1849
1829
1808
1786
1765
1739
1704
1678
1661
1650
1644
1640
1635
1631
1631
1642
1661
1691
1732
1771
1812
1859
1905
1950
1991
2030
2066
2103
2140
2170
2196
2224
2241
2254
2265
2273
2278
2280
2282
2282
2284
2284
2284
2286
2286
2286
2286
2286
2286
2284
2282
2280
2278
2275
2273
2273
2273
2273
2273
2271
2271
2269
2269
2267
2265
2265
2265
2265
2265
2265
2265
2263
2260
2258
2256
2254
2254
2254
2256
2256
2256
2258
2260
2263
2263
2267
2269
2271
2275
2280
2282
2286
2288
2291
2293
2295
2295
2295
2295
2297
2297
2299
2299
2299
2301
2299
2299
2297
2297
2297
2297
2295
2295
2295
2295
2295
2293
2291
2291
2288
2286
2284
2284
2282
2282
2280
2278
2275
2273
2271
2269
2265
2260
2256
2250
2245
2241
2237
2232
2228
2226
2224
2222
2219
2217
2217
2217
2217
2217
2217
2219
2219
2224
2226
2228
2230
2232
2235
2237
2237
2237
2237
2237
2235
2235
2232
2232
2232
2232
2232
2230
2230
2230
2228
2228
2226
2224
2224
2222
2219
2217
2215
2215
2215
2215
2215
2219
2224
2228
2235
2241
2247
2256
2280
2282
2267
2226
2103
1903
1616
1258
0857
0476
0198
0096
0202
0487
0885
1312
1672
1924
2051
2101
2125
2150
2185
2226
2256
2265
2269
2273
2278
2282
2284
2284
2284
2284
2286
2284
2282
2280
2275
2273
2271
2267
2263
2256
2252
2247
2243
2239
2235
2232
2228
2224
2219
2215
2209
2204
2200
2198
2194
2191
2189
2187
2183
2176
2172
2166
2157
2148
2140
2133
2127
2118
2107
2094
2081
2066
2051
2032
2006
1982
1961
1937
1911
1883
1857
1829
1803
1775
1750
1726
1700
1670
1646
1625
1614
1609
1607
1603
1601
1599
1607
1629
1659
1702
1745
1788
1836
1881
1926
1967
2002
2036
2066
2103
2133
2159
2176
2196
2211
2224
2232
2237
2239
2241