0604
0551
0510
0481
0462
0443
0428
0417
0406
0395
0380
0365
0346
0324
0298
0272
0246
0216
0186
0160
0134
0108
0085
0067
0055
0044
0033
0026
0014
0007
0000
0000
0000
0003
0014
0029
0044
0063
0078
0096
0111
0123
0137
0149
0160
0171
0179
0182
0186
0193
0201
0205
0212
0216
0223
0231
0246
0257
0272
0283
0290
0298
0305
0309
0313
0317
0320
0324
0331
0343
0350
0361
0372
0380
0391
0399
0406
0410
0410
0410
0413
0417
0425
0432
0440
0443
0451
0458
0469
0477
0481
0484
0488
0492
0496
0499
0499
0503
0507
0514
0522
0529
0537
0544
0551
0559
0570
0581
0592
0604
0611
0626
0645
0663
0682
0701
0719
0730
0742
0745
0753
0753
0757
0757
0757
0753
0749
0749
0749
0749
0753
0757
0760
0760
0760
0757
0753
0745
0734
0719
0708
0693
0678
0660
0645
0622
0578
0551
0574
0622
0764
1036
1391
1797
2222
2614
2909
3039
3039
2909
2629
2282
1902
1514
1152
0868
0749
0730
0712
0697
0682
0671
0663
0656
0648
0645
0637
0641
0645
0652
0656
0660
0660
0663
0671
0675
0678
0678
0682
0682
0686
0686
0689
0689
0686
0686
0689
0689
0693
0697
0697
0701
0708
0716
0727
0738
0749
0764
0779
0798
0824
0850
0872
0891
0910
0928
0947
0969
0988
1010
1033
1059
1089
1126
1159
1197
1238
1279
1297
1309
1316
1323
1335
1342
1353
1353
1335
1305
1264
1223
1167
1115
1066
1018
0965
0921
0883
0868
0865
0857
0854
0846
0839
0831
0827
0820
0816
0813
0813
0809
0809
0813
0816
0820
0824
0831
0835
0839
0842
0846
0846
0850
0854
0861
0868
0876
0883
0891
0895
0902
0906
0910
0913
0913
0917
0921
0924
0928
0936
0939
0943
0943
0939
0936
0924
0917
0906
0898
0887
0880
0876
0872
0872
0868
0865
0865
0865
0861
0861
0861
0861
0861
0865
0865
0865
0865
0861
0861
0857
0854
0850
0846
0842
0839
0839
0835
0835
0839
0839
0842
0846
0854
0861
0865
0876
0891
0902
0913
0924
0936
0958
0984
1010
1025
1018
0995
0969
0947
0932
0921
0910
0898
0880
0865
0846
0831
0820
0813
0809
0813
0816
0827
0835
0846
0861
0876
0898
0917
1033
1249
1529
1872
2237
2580
2812
2894
2897
2823
2618
2278
1883
1491
1148
0887
0734
0693
0663
0641
0630
0626
0626
0634
0645
0660
0675
0686
0693
0701
0712
0719
0727
0730
0734
0734
0734
0738
0742
0745
0749
0749
0749
0753
0753
0753
0757
0760
0764
0768
0772
0775
0775
0775
0779
0786
0790
0801
0809
0816
0827
0839
0861
0913
0965
1021
1055
1081
1103
1122
1141
1159
1174
1185
1197
1204
1215
1227
1234
1245
1249
1253
1253
1249
1245
1234
1223
1208
1189
1167
1141
1092
1040
0988
0936
0887
0850
0820
0813
0805
0801
0798
0794
0786
0783
0775
0772
0764
0760
0757
0753
0749
0745
0742
0742
0742
0734
0730
0723
0716
0716
0712
0712
0712
0716
0723
0734
0745
0757
0768
0783
0794
0801
0809
0816
0820
0827
0842
0861
0880
0895
0902
0906
0906
0902
0902
0891
0876
0861
0846
0831
0809
0775
0753
0772
0827
0977
1297
1782
2386
3017
3528
3710
3677
3300
2647
1920
1282
0861
0757
0716
0712
0730
0745
0768
0772
0760
0753
0753
0749
0753
0753
0753
0745
0742
0738
0738
0742
0749
0757
0764
0772
0783
0790
0798
0809
0816
0824
0835
0850
0861
0872
0880
0887
0895
0902
0910
0913
0917
0924
0932
0939
0951
0962
0973
0984
1003
1018
1036
1055
1081
1115
1152
1182
1197
1212
1219
1223
1230
1238
1245
1249
1253
1256
1256
1256
1253
1245
1238
1223
1204
1182
1163
1144
1115
1059
1010
0969
0951
0939
0932
0921
0910
0902
0895
0887
0883
0880
0876
0876
0876
0880
0883
0887
0895
0902
0906
0913
0924
0928
0936
0939
0943
0951
0958
0965
0969
0973
0973
0977
0977
0980
0984
0988
0988
0988
0988
0984
0984
0992
0995
0995
0995
0995
0999
0999
1003
1003
1006
1003
1003
1006
1006
1006
1006
1003
1003
1003
0999
0999
0999
0999
0999
0995
0992
0992
0988
0988
0984
0980
0977
0973
0973
0973
0977
0977
0980
0980
0984
0988
0995
0999
1003
1003
1006
1010
1014
1018
1018
1021
1021
1025
1025
1029
1029
1029
1029
1025
1025
1021
1021
1018
1018
1018
1014
1014
1010
1006
1003
1003
0999
0995
0995
0995
0995
0995
0995
0999
0999
0999
0999
0999
0995
0992
0988
0980
0973
0965
0962
0958
0954
0951
0947
0943
0939
0936
0932
0928
0924
0917
0910
0906
0906
0902
0902
0902
0898
0895
0891
0891
0887
0880
0872
0868
0861
0854
0846
0835
0824
0805
0764
0742
0753
0786
0883
1122
1476
1931
2450
2972
3412
3617
3606
3330
2774
2110
1502
1070
0831
0723
0686
0667
0652
0637
0626
0615
0607
0600
0596
0596
0592
0592
0592
0592
0592
0592
0596
0596
0596
0596
0589
0585
0581
0581
0578
0574
0574
0574
0578
0581
0585
0589
0592
0596
0600
0604
0607
0607
0607
0611
0615
0619
0626
0637
0645
0652
0667
0678
0697
0712
0727
0745
0760
0783
0813
0865
0898
0921
0932
0943
0951
0962
0969
0977
0980
0980
0980
0980
0980
0977
0969
0958
0947
0932
0913
0898
0872
0835
0757
0704
0663
0630
0592
0555
0540
0529
0518
0510
0499
0496
0488
0484
0484
0481
0481
0481
0481
0484
0492
0499
0510
0514
0522
0525
0533
0540
0544
0548
0548
0548
0548
0551
0551
0551
0555
0555
0559
0566
0570
0555
0540
0529
0522
0514
0510
0507
0503
0492
0484
0473
0469
0466
0466
0466
0462
0458
0458
0455
0455
0451
0443
0436
0432
0432
0436
0447
0458
0466
0473
0481
0492
0499
0510
0514
0514
0510
0507
0507
0499
0496
0488
0481
0466
0451
0455
0481
0510
0518
0525
0533
0537
0544
0548
0555
0559
0563
0566
0570
0570
0570
0566
0566
0563
0563
0559
0555
0551
0551
0551
0551
0555
0555
0555
0555
0555
0555
0555
0555
0555
0559
0563
0566
0574
0578
0585
0589
0596
0604
0611
0622
0634
0667
0701
0730
0753
0772
0786
0801
0813
0824
0831
0835
0839
0842
0842
0842
0846
0854
0861
0857
0820
0790
0764
0742
0719
0701
0682
0663
0645
0630
0619
0611
0611
0615
0622
0634
0645
0697
0865
1118
1491
1980
2547
3106
3554
3710
3681
3337
2730
2017
1357
0876
0600
0533
0518
0507
0540
0578
0611
0615
0596
0570
0551
0589
0656
0734
0775
0801
0816
0824
0820
0813
0801
0790
0779
0764
0753
0745
0760
0786
0816
0835
0850
0868
0883
0898
0910
0917
0924
0932
0939
0951
0977
1047
1096
1118
1133
1144
1156
1167
1174
1182
1193
1208
1223
1241
1264
1290
1323
1383
1473
1525
1558
1581
1599
1614
1626
1637
1648
1655
1659
1659
1652
1640
1622
1599
1573
1532
1491
1454
1409
1361
1323
1294
1268
1238
1204
1189
1174
1159
1148
1141
1137
1137
1141
1144
1152
1159
1171
1197
1156
1126
1107
1092
1081
1077
1085
1100
1118
1133
1144
1163
1182
1200
1200
1197
1182
1171
1163
1156
1148
1141
1133
1130
1126
1126
1130
1133
1133
1137
1137
1144
1148
1152
1152
1148
1141
1126
1115
1103
1089
1074
1055
1044
1040
1040
1040
1040
1044
1044
1040
1040
1040
1040
1036
1033
1029
1025
1025
1021
1021
1018
1014
1010
1006
1003
0999
0992
0984
0973
0965
0958
0954
0954
0954
0954
0954
0962
0969
0977
0984
0988
0992
0999
1010
1029
1047
1070
1092
1111
1133
1156
1171
1182
1185
1189
1200
1215
1174
1133
1103
1081
1066
1051
1021
0984
0962
0947
0936
0939
0947
0951
0958
0962
0962
0954
0943
0932
0917
0954
1055
1260
1570
1976
2454
2946
3371
3621
3643
3509
3084
2483
1827
1241
0813
0641
0585
0626
0749
0827
0850
0824
0798
0775
0764
0772
0786
0798
0809
0813
0816
0820
0824
0831
0842
0854
0861
0868
0876
0880
0887
0891
0898
0902
0906
0913
0921
0928
0936
0943
0947
0954
0962
0969
0977
0984
0992
0995
1003
1010
1014
1021
1029
1040
1059
1077
1100
1126
1171
1230
1271
1301
1335
1350
1357
1365
1376
1383
1387
1391
1391
1391
1391
1391
1387
1383
1376
1365
1350
1335
1309
1245
1193
1152
1115
1066
0988
0936
0913
0898
0880
0868
0861
0861
0861
0861
0865
0865
0865
0865
0872
0876
0883
0883
0887
0887
0891
0898
0902
0906
0910
0913
0913
0921
0924
0928
0928
0928
0928
0928
0932
0936
0932
0932
0928
0924
0924
0924
0921
0913
0906
0902
0898
0898
0895
0891
0887
0883
0876
0872
0868
0861
0850
0839
0831
0827
0824
0824
0820
0820
0820
0816
0816
0820
0820
0816
0813
0805
0801
0798
0798
0794
0794
0794
0794
0798
0801
0805
0813
0816
0824
0831
0839
0842
0850
0861
0883
0906
0928
0947
0958
0969
0977
0988
0999
1006
1010
1010
1010
1006
1006
1003
0995
0984
0973
0958
0928
0861
0824
0801
0783
0772
0764
0760
0760
0760
0764
0768
0775
0790
0809
0835
0936
1212
1607
2107
2681
3248
3669
3822
3640
3132
2405
1629
0995
0596
0469
0473
0563
0615
0634
0641
0648
0652
0652
0652
0652
0652
0652
0652
0648
0641
0637
0634
0630
0622
0619
0615
0619
0626
0641
0663
0682
0697
0716
0734
0753
0760
0768
0772
0775
0779
0783
0786
0790
0794
0798
0801
0809
0816
0827
0835
0846
0872
0932
0992
1033
1077
1103
1122
1133
1144
1159
1174
1185
1200
1215
1227
1238
1249
1260
1271
1279
1282
1282
1279
1275
1264
1253
1238
1219
1185
1156
1126
1074
1006
0965
0947
0928
0913
0902
0883
0872
0865
0857
0854
0846
0842
0839
0835
0831
0824
0816
0813
0809
0805
0801
0798
0790
0783
0772
0753
0742
0753
0775
0794
0813
0824
0824
0820
0816
0813
0809
0801
0794
0783
0768
0749
0772
0798
0816
0827
0816
0794
0779
0764
0749
0738
0734
0730
0727
0719
0708
0708
0716
0719
0723
0730
0734
0734
0734
0734
0730
0730
0723
0716
0704
0693
0689
0697
0704
0708
0708
0712
0712
0712
0716
0719
0723
0727
0730
0734
0734
0738
0742
0745
0749
0753
0760
0768
0783
0794
0809
0824
0839
0850
0861
0868
0872
0880
0887
0895
0902
0906
0913
0921
0928
0936
0947
0958
0980
0999
0999
0992
0973
0947
0902
0868
0846
0835
0827
0820
0816
0813
0809
0801
0794
0779
0764
0730
0675
0630
0600
0619
0678
0846
1115
1495
1972
2509
3047
3487
3684
3669
3390
2793
2066
1383
0902
0723
0656
0648
0652
0652
0652
0652
0652
0660
0667
0678
0686
0693
0701
0708
0712
0712
0716
0719
0730
0738
0742
0745
0753
0760
0768
0779
0790
0798
0809
0816
0824
0835
0842
0854
0865
0876
0883
0891
0902
0906
0910
0913
0921
0928
0936
0943
0951
0962
0973
0995
1040
1074
1103
1137
1171
1197
1223
1249
1279
1316
1353
1376
1394
1406
1413
1420
1420
1409
1391
1372
1346
1312
1290
1271
1241
1189
1130
1074
1029
0999
0969
0943
0913
0883
0850
0824
0805
0786
0775
0772
0768
0764
0757
0753
0749
0745
0745
0742
0738
0738
0738
0738
0738
0738
0730
0723
0719
0727
0734
0745
0749
0753
0760
0764
0772
0772
0772
0764
0757
0749
0742
0738
0730
0723
0716
0712
0708
0712
0716
0723
0730
0738
0745
0749
0757
0764
0772
0772
0772
0764
0757
0749
0745
0742
0734
0727
0716
0712
0708
0716
0730
0745
0760
0768
0772
0783
0794
0801
0813
0816
0824
0824
0827
0827
0827
0827
0824
0820
0820
0816
0813
0813
0809
0801
0794
0798
0824
0842
0850
0857
0861
0868
0872
0883
0891
0902
0913
0921
0932
0939
0951
0965
0980
0995
1006
1006
0999
0988
0973
0962
0947
0924
0902
0876
0850
0831
0813
0798
0786
0772
0764
0753
0742
0708
0656
0622
0596
0600
0652
0801
1070
1476
2002
2595
3158
3576
3759
3658
3296
2730
2062
1432
0962
0682
0548
0496
0477
0488
0514
0555
0592
0607
0619
0615
0600
0589
0581
0578
0574
0574
0574
0574
0578
0581
0592
0604
0615
0641
0682
0701
0712
0719
0727
0727
0723
0712
0701
0689
0678
0667
0667
0686
0716
0749
0798
0827
0846
0861
0872
0887
0902
0917
0936
0965
1010
1047
1081
1111
1141
1171
1189
1204
1219
1238
1256
1275
1294
1309
1327
1346
1357
1365
1361
1353
1342
1323
1297
1241
1204
1178
1156
1133
1111
1085
1059
1025
0984
0943
0902
0883
0868
0861
0854
0846
0842
0839
0839
0839
0839
0839
0842
0846
0854
0857
0865
0868
0868
0876
0887
0895
0902
0902
0895
0891
0883
0880
0876
0865
0857
0850
0850
0865
0883
0902
0910
0917
0924
0932
0939
0951
0958
0965
0969
0973
0973
0977
0973
0969
0962
0954
0947
0939
0928
0917
0906
0876
0820
0779
0757
0790
0891
1126
1502
1999
2573
3140
3580
3722
3681
3319
2688
1954
1312
0906
0824
0794
0805
0820
0827
0813
0801
0798
0794
0790
0786
0783
0783
0783
0779
0772
0768
0768
0772
0790
0809
0824
0827
0831
0839
0842
0850
0854
0854
0857
0861
0865
0865
0868
0868
0868
0872
0876
0880
0883
0883
0883
0891
0895
0902
0913
0921
0932
0951
0977
1006
1029
1051
1070
1089
1111
1137
1159
1174
1185
1193
1200
1208
1219
1230
1234
1238
1234
1227
1219
1212
1204
1189
1167
1137
1096
1033
0951
0902
0868
0846
0831
0820
0813
0805
0798
0790
0790
0794
0805
0820
0831
0842
0854
0865
0876
0883
0883
0883
0883
0880
0876
0872
0861
0857
0857
0880
0898
0906
0913
0921
0928
0936
0939
0947
0947
0951
0947
0947
0943
0939
0936
0932
0928
0924
0921
0917
0913
0910
0910
0906
0906
0906
0902
0898
0895
0891
0891
0891
0891
0887
0887
0887
0887
0883
0883
0880
0872
0865
0861
0861
0861
0861
0865
0868
0872
0872
0880
0883
0891
0895
0898
0902
0902
0902
0906
0910
0913
0917
0917
0924
0932
0939
0943
0947
0951
0947
0947
0943
0939
0936
0932
0924
0924
0928
0936
0939
0939
0947
0951
0954
0954
0954
0951
0943
0936
0928
0924
0917
0913
0906
0906
0906
0906
0913
0921
0928
0932
0939
0947
0954
0962
0965
0965
0969
0973
0977
0980
0984
0984
0984
0980
0980
0977
0973
0969
0965
0962
0958
0954
0954
0954
0954
0951
0947
0947
0947
0951
0958
0965
0977
0984
0995
1006
1021
1029
1029
1025
1018
1003
0988
0965
0932
0902
0876
0854
0842
0850
0880
0954
1141
1413
1778
2230
2756
3274
3669
3833
3692
3237
2577
1857
1245
0872
0790
0764
0779
0798
0805
0816
0831
0850
0868
0887
0902
0902
0887
0868
0854
0835
0820
0813
0813
0820
0831
0842
0854
0865
0880
0887
0891
0883
0880
0868
0861
0850
0842
0854
0876
0895
0906
0921
0936
0951
0962
0973
0984
0995
1003
1014
1021
1029
1036
1047
1059
1070
1085
1100
1118
1152
1200
1238
1264
1297
1327
1353
1361
1365
1365
1368
1372
1372
1365
1346
1323
1305
1279
1256
1245
1230
1208
1185
1159
1141
1126
1111
1092
1074
1003
0917
0868
0827
0805
0790
0783
0775
0772
0764
0757
0757
0760
0768
0783
0801
0824
0839
0846
0857
0865
0868
0861
0842
0820
0794
0779
0764
0753
0757
0779
0786
0794
0801
0809
0816
0816
0816
0813
0809
0805
0798
0790
0783
0768
0753
0730
0704
0678
0648
0630
0645
0667
0686
0697
0712
0719
0723
0723
0716
0704
0689
0678
0663
0637
0619
0615
0611
0607
0604
0596
0592
0592
0589
0592
0596
0600
0604
0611
0619
0619
0615
0607
0596
0592
0589
0589
0585
0581
0578
0574
0574
0574
0574
0574
0574
0578
0578
0581
0589
0592
0596
0604
0615
0622
0615
0604
0592
0585
0578
0574
0570
0566
0566
0566
0566
0570
0581
0592
0604
0615
0630
0656
0682
0701
0719
0738
0749
0749
0730
0712
0693
0675
0656
0637
0622
0585
0540
0518
0507
0499
0492
0488
0481
0473
0466
0455
0440
0425
0391
0391
0432
0537
0790
1167
1667
2230
2774
3199
3349
3315
2991
2390
1689
1029
0544
0272
0220
0227
0264
0283
0294
0309
0328
0365
0399
0413
0421
0421
0399
0384
0365
0354
0358
0376
0399
0417
0428
0440
0451
0458
0469
0481
0492
0503
0514
0525
0537
0548
0559
0570
0578
0585
0596
0607
0615
0626
0637
0648
0660
0675
0686
0704
0719
0734
0749
0772
0801
0839
0883
0939
0980
1006
1025
1044
1070
1126
1167
1185
1200
1208
1215
1219
1215
1208
1197
1182
1167
1152
1126
1100
1085
1066
1036
0980
0939
0917
0902
0883
0865
0850
0835
0813
0794
0783
0772
0768
0760
0753
0749
0745
0745
0753
0764
0775
0783
0786
0790
0798
0801
0809
0809
0813
0813
0813
0816
0816
0816
0816
0816
0816
0820
0820
0824
0824
0824
0824
0824
0824
0827
0827
0827
0831
0835
0839
0842
0846
0850
0854
0857
0857
0861
0861
0861
0865
0868
0872
0872
0876
0876
0880
0876
0876
0872
0865
0857
0850
0842
0835
0820
0809
0805
0813
0831
0854
0868
0887
0902
0910
0913
0913
0906
0902
0895
0891
0887
0883
0876
0872
0868
0865
0865
0865
0865
0868
0876
0887
0898
0910
0921
0932
0951
0969
0988
0999
1003
1010
1014
1021
1029
1040
1051
1066
1085
1100
1118
1137
1148
1156
1163
1174
1189
1182
1141
1107
1077
1051
1029
1006
0992
0977
0965
0954
0943
0928
0917
0902
0891
0868
0857
0872
0917
1047
1282
1629
2092
2640
3207
3695
3968
3979
3755
3177
2435
1674
1055
0689
0589
0604
0704
0742
0742
0742
0742
0749
0760
0775
0783
0790
0798
0801
0805
0809
0809
0813
0820
0824
0827
0827
0831
0831
0835
0839
0842
0846
0850
0854
0857
0865
0868
0876
0880
0887
0898
0906
0924
0947
0969
0988
1006
1029
1047
1059
1074
1085
1096
1107
1122
1137
1156
1171
1189
1219
1264
1297
1331
1361
1417
1458
1484
1506
1525
1532
1544
1555
1566
1573
1562
1536
1502
1465
1428
1383
1327
1264
1204
1156
1118
1081
1033
0973
0951
0947
0939
0936
0928
0924
0917
0913
0910
0910
0910
0910
0910
0910
0910
0913
0913
0913
0917
0917
0913
0910
0910
0906
0906
0910
0910
0906
0910
0913
0917
0921
0921
0921
0917
0917
0917
0917
0921
0921
0921
0921
0924
0932
0936
0939
0939
0932
0924
0917
0913
0913
0910
0906
0902
0902
0898
0895
0891
0887
0883
0880
0880
0876
0876
0872
0868
0865
0861
0846
0831
0824
0831
0846
0868
0891
0913
0928
0921
0910
0906
0902
0902
0898
0891
0883
0880
0880
0876
0876
0876
0880
0887
0895
0902
0910
0917
0924
0932
0939
0954
0965
0977
0988
0995
1006
1014
1025
1033
1040
1047
1055
1059
1066
1070
1070
1066
1055
1040
1021
1003
0988
0969
0954
0936
0921
0910
0902
0895
0887
0876
0865
0850
0831
0809
0779
0745
0704
0701
0727
0798
0980
1260
1663
2181
2763
3300
3669
3777
3591
3125
2465
1760
1167
0772
0652
0611
0641
0663
0682
0693
0697
0689
0678
0675
0667
0663
0663
0663
0663
0660
0660
0663
0671
0678
0689
0701
0708
0712
0716
0723
0730
0738
0745
0749
0757
0760
0768
0775
0783
0786
0794
0805
0816
0835
0857
0876
0895
0913
0939
0973
0999
1021
1040
1051
1062
1070
1081
1089
1100
1107
1118
1137
1171
1241
1309
1353
1383
1402
1413
1424
1432
1432
1420
1402
1379
1353
1320
1290
1264
1234
1197
1144
1100
1059
1033
1010
0992
0977
0947
0906
0887
0868
0854
0842
0831
0824
0816
0813
0813
0809
0809
0809
0809
0809
0805
0801
0794
0786
0790
0798
0809
0816
0824
0827
0831
0839
0846
0854
0861
0865
0868
0868
0872
0872
0872
0872
0872
0872
0872
0876
0880
0883
0883
0883
0887
0891
0891
0891
0891
0887
0887
0887
0887
0891
0891
0891
0891
0895
0895
0895
0895
0891
0891
0891
0891
0891
0891
0895
0895
0898
0902
0902
0902
0906
0910
0910
0917
0921
0924
0932
0943
0954
0969
0984
0995
1006
1014
1025
1033
1036
1044
1047
1051
1055
1062
1066
1070
1070
1070
1062
1059
1047
1036
1021
1006
0995
0980
0962
0947
0932
0921
0913
0906
0898
0883
0865
0839
0805
0768
0727
0719
0708
0716
0794
0932
1159
1495
1939
2450
2950
3334
3464
3427
3102
2536
1909
1346
0939
0704
0607
0570
0555
0551
0544
0540
0537
0540
0555
0570
0581
0592
0592
0592
0592
0589
0589
0592
0592
0596
0596
0592
0592
0589
0589
0589
0592
0592
0592
0592
0596
0596
0596
0596
0596
0596
0600
0604
0611
0619
0630
0641
0660
0701
0734
0753
0764
0775
0786
0801
0816
0831
0850
0868
0895
0917
0939
0962
0992
1029
1062
1089
1107
1126
1137
1144
1152
1163
1171
1174
1167
1148
1122
1074
0999
0947
0913
0887
0857
0831
0809
0786
0772
0760
0745
0719
0689
0667
0652
0637
0630
0626
0634
0641
0652
0660
0663
0667
0671
0678
0686
0693
0701
0704
0708
0712
0719
0727
0745
0775
0783
0790
0798
0801
0794
0786
0783
0779
0779
0779
0786
0801
0816
0827
0839
0854
0861
0865
0857
0846
0831
0816
0790
0775
0764
0757
0745
0738
0738
0757
0779
0801
0827
0850
0857
0861
0868
0872
0876
0880
0883
0887
0891
0895
0898
0902
0910
0913
0902
0872
0827
0786
0764
0775
0883
1115
1491
2002
2595
3185
3654
3830
3796
3449
2812
2062
1383
0906
0716
0648
0678
0701
0716
0727
0730
0730
0730
0727
0723
0723
0719
0719
0716
0716
0712
0712
0719
0730
0742
0749
0757
0764
0775
0783
0794
0801
0805
0813
0816
0820
0824
0827
0831
0839
0842
0850
0854
0861
0865
0868
0876
0880
0887
0895
0906
0924
0958
0995
1047
1100
1137
1159
1178
1193
1200
1212
1215
1223
1230
1241
1256
1271
1290
1316
1335
1342
1346
1353
1361
1331
1282
1230
1185
1156
1122
1077
1029
0984
0936
0895
0865
0835
0813
0790
0779
0790
0813
0839
0872
0883
0895
0902
0902
0880
0865
0854
0846
0839
0839
0842
0850
0861
0868
0872
0880
0883
0887
0891
0895
0902
0902
0906
0910
0913
0917
0917
0913
0913
0910
0906
0902
0902
0902
0898
0898
0898
0898
0898
0898
0898
0895
0895
0891
0887
0883
0876
0872
0868
0865
0865
0861
0861
0857
0857
0854
0854
0854
0854
0854
0854
0854
0854
0850
0850
0846
0846
0846
0846
0842
0842
0842
0842
0842
0842
0839
0835
0831
0824
0820
0820
0835
0850
0861
0872
0883
0891
0898
0898
0902
0902
0906
0917
0891
0868
0854
0842
0835
0831
0835
0842
0854
0861
0872
0876
0883
0891
0895
0902
0902
0902
0902
0902
0902
0902
0902
0898
0895
0895
0895
0891
0891
0891
0891
0891
0891
0891
0887
0887
0887
0887
0887
0887
0887
0883
0883
0880
0876
0872
0865
0854
0854
0868
0887
0902
0924
0939
0951
0954
0958
0965
0969
0973
0977
0977
0973
0965
0954
0939
0924
0902
0865
0861
0891
0977
1208
1577
2081
2685
3304
3830
4095
4087
3770
3121
2345
1633
1141
0984
0936
0947
0969
0962
0891
0839
0816
0820
0846
0865
0883
0898
0902
0891
0872
0861
0846
0835
0831
0839
0854
0868
0876
0880
0887
0895
0902
0910
0917
0924
0932
0939
0951
0958
0969
0977
0988
0999
1010
1018
1021
1021
1025
1029
1033
1036
1040
1047
1055
1062
1074
1085
1100
1122
1148
1197
1268
1320
1353
1379
1398
1428
1473
1502
1521
1532
1536
1532
1517
1495
1473
1435
1402
1368
1331
1297
1256
1200
1167
1144
1122
1089
1051
1021
0992
0965
0947
0936
0924
0917
0913
0906
0902
0895
0887
0883
0883
0883
0887
0887
0887
0895
0898
0906
0913
0921
0924
0928
0932
0939
0951
0958
0965
0969
0973
0969
0965
0958
0951
0936
0921
0895
0872
0854
0827
0801
0772
0738
0689
0634
0581
0551
0533
0514
0496
0473
0455
0436
0421
0406
0395
0387
0380
0376
0369
0365
0358
0354
0350
0350
0350
0350
0350
0354
0358
0365
0372
0380
0384
0387
0395
0402
0410
0417
0425
0428
0436
0440
0447
0451
0455
0458
0462
0466
0473
0481
0488
0492
0503
0510
0522
0533
0544
0555
0570
0589
0604
0615
0626
0637
0648
0660
0675
0686
0693
0704
0716
0730
0742
0730
0704
0678
0652
0634
0622
0611
0596
0600
0630
0656
0675
0697
0723
0745
0764
0779
0790
0809
0824
0839
0850
0865
0876
0887
0902
0910
0917
0924
0932
0943
0951
0962
0969
0977
0984
0992
0999
1003
1006
1010
1006
1006
1003
0999
0995
0984
0973
0962
0936
0898
0868
0850
0835
0824
0816
0813
0813
0813
0820
0827
0842
0891
1089
1432
1909
2483
3095
3617
3878
3882
3625
3065
2383
1704
1152
0813
0701
0663
0712
0753
0772
0786
0801
0813
0824
0835
0842
0850
0857
0868
0876
0880
0883
0880
0880
0876
0872
0872
0868
0865
0861
0854
0846
0842
0839
0842
0857
0872
0891
0902
0917
0932
0947
0954
0962
0965
0973
0977
0984
0988
0995
1003
1014
1029
1044
1062
1096
1118
1137
1163
1215
1253
1275
1290
1305
1316
1327
1342
1361
1391
1424
1443
1458
1469
1476
1480
1476
1469
1458
1443
1417
1357
1309
1282
1249
1215
1163
1092
1040
1006
0980
0958
0928
0898
0880
0868
0857
0850
0850
0865
0880
0891
0898
0902
0910
0917
0924
0928
0932
0936
0936
0939
0943
0947
0951
0951
0954
0965
0965
0954
0947
0939
0936
0932
0932
0932
0928
0928
0928
0924
0924
0928
0928
0924
0917
0917
0939
0951
0962
0973
0980
0984
0980
0965
0951
0936
0928
0917
0910
0902
0895
0887
0883
0880
0880
0880
0883
0891
0898
0902
0910
0917
0924
0932
0947
0962
0969
0962
0947
0932
0924
0917
0910
0902
0898
0891
0887
0883
0880
0880
0883
0891
0902
0910
0924
0939
0954
0973
0999
1025
1047
1062
1074
1085
1092
1103
1115
1118
1122
1118
1111
1103
1092
1081
1066
1044
1010
0973
0951
0932
0917
0906
0898
0891
0883
0876
0868
0865
0857
0846
0839
0820
0786
0809
0880
1051
1338
1734
2222
2756
3240
3565
3610
3502
3050
2424
1734
1126
0712
0574
0525
0585
0619
0634
0645
0656
0663
0671
0678
0682
0689
0693
0701
0708
0712
0712
0712
0712
0712
0712
0716
0719
0727
0734
0745
0757
0760
0760
0757
0757
0753
0749
0745
0753
0775
0798
0820
0846
0868
0880
0891
0902
0906
0913
0917
0924
0928
0932
0939
0943
0954
0962
0988
1047
1096
1130
1159
1189
1227
1264
1286
1297
1309
1316
1320
1323
1327
1327
1323
1320
1309
1297
1282
1249
1185
1126
1055
0992
0943
0895
0842
0794
0757
0745
0742
0734
0730
0723
0716
0708
0704
0701
0697
0693
0689
0689
0689
0689
0689
0689
0693
0697
0701
0708
0712
0716
0719
0727
0730
0738
0742
0749
0757
0764
0775
0786
0798
0809
0813
0816
0816
0816
0816
0816
0816
0816
0816
0820
0820
0820
0824
0824
0824
0824
0827
0827
0824
0824
0824
0824
0827
0827
0831
0835
0839
0846
0854
0861
0868
0883
0891
0883
0865
0850
0839
0824
0820
0824
0839
0861
0887
0917
0932
0936
0939
0947
0951
0954
0954
0954
0954
0958
0962
0969
0973
0980
0988
0995
1006
1018
1036
1062
1092
1115
1141
1152
1167
1174
1185
1193
1197
1200
1200
1197
1193
1182
1171
1159
1144
1122
1077
1029
0980
0936
0924
0917
0913
0910
0910
0910
0906
0902
0898
0887
0872
0854
0824
0854
0939
1137
1443
1861
2360
2894
3360
3651
3684
3557
3117
2506
1853
1268
0857
0708
0652
0648
0686
0708
0727
0742
0753
0760
0760
0760
0760
0760
0764
0764
0764
0764
0764
0768
0768
0772
0775
0786
0794
0805
0813
0820
0824
0827
0831
0835
0842
0846
0850
0857
0861
0865
0865
0868
0868
0868
0872
0876
0880
0887
0895
0902
0917
0932
0951
0973
0999
1029
1074
1107
1137
1156
1171
1185
1197
1204
1215
1227
1234
1241
1253
1260
1275
1286
1294
1294
1282
1260
1234
1189
1111
1051
1014
0980
0951
0902
0839
0783
0745
0704
0689
0682
0675
0671
0667
0663
0660
0656
0648
0645
0641
0637
0634
0634
0634
0634
0634
0630
0630
0630
0626
0622
0615
0607
0600
0600
0604
0611
0615
0622
0626
0630
0634
0637
0645
0648
0656
0660
0667
0671
0671
0675
0675
0675
0675
0671
0667
0663
0660
0656
0652
0648
0648
0645
0645
0641
0637
0619
0604
0592
0604
0626
0645
0652
0656
0663
0667
0675
0678
0686
0689
0689
0693
0693
0697
0697
0697
0693
0693
0697
0697
0701
0704
0708
0708
0712
0719
0723
0723
0727
0727
0730
0734
0742
0753
0764
0775
0790
0801
0813
0827
0839
0850
0857
0868
0883
0906
0924
0936
0943
0947
0954
0958
0958
0951
0936
0917
0898
0876
0854
0842
0831
0820
0813
0805
0801
0794
0786
0775
0768
0753
0730
0693
0667
0626
0626
0719
0951
1335
1834
2398
2953
3419
3662
3669
3449
2953
2357
1764
1227
0831
0663
0611
0581
0563
0559
0566
0581
0596
0607
0615
0626
0634
0645
0656
0667
0675
0682
0689
0697
0708
0716
0723
0734
0742
0749
0760
0768
0779
0790
0801
0813
0820
0827
0835
0842
0850
0857
0868
0876
0887
0898
0902
0913
0928
0939
0962
0988
1006
1021
1036
1055
1081
1107
1144
1182
1227
1264
1290
1309
1327
1350
1372
1394
1409
1428
1443
1454
1461
1465
1458
1447
1432
1413
1391
1346
1309
1268
1230
1185
1126
1044
0992
0962
0939
0913
0898
0876
0854
0827
0805
0790
0779
0772
0764
0757
0753
0749
0753
0760
0772
0783
0790
0794
0801
0805
0813
0816
0820
0820
0820
0820
0820
0813
0809
0798
0794
0786
0783
0775
0768
0760
0757
0760
0772
0790
0809
0816
0827
0839
0846
0857
0868
0876
0880
0880
0880
0880
0880
0872
0865
0857
0846
0835
0824
0790
0734
0693
0667
0697
0783
0965
1249
1640
2148
2730
3296
3718
3871
3692
3199
2509
1764
1118
0693
0551
0555
0645
0689
0701
0708
0712
0704
0689
0678
0671
0667
0663
0660
0656
0648
0645
0645
0641
0637
0626
0622
0634
0656
0682
0704
0723
0742
0753
0760
0772
0783
0786
0790
0790
0790
0794
0786
0753
0734
0768
0794
0809
0820
0835
0854
0872
0891
0906
0932
0954
0969
0980
1006
1051
1100
1133
1152
1163
1174
1182
1193
1204
1223
1238
1264
1275
1264
1241
1223
1208
1185
1167
1141
1092
1029
0973
0921
0891
0872
0854
0842
0831
0820
0813
0809
0809
0813
0816
0820
0827
0831
0839
0846
0854
0861
0876
0891
0868
0842
0824
0816
0820
0831
0842
0854
0865
0876
0891
0902
0910
0921
0928
0936
0943
0943
0943
0947
0943
0943
0939
0936
0928
0924
0921
0917
0910
0902
0898
0895
0895
0898
0902
0902
0906
0910
0921
0924
0928
0928
0921
0913
0906
0902
0887
0883
0895
0910
0924
0887
0857
0842
0827
0816
0813
0820
0831
0842
0850
0857
0861
0868
0876
0883
0891
0891
0895
0891
0891
0887
0883
0876
0865
0857
0846
0839
0831
0824
0820
0816
0816
0820
0827
0835
0846
0857
0868
0876
0887
0898
0902
0910
0913
0913
0913
0910
0910
0906
0906
0902
0902
0902
0898
0895
0891
0891
0887
0887
0883
0883
0887
0891
0898
0902
0910
0913
0921
0928
0939
0954
0977
0995
1003
1010
1018
1029
1036
1044
1051
1059
1066
1074
1081
1089
1092
1100
1107
1115
1122
1126
1126
1122
1115
1100
1085
1051
0995
0965
0951
0939
0928
0921
0910
0902
0880
0839
0813
0794
0798
0842
0965
1204
1562
2032
2577
3114
3535
3707
3684
3397
2830
2125
1417
0876
0626
0589
0656
0786
0842
0861
0827
0805
0794
0783
0779
0775
0775
0775
0775
0779
0786
0794
0801
0809
0816
0820
0827
0835
0846
0854
0861
0868
0872
0876
0876
0880
0883
0883
0887
0891
0895
0902
0906
0913
0921
0928
0936
0943
0954
0965
0973
0984
0992
0999
1014
1033
1051
1074
1092
1122
1171
1219
1256
1286
1301
1309
1316
1323
1327
1331
1335
1335
1335
1331
1327
1323
1312
1305
1294
1268
1215
1178
1156
1130
1096
1059
1018
0980
0943
0906
0857
0839
0827
0816
0809
0805
0801
0798
0794
0786
0783
0779
0775
0772
0772
0772
0775
0779
0783
0786
0790
0794
0798
0798
0801
0801
0801
0801
0801
0801
0801
0805
0809
0816
0820
0827
0831
0835
0839
0839
0839
0835
0831
0827
0824
0824
0824
0824
0824
0824
0820
0816
0816
0813
0805
0801
0798
0790
0790
0786
0790
0790
0794
0794
0798
0805
0813
0816
0824
0831
0850
0861
0846
0824
0813
0801
0786
0779
0775
0783
0798
0816
0831
0842
0854
0865
0876
0891
0902
0910
0917
0928
0936
0943
0954
0969
0988
1003
1010
1010
1014
1014
1018
1018
1003
0973
0947
0921
0891
0854
0827
0801
0783
0760
0745
0734
0719
0701
0678
0652
0626
0600
0574
0563
0581
0622
0745
0995
1350
1797
2316
2864
3364
3651
3662
3419
2849
2133
1443
0902
0566
0477
0443
0488
0522
0540
0559
0570
0574
0570
0570
0566
0566
0566
0563
0563
0559
0559
0574
0596
0619
0641
0667
0689
0704
0704
0704
0704
0704
0704
0704
0704
0704
0704
0704
0704
0704
0712
0719
0727
0738
0760
0813
0857
0883
0910
0939
0958
0969
0977
0988
0995
1006
1014
1021
1029
1040
1059
1092
1159
1212
1241
1271
1294
1323
1353
1368
1376
1379
1387
1383
1368
1346
1320
1282
1234
1163
1092
1036
0977
0932
0902
0861
0839
0824
0813
0801
0798
0794
0794
0794
0794
0794
0794
0790
0790
0786
0786
0783
0783
0779
0775
0772
0768
0764
0760
0757
0745
0738
0749
0772
0790
0805
0820
0831
0846
0854
0861
0868
0876
0883
0891
0891
0891
0887
0883
0880
0876
0876
0868
0865
0857
0850
0846
0839
0831
0816
0816
0835
0846
0854
0861
0868
0868
0872
0868
0868
0868
0861
0857
0850
0839
0831
0824
0813
0798
0790
0783
0786
0794
0805
0824
0850
0891
0921
0939
0954
0962
0973
0980
0988
0995
0999
1003
1006
1014
1021
1029
1044
1055
1055
1033
1003
0980
0958
0939
0921
0902
0887
0872
0861
0850
0839
0827
0820
0813
0809
0801
0790
0779
0745
0682
0615
0581
0563
0589
0730
1006
1402
1894
2442
3002
3494
3796
3819
3643
3095
2360
1599
0973
0578
0443
0436
0529
0656
0716
0734
0730
0701
0667
0634
0615
0600
0589
0585
0596
0622
0645
0667
0686
0689
0693
0697
0697
0697
0701
0701
0704
0708
0708
0716
0719
0727
0734
0742
0749
0760
0768
0783
0798
0816
0827
0839
0842
0850
0861
0876
0902
0936
0965
0988
1010
1029
1062
1115
1148
1167
1178
1193
1208
1223
1238
1256
1275
1290
1305
1320
1335
1346
1365
1379
1379
1361
1335
1301
1256
1219
1171
1107
1055
1014
0980
0947
0913
0880
0839
0805
0794
0790
0783
0779
0772
0772
0772
0775
0779
0786
0786
0786
0790
0790
0794
0798
0798
0794
0794
0794
0798
0801
0801
0801
0805
0805
0809
0813
0820
0824
0824
0827
0831
0835
0842
0850
0857
0861
0865
0865
0865
0861
0857
0850
0842
0831
0820
0813
0805
0801
0794
0786
0775
0768
0764
0757
0757
0757
0757
0760
0768
0775
0783
0794
0801
0809
0816
0827
0835
0842
0842
0842
0835
0827
0816
0805
0790
0772
0757
0757
0772
0798
0887
1107
1458
1946
2550
3188
3740
4005
3986
3625
2927
2125
1394
0861
0660
0592
0652
0708
0749
0772
0772
0749
0723
0708
0697
0686
0678
0671
0667
0660
0656
0656
0656
0660
0660
0667
0675
0686
0693
0701
0704
0708
0712
0719
0723
0730
0734
0742
0745
0753
0757
0760
0764
0768
0772
0779
0786
0798
0820
0842
0868
0898
0921
0943
0969
0988
1003
1018
1029
1040
1055
1066
1077
1089
1100
1115
1141
1178
1212
1234
1249
1264
1268
1264
1249
1230
1200
1144
1089
1029
0988
0965
0943
0921
0902
0861
0813
0790
0779
0772
0760
0749
0738
0727
0708
0712
0734
0757
0779
0783
0768
0749
0734
0738
0764
0798
0827
0850
0865
0876
0887
0895
0895
0891
0883
0876
0865
0850
0854
0876
0887
0895
0902
0910
0913
0913
0913
0913
0917
0917
0917
0917
0913
0910
0906
0906
0906
0906
0906
0902
0902
0898
0895
0891
0887
0883
0872
0865
0857
0846
0835
0816
0805
0816
0839
0854
0865
0872
0880
0887
0887
0891
0895
0898
0902
0902
0902
0898
0898
0895
0891
0891
0891
0898
0906
0917
0932
0951
0965
0958
0936
0924
0910
0902
0898
0898
0902
0910
0921
0932
0939
0947
0954
0965
0969
0969
0969
0969
0965
0958
0951
0943
0924
0898
0887
0883
0880
0876
0872
0872
0876
0883
0891
0902
0906
0917
0924
0932
0939
0947
0951
0954
0958
0962
0965
0969
0973
0980
0984
0988
0995
1003
1010
1025
1036
1051
1059
1070
1077
1085
1092
1100
1100
1092
1081
1070
1055
1033
0999
0965
0939
0917
0902
0898
0895
0891
0883
0880
0872
0857
0835
0801
0745
0704
0678
0693
0742
0906
1197
1626
2151
2718
3248
3621
3725
3516
3032
2368
1682
1115
0753
0660
0630
0667
0708
0745
0745
0708
0686
0671
0660
0645
0637
0634
0630
0630
0626
0630
0630
0637
0645
0660
0671
0682
0689
0708
0723
0742
0753
0768
0786
0816
0816
0794
0783
0775
0768
0760
0753
0753
0753
0757
0760
0768
0775
0783
0798
0820
0842
0868
0906
0958
1003
1036
1070
1096
1118
1141
1159
1171
1178
1185
1193
1200
1204
1208
1212
1212
1212
1212
1212
1212
1208
1208
1204
1200
1197
1189
1182
1167
1122
1040
0936
0835
0768
0730
0712
0697
0682
0675
0671
0671
0671
0671
0671
0667
0663
0663
0660
0652
0648
0652
0660
0667
0671
0675
0675
0678
0682
0689
0697
0708
0712
0712
0712
0712
0716
0716
0719
0723
0727
0730
0734
0738
0745
0749
0749
0753
0753
0757
0764
0768
0775
0786
0813
0831
0816
0794
0783
0775
0764
0757
0749
0742
0738
0734
0734
0738
0742
0745
0753
0760
0768
0775
0783
0786
0790
0794
0798
0805
0813
0820
0827
0835
0839
0846
0854
0857
0865
0868
0872
0880
0887
0902
0913
0928
0943
0951
0962
0969
0984
0995
1006
1006
0999
0984
0965
0947
0936
0917
0902
0887
0868
0857
0846
0835
0820
0801
0779
0760
0742
0723
0704
0678
0656
0656
0667
0689
0757
0895
1100
1402
1808
2316
2871
3378
3666
3681
3460
2912
2211
1506
0939
0604
0518
0484
0484
0518
0570
0619
0637
0648
0656
0660
0663
0667
0675
0686
0689
0697
0704
0708
0708
0708
0712
0716
0719
0727
0730
0738
0742
0749
0753
0760
0768
0775
0786
0794
0809
0835
0861
0880
0902
0913
0924
0936
0947
0958
0969
0984
0995
1010
1025
1044
1066
1089
1107
1130
1163
1204
1234
1260
1290
1327
1383
1435
1454
1469
1476
1484
1480
1465
1443
1420
1383
1338
1309
1286
1268
1245
1227
1208
1171
1103
1036
0992
0958
0928
0898
0865
0839
0820
0805
0786
0772
0757
0742
0719
0704
0704
0723
0749
0786
0831
0850
0861
0868
0876
0880
0880
0876
0872
0868
0865
0865
0861
0861
0857
0857
0854
0861
0868
0876
0887
0898
0906
0921
0932
0943
0951
0954
0958
0958
0965
0977
0951
0932
0921
0910
0902
0898
0895
0891
0887
0883
0880
0872
0868
0865
0865
0861
0854
0846
0839
0835
0835
0842
0846
0850
0854
0861
0876
0880
0865
0857
0846
0839
0824
0816
0809
0794
0779
0775
0790
0801
0809
0816
0827
0835
0842
0854
0861
0876
0887
0898
0910
0921
0936
0951
0969
0988
0999
1006
1010
1018
1025
1033
1036
1033
1021
0999
0969
0913
0891
0880
0872
0861
0854
0842
0835
0827
0820
0809
0794
0772
0727
0704
0686
0663
0663
0697
0786
0973
1264
1667
2178
2767
3352
3804
3964
3736
3166
2416
1682
1100
0749
0656
0656
0701
0727
0689
0619
0570
0555
0540
0537
0559
0596
0622
0641
0652
0667
0675
0686
0693
0697
0704
0708
0716
0719
0723
0727
0727
0730
0734
0742
0749
0753
0760
0772
0779
0790
0801
0820
0839
0854
0872
0883
0898
0906
0917
0932
0947
0965
0984
1003
1025
1047
1062
1074
1085
1107
1152
1197
1227
1260
1305
1353
1376
1387
1398
1406
1409
1409
1409
1402
1391
1379
1365
1342
1301
1256
1197
1126
1062
0992
0936
0906
0887
0868
0850
0839
0831
0824
0816
0809
0801
0798
0790
0786
0783
0783
0779
0775
0772
0772
0768
0768
0764
0764
0760
0757
0760
0764
0775
0783
0794
0805
0813
0824
0835
0850
0857
0861
0857
0850
0846
0839
0839
0839
0835
0827
0820
0816
0813
0813
0813
0813
0813
0809
0809
0809
0813
0816
0816
0816
0816
0813
0813
0816
0820
0820
0820
0820
0820
0820
0824
0831
0835
0839
0846
0865
0865
0842
0827
0820
0813
0801
0798
0798
0798
0801
0805
0805
0809
0813
0816
0820
0824
0827
0827
0831
0835
0839
0846
0850
0850
0854
0861
0868
0880
0891
0902
0917
0939
0962
0984
1006
1021
1036
1047
1055
1066
1070
1070
1062
1051
1036
1021
1003
0988
0969
0947
0924
0910
0902
0895
0883
0872
0861
0846
0831
0809
0783
0757
0719
0701
0712
0742
0824
1029
1353
1797
2349
2950
3505
3889
3998
3774
3244
2521
1767
1126
0712
0600
0555
0559
0600
0619
0630
0637
0645
0648
0652
0656
0660
0667
0671
0675
0678
0678
0678
0682
0686
0686
0689
0689
0693
0697
0701
0704
0704
0708
0712
0716
0719
0727
0734
0760
0824
0854
0865
0876
0883
0887
0891
0898
0906
0913
0921
0928
0939
0947
0958
0977
0995
1018
1036
1055
1089
1137
1178
1215
1249
1279
1312
1331
1346
1361
1376
1383
1383
1383
1376
1368
1353
1338
1305
1241
1178
1111
1055
1021
0988
0958
0917
0880
0842
0820
0801
0786
0779
0772
0764
0757
0742
0738
0749
0757
0760
0768
0772
0772
0775
0779
0783
0786
0790
0790
0790
0790
0790
0790
0798
0801
0805
0809
0813
0820
0827
0835
0842
0846
0850
0857
0872
0891
0898
0891
0880
0868
0865
0865
0865
0861
0861
0854
0850
0846
0842
0839
0835
0835
0835
0835
0835
0835
0831
0831
0831
0827
0824
0820
0816
0813
0813
0809
0809
0805
0801
0794
0786
0786
0790
0798
0809
0820
0827
0835
0842
0854
0861
0868
0876
0883
0883
0887
0883
0880
0876
0872
0865
0861
0854
0846
0839
0827
0801
0801
0842
0951
1189
1547
2013
2554
3110
3580
3811
3807
3557
2991
2286
1603
1062
0734
0697
0689
0682
0678
0675
0675
0678
0689
0701
0712
0723
0727
0734
0738
0738
0742
0742
0745
0749
0753
0757
0760
0768
0775
0779
0783
0786
0786
0790
0798
0809
0827
0865
0868
0868
0872
0876
0880
0883
0883
0883
0887
0891
0898
0902
0906
0913
0921
0936
0962
0992
1021
1070
1137
1189
1227
1264
1282
1297
1305
1312
1316
1323
1327
1331
1331
1335
1338
1338
1342
1350
1365
1327
1282
1238
1200
1152
1089
1018
0958
0924
0906
0895
0880
0865
0850
0839
0824
0813
0805
0801
0801
0813
0824
0835
0846
0861
0876
0883
0880
0872
0861
0854
0846
0839
0831
0835
0839
0850
0861
0880
0906
0924
0936
0943
0951
0954
0962
0962
0965
0965
0962
0962
0958
0954
0951
0943
0936
0932
0928
0924
0917
0906
0902
0898
0898
0902
0902
0906
0910
0917
0924
0928
0924
0917
0910
0902
0898
0891
0887
0880
0876
0868
0865
0861
0857
0854
0842
0827
0820
0831
0854
0865
0872
0876
0880
0883
0887
0891
0891
0891
0887
0883
0880
0876
0872
0865
0857
0850
0839
0831
0831
0839
0850
0865
0880
0902
0906
0898
0880
0865
0846
0839
0842
0850
0861
0872
0854
0839
0827
0820
0813
0813
0816
0824
0831
0839
0839
0846
0854
0861
0865
0865
0861
0857
0854
0850
0850
0846
0839
0831
0831
0839
0850
0865
0876
0887
0898
0906
0921
0932
0943
0954
0969
0988
1003
1018
1029
1044
1059
1059
1025
0973
0917
0887
0868
0857
0846
0835
0827
0820
0809
0798
0779
0753
0712
0656
0615
0589
0619
0712
0895
1152
1510
1969
2491
3013
3438
3591
3557
3229
2647
1987
1379
0906
0611
0533
0540
0578
0592
0604
0611
0611
0607
0596
0585
0566
0544
0574
0626
0667
0686
0701
0704
0693
0671
0645
0622
0607
0619
0645
0686
0730
0749
0764
0772
0772
0757
0742
0727
0712
0701
0693
0701
0716
0730
0749
0775
0798
0816
0831
0846
0857
0872
0880
0891
0902
0917
0947
0977
1003
1025
1047
1077
1126
1185
1223
1238
1253
1264
1275
1286
1297
1309
1327
1342
1338
1327
1305
1264
1212
1171
1137
1096
1040
0969
0917
0895
0872
0846
0824
0805
0794
0783
0772
0768
0764
0760
0757
0757
0753
0749
0745
0742
0749
0760
0772
0779
0786
0790
0790
0790
0790
0794
0794
0794
0786
0783
0775
0768
0764
0757
0745
0734
0730
0734
0749
0764
0775
0779
0786
0790
0798
0801
0805
0805
0805
0801
0798
0790
0779
0768
0757
0745
0723
0708
0704
0716
0730
0742
0753
0764
0772
0772
0772
0772
0775
0779
0783
0783
0783
0775
0768
0757
0749
0745
0738
0730
0723
0719
0719
0719
0723
0730
0734
0742
0753
0760
0768
0772
0775
0775
0779
0783
0790
0794
0798
0801
0805
0809
0816
0816
0820
0820
0824
0827
0835
0839
0846
0854
0865
0883
0906
0924
0939
0947
0962
0977
0988
0977
0954
0932
0913
0898
0872
0850
0831
0820
0805
0790
0783
0772
0760
0753
0742
0727
0708
0686
0645
0641
0671
0757
1003
1383
1879
2457
3039
3528
3736
3714
3382
2763
2051
1406
0924
0634
0570
0544
0570
0585
0589
0592
0596
0600
0607
0611
0619
0622
0626
0630
0634
0634
0637
0641
0641
0645
0648
0652
0660
0671
0678
0689
0697
0708
0719
0730
0753
0790
0809
0816
0816
0820
0824
0827
0831
0835
0839
0842
0846
0846
0854
0857
0865
0872
0895
0951
0995
1021
1044
1070
1100
1130
1156
1182
1200
1212
1227
1253
1301
1331
1350
1361
1368
1372
1368
1357
1342
1323
1301
1260
1212
1171
1141
1115
1089
1059
1021
0973
0924
0902
0883
0868
0857
0850
0842
0835
0827
0824
0820
0816
0816
0816
0813
0809
0805
0801
0801
0805
0805
0813
0820
0827
0842
0854
0865
0876
0880
0887
0891
0898
0902
0906
0910
0910
0913
0917
0921
0921
0921
0921
0921
0921
0917
0917
0917
0917
0913
0913
0910
0910
0906
0902
0902
0902
0898
0895
0891
0887
0887
0883
0883
0880
0868
0857
0850
0846
0846
0850
0854
0857
0861
0868
0880
0887
0887
0880
0868
0861
0854
0850
0846
0842
0839
0839
0839
0842
0850
0854
0857
0861
0861
0865
0868
0872
0880
0883
0887
0887
0891
0891
0891
0891
0891
0895
0898
0902
0906
0913
0924
0936
0947
0958
0965
0977
0984
0988
0992
0995
0999
1003
1014
1025
1033
1025
1006
0984
0973
0962
0951
0939
0924
0913
0902
0895
0883
0876
0868
0857
0842
0824
0786
0783
0820
0910
1171
1581
2125
2752
3360
3826
3960
3915
3535
2894
2166
1473
0910
0551
0466
0473
0596
0712
0753
0753
0723
0697
0675
0660
0660
0675
0693
0701
0704
0708
0712
0716
0719
0727
0734
0745
0753
0760
0768
0772
0775
0779
0783
0790
0794
0801
0805
0809
0816
0820
0831
0839
0846
0854
0861
0865
0868
0876
0883
0895
0906
0932
0992
1047
1096
1137
1174
1215
1241
1260
1279
1297
1312
1331
1350
1365
1376
1387
1402
1413
1420
1428
1428
1424
1417
1409
1394
1379
1357
1323
1264
1212
1167
1126
1096
1074
1033
0969
0932
0917
0906
0902
0895
0887
0880
0872
0865
0857
0854
0850
0846
0842
0831
0820
0813
0813
0820
0835
0842
0846
0850
0850
0854
0854
0857
0861
0861
0861
0861
0861
0861
0865
0865
0865
0868
0868
0868
0872
0872
0876
0876
0880
0880
0883
0891
0902
0906
0906
0898
0883
0872
0865
0857
0850
0842
0835
0831
0827
0827
0827
0827
0831
0835
0839
0842
0850
0865
0876
0880
0880
0868
0857
0846
0835
0824
0816
0813
0816
0824
0831
0835
0839
0842
0846
0854
0857
0861
0861
0857
0854
0850
0846
0839
0831
0816
0816
0846
0868
0887
0902
0917
0932
0943
0954
0962
0973
0980
0988
0992
0992
0995
0995
0992
0988
0977
0969
0958
0947
0936
0921
0895
0868
0850
0835
0824
0813
0805
0794
0779
0768
0753
0734
0712
0678
0675
0704
0779
0973
1297
1749
2301
2882
3378
3617
3617
3367
2826
2155
1495
0980
0671
0574
0540
0570
0600
0619
0630
0619
0600
0578
0555
0544
0559
0589
0607
0622
0634
0645
0652
0663
0671
0682
0689
0697
0701
0704
0708
0708
0712
0719
0723
0730
0734
0742
0745
0753
0757
0764
0768
0772
0779
0786
0798
0813
0827
0842
0861
0883
0910
0951
0980
1003
1021
1036
1051
1070
1089
1111
1141
1182
1223
1264
1301
1323
1331
1338
1346
1350
1353
1353
1350
1342
1335
1320
1305
1279
1238
1193
1144
1103
1066
1033
0999
0969
0939
0913
0883
0850
0816
0805
0798
0794
0790
0790
0786
0786
0786
0786
0794
0798
0805
0813
0820
0827
0835
0846
0854
0857
0854
0850
0842
0839
0835
0827
0824
0820
0816
0816
0820
0827
0839
0850
0861
0868
0880
0887
0898
0902
0906
0910
0913
0913
0913
0910
0906
0902
0898
0891
0887
0876
0854
0839
0827
0816
0801
0801
0820
0831
0839
0850
0857
0857
0857
0850
0842
0835
0831
0824
0816
0813
0805
0801
0801
0801
0805
0809
0816
0827
0839
0850
0865
0880
0895
0906
0921
0928
0939
0947
0958
0965
0969
0969
0962
0954
0943
0928
0902
0846
0813
0794
0779
0775
0779
0786
0798
0809
0827
0835
0824
0798
0757
0708
0675
0652
0671
0730
0868
1092
1424
1857
2368
2894
3334
3524
3498
3192
2580
1864
1215
0753
0503
0451
0436
0473
0522
0559
0589
0604
0611
0615
0619
0622
0622
0626
0630
0630
0630
0634
0634
0634
0634
0634
0637
0637
0641
0645
0648
0652
0652
0656
0660
0663
0667
0671
0678
0689
0704
0716
0727
0738
0749
0760
0772
0786
0801
0816
0827
0846
0868
0902
0928
0954
0977
0999
1021
1055
1103
1156
1204
1234
1253
1271
1294
1312
1331
1342
1357
1365
1372
1372
1368
1357
1346
1327
1297
1227
1159
1111
1074
1051
1033
1018
1003
0988
0965
0943
0906
0865
0842
0831
0816
0805
0794
0790
0786
0786
0786
0790
0790
0794
0801
0805
0813
0816
0820
0827
0835
0846
0854
0857
0854
0850
0846
0846
0842
0839
0835
0831
0827
0824
0824
0824
0824
0831
0839
0850
0861
0868
0883
0902
0917
0917
0902
0891
0876
0868
0857
0850
0842
0835
0831
0831
0831
0831
0831
0831
0831
0835
0835
0839
0842
0842
0842
0842
0842
0842
0839
0839
0839
0839
0842
0842
0842
0839
0835
0831
0827
0824
0820
0816
0816
0816
0820
0827
0831
0839
0846
0854
0865
0872
0880
0891
0902
0917
0932
0951
0958
0965
0969
0977
0980
0988
0992
0995
0999
0999
0999
0992
0980
0962
0943
0921
0898
0872
0854
0835
0820
0805
0794
0786
0775
0764
0757
0745
0734
0719
0697
0682
0701
0760
0913
1275
1790
2420
3058
3576
3759
3725
3360
2744
2043
1391
0917
0712
0637
0630
0660
0682
0697
0708
0712
0708
0689
0671
0648
0619
0596
0578
0559
0533
0533
0566
0592
0611
0634
0660
0686
0708
0734
0753
0760
0764
0768
0768
0772
0775
0779
0779
0772
0764
0757
0742
0727
0727
0760
0794
0820
0846
0865
0887
0913
0951
0980
1003
1025
1047
1070
1092
1111
1126
1141
1152
1167
1193
1241
1275
1290
1305
1316
1323
1331
1338
1350
1365
1372
1365
1346
1331
1312
1294
1275
1223
1126
1040
0984
0936
0902
0865
0827
0794
0783
0775
0772
0768
0764
0764
0760
0760
0760
0764
0764
0772
0779
0790
0801
0809
0816
0820
0824
0827
0835
0839
0842
0846
0850
0850
0854
0854
0857
0857
0857
0861
0861
0861
0861
0865
0865
0861
0861
0861
0857
0854
0850
0850
0850
0850
0850
0854
0857
0854
0842
0839
0835
0831
0827
0824
0820
0816
0816
0816
0816
0816
0816
0820
0820
0824
0824
0820
0820
0820
0820
0820
0820
0820
0816
0809
0805
0801
0798
0794
0786
0783
0783
0790
0798
0805
0816
0839
0839
0816
0805
0794
0783
0775
0775
0783
0794
0813
0846
0906
0939
0958
0973
0984
0992
0999
1006
1010
1014
1021
1025
1040
1062
1059
1033
0995
0947
0906
0880
0850
0824
0801
0790
0798
0813
0827
0846
0846
0820
0783
0730
0682
0656
0675
0723
0898
1178
1592
2122
2718
3293
3733
3927
3785
3330
2644
1887
1234
0816
0719
0693
0671
0656
0641
0585
0525
0503
0507
0548
0574
0592
0607
0622
0630
0634
0637
0645
0648
0656
0667
0675
0682
0682
0682
0675
0667
0660
0652
0641
0637
0648
0667
0682
0697
0708
0719
0730
0738
0745
0760
0790
0842
0872
0887
0895
0902
0902
0910
0917
0924
0928
0932
0939
0951
0977
1036
1092
1130
1156
1185
1227
1271
1320
1353
1372
1387
1394
1394
1391
1383
1368
1353
1331
1294
1256
1204
1130
1074
1044
1018
0995
0977
0954
0928
0898
0880
0868
0865
0857
0854
0846
0842
0842
0842
0842
0846
0846
0850
0854
0857
0865
0872
0880
0887
0895
0906
0921
0932
0932
0928
0921
0910
0902
0891
0883
0880
0883
0891
0891
0891
0891
0895
0898
0902
0902
0902
0906
0910
0910
0906
0902
0902
0898
0895
0887
0883
0880
0876
0868
0865
0857
0854
0850
0846
0842
0835
0831
0827
0827
0827
0827
0831
0839
0846
0854
0861
0868
0883
0898
0898
0887
0868
0857
0846
0835
0824
0820
0820
0824
0824
0827
0835
0839
0842
0850
0865
0883
0902
0921
0936
0951
0962
0973
0984
0992
0995
1003
1010
1018
1025
1033
1040
1047
1051
1051
1051
1044
1036
1025
1010
0995
0977
0954
0939
0924
0906
0883
0850
0805
0768
0734
0723
0730
0749
0805
0977
1256
1659
2178
2752
3296
3688
3815
3613
3102
2409
1696
1118
0783
0701
0697
0734
0753
0689
0622
0570
0544
0559
0592
0630
0675
0697
0708
0716
0723
0727
0723
0712
0701
0689
0675
0663
0663
0678
0701
0719
0742
0764
0783
0794
0805
0816
0824
0835
0842
0850
0857
0865
0876
0887
0898
0902
0902
0906
0910
0913
0917
0917
0921
0921
