3416
3642
3841
4014
4095
4073
3879
3575
3369
3148
2965
2895
2871
2889
2942
3039
3200
3380
3520
3607
3637
3626
3591
3442
3238
3034
2876
2791
2783
2824
2910
2989
3062
3116
3135
3134
3114
3056
2965
2875
2828
2811
2806
2810
2822
2834
2848
2858
2868
2877
2876
2860
2847
2832
2820
2811
2784
2722
2662
2626
2592
2561
2535
2504
2470
2435
2404
2381
2362
2344
2325
2309
2299
2293
2289
2284
2280
2274
2269
2264
2253
2233
2204
2186
2163
2118
2063
2031
2000
1968
1949
1939
1928
1912
1894
1870
1841
1819
1796
1774
1757
1745
1734
1729
1737
1754
1769
1780
1790
1801
1810
1821
1836
1857
1872
1884
1895
1909
1926
1955
1987
2006
2022
2040
2086
2141
2161
2169
2174
2178
2182
2183
2179
2172
2163
2151
2134
2136
2164
2183
2198
2210
2219
2223
2222
2218
2215
2210
2191
2137
2070
2015
1977
1948
1928
1916
1907
1895
1884
1884
1898
1933
2009
2090
2160
2196
2231
2261
2285
2300
2284
2234
2120
1949
1753
1554
1351
1154
1011
0972
0985
1091
1262
1481
1734
1969
2160
2298
2341
2324
2193
1963
1671
1347
1035
0766
0539
0344
0175
0046
0000
0006
0087
0228
0380
0529
0676
0813
0939
1061
1172
1262
1334
1368
1414
1462
1526
1593
1657
1723
1758
1785
1806
1831
1864
1898
1916
1927
1942
1959
1987
2034
2077
2103
2117
2126
2135
2145
2152
2146
2135
2128
2122
2117
2111
2106
2101
2096
2091
2086
2077
2058
2034
2024
2020
2017
2016
2020
2029
2046
2103
2166
2212
2225
2233
2240
2248
2255
2263
2274
2298
2336
2358
2371
2381
2390
2401
2419
2447
2469
2482
2494
2508
2549
2621
2664
2678
2660
2645
2637
2629
2621
2614
2607
2598
2585
2567
2565
2572
2581
2590
2574
2525
2468
2439
2423
2414
2404
2390
2347
2305
2295
2289
2281
2272
2263
2251
2228
2196
2180
2170
2158
2145
2131
2114
2115
2144
2166
2185
2199
2206
2208
2210
2214
2218
2202
2175
2147
2128
2115
2129
2146
2159
2141
2113
2081
2063
2053
2045
2040
2037
2032
2021
2030
2058
2073
2079
2070
2049
2015
1979
1956
1927
1893
1869
1857
1849
1843
1844
1855
1871
1891
1917
1939
1953
1967
1976
1979
1974
1964
1936
1880
1850
1817
1782
1757
1739
1731
1730
1730
1729
1728
1741
1752
1757
1762
1765
1768
1768
1768
1765
1763
1757
1749
1733
1703
1668
1630
1595
1575
1562
1553
1544
1535
1530
1536
1550
1566
1584
1594
1604
1614
1598
1553
1466
1326
1141
0928
0703
0509
0376
0322
0374
0523
0731
0954
1181
1405
1595
1740
1807
1829
1814
1766
1724
1715
1708
1704
1700
1698
1698
1697
1693
1691
1689
1688
1688
1689
1688
1687
1684
1682
1680
1674
1664
1690
1714
1730
1741
1750
1757
1764
1774
1780
1774
1761
1738
1712
1697
1687
1690
1709
1721
1730
1737
1740
1741
1740
1737
1732
1725
1713
1689
1648
1609
1592
1590
1588
1586
1584
1583
1582
1583
1586
1592
1601
1611
1592
1567
1546
1539
1534
1529
1533
1553
1576
1600
1624
1643
1657
1671
1687
1703
1724
1749
1765
1785
1815
1851
1882
1898
1904
1910
1915
1919
1925
1931
1937
1947
1966
2004
2028
2040
2049
2058
2066
2077
2088
2094
2085
2068
2054
2040
2028
2020
2012
2000
1985
1976
1966
1958
1977
2001
2022
2036
2044
2048
2054
2058
2061
2058
2050
2039
2029
2020
2009
2000
1992
1987
1983
1980
1979
1975
1972
1969
1968
1968
1967
1964
1959
1955
1951
1945
1940
1932
1916
1894
1882
1872
1864
1859
1855
1854
1854
1857
1858
1859
1861
1867
1846
1829
1818
1810
1805
1802
1799
1796
1791
1799
1820
1828
1834
1839
1847
1858
1868
1878
1886
1896
1906
1914
1916
1915
1910
1904
1898
1892
1884
1874
1862
1858
1857
1855
1851
1846
1847
1867
1887
1910
1919
1928
1937
1914
1843
1704
1501
1242
0963
0719
0614
0626
0795
1118
1512
1888
2169
2300
2344
2334
2309
2260
2193
2097
2010
1961
1947
1937
1932
1932
1936
1945
1956
1966
1979
1988
1989
1980
1965
1940
1907
1880
1852
1822
1805
1799
1794
1795
1809
1817
1822
1827
1831
1834
1835
1836
1835
1831
1826
1818
1809
1794
1769
1752
1734
1717
1698
1671
1636
1617
1606
1598
1590
1584
1577
1572
1569
1566
1561
1558
1554
1552
1550
1549
1547
1547
1549
1551
1553
1557
1561
1567
1572
1580
1598
1623
1656
1696
1765
1835
1895
1944
1979
2004
2021
2029
2023
2009
1988
1969
1964
1958
1960
1976
1990
2004
2016
2028
2036
2041
2047
2053
2060
2069
2078
2087
2097
2110
2121
2126
2122
2117
2110
2103
2094
2087
2081
2077
2068
2057
2065
2072
2078
2082
2085
2081
2074
2068
2062
2057
2053
2048
2045
2044
2044
2045
2047
2049
2053
2058
2063
2056
2040
2025
2008
2000
1996
1992
1989
1985
1982
1981
1984
1991
1999
2007
2017
2023
2014
1998
1988
1980
1972
1964
1957
1950
1943
1937
1932
1926
1919
1914
1911
1912
1917
1923
1931
1939
1948
1959
1972
1982
1992
2001
2007
2012
2015
2018
2021
2021
2021
2021
2021
2021
2021
2022
2025
2028
2031
2034
2037
2040
2044
2047
2052
2057
2063
2076
2104
2109
2099
2077
1991
1858
1664
1422
1160
0909
0712
0638
0717
0945
1303
1738
2147
2462
2601
2613
2531
2372
2231
2154
2119
2095
2078
2066
2054
2044
2062
2093
2117
2127
2135
2133
2107
2070
2030
2009
1996
1990
1999
2017
2036
2054
2068
2078
2091
2104
2081
2047
2007
1977
1959
1948
1939
1924
1900
1885
1878
1872
1866
1857
1846
1833
1805
1771
1752
1736
1717
1693
1663
1647
1640
1633
1628
1624
1617
1611
1604
1598
1586
1561
1518
1478
1446
1429
1417
1412
1420
1438
1457
1481
1499
1515
1528
1545
1566
1591
1619
1640
1659
1680
1713
1733
1745
1754
1763
1771
1779
1785
1791
1801
1814
1838
1862
1891
1933
1961
1977
1990
1997
1998
1991
1979
1964
1941
1912
1910
1908
1906
1904
1911
1930
1958
1993
2009
2020
2025
2028
2023
2012
2000
1995
1990
1985
1982
1980
1977
1974
1972
1969
1969
1969
1969
1969
1971
1971
1971
1971
1969
1969
1968
1967
1966
1964
1961
1958
1955
1951
1945
1931
1914
1895
1879
1864
1851
1839
1830
1827
1825
1823
1825
1825
1823
1822
1820
1819
1819
1820
1822
1823
1825
1825
1827
1830
1833
1835
1836
1839
1843
1850
1858
1867
1876
1885
1900
1916
1927
1935
1941
1945
1949
1952
1956
1959
1964
1967
1971
1973
1976
1980
1984
1991
1999
2020
2046
2057
2064
2033
1942
1790
1571
1302
1009
0742
0569
0552
0637
0949
1373
1819
2202
2451
2511
2500
2381
2242
2131
2068
2030
1990
1957
1941
1931
1924
1919
1922
1928
1936
1944
1953
1961
1959
1945
1928
1917
1907
1898
1890
1882
1875
1869
1863
1858
1850
1837
1822
1804
1782
1758
1745
1736
1729
1723
1714
1700
1685
1671
1653
1638
1623
1611
1601
1592
1584
1572
1562
1552
1539
1521
1493
1471
1441
1401
1380
1369
1361
1356
1352
1349
1349
1350
1352
1357
1364
1372
1382
1397
1426
1457
1499
1544
1582
1627
1669
1701
1724
1742
1758
1777
1801
1829
1862
1891
1907
1917
1925
1931
1936
1944
1951
1957
1963
1968
1976
1991
2017
2040
2055
2068
2074
2073
2058
2039
2020
1997
1975
1955
1941
1932
1923
1916
1912
1911
1914
1918
1927
1939
1961
2000
2020
2032
2041
2046
2044
2036
2026
2020
2014
2010
2007
2004
2000
1997
1997
1999
2005
2012
2017
2023
2030
2039
2053
2065
2074
2072
2060
2040
2023
2010
1999
1987
1976
1968
1966
1967
1971
1976
1982
1991
2004
2031
2064
2114
2146
2159
2137
2006
1793
1515
1210
0921
0690
0603
0627
0842
1228
1677
2098
2411
2518
2512
2372
2182
2028
1951
1923
1923
1950
1995
2028
2040
2047
2042
2010
1991
1976
1965
1957
1953
1953
1959
1967
1974
1982
1988
1995
2004
2013
2018
2020
2014
2003
1989
1975
1963
1945
1928
1914
1902
1892
1884
1876
1866
1854
1841
1827
1811
1779
1737
1715
1701
1689
1671
1651
1638
1624
1611
1599
1586
1575
1563
1553
1544
1535
1526
1518
1513
1509
1509
1510
1512
1517
1526
1536
1550
1579
1632
1665
1685
1711
1738
1766
1795
1821
1846
1882
1943
1981
2000
2017
2029
2036
2037
2036
2032
2028
2022
2015
2003
2004
2023
2032
2038
2044
2048
2050
2053
2053
2053
2052
2049
2045
2039
2033
2026
2021
2014
2005
1998
1998
2009
2026
2047
2068
2095
2117
2120
2113
2099
2055
1931
1745
1499
1221
0954
0739
0654
0780
1124
1599
2079
2457
2640
2653
2541
2379
2242
2147
2120
2104
2088
2073
2062
2055
2049
2045
2042
2039
2037
2033
2032
2030
2028
2024
2021
2016
2013
2010
2007
2004
2000
1996
1991
1985
1980
1974
1967
1958
1948
1937
1927
1919
1911
1904
1898
1891
1883
1877
1868
1857
1844
1830
1818
1805
1793
1777
1760
1739
1717
1691
1656
1614
1590
1577
1567
1559
1553
1551
1551
1558
1569
1583
1599
1616
1640
1666
1691
1716
1745
1776
1798
1814
1835
1860
1885
1922
1953
1968
1977
1988
2003
2016
2025
2033
2042
2050
2056
2058
2057
2055
2050
2047
2045
2037
2025
2037
2048
2057
2063
2056
2041
2030
2020
2010
2005
2003
2004
2006
2009
2013
2016
2021
2025
2029
2033
2036
2038
2041
2045
2048
2053
2056
2061
2070
2065
2032
2006
1983
1965
1951
1940
1928
1916
1908
1909
1922
1935
1944
1951
1959
1965
1969
1971
1969
1964
1955
1944
1933
1920
1898
1884
1893
1910
1923
1933
1942
1948
1949
1944
1936
1927
1916
1893
1863
1852
1844
1838
1835
1835
1837
1841
1844
1847
1851
1858
1867
1871
1870
1862
1851
1829
1806
1801
1797
1793
1788
1784
1781
1781
1785
1789
1793
1795
1797
1802
1807
1813
1820
1827
1835
1842
1850
1863
1875
1879
1880
1880
1885
1891
1892
1884
1879
1876
1872
1870
1869
1869
1868
1869
1870
1874
1879
1885
1893
1907
1915
1908
1884
1819
1693
1512
1285
1026
0771
0581
0508
0585
0815
1154
1529
1892
2172
2303
2316
2259
2159
2073
2008
1992
1981
1973
1967
1959
1953
1949
1944
1940
1930
1911
1894
1885
1880
1875
1872
1871
1872
1876
1878
1879
1880
1883
1885
1887
1890
1892
1894
1894
1893
1890
1885
1880
1876
1869
1862
1852
1829
1804
1768
1736
1720
1708
1704
1713
1731
1749
1770
1784
1791
1804
1814
1791
1756
1705
1674
1660
1649
1641
1635
1632
1631
1632
1635
1640
1645
1650
1656
1661
1667
1673
1677
1683
1689
1695
1701
1708
1717
1737
1780
1828
1879
1936
1990
2016
2029
2039
2047
2053
2057
2063
2068
2072
2076
2078
2080
2084
2088
2095
2101
2103
2099
2090
2080
2071
2064
2057
2048
2038
2031
2029
2031
2037
2044
2048
2052
2055
2060
2064
2069
2071
2070
2066
2062
2056
2050
2045
2039
2033
2026
2021
2016
2013
2010
2007
2005
2005
2006
2008
2012
2016
2018
2022
2024
2028
2032
2036
2036
2034
2029
2020
2012
2004
2000
1996
1992
1989
1987
1983
1979
1975
1972
1969
1968
1968
1969
1971
1972
1973
1975
1979
1982
1984
1987
1989
1991
1993
1995
1997
1998
2000
2003
2006
2009
2015
2020
2024
2028
2031
2034
2038
2042
2047
2053
2062
2078
2087
2078
2057
2040
2021
2010
2018
2036
2056
2079
2091
2111
2106
2044
1908
1711
1461
1177
0904
0685
0597
0619
0821
1219
1687
2107
2395
2484
2484
2398
2285
2179
2106
2077
2039
2005
1975
1965
1963
1960
1959
1957
1956
1955
1953
1955
1956
1958
1961
1965
1971
1981
1977
1950
1935
1926
1918
1911
1906
1899
1893
1886
1880
1877
1872
1868
1862
1858
1851
1844
1836
1829
1823
1818
1811
1799
1784
1755
1726
1701
1682
1661
1641
1623
1609
1596
1585
1572
1561
1553
1545
1538
1533
1528
1525
1523
1523
1525
1527
1531
1537
1545
1554
1574
1616
1652
1679
1700
1729
1764
1788
1802
1814
1829
1844
1860
1879
1896
1914
1932
1950
1963
1971
1976
1981
1987
1990
1992
1993
1990
1985
1981
1976
1973
1968
1964
1959
1956
1952
1949
1947
1944
1944
1945
1947
1949
1950
1952
1952
1953
1955
1956
1957
1958
1961
1967
1971
1960
1939
1920
1903
1887
1875
1862
1849
1833
1820
1812
1807
1804
1798
1794
1790
1791
1802
1818
1835
1849
1862
1876
1886
1893
1899
1902
1904
1907
1909
1912
1915
1918
1920
1920
1922
1923
1924
1924
1923
1922
1920
1918
1918
1918
1919
1919
1918
1917
1916
1914
1908
1933
1959
1979
1988
1980
1961
1910
1785
1601
1364
1096
0837
0635
0545
0621
0879
1269
1690
2050
2305
2376
2371
2279
2163
2077
2033
2004
1980
1951
1919
1892
1884
1878
1872
1869
1871
1878
1886
1896
1895
1876
1857
1838
1828
1822
1821
1819
1817
1813
1809
1806
1805
1805
1802
1798
1796
1793
1790
1788
1786
1780
1771
1761
1747
1732
1721
1711
1699
1689
1679
1669
1660
1649
1633
1609
1591
1577
1561
1542
1513
1491
1474
1462
1456
1454
1454
1453
1453
1452
1450
1452
1462
1480
1509
1553
1591
1618
1639
1659
1680
1703
1732
1760
1773
1780
1788
1801
1815
1835
1860
1880
1902
1924
1947
1977
2010
2024
2032
2038
2041
2042
2041
2038
2031
2023
2015
2007
1998
1988
1981
1981
1987
1996
2005
2013
2021
2030
2038
2044
2045
2045
2044
2040
2036
2025
2032
2074
2098
2105
2110
2113
2113
2112
2106
2097
2085
2062
2036
2029
2025
2021
2017
2016
2016
2017
2021
2024
2028
2032
2036
2040
2045
2049
2052
2053
2050
2045
2038
2031
2023
2015
2007
2000
1992
1988
1983
1981
1980
1979
1976
1975
1974
1973
1968
1960
1961
1980
1992
2003
2012
2016
2014
2005
1992
1982
1974
1968
1960
1953
1947
1942
1939
1937
1939
1940
1942
1947
1952
1959
1966
1973
1979
1983
1989
1995
1999
2000
1999
1996
1991
1987
1982
1975
1967
1955
1945
1942
1942
1941
1939
1935
1937
1957
1988
2022
2044
2060
2056
2020
1922
1720
1441
1116
0804
0568
0471
0561
0834
1238
1700
2151
2500
2642
2653
2565
2404
2232
2094
2013
1987
1985
1985
1985
1985
1985
1992
2003
2010
2018
2025
2029
2029
2023
2013
1998
1972
1928
1900
1883
1872
1866
1861
1859
1857
1857
1857
1855
1853
1851
1849
1846
1845
1843
1839
1835
1829
1823
1806
1771
1746
1729
1713
1697
1671
1647
1638
1632
1625
1616
1600
1584
1574
1567
1559
1552
1545
1539
1535
1533
1529
1526
1521
1517
1511
1496
1479
1472
1466
1469
1488
1518
1559
1594
1622
1652
1692
1742
1793
1841
1884
1934
1967
1987
2000
2008
2010
2010
2010
2008
2005
2001
1999
2007
2022
2029
2032
2036
2040
2044
2048
2053
2055
2058
2061
2062
2062
2060
2056
2053
2048
2046
2045
2044
2042
2040
2038
2037
2036
2036
2034
2032
2031
2029
2029
2029
2028
2026
2023
2021
2018
2018
2018
2017
2017
2016
2015
2015
2016
2016
2015
2013
2009
2005
2000
1996
1990
1983
1976
1967
1959
1951
1944
1939
1932
1925
1917
1910
1904
1903
1903
1907
1910
1914
1917
1919
1923
1926
1931
1934
1936
1937
1939
1939
1940
1941
1941
1941
1939
1937
1936
1936
1936
1937
1937
1939
1941
1943
1943
1941
1939
1936
1933
1931
1930
1928
1925
1920
1917
1912
1877
1758
1592
1395
1182
0978
0806
0730
0740
0874
1163
1557
1965
2309
2488
2547
2514
2414
2276
2170
2089
2039
1993
1965
1958
1955
1951
1948
1945
1943
1941
1937
1931
1923
1914
1904
1896
1890
1882
1875
1868
1861
1854
1850
1845
1841
1835
1829
1823
1817
1810
1803
1794
1782
1768
1752
1732
1713
1699
1689
1679
1668
1660
1652
1648
1642
1635
1626
1612
1587
1560
1535
1514
1493
1472
1460
1450
1442
1436
1432
1430
1429
1432
1437
1444
1453
1463
1476
1497
1520
1545
1586
1641
1696
1748
1788
1819
1844
1862
1877
1890
1904
1918
1933
1948
1964
1980
1996
2012
2031
2040
2036
2028
2023
2021
2017
2015
2013
2013
2013
2012
2013
2015
2018
2024
2030
2036
2040
2046
2055
2064
2069
2060
2041
2023
2013
2005
1999
1993
1989
1984
1980
1976
1973
1971
1969
1967
1965
1964
1964
1965
1965
1965
1965
1963
1961
1959
1956
1945
1914
1888
1874
1860
1847
1836
1823
1817
1825
1842
1857
1872
1887
1900
1909
1915
1919
1925
1930
1933
1935
1936
1936
1936
1936
1934
1933
1930
1925
1920
1917
1914
1910
1904
1899
1895
1898
1908
1923
1945
1989
2030
2058
2072
2094
2091
2034
1918
1749
1527
1268
1006
0792
0700
0709
0842
1123
1476
1834
2139
2340
2396
2391
2309
2199
2093
2021
2001
1989
1980
1971
1961
1955
1949
1943
1939
1933
1928
1924
1920
1917
1914
1909
1903
1899
1894
1890
1885
1882
1877
1871
1867
1862
1858
1853
1849
1845
1842
1838
1835
1833
1828
1823
1819
1813
1807
1802
1795
1788
1780
1772
1763
1748
1722
1709
1705
1701
1698
1696
1692
1688
1681
1672
1660
1650
1640
1630
1617
1604
1595
1591
1593
1598
1606
1615
1634
1669
1704
1738
1771
1811
1861
1901
1923
1934
1943
1953
1965
1977
1992
2015
2047
2071
2080
2087
2093
2098
2102
2105
2106
2107
2107
2106
2105
2103
2101
2096
2091
2086
2080
2071
2054
2054
2080
2103
2123
2139
2150
2157
2164
2175
2179
2169
2144
2104
2053
2021
2001
1991
1988
1984
1981
1976
1973
1969
1969
1973
1976
1979
1981
1983
1987
1992
1998
2001
2001
2001
2000
2000
2001
2003
2001
1999
1997
1997
1998
2000
2004
2007
2010
2015
2020
2024
2030
2036
2044
2053
2068
2089
2121
2129
2139
2147
2121
2044
1909
1714
1468
1190
0934
0751
0724
0769
1011
1371
1766
2119
2378
2474
2477
2397
2266
2137
2048
2017
2012
2009
2008
2006
2005
2003
2000
1997
1992
1988
1983
1980
1977
1973
1966
1951
1936
1922
1912
1906
1900
1894
1887
1880
1874
1867
1859
1851
1844
1836
1828
1820
1811
1802
1790
1778
1763
1744
1725
1708
1692
1675
1658
1641
1627
1615
1600
1584
1567
1547
1523
1496
1479
1466
1457
1450
1452
1466
1484
1495
1504
1512
1520
1527
1535
1541
1547
1554
1562
1576
1602
1635
1681
1733
1782
1826
1863
1896
1925
1963
1989
2004
2014
2018
2018
2014
2006
1999
1993
1989
1983
1979
1976
1975
1977
1983
1991
2001
2013
2025
2044
2061
2064
2065
2066
2068
2070
2071
2070
2064
2053
2040
2030
2021
2012
2004
2000
1998
1997
1996
1993
1990
1987
1988
2000
2015
2025
2033
2041
2047
2052
2054
2050
2044
2033
2023
2014
2005
1995
1987
1980
1975
1971
1968
1966
1963
1959
1956
1953
1953
1956
1959
1964
1967
1971
1975
1980
1983
1987
1989
1991
1992
1992
1990
1985
1979
1972
1966
1959
1953
1945
1931
1917
1908
1901
1898
1892
1885
1880
1878
1878
1882
1890
1898
1906
1914
1925
1939
1948
1949
1943
1935
1927
1923
1917
1911
1907
1902
1900
1900
1903
1909
1916
1922
1927
1932
1937
1942
1948
1953
1959
1964
1967
1971
1975
1980
1988
2008
2039
2060
2073
2055
2000
1887
1722
1497
1221
0920
0665
0544
0552
0711
1043
1478
1922
2292
2490
2515
2447
2303
2193
2127
2102
2072
2044
2015
1990
1979
1971
1964
1960
1957
1952
1948
1943
1937
1932
1927
1922
1917
1911
1901
1890
1880
1872
1866
1860
1857
1853
1849
1843
1836
1829
1820
1810
1796
1776
1756
1738
1721
1705
1688
1669
1653
1639
1625
1608
1593
1583
1574
1567
1560
1554
1549
1543
1538
1534
1527
1519
1507
1485
1460
1438
1418
1403
1390
1376
1361
1364
1389
1425
1465
1496
1531
1563
1587
1620
1650
1674
1695
1713
1741
1787
1837
1893
1933
1956
1972
1985
1996
2005
2013
2020
2025
2029
2032
2036
2039
2042
2045
2046
2048
2050
2054
2056
2061
2064
2066
2068
2068
2068
2065
2063
2060
2056
2053
2049
2046
2044
2041
2039
2036
2032
2030
2028
2026
2025
2024
2022
2020
2018
2018
2018
2018
2017
2014
2009
2006
2001
1998
1995
1989
1984
1980
1975
1972
1968
1965
1960
1955
1949
1944
1940
1934
1928
1924
1918
1915
1914
1914
1914
1914
1915
1917
1920
1926
1931
1936
1940
1943
1948
1952
1956
1959
1963
1966
1969
1973
1977
1980
1982
1983
1984
1985
1988
1990
1991
1993
1993
1993
1993
1993
1993
1992
1992
1992
1993
1995
1997
2009
2006
1947
1818
1634
1414
1158
0903
0690
0629
0659
0869
1229
1677
2099
2413
2537
2544
2449
2321
2217
2157
2093
2037
2003
1980
1968
1973
1981
1989
1997
2004
2003
1988
1969
1960
1955
1951
1949
1945
1941
1936
1930
1924
1918
1915
1911
1909
1907
1904
1901
1898
1893
1888
1880
1871
1860
1849
1839
1830
1819
1806
1789
1765
1742
1720
1706
1696
1687
1679
1672
1665
1657
1649
1641
1632
1620
1601
1566
1534
1510
1491
1479
1472
1468
1463
1455
1445
1479
1522
1561
1590
1617
1645
1677
1722
1773
1807
1829
1850
1869
1892
1920
1948
1963
1972
1977
1982
1987
1991
1998
2005
2012
2018
2028
2039
2060
2096
2123
2145
2162
2175
2184
2192
2199
2204
2210
2212
2214
2210
2203
2194
2185
2175
2160
2143
2128
2113
2095
2073
2071
2080
2087
2093
2098
2102
2097
2086
2074
2064
2054
2046
2042
2047
2058
2077
2109
2163
2198
2219
2232
2232
2223
2203
2146
2016
1828
1595
1333
1071
0847
0759
0779
0976
1345
1793
2204
2474
2532
2526
2437
2339
2235
2184
2147
2117
2078
2020
1972
1949
1930
1931
1948
1957
1964
1971
1975
1979
1980
1981
1982
1982
1977
1971
1960
1950
1939
1927
1917
1904
1890
1878
1869
1862
1858
1853
1847
1839
1829
1815
1801
1782
1764
1746
1724
1701
1685
1674
1663
1651
1640
1630
1620
1611
1602
1592
1579
1563
1543
1526
1511
1495
1479
1465
1457
1457
1463
1471
1481
1495
1522
1575
1609
1628
1647
1665
1683
1716
1765
1799
1821
1842
1861
1891
1935
1952
1958
1963
1967
1971
1974
1977
1980
1981
1982
1983
1984
1984
1985
1985
1984
1982
1980
1977
1974
1972
1971
1968
1967
1965
1964
1963
1960
1959
1957
1953
1950
1948
1948
1950
1955
1960
1968
1977
1988
2003
2016
2022
2017
2006
1991
1977
1958
1937
1917
1899
1882
1870
1869
1879
1893
1907
1924
1939
1953
1964
1973
1981
1988
1988
1980
1967
1955
1948
1942
1936
1931
1925
1919
1915
1910
1907
1906
1904
1906
1908
1910
1914
1915
1916
1916
1917
1919
1920
1923
1924
1927
1931
1936
1942
1951
1960
1971
1982
1995
2008
2020
2029
2040
2056
2064
2055
2033
2012
1987
1971
1959
1952
1945
1940
1937
1941
1949
1958
1968
1980
1991
2000
2009
2021
2033
2039
2031
2008
1945
1834
1677
1481
1263
1045
0868
0763
0758
0844
1095
1442
1833
2187
2435
2496
2486
2372
2259
2160
2082
2042
2021
2009
2000
1989
1976
1959
1936
1906
1886
1876
1867
1860
1857
1857
1858
1860
1863
1866
1868
1871
1874
1876
1872
1863
1853
1842
1830
1815
1799
1786
1774
1764
1756
1748
1741
1732
1724
1716
1709
1700
1688
1671
1650
1631
1617
1608
1599
1591
1582
1575
1570
1567
1562
1557
1550
1538
1523
1509
1498
1489
1479
1470
1463
1462
1463
1466
1471
1476
1482
1490
1506
1525
1547
1580
1626
1672
1718
1755
1778
1802
1827
1849
1867
1884
1900
1915
1936
1963
1987
1996
1999
2003
2006
2008
2012
2014
2015
2016
2016
2017
2018
2020
2021
2021
2021
2022
2022
2022
2021
2018
2015
2012
2008
2006
2004
2001
1999
1996
1993
1993
1993
1992
1987
1979
1971
1966
1967
1969
1973
1975
1977
1980
1983
1988
1990
1993
1995
1996
1997
1996
1993
1988
1981
1973
1966
1959
1953
1945
1939
1933
1928
1924
1920
1917
1914
1910
1906
1902
1895
1882
1885
1911
1934
1955
1972
1989
2001
2012
2021
2030
2037
2041
2041
2038
2033
2028
2023
2018
2013
2006
1999
1996
1996
2000
2005
2010
2015
2020
2025
2032
2041
2050
2062
2074
2090
2114
2115
2086
2004
1858
1652
1406
1138
0892
0719
0701
0775
1061
1485
1928
2298
2542
2606
2597
2485
2376
2283
2209
2134
2086
2064
2056
2052
2047
2041
2038
2034
2031
2025
2021
2016
2013
2009
2008
2005
1999
1989
1963
1934
1922
1915
1908
1901
1896
1891
1886
1882
1879
1875
1871
1868
1866
1863
1861
1858
1851
1839
1812
1774
1745
1725
1707
1692
1680
1669
1659
1649
1638
1625
1614
1601
1587
1570
1553
1535
1518
1501
1488
1482
1478
1473
1468
1463
1461
1466
1481
1504
1542
1599
1639
1669
1693
1723
1764
1796
1817
1837
1857
1879
1903
1930
1949
1963
1977
1995
2010
2021
2029
2036
2041
2047
2050
2053
2052
2050
2049
2049
2047
2045
2044
2041
2039
2037
2036
2037
2037
2039
2040
2044
2046
2049
2054
2057
2060
2060
2058
2054
2048
2040
2032
2024
2012
1999
1990
1988
1989
1990
1991
1991
1992
1995
1997
1999
2000
1999
1995
1990
1984
1979
1974
1969
1964
1958
1950
1943
1936
1932
1928
1924
1920
1916
1911
1909
1907
1904
1902
1901
1902
1904
1909
1916
1922
1927
1932
1936
1942
1949
1963
1976
1982
1985
1987
1991
1997
2003
2003
1991
1974
1956
1933
1927
1926
1924
1922
1923
1943
1965
1990
2017
2041
2063
2073
2079
2086
2093
2079
2033
1957
1841
1677
1470
1233
0990
0777
0675
0679
0809
1087
1463
1869
2203
2409
2470
2403
2275
2154
2081
2060
2046
2037
2029
2012
1982
1947
1918
1904
1894
1887
1887
1896
1909
1919
1932
1942
1941
1926
1907
1896
1888
1882
1875
1867
1859
1851
1845
1839
1834
1828
1820
1801
1764
1746
1737
1730
1725
1724
1725
1728
1731
1736
1745
1757
1734
1697
1655
1618
1592
1567
1551
1542
1533
1525
1514
1506
1497
1489
1481
1471
1462
1455
1452
1455
1462
1471
1482
1497
1523
1553
1595
1644
1680
1703
1721
1738
1760
1786
1817
1844
1866
1885
1903
1934
1977
2013
2034
2037
2037
2039
2041
2044
2046
2047
2047
2048
2049
2050
2050
2047
2044
2039
2034
2031
2028
2023
2017
2010
2006
1998
1982
1966
1965
1974
1987
1995
2004
2012
2017
2017
2013
2004
1995
1987
1982
1979
1975
1972
1971
1969
1968
1965
1961
1958
1955
1951
1949
1947
1944
1943
1942
1941
1939
1936
1934
1931
1928
1926
1924
1919
1916
1912
1909
1903
1896
1891
1886
1884
1886
1893
1902
1911
1917
1922
1926
1931
1934
1939
1942
1945
1948
1950
1952
1955
1956
1956
1956
1955
1955
1955
1957
1959
1961
1965
1968
1972
1975
1979
1982
1987
1993
2000
2017
2057
2063
2071
2078
2047
1957
1807
1600
1351
1082
0821
0610
0529
0548
0740
1103
1564
2023
2380
2551
2568
2484
2307
2150
2069
2046
2033
2024
2014
2007
2001
1997
1991
1988
1985
1982
1980
1977
1974
1969
1964
1959
1955
1950
1947
1941
1933
1919
1904
1895
1888
1884
1880
1877
1872
1868
1863
1859
1852
1844
1833
1814
1785
1757
1741
1732
1724
1715
1707
1699
1693
1687
1679
1667
1649
1627
1604
1583
1560
1542
1527
1512
1497
1482
1469
1458
1448
1440
1437
1441
1454
1472
1494
1526
1561
1591
1618
1642
1661
1692
1732
1768
1803
1838
1874
1906
1943
1963
1969
1975
1980
1983
1989
1995
2000
2005
2009
2014
2021
2028
2042
2068
2077
2082
2087
2091
2094
2096
2093
2086
2077
2068
2063
2058
2053
2048
2044
2040
2038
2034
2031
2029
2028
2026
2026
2025
2023
2021
2017
2015
2013
2012
2008
2006
2003
2000
1998
1996
1993
1989
1985
1982
1980
1977
1975
1973
1972
1972
1974
1977
1981
1984
1988
1991
1996
1999
2003
2006
2008
2013
2016
2020
2022
2024
2024
2024
2025
2025
2024
2023
2022
2022
2023
2025
2028
2030
2032
2033
2034
2037
2040
2045
2052
2068
2068
2048
1992
1879
1699
1450
1163
0893
0695
0621
0703
0957
1358
1827
2258
2539
2625
2556
2407
2243
2103
2031
2007
1985
1966
1945
1925
1918
1918
1918
1918
1919
1920
1922
1922
1922
1920
1920
1919
1919
1919
1919
1919
1918
1917
1916
1914
1911
1907
1900
1885
1869
1847
1828
1807
1788
1770
1758
1750
1745
1739
1733
1726
1720
1713
1706
1697
1685
1669
1653
1642
1631
1618
1602
1584
1561
1539
1521
1505
1491
1479
1468
1456
1446
1441
1445
1454
1466
1482
1506
1526
1551
1587
1633
1672
1699
1721
1745
1777
1809
1833
1861
1880
1893
1901
1908
1914
1916
1919
1920
1922
1923
1925
1926
1930
1933
1935
1937
1939
1941
1944
1950
1959
1975
1991
2000
2005
2009
2014
2017
2018
2017
2015
2014
2013
2012
2010
2007
2003
1999
1998
1999
2003
2006
2008
2010
2014
2018
2022
2024
2023
2020
2014
2009
2004
1997
1991
1990
1998
2012
2034
2070
2103
2131
2153
2167
2142
2066
1924
1718
1457
1169
0903
0734
0720
0816
1108
1515
1955
2326
2564
2636
2568
2422
2265
2145
2071
2037
2028
2022
2012
2000
1989
1979
1966
1955
1947
1945
1949
1956
1963
1968
1976
1979
1973
1965
1959
1956
1951
1945
1936
1927
1918
1909
1898
1886
1879
1870
1855
1828
1811
1803
1796
1789
1782
1776
1770
1763
1755
1745
1732
1718
1705
1681
1643
1619
1604
1592
1578
1567
1558
1549
1542
1535
1530
1527
1523
1519
1512
1514
1534
1555
1579
1596
1617
1647
1704
1766
1821
1849
1872
1898
1927
1960
1983
1996
2005
2016
2026
2038
2056
2080
2095
2114
2142
2161
2172
2177
2170
2158
2143
2125
2110
2097
2085
2078
2074
2071
2069
2065
2063
2062
2063
2064
2065
2068
2070
2072
2076
2078
2080
2084
2088
2095
2103
2111
2121
2137
2145
2139
2128
2113
2088
2062
2034
2017
2008
2000
1998
2000
2007
2013
2017
2022
2026
2030
2032
2033
2031
2028
2022
2016
2009
1999
1991
1989
1992
1998
2003
2007
2012
2014
2012
2006
1998
1988
1972
1959
1945
1934
1949
1975
1993
2000
2006
2008
2003
1991
1973
1948
1910
1860
1841
1831
1823
1843
1876
1911
1933
1945
1955
1958
1957
1951
1943
1931
1902
1877
1860
1861
1877
1893
1912
1925
1936
1945
1952
1956
1959
1964
1967
1969
1969
1966
1963
1960
1959
1957
1955
1951
1947
1941
1932
1900
1817
1685
1499
1263
1000
0751
0564
0497
0597
0868
1265
1693
2063
2310
2373
2366
2266
2146
2053
1998
1968
1955
1949
1944
1941
1939
1934
1930
1925
1923
1920
1917
1912
1904
1892
1883
1877
1870
1862
1862
1869
1875
1880
1879
1867
1858
1852
1845
1837
1829
1820
1810
1797
1785
1776
1766
1754
1737
1722
1707
1693
1681
1673
1665
1655
1638
1620
1603
1593
1587
1582
1576
1567
1553
1533
1507
1491
1477
1458
1445
1434
1428
1424
1428
1434
1445
1457
1477
1496
1522
1553
1577
1595
1611
1632
1661
1689
1711
1736
1762
1788
1811
1841
1880
1931
1971
1985
1993
1998
2001
2006
2010
2017
2024
2031
2038
2045
2054
2066
2091
2104
2110
2112
2113
2115
2119
2121
2125
2127
2127
2126
2125
2121
2117
2111
2105
2097
2090
2081
2072
2064
2056
2049
2042
2037
2030
2023
2018
2015
2014
2014
2014
2014
2013
2009
2008
2008
2012
2017
2025
2033
2045
2049
2040
2023
2009
1997
1983
1972
1960
1943
1924
1916
1912
1909
1906
1902
1901
1901
1902
1904
1908
1910
1912
1917
1923
1927
1928
1927
1926
1926
1927
1927
1926
1924
1922
1925
1935
1947
1953
1959
1964
1968
1974
1979
1983
1987
1989
1989
1990
1992
1993
1995
1996
1998
2004
2003
1985
1941
1862
1730
1539
1299
1025
0765
0595
0576
0646
0911
1308
1760
2155
2411
2466
2449
2314
2162
2066
2033
2020
2005
1980
1926
1880
1868
1860
1861
1872
1885
1895
1906
1915
1922
1924
1919
1910
1900
1888
1879
1864
1851
1843
1838
1834
1830
1827
1823
1819
1813
1805
1797
1787
1774
1756
1739
1724
1713
1705
1697
1689
1680
1671
1660
1649
1636
1623
1611
1600
1578
1544
1520
1507
1498
1490
1485
1479
1473
1468
1465
1468
1473
1478
1481
1485
1488
1493
1497
1504
1513
1523
1537
1562
1592
1630
1682
1742
1796
1837
1869
1898
1928
1955
1965
1972
1976
1982
1989
2001
2016
2026
2038
2050
2060
2064
2062
2057
2053
2052
2052
2050
2049
2047
2044
2040
2038
2034
2031
2026
2020
2014
2009
2007
2003
1995
1983
1973
1963
1955
1949
1943
1936
1931
1925
1923
1923
1926
1932
1937
1943
1949
1957
1968
1980
1989
1995
2000
2006
2013
2016
2016
2013
2008
2005
2000
1995
1991
1988
1984
1982
1981
1982
1985
1990
1995
2000
2007
2014
2021
2029
2044
2056
2056
2041
2012
1927
1755
1529
1276
1015
0792
0687
0692
0821
1129
1560
2017
2403
2647
2695
2676
2527
2350
2188
2055
1964
1932
1919
1909
1912
1936
1951
1965
1975
1980
1974
1963
1949
1936
1922
1909
1902
1896
1893
1890
1887
1884
1880
1878
1875
1871
1867
1862
1857
1851
1845
1839
1834
1827
1819
1811
1802
1795
1787
1780
1770
1755
1726
1696
1663
1632
1608
1592
1582
1572
1562
1551
1539
1526
1504
1472
1448
1432
1420
1411
1407
1413
1426
1445
1476
1527
1560
1582
1600
1616
1636
1660
1683
1712
1749
1782
1807
1833
1868
1912
1967
1998
2006
2009
2013
2016
2018
2022
2026
2032
2037
2044
2049
2057
2069
2079
2085
2080
2071
2062
2056
2050
2046
2041
2037
2036
2034
2034
2036
2039
2041
2044
2046
2049
2053
2055
2057
2057
2057
2056
2054
2050
2047
2042
2039
2036
2033
2032
2032
2032
2032
2032
2032
2032
2032
2031
2030
2028
2025
2023
2021
2018
2017
2016
2015
2014
2012
2009
2007
2003
1996
1989
1983
1980
1977
1977
1977
1979
1980
1984
1991
1996
1988
1972
1966
1961
1957
1952
1949
1945
1942
1939
1936
1935
1935
1934
1935
1935
1934
1933
1932
1931
1930
1928
1928
1930
1932
1934
1936
1939
1942
1944
1948
1950
1952
1953
1955
1958
1965
1969
1971
1965
1956
1945
1935
1920
1910
1909
1917
1927
1936
1945
1953
1956
1950
1939
1918
1857
1746
1592
1405
1197
0979
0789
0694
0703
0847
1145
1531
1922
2236
2449
2542
2547
2480
2364
2242
2135
2036
1965
1937
1928
1922
1917
1915
1916
1922
1927
1932
1937
1942
1944
1939
1926
1915
1909
1903
1899
1895
1891
1887
1883
1879
1876
1872
1870
1869
1868
1867
1866
1863
1861
1857
1845
1817
1786
1753
1730
1715
1705
1697
1690
1682
1675
1669
1669
1669
1672
1673
1676
1679
1671
1653
1635
1611
1580
1563
1552
1542
1533
1527
1525
1526
1529
1534
1541
1550
1567
1604
1639
1666
1697
1726
1755
1780
1798
1813
1826
1841
1857
1871
1886
1902
1917
1931
1942
1952
1961
1968
1973
1974
1976
1979
1983
1991
1989
1968
1948
1928
1915
1906
1898
1888
1884
1894
1912
1927
1940
1952
1965
1976
1985
1990
1996
2000
2005
2009
2014
2018
2021
2023
2024
2025
2025
2024
2022
2018
2015
2012
2008
2005
2001
1997
1991
1980
1969
1966
1964
1960
1956
1952
1949
1948
1952
1961
1975
1998
2040
2085
2125
2155
2175
2160
2112
1981
1786
1535
1249
0978
0780
0709
0813
1099
1496
1918
2275
2501
2539
2518
2380
2242
2142
2093
2054
2014
1982
1960
1951
1945
1937
1934
1942
1959
1971
1981
1990
1996
1998
1996
1990
1981
1972
1960
1945
1930
1911
1893
1877
1859
1842
1826
1812
1804
1801
1798
1796
1793
1789
1785
1781
1778
1776
1772
1769
1764
1760
1755
1748
1729
1688
1658
1635
1601
1579
1563
1550
1542
1538
1537
1537
1537
1538
1538
1538
1537
1538
1544
1555
1570
1595
1635
1666
1690
1714
1746
1784
1818
1849
1877
1907
1940
1974
1999
2015
2032
2048
2062
2076
2086
2086
2080
2071
2064
2057
2049
2047
2052
2064
2078
2090
2104
2115
2115
2105
2091
2081
2070
2058
2053
2049
2046
2041
2034
2031
2034
2041
2047
2052
2057
2061
2062
2058
2052
2044
2038
2033
2031
2026
2023
2021
2020
2020
2020
2018
2017
2014
2010
2007
2005
2003
2000
1997
1993
1990
1987
1983
1982
1977
1971
1960
1952
1947
1945
1948
1951
1955
1959
1965
1977
1977
1960
1948
1936
1926
1915
1902
1893
1888
1884
1880
1876
1872
1871
1870
1868
1867
1863
1862
1862
1863
1867
1870
1872
1876
1879
1884
1890
1895
1900
1902
1904
1906
1907
1908
1909
1909
1909
1910
1914
1917
1920
1923
1926
1928
1931
1934
1939
1943
1949
1967
2012
2045
2068
2070
2054
2009
1900
1730
1501
1237
0970
0741
0579
0521
0586
0816
1210
1675
2118
2442
2540
2533
2402
2243
2117
2048
2022
2001
1983
1966
1964
1974
1982
1990
1993
1984
1966
1944
1920
1910
1907
1904
1902
1900
1898
1896
1893
1888
1884
1880
1875
1870
1866
1861
1851
1837
1819
1799
1786
1774
1764
1754
1745
1737
1730
1725
1720
1713
1703
1688
1671
1651
1619
1576
1543
1519
1512
1507
1503
1501
1509
1523
1534
1545
1554
1558
1552
1539
1526
1515
1503
1490
1484
1482
1489
1498
1511
1528
1557
1577
1604
1639
1675
1718
1769
1812
1849
1892
1930
1953
1968
1980
1989
1997
2004
2013
2024
2036
2045
2055
2065
2071
2072
2069
2062
2054
2046
2040
2034
2026
2021
2017
2016
2018
2022
2026
2033
2041
2054
2074
2086
2090
2096
2101
2104
2096
2079
2062
2042
2026
2013
2005
1998
1992
1988
1984
1981
1981
1981
1984
1990
1997
2005
2013
2020
2026
2036
2045
2052
2056
2056
2049
2038
2024
2010
1999
1984
1971
1958
1949
1944
1939
1934
1931
1927
1924
1922
1920
1919
1920
1922
1926
1932
1937
1943
1948
1950
1951
1952
1953
1955
1956
1958
1959
1961
1964
1965
1965
1965
1965
1966
1966
1967
1968
1968
1968
1968
1969
1971
1973
1976
1980
1990
1997
1987
1953
1863
1697
1462
1174
0870
0615
0517
0533
0711
1049
1493
1949
2328
2534
2558
2477
2282
2096
1969
1945
1942
1940
1939
1937
1936
1935
1932
1931
1928
1926
1924
1923
1922
1920
1917
1915
1911
1909
1906
1901
1895
1888
1880
1871
1861
1852
1844
1836
1827
1817
1803
1789
1779
1770
1763
1757
1754
1750
1747
1742
1737
1732
1726
1720
1712
1703
1689
1666
1643
1624
1603
1583
1561
1539
1517
1494
1478
1465
1456
1447
1440
1437
1442
1456
1473
1491
1515
1539
1564
1606
1655
1684
1704
1722
1739
1766
1806
1830
1842
1854
1871
1890
1912
1945
1989
2013
2031
2047
2056
2062
2064
2068
2070
2073
2076
2078
2079
2081
2084
2085
2086
2087
2086
2086
2088
2091
2099
2106
2107
2097
2084
2077
2071
2066
2061
2055
2049
2044
2038
2034
2031
2029
2026
2023
2021
2016
2012
2003
1993
1993
2003
2013
2021
2030
2038
2045
2044
2032
2014
1998
1988
1977
1968
1959
1951
1943
1937
1933
1932
1931
1930
1928
1928
1930
1932
1934
1936
1939
1941
1941
1942
1943
1945
1951
1958
1965
1972
1981
1990
1996
1998
1995
1989
1983
1979
1973
1967
1964
1964
1973
1987
2000
2010
2021
2031
2040
2047
2054
2058
2061
2061
2058
2056
2050
2042
2033
2022
1973
1864
1703
1490
1243
0985
0755
0638
0643
0788
1112
1544
1982
2317
2507
2537
2500
2349
2186
2068
2031
2021
2013
2008
2008
2008
2009
2009
2014
2009
1981
1957
1936
1922
1909
1899
1891
1883
1877
1870
1866
1864
1863
1863
1862
1861
1861
1860
1860
1859
1857
1854
1850
1843
1833
1819
1801
1773
1746
1718
1692
1665
1645
1630
1617
1604
1593
1584
1575
1568
1561
1554
1546
1537
1528
1517
1501
1474
1437
1422
1411
1400
1395
1407
1432
1457
1484
1506
1527
1543
1557
1569
1583
1594
1608
1635
1674
1708
1747
1782
1809
1837
1877
1920
1956
1982
2007
2041
2078
2099
2114
2121
2112
2093
2074
2057
2042
2032
2025
2013
1998
2009
2023
2034
2033
2018
2013
2008
2005
2001
2000
2001
2003
2003
2000
1999
1997
1996
1995
1992
1990
1987
1984
1981
1980
1977
1975
1972
1967
1965
1963
1960
1957
1953
1950
1945
1941
1937
1934
1931
1928
1926
1923
1920
1918
1916
1914
1911
1908
1903
1893
1874
1864
1860
1857
1853
1851
1851
1854
1862
1872
1880
1884
1890
1895
1902
1908
1911
1914
1915
1915
1915
1915
1914
1911
1907
1903
1900
1894
1883
1910
1933
1949
1963
1972
1979
1984
1990
1997
2003
2007
2007
2005
1997
1985
1947
1855
1711
1514
1269
0985
0715
0498
0409
0509
0826
1294
1815
2275
2589
2680
2672
2547
2377
2215
2107
2060
2031
2008
1980
1963
1952
1942
1933
1926
1918
1910
1903
1895
1888
1880
1876
1871
1868
1864
1860
1854
1847
1841
1834
1827
1820
1814
1810
1805
1802
1797
1789
1773
1758
1747
1736
1715
1674
1643
1628
1617
1609
1602
1596
1591
1586
1579
1574
1568
1561
1552
1541
1527
1511
1493
1464
1448
1447
1447
1446
1446
1446
1445
1447
1454
1463
1471
1479
1489
1499
1511
1527
1555
1603
1650
1697
1744
1790
1829
1858
1890
1923
1953
1984
2006
2024
2038
2050
2060
2065
2069
2072
2076
2078
2080
2082
2085
2087
2088
2090
2093
2095
2096
2096
2097
2098
2099
2101
2101
2102
2103
2104
2110
2114
2117
2111
2097
2084
2074
2065
2056
2048
2040
2034
2030
2029
2029
2031
2033
2036
2040
2044
2047
2050
2053
2054
2054
2055
2056
2058
2061
2065
2071
2076
2080
2082
2085
2086
2087
2087
2087
2088
2090
2094
2097
2099
2097
2090
2081
2072
2064
2052
2039
2032
2037
2048
2065
2088
2120
2142
2167
2187
2172
2128
1999
1806
1563
1295
1050
0890
0871
0935
1163
1493
1880
2256
2550
2686
2695
2606
2454
2314
2204
2152
2138
2129
2115
2095
2074
2057
2041
2029
2018
2010
2006
2004
2001
2000
1997
1993
1991
1988
1985
1983
1981
1977
1972
1964
1953
1942
1931
1918
1902
1886
1877
1870
1864
1860
1855
1852
1849
1844
1838
1830
1819
1805
1789
1769
1737
1712
1693
1674
1653
1636
1624
1616
1609
1602
1598
1592
1586
1580
1575
1568
1561
1554
1550
1550
1555
1566
1578
1601
1645
1691
1740
1774
1794
1811
1827
1841
1858
1878
1901
1926
1952
1977
2000
2020
2031
2041
2050
2057
2062
2063
2064
2064
2064
2062
2057
2050
2042
2036
2031
2026
2020
2012
2003
1997
1997
2003
2012
2022
2031
2037
2045
2055
2064
2071
2074
2071
2062
2052
2041
2032
2024
2015
2005
1996
1987
1982
1982
1985
1989
1995
2000
2007
2014
2022
2034
2047
2054
2054
2048
2039
2029
2014
1990
1966
1948
1931
1919
1919
1932
1950
1966
1983
1997
1996
1981
1961
1948
1934
1922
1914
1911
1910
1908
1902
1895
1918
1940
1957
1966
1957
1937
1919
1901
1883
1869
1857
1844
1834
1828
1830
1841
1852
1860
1868
1875
1879
1883
1888
1893
1898
1901
1906
1910
1915
1920
1925
1930
1935
1941
1948
1958
1971
1990
2018
2030
2039
2047
2025
1961
1853
1701
1520
1326
1120
0907
0719
0633
0644
0796
1117
1541
1964
2289
2446
2466
2407
2275
2134
2046
2022
2007
1996
1985
1979
1972
1964
1956
1950
1944
1940
1934
1930
1925
1917
1909
1901
1893
1885
1879
1872
1867
1862
1858
1855
1852
1847
1844
1842
1838
1835
1831
1828
1823
1817
1809
1797
1774
1728
1704
1692
1684
1679
1674
1668
1663
1658
1652
1647
1639
1628
1611
1594
1575
1559
1545
1533
1528
1526
1523
1521
1519
1518
1515
1514
1517
1522
1533
1543
1555
1574
1590
1603
1618
1638
1665
1700
1741
1772
1791
1811
1830
1853
1878
1899
1909
1916
1922
1926
1930
1932
1935
1940
1944
1949
1953
1957
1960
1963
1967
1972
1974
1976
1979
1981
1983
1988
1993
1998
2001
2005
2009
2014
2020
2024
2030
2036
2044
2053
2060
2063
2060
2050
2039
2029
2016
1996
1983
1980
1976
1973
1968
1972
1997
2013
2025
2037
2045
2047
2045
2040
2034
2028
2016
2020
2050
2096
2150
2186
2214
2212
2176
2076
1892
1638
1326
1002
0724
0602
0617
0809
1202
1665
2080
2355
2451
2455
2377
2248
2121
2029
1971
1949
1949
1974
2042
2098
2118
2125
2114
2091
2065
2033
2007
1995
1988
1983
1979
1974
1968
1961
1955
1948
1943
1937
1932
1924
1914
1894
1879
1869
1862
1855
1850
1845
1839
1831
1825
1815
1805
1791
1772
1753
1733
1709
1682
1658
1643
1634
1626
1622
1617
1614
1610
1606
1602
1598
1594
1590
1583
1572
1563
1563
1575
1591
1607
1625
1644
1663
1682
1703
1722
1738
1763
1798
1836
1867
1892
1922
1957
1992
2021
2044
2064
2081
2097
2104
2106
2110
2113
2112
2098
2090
2085
2079
2074
2072
2072
2074
2077
2080
2082
2086
2091
2097
2099
2096
2088
2077
2062
2039
2020
2004
1988
1981
1990
2009
2021
2032
2042
2049
2054
2052
2047
2039
2030
2010
1981
1960
1948
1969
1983
1991
1998
2004
2006
2007
2007
2005
1999
1995
1989
1983
1979
1974
1969
1965
1960
1956
1951
1948
1944
1943
1942
1942
1941
1939
1937
1936
1934
1932
1927
1924
1919
1914
1907
1899
1890
1877
1866
1859
1854
1845
1834
1850
1877
1900
1915
1925
1906
1891
1882
1876
1871
1869
1869
1871
1875
1879
1882
1884
1886
1890
1892
1893
1894
1894
1893
1891
1888
1886
1882
1876
1864
1857
1855
1867
1886
1919
1958
1983
1998
1972
1893
1738
1509
1225
0906
0617
0440
0426
0531
0822
1226
1681
2089
2371
2454
2445
2318
2161
2018
1928
1883
1869
1863
1859
1855
1852
1849
1847
1847
1847
1846
1846
1845
1842
1839
1838
1837
1836
1834
1831
1829
1827
1823
1819
1809
1785
1768
1745
1721
1712
1707
1703
1698
1696
1692
1689
1685
1682
1677
1672
1666
1661
1656
1643
1630
1619
1608
1587
1553
1528
1515
1504
1493
1485
1476
1456
1434
1426
1422
1418
1415
1416
1424
1437
1453
1484
1521
1537
1545
1552
1562
1575
1591
1611
1642
1667
1698
1736
1763
1779
1796
1815
1839
1868
1892
1916
1941
1971
1987
1997
2005
2012
2017
2021
2024
2026
2028
2030
2033
2037
2041
2045
2048
2052
2056
2061
2065
2070
2072
2076
2078
2082
2087
2089
2089
2085
2077
2066
2057
2050
2041
2030
2020
2014
2013
2016
2023
2030
2036
2041
2047
2054
2061
2065
2070
2073
2074
2076
2076
2073
2070
2064
2060
2056
2052
2047
2040
2033
2025
2017
2010
2006
2001
1996
1991
1988
1984
1980
1974
1968
1964
1960
1963
1966
1971
1975
1981
1989
1997
1998
1995
1988
1979
1967
1992
2025
2052
2053
2054
2054
2055
2056
2052
2041
2030
2020
2006
1997
1997
2005
2014
2023
2032
2044
2060
2078
2097
2119
2130
2126
2109
2060
1924
1714
1441
1136
0847
0623
0569
0603
0836
1242
1728
2180
2507
2629
2631
2515
2358
2209
2096
2063
2054
2048
2044
2039
2034
2029
2023
2017
2009
2001
1992
1989
1990
1993
1997
1998
2000
2004
2006
1998
1982
1965
1943
1915
1874
1836
1818
1805
1796
1796
1812
1833
1850
1867
1880
1887
1884
1872
1853
1822
1770
1728
1697
1674
1660
1651
1643
1634
1624
1612
1599
1578
1551
1533
1522
1514
1507
1501
1494
1486
1479
1472
1464
1457
1452
1453
1462
1479
1501
1542
1596
1635
1682
1725
1757
1793
1822
1847
1871
1890
1907
1922
1936
1951
1966
1985
2010
2032
2044
2053
2060
2064
2066
2066
2064
2063
2061
2058
2057
2055
2053
2050
2047
2044
2040
2034
2029
2023
2017
2013
2009
2006
2000
1991
1980
1974
1975
1982
1992
2001
2007
2013
2020
2025
2030
2032
2032
2028
2022
2016
2010
2005
1999
1992
1985
1979
1969
1961
1952
1943
1935
1927
1920
1915
1910
1907
1904
1901
1898
1892
1887
1883
1879
1876
1872
1870
1869
1870
1874
1877
1882
1886
1891
1896
1903
1911
1926
1956
1968
1974
1979
1983
1987
1989
1990
1989
1988
1987
1983
1977
1969
1961
1953
1945
1939
1931
1917
1902
1890
1888
1898
1914
1933
1959
1996
2003
2013
2003
1927
1791
1590
1327
1036
0774
0630
0622
0733
1017
1413
1851
2223
2464
2537
2469
2320
2154
2032
1956
1923
1906
1892
1886
1893
1909
1923
1937
1949
1948
1928
1906
1894
1887
1882
1877
1870
1863
1855
1847
1841
1834
1828
1822
1819
1818
1818
1817
1815
1812
1807
1803
1796
1789
1781
1774
1768
1761
1755
1747
1738
1722
1691
1661
1632
1602
1572
1557
1545
1535
1526
1518
1512
1507
1504
1501
1496
1491
1488
1485
1481
1477
1470
1464
1462
1462
1466
1476
1489
1505
1529
1570
1594
1618
1643
1676
1720
1774
1819
1853
1884
1914
1942
1977
1992
2000
2007
2013
2016
2021
2023
2026
2030
2032
2033
2036
2039
2041
2044
2046
2048
2049
2052
2054
2057
2061
2063
2064
2065
2069
2073
2077
2079
2081
2082
2081
2081
2080
2077
2071
2063
2056
2047
2030
2021
2026
2037
2041
2045
2048
2053
2056
2057
2060
2061
2062
2061
2057
2053
2046
2039
2032
2026
2021
2014
2007
2000
1993
1990
1989
1989
1989
1987
1983
1976
1963
1955
1967
1989
1997
2003
2008
2013
2018
2024
2029
2032
2034
2037
2037
2036
2033
2030
2026
2023
2020
2017
2016
2015
2015
2016
2016
2014
2013
2016
2032
2053
2071
2093
2109
2109
2102
2086
2037
1912
1745
1534
1277
0991
0728
0563
0554
0672
1027
1501
1982
2374
2552
2612
2579
2475
2353
2231
2131
2084
2064
2055
2049
2046
2038
2028
2015
2001
1987
1975
1966
1958
1952
1948
1943
1939
1936
1932
1928
1923
1917
1914
1911
1909
1906
1902
1898
1894
1892
1888
1879
1853
1825
1810
1801
1795
1789
1782
1774
1764
1756
1749
1741
1731
1712
1679
1650
1623
1594
1563
1549
1538
1529
1522
1518
1513
1511
1509
1506
1505
1504
1505
1506
1507
1507
1510
1513
1517
1521
1528
1539
1575
1623
1669
1716
1765
1817
1861
1902
1927
1933
1936
1939
1940
1941
1942
1942
1942
1941
1941
1940
1940
1937
1933
1931
1932
1943
1959
1980
2004
2013
2021
2030
2028
2001
1971
1939
1918
1909
1903
1899
1894
1891
1887
1884
1883
1882
1880
1882
1883
1885
1888
1893
1899
1904
1911
1917
1922
1930
1949
1963
1974
1982
1989
1996
2000
2003
2003
2001
1999
1997
1996
1993
1991
1989
1988
1988
1990
1993
1999
2006
2015
2029
2054
2085
2110
2131
2142
2130
2098
2010
1845
1628
1380
1128
0913
0803
0804
0929
1234
1635
2048
2386
2560
2575
2477
2273
2089
2010
1984
2006
2032
2053
2054
2030
1993
1955
1942
1937
1933
1931
1930
1928
1926
1924
1920
1918
1916
1914
1912
1911
1910
1908
1906
1902
1899
1894
1887
1879
1871
1863
1854
1845
1836
1827
1817
1805
1794
1780
1761
1733
1712
1697
1687
1677
1665
1650
1634
1616
1592
1574
1561
1543
1523
1510
1501
1495
1489
1486
1484
1485
1488
1493
1501
1512
1531
1570
1610
1652
1687
1712
1734
1764
1801
1836
1868
1888
1907
1935
1968
1996
2004
2008
2013
2016
2016
2009
1999
1989
1975
1969
1975
1990
2012
2039
2055
2065
2071
2062
2046
2034
2023
2014
2009
2010
2016
2025
2034
2040
2047
2054
2060
2063
2063
2058
2053
2046
2039
2032
2022
2012
2006
2000
1995
1989
1984
1982
1987
1996
2005
2013
2020
2028
2034
2039
2040
2039
2036
2031
2025
2018
2005
2004
2017
2023
2028
2032
2036
2039
2042
2045
2046
2048
2048
2047
2046
2044
2041
2038
2036
2033
2030
2026
2023
2020
2015
2009
2005
2000
1996
1990
1984
1980
1974
1971
1968
1967
1965
1963
1959
1956
1953
1950
1947
1942
1937
1935
1934
1934
1936
1937
1941
1944
1949
1952
1956
1958
1960
1961
1964
1967
1973
1979
1984
1989
1993
1998
2001
2004
2005
2005
2003
1998
1992
1984
1975
1940
1835
1671
1458
1213
0947
0698
0544
0539
0668
1018
1494
1976
2352
2543
2566
2492
2331
2201
2123
2079
2031
1995
1980
1973
1968
1965
1960
1958
1956
1953
1950
1948
1944
1942
1939
1935
1932
1927
1922
1917
1911
1904
1895
1878
1852
1839
1831
1826
1820
1815
1810
1804
1801
1798
1796
1793
1788
1782
1772
1741
1709
1685
1664
1642
1622
1610
1604
1600
1596
1593
1587
1582
1575
1566
1555
1541
1526
1510
1496
1485
1476
1470
1466
1463
1458
1454
1452
1457
1473
1498
1531
1579
1640
1676
1716
1752
1772
1784
1795
1812
1829
1847
1868
1886
1904
1926
1952
1983
2000
2010
2021
2029
2033
2034
2032
2024
2015
2004
1993
1984
1968
1953
1944
1942
1942
1941
1940
1939
1935
1932
1931
1932
1936
1942
1949
1956
1961
1968
1977
1988
2001
2016
2025
2034
2042
2049
2056
2062
2068
2072
2074
2078
2080
2085
2090
2096
2099
2098
2089
2077
2065
2055
2042
2031
2023
2023
2029
2036
2046
2058
2078
2098
2128
2162
2185
2202
2203
2183
2126
1991
1791
1533
1241
0961
0768
0747
0830
1132
1564
2021
2396
2576
2597
2526
2374
2217
2129
2105
2090
2079
2071
2065
2058
2045
2023
2008
1998
1990
1985
1985
1987
1988
1990
1993
1999
1998
1981
1955
1920
1904
1898
1893
1888
1884
1880
1874
1867
1861
1855
1847
1839
1830
1819
1807
1797
1790
1784
1776
1766
1755
1742
1729
1715
1690
1650
1624
1610
1599
1587
1578
1568
1553
1533
1513
1501
1490
1482
1479
1484
1493
1507
1531
1568
1601
1635
1665
1688
1709
1726
1739
1752
1764
1779
1804
1849
1888
1920
1956
1987
2014
2034
2049
2057
2062
2065
2069
2072
2073
2073
2070
2064
2057
2050
2046
2041
2036
2029
2023
2017
2012
2006
1999
1992
1985
1979
1972
1965
1955
1935
