2515
2760
3020
3279
3498
3574
3601
3599
3575
3555
3541
3524
3507
3493
3482
3472
3461
3452
3445
3436
3423
3410
3399
3386
3373
3362
3353
3344
3333
3322
3312
3303
3296
3290
3283
3277
3272
3268
3259
3246
3229
3215
3196
3180
3161
3143
3125
3104
3082
3056
3034
3016
3001
2988
2976
2963
2950
2933
2915
2893
2871
2852
2834
2814
2804
2812
2832
2885
2976
3090
3235
3410
3598
3782
3945
4054
4093
4095
4065
3982
3857
3699
3513
3314
3119
2942
2797
2685
2618
2554
2488
2447
2425
2409
2394
2383
2372
2353
2326
2289
2265
2250
2237
2225
2214
2204
2195
2184
2175
2164
2151
2138
2122
2109
2094
2076
2061
2050
2042
2037
2033
2030
2024
2020
2017
2013
2007
2000
1991
1980
1971
1963
1956
1949
1937
1926
1915
1906
1899
1890
1880
1871
1866
1860
1858
1857
1853
1851
1849
1847
1845
1842
1838
1833
1829
1825
1823
1822
1820
1816
1814
1811
1807
1799
1787
1772
1755
1739
1720
1696
1671
1647
1626
1604
1579
1545
1512
1479
1448
1409
1361
1315
1266
1205
1148
1111
1091
1074
1056
1039
1021
1004
0986
0968
0951
0933
0912
0898
0890
0887
0883
0881
0881
0881
0881
0881
0881
0881
0881
0883
0883
0885
0887
0888
0890
0892
0894
0896
0899
0903
0907
0911
0912
0914
0916
0918
0918
0920
0920
0918
0918
0918
0918
0918
0918
0918
0920
0920
0920
0920
0918
0916
0914
0912
0911
0907
0905
0901
0899
0898
0898
0896
0896
0894
0890
0888
0888
0888
0888
0888
0888
0890
0892
0892
0892
0892
0892
0890
0888
0887
0885
0885
0883
0883
0883
0883
0883
0883
0883
0883
0883
0883
0881
0879
0881
0881
0883
0883
0885
0887
0888
0892
0894
0896
0898
0899
0901
0903
0905
0907
0907
0907
0907
0909
0909
0911
0911
0911
0911
0912
0912
0914
0916
0918
0918
0918
0920
0922
0922
0922
0920
0920
0918
0918
0916
0916
0914
0912
0912
0912
0914
0914
0914
0914
0914
0916
0916
0918
0918
0920
0920
0922
0922
0922
0922
0920
0920
0918
0918
0918
0918
0918
0918
0916
0916
0914
0912
0911
0909
0907
0903
0903
0901
0901
0901
0901
0901
0899
0898
0894
0892
0888
0883
0877
0872
0866
0863
0857
0852
0842
0833
0826
0824
0826
0830
0833
0839
0844
0848
0853
0857
0863
0870
0877
0885
0892
0899
0905
0911
0914
0916
0918
0922
0923
0927
0933
0936
0940
0944
0949
0953
0957
0958
0958
0958
0958
0960
0962
0964
0966
0969
0973
0979
0984
0990
0997
1017
1067
1153
1255
1376
1529
1707
1904
2088
2234
2317
2344
2326
2269
2160
2039
1904
1752
1591
1439
1315
1253
1207
1170
1137
1124
1117
1111
1106
1102
1098
1095
1093
1093
1091
1089
1089
1091
1096
1102
1107
1113
1117
1124
1130
1137
1144
1152
1165
1179
1192
1205
1214
1223
1229
1236
1242
1249
1257
1264
1269
1277
1286
1295
1304
1314
1325
1338
1349
1361
1374
1387
1400
1411
1422
1431
1439
1444
1450
1453
1459
1464
1472
1477
1483
1492
1505
1523
1545
1566
1591
1615
1636
1654
1669
1682
1693
1704
1713
1722
1731
1741
1748
1757
1764
1774
1779
1781
1785
1787
1788
1792
1799
1803
1805
1799
1783
1761
1742
1720
1698
1678
1661
1641
1623
1603
1584
1564
1536
1505
1477
1468
1463
1459
1453
1450
1444
1441
1439
1437
1437
1435
1437
1442
1448
1455
1464
1472
1477
1483
1488
1492
1496
1501
1505
1512
1520
1527
1534
1540
1544
1544
1542
1538
1533
1525
1518
1511
1503
1498
1494
1490
1485
1477
1468
1461
1453
1446
1439
1430
1422
1415
1409
1404
1396
1384
1369
1352
1336
1323
1314
1308
1304
1299
1295
1293
1293
1291
1290
1288
1284
1280
1279
1275
1271
1268
1264
1262
1262
1260
1258
1255
1247
1240
1231
1223
1216
1209
1201
1196
1190
1188
1188
1188
1188
1187
1187
1183
1181
1179
1177
1176
1174
1174
1174
1174
1176
1176
1177
1177
1177
1176
1176
1174
1172
1170
1170
1170
1172
1172
1172
1170
1170
1170
1170
1168
1168
1166
1165
1163
1163
1163
1161
1161
1159
1157
1155
1152
1148
1146
1144
1142
1141
1139
1135
1133
1133
1133
1133
1133
1133
1131
1131
1133
1133
1133
1133
1133
1131
1131
1131
1131
1131
1131
1133
1135
1137
1139
1141
1141
1139
1139
1139
1139
1139
1137
1135
1135
1137
1139
1141
1142
1142
1144
1146
1148
1152
1155
1159
1163
1168
1172
1176
1177
1179
1181
1183
1183
1185
1187
1190
1192
1198
1201
1205
1207
1209
1209
1209
1207
1207
1205
1203
1203
1205
1207
1209
1211
1211
1211
1211
1209
1207
1203
1199
1198
1194
1190
1188
1185
1177
1163
1183
1242
1338
1479
1667
1893
2133
2368
2585
2764
2858
2863
2795
2611
2361
2099
1882
1733
1630
1575
1487
1365
1214
1115
1076
1074
1095
1104
1107
1109
1113
1115
1117
1120
1126
1133
1141
1148
1152
1157
1163
1170
1177
1188
1205
1223
1238
1249
1258
1264
1271
1280
1288
1297
1306
1323
1339
1352
1365
1376
1387
1396
1406
1415
1424
1435
1446
1457
1470
1485
1499
1511
1520
1529
1536
1545
1555
1562
1571
1579
1590
1601
1615
1628
1641
1652
1663
1672
1682
1691
1700
1711
1722
1733
1742
1748
1755
1763
1770
1777
1785
1790
1796
1799
1801
1803
1801
1799
1798
1794
1788
1783
1776
1768
1761
1753
1737
1700
1667
1639
1615
1593
1573
1549
1522
1488
1459
1435
1415
1395
1380
1367
1356
1345
1334
1323
1315
1312
1310
1310
1308
1306
1304
1303
1301
1299
1299
1297
1299
1301
1303
1304
1306
1308
1310
1310
1312
1310
1308
1306
1304
1301
1299
1297
1295
1295
1295
1295
1293
1291
1290
1286
1280
1277
1271
1266
1258
1255
1251
1247
1242
1238
1234
1229
1225
1222
1218
1214
1211
1205
1201
1198
1194
1190
1187
1183
1179
1177
1176
1176
1174
1172
1172
1170
1170
1170
1170
1170
1168
1168
1166
1166
1166
1166
1168
1168
1170
1172
1174
1174
1174
1174
1172
1170
1170
1166
1165
1161
1159
1157
1155
1155
1153
1153
1150
1148
1146
1142
1141
1137
1133
1131
1128
1126
1126
1124
1122
1120
1120
1120
1120
1122
1122
1120
1120
1122
1126
1128
1131
1133
1133
1135
1135
1139
1141
1141
1141
1142
1142
1144
1148
1150
1152
1150
1150
1148
1146
1144
1142
1139
1135
1133
1131
1130
1130
1128
1124
1118
1117
1115
1115
1117
1120
1124
1128
1130
1133
1137
1142
1146
1150
1152
1155
1159
1163
1165
1168
1172
1176
1179
1185
1192
1201
1211
1218
1225
1231
1236
1240
1245
1247
1249
1251
1251
1253
1255
1257
1258
1260
1262
1264
1266
1266
1266
1264
1264
1262
1262
1262
1262
1262
1262
1262
1262
1260
1260
1258
1257
1255
1255
1257
1257
1258
1260
1262
1264
1268
1273
1279
1284
1326
1417
1547
1711
1904
2118
2341
2556
2747
2878
2922
2889
2782
2550
2285
2039
1845
1724
1669
1590
1498
1384
1271
1227
1220
1212
1207
1203
1199
1198
1194
1192
1192
1192
1192
1196
1203
1209
1212
1218
1220
1223
1227
1229
1233
1234
1236
1240
1242
1245
1251
1255
1260
1268
1273
1280
1286
1291
1297
1303
1306
1312
1319
1326
1334
1341
1349
1354
1360
1365
1371
1376
1382
1385
1389
1395
1402
1407
1415
1420
1428
1435
1444
1455
1466
1479
1492
1509
1527
1544
1555
1564
1573
1582
1591
1599
1610
1619
1628
1636
1641
1647
1654
1660
1665
1667
1665
1660
1652
1645
1638
1632
1625
1615
1606
1599
1590
1582
1573
1562
1544
1512
1487
1463
1437
1404
1380
1361
1347
1332
1319
1308
1304
1301
1297
1293
1291
1288
1286
1284
1284
1282
1280
1277
1275
1273
1271
1269
1269
1271
1271
1271
1271
1273
1273
1273
1273
1271
1271
1269
1269
1271
1271
1271
1271
1271
1271
1271
1271
1271
1269
1269
1268
1269
1269
1271
1273
1273
1273
1273
1273
1273
1271
1269
1268
1266
1264
1264
1264
1264
1264
1262
1264
1264
1264
1262
1260
1260
1258
1258
1258
1257
1257
1255
1255
1253
1253
1255
1255
1255
1255
1257
1257
1260
1262
1264
1266
1266
1266
1266
1266
1266
1264
1262
1262
1260
1260
1260
1260
1260
1260
1260
1260
1260
1260
1260
1258
1258
1257
1255
1253
1251
1249
1247
1247
1245
1244
1242
1240
1240
1238
1238
1236
1233
1225
1220
1216
1216
1218
1222
1223
1225
1227
1231
1234
1236
1238
1240
1238
1234
1231
1225
1218
1211
1203
1196
1190
1187
1181
1177
1172
1166
1161
1155
1150
1146
1142
1139
1135
1133
1131
1131
1130
1130
1130
1128
1124
1122
1118
1117
1115
1113
1113
1115
1115
1118
1122
1128
1135
1142
1150
1159
1166
1176
1190
1203
1214
1223
1231
1233
1234
1236
1240
1242
1244
1245
1245
1247
1249
1249
1251
1251
1249
1247
1245
1245
1244
1244
1244
1242
1240
1240
1238
1236
1234
1231
1229
1225
1223
1222
1218
1216
1211
1199
1188
1187
1194
1207
1244
1338
1481
1663
1877
2103
2328
2523
2659
2705
2679
2598
2407
2173
1937
1735
1593
1527
1501
1477
1418
1317
1209
1155
1139
1130
1131
1142
1157
1166
1176
1183
1188
1194
1196
1199
1203
1207
1209
1211
1211
1211
1212
1214
1218
1222
1225
1229
1233
1238
1247
1257
1266
1273
1280
1290
1301
1310
1321
1328
1332
1334
1336
1338
1341
1343
1345
1347
1347
1349
1352
1358
1361
1365
1371
1378
1389
1406
1435
1455
1466
1474
1481
1490
1501
1512
1525
1538
1553
1571
1588
1597
1604
1608
1614
1617
1623
1626
1630
1632
1634
1634
1634
1636
1636
1636
1636
1636
1636
1630
1621
1612
1603
1588
1575
1564
1551
1529
1494
1468
1452
1437
1424
1404
1372
1343
1323
1306
1290
1271
1253
1244
1236
1231
1225
1222
1218
1216
1216
1216
1216
1220
1222
1225
1229
1233
1236
1240
1245
1260
1268
1271
1277
1282
1284
1282
1277
1273
1268
1264
1260
1264
1269
1277
1284
1297
1295
1275
1258
1242
1233
1233
1242
1255
1268
1284
1291
1295
1301
1306
1304
1277
1244
1214
1212
1211
1209
1207
1207
1205
1203
1203
1205
1207
1211
1216
1222
1229
1234
1240
1245
1247
1251
1255
1257
1260
1264
1266
1268
1269
1269
1271
1273
1273
1273
1273
1273
1273
1275
1277
1277
1277
1275
1275
1275
1275
1275
1277
1275
1275
1275
1275
1275
1273
1269
1266
1262
1258
1257
1255
1253
1251
1249
1247
1247
1245
1245
1245
1244
1244
1242
1242
1244
1244
1244
1244
1244
1245
1245
1245
1247
1247
1249
1249
1249
1249
1251
1251
1251
1251
1251
1249
1249
1251
1253
1255
1257
1257
1255
1255
1253
1253
1251
1249
1247
1245
1245
1244
1244
1244
1244
1245
1249
1253
1257
1260
1264
1269
1269
1264
1258
1253
1247
1242
1240
1240
1245
1255
1264
1277
1291
1306
1321
1334
1339
1343
1347
1350
1356
1360
1363
1365
1367
1369
1371
1372
1372
1372
1372
1371
1369
1369
1369
1367
1365
1363
1360
1358
1356
1352
1350
1345
1341
1336
1332
1328
1323
1321
1315
1312
1308
1304
1297
1290
1290
1301
1315
1341
1387
1463
1562
1691
1853
2044
2256
2482
2699
2883
2985
2988
2906
2701
2442
2182
1971
1811
1685
1571
1464
1378
1321
1299
1277
1258
1242
1231
1222
1216
1211
1205
1203
1203
1207
1212
1220
1227
1233
1240
1244
1245
1242
1234
1227
1222
1214
1205
1199
1199
1207
1216
1225
1231
1233
1236
1242
1245
1251
1255
1258
1262
1266
1268
1271
1273
1275
1275
1277
1279
1280
1286
1291
1303
1312
1323
1336
1350
1365
1382
1398
1409
1418
1426
1433
1442
1450
1457
1464
1472
1485
1498
1511
1522
1531
1536
1542
1547
1555
1562
1569
1575
1580
1586
1591
1601
1608
1614
1615
1612
1604
1593
1580
1560
1527
1498
1476
1455
1437
1420
1404
1385
1369
1350
1338
1328
1317
1306
1290
1273
1258
1245
1231
1220
1211
1203
1196
1190
1187
1181
1176
1172
1172
1174
1177
1183
1190
1196
1199
1203
1207
1212
1216
1218
1222
1223
1225
1227
1229
1231
1231
1231
1229
1229
1229
1227
1227
1225
1225
1225
1225
1225
1225
1225
1225
1225
1223
1223
1222
1222
1220
1218
1218
1216
1216
1218
1218
1220
1222
1222
1223
1223
1225
1227
1225
1225
1223
1223
1223
1225
1227
1229
1229
1233
1234
1236
1238
1240
1240
1240
1240
1240
1242
1244
1245
1245
1247
1249
1255
1258
1262
1264
1264
1264
1266
1266
1268
1268
1268
1268
1266
1268
1268
1268
1268
1266
1264
1264
1266
1268
1271
1273
1275
1277
1279
1282
1284
1288
1288
1290
1293
1301
1308
1314
1314
1310
1306
1303
1301
1299
1297
1293
1290
1286
1284
1282
1280
1279
1279
1277
1277
1277
1277
1279
1279
1279
1282
1286
1288
1291
1295
1297
1301
1306
1310
1315
1321
1325
1328
1336
1345
1352
1361
1367
1372
1374
1376
1380
1382
1384
1384
1384
1385
1385
1387
1389
1389
1389
1387
1384
1374
1363
1352
1341
1334
1326
1321
1315
1310
1306
1301
1295
1290
1284
1280
1277
1275
1273
1269
1266
1260
1249
1240
1240
1249
1266
1308
1400
1533
1704
1912
2140
2376
2600
2793
2917
2957
2922
2812
2598
2357
2129
1934
1777
1641
1507
1387
1295
1251
1236
1233
1229
1225
1223
1222
1220
1218
1216
1214
1212
1211
1211
1212
1214
1216
1218
1220
1223
1227
1231
1234
1238
1240
1242
1244
1244
1245
1247
1251
1255
1258
1262
1266
1271
1275
1279
1282
1286
1290
1291
1295
1299
1304
1310
1317
1325
1338
1354
1369
1382
1395
1404
1411
1418
1428
1435
1442
1448
1453
1461
1468
1479
1492
1507
1522
1536
1549
1562
1573
1584
1591
1599
1604
1610
1615
1619
1623
1626
1630
1634
1638
1641
1649
1660
1665
1656
1639
1621
1603
1584
1564
1542
1516
1492
1472
1453
1435
1417
1395
1369
1343
1319
1295
1260
1247
1242
1236
1233
1227
1223
1220
1216
1212
1211
1209
1205
1203
1203
1205
1207
1209
1211
1212
1212
1214
1216
1216
1216
1216
1216
1218
1220
1223
1225
1227
1229
1231
1233
1234
1236
1236
1236
1236
1236
1236
1238
1240
1240
1242
1242
1244
1244
1245
1244
1242
1240
1240
1240
1238
1238
1238
1238
1236
1236
1238
1238
1236
1234
1233
1231
1229
1227
1227
1225
1225
1223
1223
1225
1227
1227
1227
1225
1225
1225
1225
1225
1225
1225
1227
1229
1234
1240
1244
1247
1249
1251
1255
1257
1258
1260
1260
1260
1262
1262
1264
1264
1264
1264
1262
1264
1264
1266
1266
1266
1268
1268
1268
1268
1268
1268
1266
1266
1264
1264
1264
1264
1264
1264
1266
1268
1269
1271
1271
1271
1271
1271
1271
1271
1269
1269
1269
1269
1269
1271
1275
1275
1277
1275
1275
1275
1273
1271
1271
1269
1269
1269
1269
1271
1271
1273
1273
1273
1275
1275
1277
1277
1277
1277
1275
1277
1277
1277
1277
1275
1277
1277
1277
1279
1280
1280
1280
1280
1282
1282
1284
1286
1288
1290
1293
1297
1299
1301
1303
1304
1306
1308
1310
1312
1314
1315
1319
1323
1326
1330
1332
1334
1336
1338
1341
1343
1345
1347
1347
1349
1352
1358
1361
1367
1371
1374
1376
1376
1376
1374
1371
1367
1361
1358
1352
1350
1349
1347
1345
1343
1339
1334
1328
1323
1317
1310
1306
1306
1304
1304
1306
1306
1308
1314
1319
1343
1418
1533
1696
1908
2149
2396
2622
2793
2883
2889
2828
2663
2440
2208
2002
1834
1704
1610
1531
1455
1384
1306
1268
1255
1249
1245
1242
1238
1234
1233
1229
1227
1225
1223
1223
1223
1225
1225
1227
1229
1229
1231
1233
1234
1236
1240
1242
1245
1249
1253
1257
1262
1266
1269
1273
1275
1279
1282
1286
1291
1295
1301
1304
1306
1310
1312
1315
1317
1321
1323
1326
1328
1332
1338
1341
1347
1352
1360
1367
1374
1382
1391
1402
1420
1437
1450
1459
1468
1474
1481
1488
1494
1499
1505
1511
1516
1523
1534
1545
1551
1557
1560
1566
1569
1573
1573
1571
1564
1555
1544
1534
1520
1507
1498
1490
1481
1468
1452
1430
1400
1376
1356
1338
1314
1286
1268
1258
1251
1240
1229
1220
1214
1211
1207
1201
1198
1194
1190
1188
1187
1187
1187
1187
1188
1192
1196
1199
1205
1209
1214
1218
1222
1225
1229
1234
1240
1244
1247
1249
1249
1251
1251
1253
1253
1253
1255
1258
1262
1258
1253
1251
1249
1249
1247
1247
1245
1245
1244
1242
1242
1242
1242
1242
1240
1240
1240
1238
1238
1236
1234
1233
1231
1231
1229
1227
1225
1223
1220
1218
1216
1214
1211
1209
1205
1203
1201
1201
1199
1196
1192
1188
1185
1187
1190
1196
1201
1203
1207
1212
1216
1220
1220
1218
1214
1211
1209
1207
1201
1196
1192
1190
1196
1205
1214
1222
1231
1238
1245
1255
1262
1268
1273
1279
1282
1288
1291
1295
1301
1303
1306
1308
1312
1317
1323
1328
1334
1341
1347
1352
1358
1361
1365
1365
1363
1358
1352
1343
1328
1301
1288
1282
1277
1275
1273
1271
1269
1266
1262
1260
1257
1255
1253
1251
1249
1245
1240
1225
1205
1194
1188
1203
1244
1317
1431
1584
1772
1984
2197
2396
2558
2661
2672
2631
2479
2265
2031
1831
1682
1582
1514
1448
1374
1301
1234
1207
1198
1194
1192
1188
1187
1185
1183
1183
1183
1183
1185
1187
1188
1192
1198
1201
1205
1207
1211
1212
1214
1218
1222
1223
1225
1227
1227
1229
1229
1229
1229
1227
1225
1225
1223
1222
1218
1214
1216
1231
1240
1245
1251
1257
1262
1268
1273
1280
1288
1299
1315
1334
1352
1371
1384
1391
1396
1402
1407
1415
1422
1431
1442
1461
1481
1499
1520
1538
1551
1560
1569
1575
1579
1577
1575
1571
1569
1564
1562
1566
1577
1584
1591
1597
1599
1595
1586
1573
1555
1531
1516
1505
1494
1481
1464
1439
1407
1387
1372
1358
1339
1328
1319
1312
1306
1297
1288
1279
1269
1258
1244
1231
1222
1214
1211
1207
1203
1201
1198
1194
1192
1194
1198
1203
1207
1212
1216
1222
1229
1236
1245
1257
1266
1273
1279
1282
1288
1291
1295
1297
1299
1303
1304
1306
1306
1308
1310
1310
1312
1312
1312
1312
1312
1312
1310
1308
1306
1306
1304
1304
1303
1303
1303
1303
1303
1304
1304
1303
1301
1299
1297
1295
1295
1297
1299
1301
1306
1312
1315
1310
1310
1308
1306
1304
1301
1299
1297
1295
1295
1293
1295
1297
1299
1303
1306
1306
1310
1314
1315
1317
1319
1321
1325
1328
1332
1338
1339
1343
1343
1343
1343
1341
1341
1338
1336
1334
1334
1332
1332
1330
1326
1323
1321
1317
1317
1317
1319
1321
1323
1328
1338
1339
1326
1321
1319
1315
1314
1310
1306
1306
1303
1299
1295
1293
1291
1291
1291
1291
1291
1290
1288
1286
1284
1282
1279
1277
1273
1271
1269
1268
1268
1269
1269
1269
1269
1269
1268
1268
1268
1266
1264
1262
1260
1258
1258
1260
1260
1260
1262
1264
1266
1269
1273
1275
1279
1284
1295
1293
1271
1258
1251
1244
1238
1234
1233
1233
1234
1236
1238
1242
1244
1247
1249
1251
1253
1255
1257
1258
1262
1264
1268
1268
1269
1269
1269
1269
1271
1271
1271
1269
1269
1268
1268
1268
1266
1264
1264
1262
1262
1260
1258
1255
1253
1249
1247
1245
1244
1240
1234
1231
1229
1229
1233
1240
1249
1264
1310
1398
1520
1676
1866
2076
2293
2503
2690
2830
2867
2850
2725
2525
2289
2061
1869
1722
1604
1501
1404
1312
1236
1183
1165
1153
1146
1142
1139
1135
1133
1131
1130
1128
1126
1124
1126
1126
1128
1128
1130
1133
1135
1139
1142
1144
1148
1150
1152
1153
1157
1163
1166
1172
1176
1179
1185
1190
1196
1201
1207
1211
1214
1220
1227
1233
1238
1242
1247
1253
1258
1264
1269
1277
1284
1299
1314
1325
1336
1345
1352
1358
1365
1371
1378
1387
1398
1415
1430
1444
1455
1472
1496
1507
1516
1523
1531
1536
1542
1544
1545
1547
1547
1549
1551
1551
1551
1553
1555
1557
1558
1558
1551
1540
1527
1512
1492
1474
1457
1442
1430
1415
1400
1385
1367
1349
1326
1303
1295
1291
1288
1284
1280
1277
1275
1273
1271
1268
1266
1262
1260
1260
1260
1260
1260
1258
1260
1260
1262
1262
1264
1264
1264
1266
1266
1268
1269
1269
1271
1271
1271
1273
1275
1277
1277
1279
1279
1280
1280
1282
1282
1282
1282
1280
1280
1279
1279
1277
1277
1275
1275
1273
1273
1271
1271
1269
1268
1266
1264
1262
1262
1262
1262
1262
1262
1262
1262
1262
1264
1264
1266
1266
1266
1266
1269
1269
1262
1257
1253
1249
1245
1244
1245
1249
1255
1260
1264
1268
1271
1275
1279
1280
1282
1284
1286
1290
1291
1293
1293
1293
1293
1295
1295
1297
1297
1297
1297
1299
1299
1301
1301
1299
1299
1301
1301
1301
1303
1303
1303
1303
1303
1304
1306
1306
1306
1310
1314
1317
1321
1326
1330
1334
1336
1339
1341
1343
1345
1347
1349
1349
1352
1358
1361
1367
1367
1367
1365
1363
1360
1358
1354
1349
1343
1338
1334
1330
1326
1321
1317
1312
1308
1306
1306
1304
1303
1297
1293
1288
1282
1279
1275
1271
1266
1262
1257
1253
1242
1220
1216
1233
1271
1345
1446
1588
1770
1984
2217
2451
2668
2852
2963
3001
2953
2810
2558
2296
2077
1906
1781
1684
1588
1474
1347
1242
1209
1201
1196
1192
1190
1188
1188
1190
1190
1190
1192
1194
1198
1201
1203
1207
1207
1207
1209
1211
1214
1218
1220
1223
1227
1231
1234
1236
1240
1242
1245
1249
1255
1260
1266
1273
1279
1286
1291
1299
1304
1310
1315
1323
1328
1338
1345
1352
1360
1367
1372
1378
1384
1389
1395
1402
1411
1420
1428
1435
1442
1452
1463
1477
1498
1523
1547
1573
1595
1608
1619
1634
1650
1652
1652
1652
1652
1652
1652
1650
1650
1650
1647
1643
1638
1632
1621
1604
1586
1575
1566
1558
1549
1542
1533
1514
1488
1463
1439
1415
1391
1367
1338
1306
1282
1275
1271
1269
1266
1264
1262
1258
1257
1253
1249
1244
1240
1236
1227
1218
1218
1227
1242
1255
1273
1282
1286
1288
1290
1293
1295
1295
1291
1291
1290
1290
1288
1288
1286
1286
1286
1286
1284
1284
1286
1286
1288
1288
1286
1284
1282
1280
1280
1279
1279
1280
1280
1280
1282
1282
1284
1282
1280
1279
1275
1273
1273
1271
1269
1266
1264
1260
1257
1253
1244
1234
1231
1231
1236
1242
1247
1251
1257
1260
1260
1262
1262
1262
1260
1258
1257
1253
1251
1251
1253
1255
1257
1262
1266
1262
1257
1255
1253
1251
1249
1247
1245
1245
1245
1245
1244
1244
1244
1244
1242
1242
1240
1240
1238
1238
1238
1236
1236
1234
1233
1231
1229
1223
1218
1214
1216
1220
1223
1227
1229
1231
1234
1236
1238
1240
1238
1236
1234
1233
1229
1227
1223
1220
1216
1212
1211
1207
1205
1201
1198
1192
1190
1187
1179
1172
1168
1170
1177
1187
1198
1214
1222
1227
1233
1238
1242
1240
1233
1229
1225
1222
1218
1216
1212
1211
1209
1209
1207
1209
1212
1216
1222
1227
1231
1234
1238
1242
1245
1251
1255
1258
1264
1269
1275
1279
1282
1286
1290
1291
1293
1295
1297
1299
1301
1301
1303
1304
1306
1306
1310
1310
1312
1314
1315
1315
1317
1315
1314
1310
1308
1306
1304
1301
1297
1293
1290
1288
1284
1280
1277
1271
1264
1258
1255
1253
1251
1251
1251
1251
1253
1258
1264
1288
1345
1444
1582
1755
1961
2191
2434
2668
2860
2961
2964
2887
2703
2469
2237
2044
1899
1785
1680
1560
1430
1301
1190
1150
1135
1130
1135
1141
1144
1146
1148
1148
1150
1150
1152
1152
1153
1155
1155
1157
1157
1159
1161
1163
1165
1166
1168
1172
1174
1176
1179
1183
1190
1199
1207
1216
1223
1231
1236
1242
1247
1253
1260
1266
1271
1277
1280
1286
1290
1295
1299
1303
1306
1310
1315
1325
1343
1360
1378
1395
1415
1428
1435
1441
1446
1452
1457
1463
1468
1476
1483
1492
1503
1512
1523
1533
1542
1549
1557
1564
1573
1580
1590
1597
1604
1614
1619
1621
1619
1612
1603
1591
1579
1558
1540
1522
1503
1485
1466
1448
1428
1409
1391
1372
1358
1343
1330
1319
1306
1297
1286
1277
1271
1268
1266
1264
1262
1260
1258
1257
1257
1255
1253
1253
1253
1253
1253
1255
1255
1257
1258
1262
1264
1268
1269
1271
1275
1277
1279
1282
1284
1286
1288
1290
1291
1293
1295
1295
1297
1297
1297
1297
1297
1297
1295
1295
1293
1293
1293
1293
1291
1290
1288
1288
1286
1286
1286
1286
1284
1284
1286
1286
1286
1286
1284
1284
1282
1282
1280
1280
1280
1280
1280
1280
1282
1282
1284
1284
1284
1282
1282
1282
1280
1279
1277
1275
1273
1273
1273
1273
1273
1275
1275
1277
1277
1277
1279
1279
1277
1277
1277
1275
1275
1277
1277
1279
1280
1282
1284
1286
1288
1288
1290
1288
1288
1286
1284
1284
1284
1282
1282
1282
1282
1282
1282
1284
1284
1282
1282
1282
1280
1279
1277
1275
1273
1273
1271
1271
1271
1271
1273
1273
1275
1275
1271
1268
1266
1268
1269
1271
1271
1271
1271
1273
1273
1275
1277
1277
1277
1277
1275
1273
1271
1269
1266
1264
1264
1264
1264
1264
1264
1266
1266
1266
1268
1269
1269
1271
1275
1280
1290
1301
1306
1317
1325
1332
1339
1345
1349
1350
1354
1356
1358
1361
1363
1365
1365
1365
1365
1361
1358
1352
1345
1339
1332
1326
1319
1314
1308
1304
1299
1293
1286
1280
1275
1269
1266
1264
1260
1258
1257
1253
1247
1238
1231
1229
1234
1245
1275
1341
1452
1614
1818
2052
2304
2552
2766
2900
2915
2850
2646
2381
2114
1891
1737
1647
1580
1540
1466
1385
1299
1233
1192
1163
1144
1135
1135
1148
1163
1170
1176
1179
1183
1187
1190
1192
1194
1198
1199
1203
1207
1209
1211
1212
1212
1212
1212
1214
1216
1220
1222
1223
1229
1233
1238
1242
1247
1251
1253
1257
1262
1266
1268
1271
1275
1279
1282
1288
1293
1297
1303
1306
1314
1319
1328
1339
1361
1382
1400
1415
1426
1437
1448
1459
1470
1481
1490
1499
1507
1516
1522
1527
1533
1536
1540
1544
1547
1553
1558
1564
1571
1579
1584
1593
1601
1604
1601
1593
1584
1575
1562
1547
1531
1511
1487
1468
1450
1431
1407
1382
1358
1341
1328
1317
1308
1297
1284
1269
1253
1238
1227
1222
1218
1214
1211
1207
1203
1201
1199
1198
1198
1199
1201
1205
1209
1214
1220
1227
1233
1236
1240
1242
1245
1247
1251
1257
1260
1264
1269
1273
1275
1279
1280
1282
1284
1284
1286
1286
1286
1286
1286
1284
1284
1284
1284
1282
1280
1277
1275
1273
1271
1269
1268
1266
1264
1262
1262
1260
1257
1253
1251
1249
1247
1247
1249
1249
1249
1249
1251
1251
1253
1253
1253
1253
1253
1253
1251
1251
1251
1249
1247
1247
1245
1245
1244
1244
1240
1238
1236
1242
1247
1251
1253
1257
1260
1262
1266
1269
1271
1275
1275
1275
1275
1275
1275
1275
1275
1273
1273
1273
1275
1277
1277
1277
1277
1277
1277
1277
1277
1277
1275
1275
1275
1275
1275
1273
1273
1273
1271
1271
1271
1271
1269
1269
1269
1269
1269
1271
1271
1271
1271
1271
1271
1271
1271
1269
1269
1269
1268
1268
1268
1268
1268
1268
1269
1268
1268
1268
1268
1268
1268
1266
1266
1264
1264
1264
1264
1264
1266
1266
1268
1268
1268
1269
1269
1269
1273
1277
1282
1288
1295
1301
1306
1314
1319
1328
1336
1343
1350
1360
1369
1374
1374
1371
1367
1365
1363
1361
1360
1358
1356
1352
1350
1345
1341
1336
1332
1326
1319
1308
1288
1264
1249
1240
1233
1227
1220
1212
1205
1199
1192
1181
1168
1159
1165
1179
1222
1306
1431
1593
1788
2006
2225
2427
2593
2696
2712
2683
2550
2361
2147
1952
1794
1674
1582
1496
1415
1326
1245
1179
1152
1139
1131
1126
1128
1141
1155
1161
1166
1170
1174
1176
1177
1179
1183
1185
1188
1190
1192
1194
1194
1196
1198
1199
1201
1201
1203
1205
1207
1211
1212
1216
1220
1223
1227
1234
1240
1247
1253
1258
1264
1268
1273
1280
1290
1303
1312
1321
1328
1336
1341
1345
1350
1358
1365
1372
1380
1389
1400
1413
1428
1444
1455
1466
1476
1485
1494
1501
1507
1516
1525
1536
1549
1564
1579
1586
1593
1599
1604
1610
1614
1615
1615
1614
1612
1608
1604
1599
1591
1582
1560
1536
1516
1498
1483
1470
1453
1435
1407
1384
1365
1349
1336
1317
1301
1286
1279
1275
1271
1268
1264
1260
1257
1255
1253
1249
1245
1244
1240
1233
1227
1227
1240
1255
1260
1264
1266
1269
1271
1273
1275
1279
1280
1282
1284
1288
1290
1290
1291
1293
1295
1295
1295
1297
1297
1297
1299
1299
1301
1303
1304
1306
1306
1308
1308
1310
1310
1310
1310
1310
1308
1306
1306
1308
1308
1310
1312
1314
1314
1315
1317
1317
1317
1317
1315
1315
1317
1319
1319
1321
1321
1321
1323
1323
1325
1325
1325
1325
1326
1330
1332
1332
1328
1323
1314
1306
1299
1293
1291
1295
1299
1301
1304
1308
1312
1312
1312
1306
1304
1301
1301
1301
1299
1295
1291
1290
1290
1290
1288
1288
1286
1286
1286
1286
1288
1288
1288
1286
1286
1288
1288
1290
1290
1288
1288
1286
1286
1286
1286
1286
1284
1282
1282
1280
1280
1280
1279
1277
1273
1271
1268
1258
1253
1260
1277
1286
1291
1297
1304
1308
1314
1319
1325
1330
1334
1339
1343
1345
1347
1350
1352
1356
1360
1363
1365
1369
1371
1371
1371
1371
1369
1365
1360
1352
1345
1339
1332
1326
1317
1304
1291
1286
1280
1279
1275
1271
1268
1264
1260
1258
1257
1255
1255
1253
1251
1251
1249
1242
1245
1271
1338
1441
1584
1764
1972
2197
2423
2633
2804
2895
2924
2882
2756
2550
2318
2098
1910
1763
1649
1545
1437
1325
1253
1229
1216
1205
1192
1183
1179
1176
1172
1170
1166
1163
1159
1159
1157
1155
1153
1153
1153
1155
1157
1159
1163
1165
1166
1166
1168
1170
1174
1177
1179
1185
1198
1199
1188
1183
1177
1174
1170
1166
1165
1168
1172
1177
1181
1185
1190
1194
1199
1205
1211
1214
1218
1223
1231
1242
1262
1282
1304
1323
1341
1356
1367
1376
1387
1400
1413
1426
1442
1457
1474
1488
1498
1505
1511
1518
1523
1527
1531
1534
1536
1540
1544
1547
1551
1557
1566
1573
1566
1551
1534
1514
1492
1474
1459
1442
1426
1411
1395
1376
1356
1326
1288
1264
1247
1238
1231
1227
1225
1223
1223
1222
1220
1220
1220
1220
1220
1220
1220
1220
1218
1218
1218
1218
1216
1216
1218
1220
1222
1227
1231
1234
1238
1240
1242
1244
1244
1245
1247
1247
1251
1255
1258
1264
1269
1275
1279
1280
1280
1279
1277
1273
1269
1266
1262
1257
1255
1253
1253
1253
1251
1249
1247
1245
1244
1242
1240
1238
1236
1234
1234
1234
1236
1238
1238
1238
1238
1236
1234
1233
1233
1231
1229
1229
1229
1231
1231
1233
1233
1233
1233
1231
1227
1225
1223
1227
1231
1234
1236
1236
1238
1240
1244
1247
1249
1251
1253
1255
1255
1255
1255
1253
1253
1253
1253
1255
1257
1258
1260
1260
1262
1264
1264
1264
1262
1262
1260
1260
1258
1257
1257
1257
1258
1258
1258
1258
1257
1257
1257
1257
1255
1255
1257
1257
1258
1262
1264
1266
1269
1271
1271
1273
1275
1275
1275
1277
1279
1280
1282
1284
1286
1288
1290
1290
1290
1290
1288
1288
1286
1284
1284
1282
1282
1284
1286
1286
1286
1286
1286
1286
1286
1286
1284
1284
1284
1284
1286
1288
1291
1293
1295
1297
1301
1303
1306
1306
1308
1310
1314
1319
1325
1332
1339
1345
1350
1356
1360
1363
1367
1369
1371
1371
1371
1372
1374
1376
1376
1378
1380
1382
1384
1385
1385
1387
1385
1384
1382
1380
1376
1372
1369
1365
1363
1361
1358
1356
1352
1350
1347
1341
1334
1328
1323
1323
1323
1328
1334
1343
1361
1395
1448
1525
1628
1766
1941
2144
2366
2598
2814
2987
3075
3077
2994
2797
2554
2306
2090
1925
1788
1654
1525
1413
1326
1290
1277
1271
1266
1262
1258
1255
1251
1249
1249
1247
1247
1245
1245
1245
1244
1244
1244
1244
1242
1242
1242
1242
1242
1242
1244
1247
1251
1257
1264
1269
1273
1277
1280
1284
1290
1293
1297
1301
1304
1306
1310
1315
1319
1323
1326
1330
1336
1343
1350
1358
1363
1369
1374
1382
1389
1402
1424
1446
1459
1470
1477
1488
1499
1511
1520
1527
1534
1540
1549
1558
1568
1577
1586
1593
1603
1610
1617
1623
1626
1628
1626
1623
1619
1614
1608
1603
1597
1590
1582
1575
1568
1558
1544
1522
1503
1477
1444
1418
1396
1374
1352
1330
1319
1312
1306
1299
1286
1273
1268
1266
1262
1258
1253
1249
1247
1245
1242
1238
1236
1234
1234
1236
1236
1236
1236
1238
1238
1240
1242
1244
1244
1244
1245
1247
1251
1253
1255
1257
1258
1260
1262
1264
1264
1266
1266
1268
1269
1271
1273
1275
1275
1277
1277
1279
1279
1277
1277
1275
1273
1271
1271
1269
1269
1268
1266
1264
1262
1260
1260
1258
1257
1257
1255
1255
1255
1253
1253
1251
1249
1249
1251
1251
1253
1253
1255
1257
1260
1262
1264
1264
1266
1266
1266
1266
1266
1266
1268
1268
1269
1269
1269
1268
1264
1260
1257
1255
1253
1251
1247
1245
1244
1242
1240
1240
1238
1238
1240
1240
1242
1242
1242
1242
1242
1240
1240
1240
1238
1238
1236
1236
1236
1236
1236
1238
1238
1240
1240
1240
1238
1238
1238
1238
1236
1234
1234
1234
1234
1234
1233
1233
1231
1231
1229
1229
1229
1229
1227
1227
1227
1225
1225
1225
1223
1220
1223
1245
1260
1269
1279
1284
1291
1295
1299
1303
1306
1308
1308
1310
1312
1315
1317
1319
1323
1325
1326
1326
1328
1328
1326
1325
1321
1317
1314
1308
1306
1301
1297
1293
1290
1286
1280
1273
1268
1260
1257
1251
1249
1245
1244
1242
1240
1238
1234
1227
1223
1231
1253
1308
1400
1536
1722
1945
2186
2427
2639
2790
2828
2810
2676
2447
2190
1960
1783
1658
1571
1501
1430
1354
1279
1205
1176
1168
1165
1161
1157
1155
1153
1152
1150
1148
1148
1148
1148
1152
1153
1155
1159
1161
1163
1165
1166
1170
1172
1176
1181
1187
1192
1198
1203
1209
1214
1220
1225
1231
1236
1242
1247
1255
1260
1268
1273
1277
1280
1286
1291
1301
1314
1325
1334
1341
1347
1352
1361
1371
1380
1391
1400
1411
1420
1431
1441
1453
1474
1492
1507
1520
1536
1560
1573
1584
1593
1601
1608
1614
1615
1617
1619
1621
1623
1625
1626
1628
1630
1632
1632
1628
1621
1614
1597
1566
1540
1520
1498
1477
1455
1437
1418
1400
1382
1363
1343
1323
1306
1286
1268
1253
1242
1233
1225
1222
1222
1220
1220
1218
1216
1216
1214
1214
1214
1214
1214
1214
1214
1216
1218
1220
1223
1225
1229
1231
1236
1238
1242
1244
1247
1253
1260
1266
1269
1275
1279
1280
1284
1286
1288
1290
1290
1291
1291
1290
1288
1284
1282
1279
1275
1273
1268
1262
1257
1257
1257
1260
1264
1269
1271
1277
1282
1286
1282
1273
1266
1260
1257
1253
1249
1245
1240
1236
1233
1229
1227
1229
1229
1233
1236
1240
1245
1251
1257
1260
1264
1266
1268
1269
1273
1277
1280
1286
1290
1295
1299
1301
1303
1303
1303
1301
1299
1295
1293
1291
1291
1291
1291
1291
1291
1291
1290
1290
1288
1286
1282
1280
1279
1277
1277
1279
1279
1279
1280
1280
1280
1279
1277
1275
1271
1269
1268
1266
1264
1260
1255
1247
1234
1231
1229
1227
1225
1223
1222
1225
1231
1234
1238
1240
1242
1242
1244
1245
1247
1249
1249
1251
1253
1253
1255
1257
1257
1257
1257
1257
1257
1258
1258
1260
1264
1268
1275
1280
1284
1282
1280
1279
1277
1273
1269
1269
1271
1273
1277
1279
1279
1280
1284
1286
1288
1291
1293
1295
1297
1299
1303
1306
1308
1312
1317
1323
1330
1336
1339
1343
1347
1350
1352
1356
1358
1360
1361
1361
1361
1361
1360
1356
1350
1345
1339
1336
1332
1326
1321
1315
1308
1304
1297
1290
1282
1273
1266
1258
1253
1247
1245
1242
1238
1233
1227
1222
1222
1233
1253
1306
1393
1507
1652
1829
2022
2225
2422
2595
2720
2745
2725
2589
2372
2127
1912
1752
1649
1573
1501
1418
1330
1245
1209
1203
1198
1194
1190
1187
1185
1183
1183
1183
1183
1185
1187
1190
1194
1198
1199
1203
1205
1205
1205
1205
1207
1209
1212
1214
1218
1222
1225
1229
1234
1240
1244
1247
1249
1253
1257
1260
1266
1269
1275
1280
1286
1291
1297
1303
1306
1314
1328
1354
1361
1365
1369
1372
1380
1389
1402
1415
1428
1441
1455
1470
1483
1496
1509
1520
1529
1536
1545
1555
1566
1577
1590
1595
1601
1604
1608
1612
1615
1617
1619
1619
1619
1617
1615
1612
1608
1601
1595
1588
1579
1568
1545
1529
1516
1501
1485
1464
1439
1402
1371
1350
1332
1314
1301
1290
1280
1271
1264
1257
1249
1238
1222
1205
1196
1190
1183
1179
1176
1174
1174
1174
1176
1176
1177
1179
1181
1183
1183
1183
1183
1187
1194
1203
1209
1218
1225
1229
1229
1231
1233
1233
1231
1229
1227
1225
1227
1231
1233
1234
1236
1240
1245
1249
1253
1255
1255
1257
1255
1255
1253
1253
1251
1251
1251
1257
1260
1255
1245
1242
1240
1236
1234
1231
1227
1223
1218
1216
1216
1216
1218
1220
1223
1225
1229
1233
1234
1236
1236
1236
1234
1234
1234
1236
1236
1236
1238
1240
1242
1244
1245
1245
1245
1245
1245
1245
1245
1245
1245
1245
1247
1249
1251
1255
1257
1260
1262
1266
1269
1273
1275
1279
1282
1286
1288
1291
1293
1295
1297
1301
1303
1306
1306
1310
1312
1314
1314
1315
1315
1314
1312
1308
1306
1304
1303
1301
1299
1297
1295
1293
1293
1291
1291
1288
1284
1282
1286
1297
1308
1325
1349
1367
1378
1387
1396
1402
1404
1402
1400
1396
1395
1391
1387
1385
1385
1387
1393
1400
1406
1415
1420
1411
1395
1378
1360
1343
1328
1314
1299
1288
1279
1273
1268
1262
1258
1255
1253
1251
1251
1249
1249
1251
1253
1257
1262
1268
1277
1288
1328
1411
1533
1695
1897
2129
2376
2615
2821
2939
2979
2939
2812
2593
2355
2140
1967
1831
1718
1612
1512
1417
1326
1247
1223
1218
1212
1212
1227
1236
1244
1251
1257
1257
1257
1257
1257
1257
1255
1253
1251
1249
1247
1244
1242
1242
1240
1240
1242
1242
1240
1236
1233
1245
1266
1277
1282
1286
1291
1295
1299
1304
1306
1312
1315
1319
1323
1326
1330
1334
1338
1345
1352
1361
1372
1384
1393
1400
1409
1418
1430
1437
1444
1453
1464
1483
1499
1516
1534
1557
1569
1577
1580
1586
1590
1593
1597
1603
1608
1614
1621
1628
1636
1649
1661
1665
1661
1650
1638
1626
1615
1606
1595
1584
1573
1558
1542
1520
1501
1488
1470
1437
1398
1349
1319
1306
1297
1288
1280
1275
1269
1264
1260
1258
1255
1253
1251
1251
1251
1249
1249
1247
1245
1244
1242
1240
1238
1238
1238
1238
1240
1242
1244
1245
1245
1247
1247
1247
1249
1251
1253
1255
1257
1258
1260
1262
1264
1266
1266
1266
1264
1264
1266
1268
1269
1271
1271
1273
1275
1277
1279
1279
1279
1277
1275
1275
1275
1275
1275
1273
1273
1273
1273
1271
1269
1266
1262
1258
1255
1251
1249
1245
1242
1240
1238
1238
1238
1238
1236
1234
1231
1229
1227
1225
1223
1222
1220
1218
1218
1218
1220
1220
1218
1218
1216
1216
1214
1212
1212
1211
1209
1209
1209
1209
1211
1211
1211
1211
1211
1212
1212
1212
1211
1211
1211
1211
1211
1211
1212
1214
1214
1214
1216
1216
1216
1216
1216
1216
1214
1212
1212
1211
1211
1211
1209
1207
1207
1207
1207
1207
1207
1207
1205
1203
1203
1203
1201
1201
1201
1203
1205
1207
1209
1211
1212
1212
1214
1214
1214
1214
1214
1214
1216
1218
1222
1225
1231
1234
1240
1244
1249
1251
1255
1255
1257
1257
1257
1258
1260
1262
1264
1264
1266
1268
1268
1268
1268
1268
1268
1268
1268
1268
1269
1269
1271
1273
1275
1277
1280
1282
1282
1284
1286
1288
1291
1293
1295
1297
1299
1304
1306
1312
1314
1312
1310
1306
1304
1303
1299
1297
1293
1290
1286
1284
1280
1279
1275
1271
1268
1264
1260
1255
1249
1245
1238
1231
1225
1220
1214
1214
1214
1218
1225
1236
1253
1308
1418
1571
1761
1980
2215
2449
2663
2837
2928
2929
2845
2657
2427
2190
1982
1814
1676
1547
1428
1323
1223
1161
1146
1135
1126
1118
1115
1113
1111
1111
1113
1117
1120
1126
1131
1139
1144
1146
1150
1152
1155
1157
1159
1163
1166
1170
1176
1179
1183
1187
1190
1196
1199
1205
1211
1218
1227
1236
1244
1253
1260
1269
1275
1282
1288
1293
1301
1306
1312
1319
1325
1332
1339
1349
1360
1369
1376
1384
1391
1398
1407
1417
1426
1435
1446
1457
1468
1481
1496
1509
1522
1534
1549
1564
1579
1588
1593
1599
1603
1604
1608
1612
1614
1615
1615
1615
1614
1610
1604
1599
1593
1586
1573
1549
1527
1503
1479
1459
1444
1433
1422
1409
1398
1384
1367
1339
1314
1303
1297
1291
1286
1280
1277
1271
1268
1266
1266
1266
1268
1269
1273
1277
1280
1282
1286
1288
1288
1288
1288
1290
1291
1297
1301
1304
1306
1308
1310
1310
1310
1310
1308
1308
1306
1306
1308
1312
1314
1315
1315
1314
1314
1312
1310
1306
1312
1317
1321
1325
1328
1330
1332
1328
1326
1323
1321
1319
1317
1314
1312
1310
1310
1310
1310
1310
1310
1310
1310
1310
1310
1310
1308
1306
1306
1306
1308
1308
1308
1308
1308
1308
1310
1310
1308
1306
1306
1304
1304
1306
1306
1306
1306
1306
1306
1306
1306
1304
1303
1299
1297
1295
1293
1293
1291
1290
1286
1280
1275
1273
1273
1273
1271
1273
1273
1275
1279
1280
1282
1280
1280
1279
1279
1277
1273
1269
1268
1264
1264
1264
1264
1262
1262
1260
1260
1258
1258
1255
1253
1251
1249
1249
1255
1262
1269
1279
1286
1291
1295
1301
1304
1306
1306
1308
1312
1314
1315
1317
1319
1321
1323
1325
1325
1325
1323
1319
1315
1312
1308
1306
1301
1297
1291
1288
1284
1271
1260
1251
1242
1234
1225
1218
1212
1214
1216
1222
1227
1233
1238
1240
1236
1229
1218
1207
1190
1188
1203
1240
1319
1442
1608
1807
2033
2274
2514
2725
2882
2933
2918
2793
2572
2306
2057
1853
1718
1634
1569
1507
1420
1317
1220
1166
1157
1148
1142
1137
1133
1131
1128
1126
1124
1124
1124
1126
1130
1131
1135
1139
1142
1148
1152
1155
1157
1161
1166
1176
1183
1192
1201
1205
1209
1214
1218
1222
1225
1227
1231
1234
1238
1244
1247
1251
1253
1258
1264
1271
1280
1288
1297
1306
1312
1321
1332
1343
1352
1361
1369
1374
1382
1395
1415
1439
1457
1470
1481
1494
1507
1518
1529
1538
1547
1555
1562
1569
1582
1597
1608
1615
1621
1626
1630
1634
1636
1636
1630
1621
1610
1599
1588
1573
1558
1544
1533
1522
1503
1479
1455
1431
1407
1385
1356
1315
1293
1280
1271
1264
1257
1249
1244
1240
1236
1231
1229
1225
1223
1222
1222
1220
1218
1218
1218
1220
1222
1222
1223
1227
1231
1234
1240
1244
1247
1249
1253
1255
1258
1260
1260
1262
1262
1262
1264
1266
1268
1268
1268
1269
1271
1273
1273
1273
1271
1271
1269
1269
1269
1269
1268
1266
1264
1264
1264
1262
1260
1257
1255
1253
1251
1249
1247
1245
1244
1242
1242
1242
1242
1240
1240
1238
1236
1236
1234
1234
1234
1234
1234
1234
1234
1236
1236
1238
1238
1240
1240
1240
1240
1240
1240
1242
1242
1244
1245
1247
1249
1253
1257
1258
1262
1264
1266
1268
1269
1269
1271
1271
1271
1273
1275
1279
1282
1284
1286
1288
1290
1291
1293
1295
1293
1293
1291
1291
1291
1293
1295
1297
1299
1301
1303
1304
1306
1306
1306
1306
1306
1306
1306
1306
1306
1306
1306
1306
1306
1306
1308
1308
1308
1306
1306
1304
1303
1301
1299
1299
1297
1297
1297
1297
1299
1299
1301
1301
1301
1299
1299
1299
1299
1301
1303
1303
1304
1304
1306
1308
1308
1310
1310
1310
1310
1308
1308
1306
1306
1304
1303
1299
1299
1299
1297
1297
1295
1293
1291
1291
1291
1290
1290
1288
1288
1288
1290
1293
1297
1303
1306
1308
1310
1314
1317
1319
1321
1323
1323
1323
1323
1323
1321
1319
1317
1314
1312
1308
1306
1306
1303
1299
1295
1293
1290
1288
1284
1280
1277
1275
1271
1268
1260
1255
1247
1245
1245
1251
1260
1277
1325
1393
1487
1610
1770
1967
2188
2418
2631
2795
2863
2856
2758
2563
2324
2087
1886
1737
1621
1525
1437
1356
1282
1233
1212
1203
1196
1190
1187
1183
1179
1177
1176
1174
1174
1172
1174
1174
1177
1179
1181
1183
1187
1188
1192
1194
1198
1199
1201
1203
1205
1209
1211
1214
1218
1222
1227
1233
1240
1245
1253
1258
1266
1271
1279
1286
1293
1299
1304
1308
1312
1314
1317
1321
1326
1334
1350
1372
1385
1393
1400
1409
1418
1430
1439
1448
1457
1468
1479
1492
1505
1516
1531
1547
1562
1571
1577
1580
1586
1593
1597
1595
1593
1590
1586
1582
1586
1591
1597
1601
1604
1603
1595
1580
1560
1525
1501
1488
1476
1464
1453
1433
1400
1372
1352
1332
1310
1291
1277
1269
1264
1258
1255
1251
1247
1244
1242
1240
1238
1236
1234
1233
1231
1229
1227
1227
1225
1225
1227
1229
1231
1233
1236
1240
1242
1244
1245
1245
1247
1247
1247
1247
1249
1249
1251
1255
1257
1257
1258
1260
1262
1264
1266
1268
1269
1271
1273
1277
1280
1284
1291
1306
1306
1286
1273
1262
1251
1244
1240
1236
1234
1227
1220
1238
1255
1266
1273
1275
1268
1257
1249
1242
1234
1231
1227
1229
1231
1234
1238
1242
1249
1255
1255
1251
1245
1242
1238
1234
1233
1231
1233
1236
1240
1245
1247
1251
1255
1258
1262
1266
1268
1269
1271
1273
1273
1271
1269
1268
1268
1266
1268
1268
1268
1268
1268
1268
1268
1266
1260
1258
1258
1260
1260
1260
1260
1260
1260
1260
1260
1262
1262
1262
1262
1260
1258
1257
1255
1255
1253
1251
1249
1247
1245
1245
1245
1245
1244
1244
1244
1244
1244
1244
1242
1240
1238
1236
1238
1240
1240
1242
1242
1242
1244
1245
1247
1247
1247
1247
1247
1249
1247
1247
1245
1244
1244
1244
1245
1247
1247
1249
1253
1257
1262
1268
1271
1277
1282
1290
1310
1323
1332
1338
1341
1345
1349
1352
1356
1358
1360
1358
1356
1354
1350
1345
1339
1334
1326
1321
1317
1312
1306
1304
1299
1293
1288
1284
1279
1271
1264
1257
1247
1240
1233
1227
1220
1212
1205
1205
1211
1220
1251
1321
1428
1575
1763
1982
2217
2457
2672
2843
2942
2950
2895
2723
2493
2263
2064
1908
1768
1632
1496
1367
1264
1212
1192
1190
1198
1203
1207
1211
1211
1209
1205
1203
1203
1201
1201
1199
1198
1196
1194
1194
1192
1194
1196
1198
1203
1207
1211
1216
1222
1225
1231
1234
1238
1244
1251
1258
1264
1269
1275
1279
1280
1284
1286
1290
1295
1299
1304
1308
1315
1325
1332
1339
1347
1352
1358
1363
1369
1374
1380
1387
1395
1404
1418
1446
1464
1483
1501
1529
1549
1562
1573
1584
1597
1606
1610
1614
1617
1621
1625
1630
1634
1634
1634
1634
1634
1634
1632
1628
1623
1617
1612
1606
1599
1590
1568
1549
1534
1512
1476
1439
1413
1387
1367
1354
1343
1332
1321
1308
1295
1277
1266
1262
1260
1258
1255
1251
1247
1247
1249
1257
1262
1264
1266
1268
1269
1273
1275
1279
1280
1282
1282
1284
1284
1286
1286
1286
1286
1288
1290
1293
1295
1297
1299
1299
1299
1301
1301
1301
1301
1299
1299
1299
1299
1301
1303
1303
1303
1301
1301
1301
1299
1299
1297
1295
1291
1290
1286
1284
1282
1282
1282
1280
1280
1280
1280
1280
1279
1277
1273
1269
1268
1266
1264
1264
1264
1264
1264
1266
1264
1264
1260
1253
1253
1268
1279
1286
1293
1299
1301
1299
1295
1291
1286
1280
1271
1262
1258
1258
1258
1260
1260
1262
1264
1266
1268
1269
1271
1273
1273
1273
1271
1269
1269
1271
1275
1275
1273
1269
1268
1268
1266
1266
1264
1264
1262
1260
1260
1258
1258
1260
1260
1260
1260
1260
1260
1258
1258
1258
1258
1258
1257
1255
1255
1255
1255
1255
1253
1251
1251
1249
1251
1253
1253
1255
1257
1260
1262
1264
1264
1266
1266
1264
1264
1268
1273
1277
1280
1282
1280
1280
1279
1279
1277
1273
1269
1266
1262
1260
1260
1260
1262
1266
1271
1277
1284
1290
1295
1299
1303
1304
1306
1308
1310
1312
1314
1319
1323
1326
1328
1332
1334
1334
1332
1330
1326
1321
1317
1314
1310
1306
1304
1301
1295
1291
1288
1282
1277
1271
1266
1260
1257
1255
1257
1257
1258
1262
1269
1279
1290
1334
1430
1560
1730
1930
2160
2409
2644
2839
2950
2959
2893
2712
2469
2221
2007
1860
1766
1687
1590
1479
1358
1247
1177
1152
1142
1148
1157
1159
1161
1163
1163
1165
1165
1166
1168
1170
1172
1172
1174
1174
1174
1174
1174
1176
1177
1179
1181
1185
1188
1192
1196
1201
1205
1211
1214
1218
1223
1231
1236
1242
1247
1251
1253
1258
1262
1268
1271
1277
1284
1291
1301
1310
1323
1334
1345
1354
1363
1374
1384
1391
1398
1406
1417
1430
1444
1461
1479
1492
1503
1514
1525
1534
1542
1549
1557
1569
1588
1591
1591
1591
1591
1591
1590
1590
1590
1590
1590
1590
1586
1582
1577
1568
1560
1547
1523
1496
1466
1439
1413
1391
1372
1352
1332
1312
1295
1280
1266
1253
1247
1242
1236
1233
1227
1223
1220
1216
1214
1212
1212
1212
1214
1216
1218
1220
1222
1223
1225
1227
1227
1229
1227
1227
1227
1229
1231
1233
1234
1236
1238
1242
1244
1245
1245
1245
1245
1245
1244
1244
1244
1244
1244
1244
1244
1244
1244
1244
1242
1242
1242
1242
1240
1240
1238
1238
1236
1236
1234
1233
1233
1231
1231
1229
1229
1229
1229
1231
1233
1233
1234
1234
1234
1233
1233
1231
1233
1236
1242
1245
1247
1251
1253
1257
1260
1262
1262
1262
1264
1264
1268
1269
1271
1275
1279
1284
1290
1295
1301
1306
1306
1310
1314
1317
1321
1323
1326
1328
1332
1338
1341
1345
1347
1349
1349
1350
1350
1350
1352
1352
1352
1354
1354
1356
1358
1360
1360
1360
1361
1363
1369
1372
1376
1376
1372
1367
1361
1356
1354
1352
1349
1345
1341
1339
1338
1336
1334
1334
1332
1332
1332
1332
1332
1330
1328
1326
1323
1321
1317
1315
1314
1312
1310
1310
1310
1308
1308
1306
1306
1306
1304
1304
1303
1301
1301
1299
1299
1297
1297
1297
1297
1299
1299
1301
1303
1304
1304
1304
1304
1304
1303
1301
1301
1299
1299
1299
1301
1301
1301
1301
1301
1299
1299
1295
1293
1291
1288
1286
1282
1280
1277
1275
1271
1269
1266
1258
1251
1242
1234
1227
1222
1216
1212
1207
1201
1194
1183
1174
1174
1185
1205
1266
1352
1472
1626
1814
2022
2241
2449
2615
2694
2692
2602
2410
2175
1937
1735
1595
1509
1444
1374
1295
1207
1161
1144
1137
1131
1128
1124
1120
1118
1117
1115
1113
1111
1109
1109
1111
1111
1113
1115
1118
1120
1124
1130
1133
1139
1142
1146
1150
1153
1155
1159
1163
1166
1172
1177
1185
1190
1198
1201
1207
1209
1212
1216
1220
1223
1229
1234
1244
1255
1268
1280
1293
1306
1314
1323
1332
1339
1347
1352
1356
1360
1363
1371
1378
1389
1409
1435
1455
1474
1492
1514
1522
1527
1533
1540
1545
1549
1553
1557
1558
1558
1560
1560
1560
1558
1557
1553
1549
1545
1542
1536
1531
1525
1511
1474
1448
1428
1407
1387
1369
1350
1326
1291
1269
1260
1253
1247
1242
1236
1233
1229
1225
1220
1214
1203
1192
1181
1170
1161
1153
1155
1168
1183
1192
1201
1209
1216
1223
1229
1236
1242
1245
1251
1253
1257
1258
1260
1264
1266
1268
1271
1273
1277
1280
1284
1286
1286
1288
1288
1288
1288
1288
1290
1290
1291
1293
1295
1299
1301
1301
1301
1299
1297
1293
1291
1288
1284
1280
1277
1273
1268
1260
1258
1262
1269
1277
1280
1284
1288
1291
1293
1293
1295
1297
1297
1299
1299
1297
1297
1297
1297
1297
1295
1293
1290
1286
1286
1288
1291
1297
1301
1306
1310
1312
1312
1312
1314
1312
1312
1310
1310
1310
1310
1310
1308
1310
1312
1314
1314
1314
1314
1314
1314
1315
1315
1315
1315
1315
1315
1317
1317
1317
1317
1315
1314
1312
1310
1308
1306
1306
1304
1304
1304
1304
1304
1303
1299
1297
1293
1290
1286
1282
1279
1277
1277
1277
1279
1279
1280
1280
1280
1280
1279
1279
1277
1275
1273
1271
1271
1271
1273
1273
1277
1280
1284
1286
1290
1291
1291
1293
1295
1295
1297
1299
1301
1303
1304
1306
1306
1308
1312
1314
1314
1315
1315
1317
1317
1319
1321
1323
1325
1326
1328
1332
1336
1349
1365
1372
1376
1374
1356
1343
1330
1321
1314
1310
1308
1304
1297
1295
1303
1308
1315
1319
1314
1303
1290
1277
1266
1260
1255
1249
1245
1242
1240
1244
1249
1258
1290
1343
1424
1542
1700
1901
2133
2376
2598
2769
2849
2850
2773
2606
2388
2168
1976
1829
1709
1599
1492
1396
1306
1223
1179
1172
1165
1159
1153
1148
1144
1142
1139
1137
1135
1135
1137
1139
1142
1146
1148
1150
1153
1157
1159
1163
1166
1168
1174
1179
1187
1192
1198
1201
1205
1209
1212
1216
1220
1225
1229
1234
1245
1255
1266
1280
1291
1297
1303
1304
1306
1308
1312
1315
1319
1325
1334
1345
1356
1374
1406
1422
1435
1446
1463
1481
1494
1505
1516
1525
1540
1553
1566
1571
1579
1584
1591
1597
1601
1604
1606
1608