2343
2568
2790
2997
3171
3231
3183
3118
3062
2997
2958
2929
2908
2890
2873
2861
2849
2837
2825
2807
2793
2790
2807
2840
2873
2899
2929
2955
2970
2973
2976
2979
2982
2985
2988
2985
2976
2970
2964
2961
2958
2964
2985
3012
3041
3094
3168
3239
3299
3337
3361
3390
3429
3473
3518
3565
3624
3674
3716
3751
3784
3843
3920
3988
4029
4053
4065
4080
4089
4095
4083
4059
4035
4018
4003
3988
3976
3961
3950
3938
3926
3914
3899
3881
3855
3802
3757
3719
3686
3654
3624
3594
3568
3538
3506
3452
3373
3316
3287
3266
3242
3219
3198
3165
3127
3091
3065
3029
2985
2929
2852
2757
2698
2671
2648
2621
2597
2568
2526
2467
2417
2370
2322
2278
2233
2189
2139
2106
2085
2071
2050
2026
2003
1967
1917
1846
1801
1763
1722
1674
1621
1571
1529
1506
1494
1485
1476
1464
1449
1435
1420
1399
1366
1310
1254
1221
1201
1183
1165
1148
1133
1118
1097
1059
0973
0872
0775
0671
0606
0576
0553
0582
0671
0831
1005
1153
1221
1257
1284
1281
1233
1162
1068
0961
0852
0754
0686
0633
0588
0547
0505
0464
0431
0402
0381
0372
0369
0369
0369
0369
0372
0372
0372
0369
0366
0363
0358
0352
0343
0331
0319
0304
0275
0224
0207
0201
0198
0195
0189
0186
0183
0180
0177
0177
0174
0171
0171
0168
0162
0156
0150
0142
0136
0127
0115
0103
0085
0065
0050
0038
0032
0026
0023
0020
0017
0014
0011
0008
0002
0000
0000
0008
0023
0041
0053
0065
0073
0085
0097
0109
0121
0133
0147
0162
0183
0215
0275
0340
0375
0399
0420
0434
0449
0464
0476
0485
0494
0505
0517
0529
0538
0547
0559
0571
0582
0594
0606
0621
0645
0683
0718
0754
0781
0801
0816
0834
0852
0869
0884
0896
0908
0920
0934
0949
0964
0985
1003
1020
1038
1053
1071
1088
1109
1130
1153
1177
1207
1236
1275
1310
1331
1346
1361
1372
1384
1396
1405
1411
1420
1429
1435
1437
1440
1437
1435
1437
1446
1458
1467
1467
1458
1446
1437
1429
1417
1402
1390
1381
1384
1396
1408
1420
1426
1432
1443
1455
1467
1479
1485
1491
1491
1491
1488
1485
1476
1467
1455
1443
1432
1423
1411
1390
1369
1355
1343
1334
1322
1310
1298
1290
1284
1287
1295
1310
1325
1340
1361
1378
1381
1369
1352
1343
1337
1334
1331
1325
1319
1310
1298
1290
1284
1278
1275
1266
1257
1236
1198
1174
1156
1139
1133
1142
1174
1263
1396
1550
1695
1763
1807
1837
1837
1787
1713
1618
1517
1423
1349
1293
1230
1189
1159
1139
1127
1118
1115
1112
1112
1109
1106
1103
1100
1097
1094
1088
1079
1071
1056
1041
1029
1017
1011
1005
0997
0985
0976
0964
0955
0949
0940
0934
0926
0920
0914
0908
0905
0902
0893
0887
0878
0869
0855
0831
0804
0784
0772
0760
0748
0736
0724
0713
0701
0689
0680
0668
0656
0645
0630
0618
0606
0591
0579
0571
0571
0574
0585
0600
0618
0642
0674
0730
0754
0763
0772
0778
0784
0787
0795
0807
0825
0846
0866
0887
0902
0920
0940
0958
0973
0976
0973
0973
0967
0958
0946
0926
0911
0929
0958
0976
0991
1005
1014
1020
1023
1023
1020
1011
1003
0991
0967
0952
0961
0979
0991
1000
1008
1011
1017
1017
1020
1020
1017
1011
1003
0991
0979
0967
0958
0946
0937
0932
0926
0929
0934
0943
0955
0964
0976
0985
0994
1003
1008
1011
1011
1008
1008
1005
1000
0997
0991
0982
0976
0967
0961
0961
0967
0979
0988
0994
0997
1003
1008
1014
1020
1026
1026
1029
1029
1029
1029
1029
1026
1029
1029
1032
1035
1038
1041
1041
1044
1047
1053
1056
1056
1062
1068
1071
1062
1041
1014
0985
0943
0929
0923
0917
0914
0911
0908
0908
0908
0920
0937
0955
0976
0994
1011
1026
1041
1056
1065
1071
1074
1074
1074
1071
1068
1059
1047
1035
1023
1008
0973
0881
0813
0769
0745
0742
0757
0784
0866
1020
1221
1455
1671
1819
1875
1878
1828
1692
1491
1304
1139
1047
1008
0997
0988
0979
0970
0964
0961
0955
0949
0943
0940
0937
0932
0926
0923
0920
0920
0923
0926
0926
0923
0920
0917
0914
0911
0905
0899
0893
0887
0884
0878
0872
0863
0852
0846
0840
0834
0831
0828
0825
0822
0819
0816
0813
0807
0801
0792
0787
0784
0778
0772
0766
0763
0760
0760
0760
0757
0751
0739
0727
0713
0701
0692
0683
0677
0674
0674
0677
0683
0692
0701
0710
0721
0733
0745
0775
0843
0911
0973
1000
1008
1017
1023
1026
1029
1029
1029
1032
1038
1047
1053
1062
1071
1074
1082
1088
1094
1100
1109
1121
1136
1153
1168
1180
1189
1192
1192
1186
1180
1168
1159
1150
1139
1130
1124
1118
1118
1118
1124
1127
1136
1142
1145
1148
1150
1153
1156
1156
1156
1159
1159
1162
1165
1162
1162
1159
1156
1153
1150
1148
1148
1148
1145
1145
1145
1145
1145
1145
1145
1145
1145
1145
1145
1145
1145
1145
1148
1148
1148
1150
1150
1150
1150
1150
1148
1145
1142
1139
1136
1133
1130
1127
1127
1124
1124
1121
1121
1115
1109
1103
1097
1091
1082
1077
1071
1068
1062
1062
1062
1062
1065
1068
1068
1071
1071
1071
1071
1071
1068
1065
1065
1065
1068
1071
1071
1077
1079
1085
1091
1100
1109
1118
1130
1142
1165
1183
1183
1162
1124
1068
0985
0932
0890
0890
0926
1026
1201
1411
1627
1816
1923
1964
1964
1911
1763
1600
1426
1254
1124
1085
1071
1056
1041
1026
1017
1005
0991
0979
0970
0970
0979
0994
1005
1014
1017
1023
1026
1029
1032
1026
1014
1000
0979
0961
0943
0923
0899
0875
0863
0861
0863
0866
0875
0881
0893
0908
0920
0923
0908
0887
0872
0861
0849
0837
0825
0813
0801
0790
0784
0778
0772
0769
0766
0763
0757
0751
0742
0733
0721
0713
0707
0707
0707
0710
0716
0724
0736
0751
0766
0781
0790
0801
0816
0849
0881
0914
0940
0964
0988
1008
1032
1053
1071
1082
1100
1121
1156
1177
1186
1192
1201
1207
1189
1156
1133
1115
1094
1085
1085
1097
1115
1136
1156
1183
1207
1221
1230
1242
1251
1263
1269
1272
1266
1251
1230
1213
1192
1165
1145
1133
1127
1124
1118
1112
1106
1100
1100
1109
1121
1133
1145
1156
1171
1183
1192
1192
1189
1180
1171
1162
1148
1139
1142
1153
1162
1174
1186
1186
1177
1165
1159
1156
1153
1148
1142
1136
1130
1124
1118
1112
1112
1109
1109
1106
1097
1091
1085
1085
1094
1112
1127
1136
1148
1156
1168
1177
1183
1186
1183
1177
1171
1162
1153
1148
1139
1127
1115
1103
1094
1085
1074
1068
1053
1038
1029
1023
1023
1020
1011
1003
1005
1047
1077
1103
1124
1133
1139
1142
1145
1150
1153
1159
1159
1162
1162
1159
1156
1148
1142
1133
1118
1100
1068
1035
1000
0970
0958
0946
0937
0982
1103
1275
1473
1662
1810
1858
1834
1769
1612
1449
1319
1257
1221
1189
1153
1097
1065
1053
1044
1038
1038
1038
1038
1038
1041
1044
1038
1032
1032
1029
1029
1026
1023
1020
1020
1017
1017
1017
1020
1026
1032
1035
1017
0997
0985
0976
0967
0958
0946
0937
0929
0923
0920
0917
0917
0917
0917
0920
0923
0926
0926
0926
0923
0920
0917
0911
0902
0893
0881
0872
0861
0849
0828
0813
0810
0804
0798
0792
0787
0804
0837
0855
0869
0881
0893
0905
0917
0932
0940
0949
0958
0970
0991
1026
1082
1106
1118
1130
1139
1150
1156
1162
1162
1165
1168
1174
1180
1186
1189
1192
1195
1195
1198
1201
1201
1201
1201
1201
1204
1207
1213
1216
1221
1227
1230
1233
1236
1239
1236
1233
1224
1219
1210
1204
1195
1189
1183
1174
1168
1162
1145
1130
1121
1124
1133
1145
1153
1165
1180
1195
1207
1219
1236
1260
1257
1224
1210
1198
1189
1180
1174
1171
1165
1159
1153
1148
1148
1148
1150
1153
1156
1159
1162
1168
1174
1177
1183
1186
1189
1192
1195
1198
1204
1207
1213
1216
1219
1219
1219
1219
1213
1207
1198
1189
1180
1174
1168
1162
1153
1145
1139
1136
1139
1139
1145
1145
1148
1148
1153
1162
1168
1174
1171
1165
1159
1153
1150
1145
1139
1133
1124
1118
1115
1109
1103
1094
1085
1074
1056
1023
1011
1000
0988
0991
1023
1050
1071
1091
1115
1136
1162
1192
1207
1198
1180
1162
1148
1136
1130
1127
1130
1136
1142
1148
1139
1100
1050
0973
0887
0840
0816
0798
0840
0958
1103
1275
1443
1591
1651
1683
1704
1668
1565
1437
1307
1230
1183
1156
1133
1112
1088
1071
1062
1050
1038
1026
1011
1000
0979
0932
0878
0855
0840
0846
0887
0949
1026
1068
1085
1100
1106
1106
1094
1074
1056
1041
1023
1008
0994
0982
0970
0961
0952
0946
0943
0937
0934
0934
0932
0929
0926
0920
0914
0908
0902
0893
0884
0875
0869
0863
0858
0852
0846
0837
0831
0822
0813
0804
0795
0790
0787
0784
0784
0787
0792
0798
0807
0819
0828
0840
0849
0863
0881
0902
0920
0937
0958
0985
1017
1050
1079
1097
1112
1124
1133
1142
1145
1148
1150
1150
1150
1148
1145
1139
1136
1133
1133
1130
1124
1118
1115
1115
1121
1133
1145
1156
1162
1171
1183
1192
1198
1204
1204
1204
1204
1204
1201
1195
1186
1174
1165
1156
1150
1142
1136
1127
1124
1124
1127
1130
1136
1142
1145
1150
1156
1162
1168
1168
1168
1165
1159
1153
1148
1139
1133
1124
1115
1109
1106
1103
1103
1103
1103
1100
1103
1109
1118
1127
1136
1142
1148
1150
1159
1171
1180
1183
1180
1171
1159
1148
1133
1121
1106
1091
1079
1071
1071
1074
1079
1088
1100
1109
1118
1127
1136
1142
1148
1150
1153
1153
1150
1145
1139
1133
1127
1121
1109
1094
1079
1071
1071
1074
1074
1077
1077
1079
1082
1088
1091
1094
1094
1094
1091
1088
1082
1074
1068
1059
1050
1044
1038
1035
1026
1017
1011
1005
1003
1000
1003
1005
1011
1020
1032
1044
1059
1071
1088
1109
1124
1133
1139
1145
1150
1159
1168
1168
1150
1121
1077
1000
0917
0834
0745
0689
0662
0645
0704
0884
1150
1470
1763
1899
1940
1875
1680
1470
1298
1213
1168
1142
1118
1091
1068
1047
1032
1017
1005
0994
0982
0973
0964
0955
0943
0932
0917
0893
0872
0875
0905
0943
0973
1011
1038
1044
1044
1044
1044
1047
1041
1005
0982
0958
0940
0932
0926
0920
0914
0905
0896
0887
0884
0884
0887
0890
0896
0899
0905
0911
0902
0887
0875
0863
0855
0846
0837
0834
0828
0825
0822
0819
0816
0813
0813
0813
0813
0813
0810
0807
0807
0807
0813
0822
0831
0840
0849
0858
0875
0899
0923
0949
0973
0997
1020
1044
1071
1103
1145
1156
1159
1165
1171
1174
1171
1168
1162
1153
1148
1142
1139
1130
1124
1118
1118
1124
1130
1139
1148
1153
1162
1171
1180
1186
1189
1189
1186
1180
1171
1159
1148
1130
1106
1077
1056
1026
0934
0828
0701
0565
0440
0331
0275
0245
0227
0215
0215
0227
0257
0343
0446
0565
0701
0837
0940
0970
1000
1032
1068
1115
1171
1204
1230
1251
1272
1287
1298
1304
1313
1319
1322
1322
1319
1310
1301
1293
1287
1281
1278
1275
1272
1269
1266
1263
1257
1254
1251
1245
1242
1242
1239
1236
1233
1233
1230
1230
1227
1219
1198
1186
1201
1239
1278
1325
1331
1331
1334
1334
1334
1337
1337
1340
1340
1340
1340
1337
1331
1322
1310
1298
1287
1272
1242
1213
1183
1159
1139
1124
1112
1100
1091
1082
1077
1071
1068
1065
1059
1056
1050
1047
1047
1044
1041
1035
1035
1041
1053
1068
1082
1106
1127
1139
1153
1162
1162
1145
1124
1112
1103
1094
1088
1079
1074
1071
1071
1068
1068
1068
1071
1071
1071
1077
1079
1085
1088
1100
1109
1103
1088
1079
1071
1068
1062
1059
1056
1056
1053
1053
1053
1059
1065
1071
1074
1079
1085
1091
1100
1112
1118
1118
1109
1094
1079
1059
1026
1014
1008
1003
1000
0997
1005
1020
1035
1050
1071
1085
1094
1100
1103
1112
1121
1121
1106
1097
1091
1085
1079
1074
1071
1068
1059
1053
1044
1035
1026
1020
1011
0994
0976
0967
0973
0988
1008
1032
1065
1088
1112
1133
1142
1133
1106
1077
1044
1029
1023
1017
1014
1011
1008
1003
1000
1000
1003
1008
1014
1023
1035
1053
1056
1044
1038
1035
1029
1023
1020
1020
1023
1029
1038
1047
1059
1068
1068
1062
1056
1053
1050
1047
1047
1044
1044
1044
1044
1041
1038
1035
1035
1038
1038
1038
1038
1038
1035
1038
1041
1044
1047
1050
1050
1053
1056
1059
1059
1062
1062
1062
1062
1068
1071
1071
1074
1077
1077
1077
1077
1074
1071
1068
1062
1056
1047
1029
1020
1032
1056
1071
1082
1097
1109
1112
1106
1091
1077
1068
1062
1056
1047
1041
1029
1023
1017
1014
1014
1014
1014
1017
1020
1026
1035
1041
1050
1056
1059
1068
1074
1082
1088
1091
1088
1082
1071
1062
1047
1026
0991
0985
1003
1014
1020
1029
1035
1038
1035
1023
1011
1000
0988
0976
0964
0949
0934
0926
0929
0934
0949
0964
0979
0994
1020
1044
1062
1074
1085
1094
1100
1109
1115
1115
1115
1109
1103
1094
1082
1041
0955
0908
0861
0819
0787
0769
0790
0855
1000
1183
1387
1568
1695
1736
1719
1668
1541
1396
1266
1171
1127
1100
1077
1050
1032
1017
1005
1000
0997
1000
1005
1014
1023
1029
1032
1038
1044
1047
1050
1050
1044
1041
1038
1032
1026
1023
1020
1014
1008
1005
1003
1000
0997
0997
1000
1000
1003
1005
1008
1008
1011
1017
1026
1026
1000
0973
0943
0917
0902
0887
0878
0869
0866
0863
0866
0872
0881
0890
0896
0911
0923
0926
0911
0890
0875
0861
0846
0837
0837
0846
0861
0875
0890
0902
0917
0932
0943
0955
0967
0982
0997
1014
1035
1056
1071
1082
1094
1103
1112
1121
1130
1136
1145
1150
1156
1162
1165
1168
1171
1171
1174
1174
1177
1180
1183
1183
1183
1183
1183
1186
1186
1183
1180
1174
1168
1165
1162
1159
1156
1153
1148
1145
1145
1145
1145
1142
1136
1130
1127
1130
1133
1136
1142
1142
1145
1150
1156
1162
1165
1165
1159
1150
1142
1130
1115
1094
1074
1068
1071
1082
1100
1109
1118
1127
1136
1145
1150
1150
1148
1142
1139
1136
1136
1133
1130
1127
1121
1118
1115
1115
1112
1112
1109
1106
1106
1109
1109
1112
1112
1109
1109
1109
1109
1106
1103
1097
1097
1109
1118
1127
1136
1142
1145
1142
1136
1130
1127
1127
1124
1121
1118
1115
1115
1115
1115
1112
1106
1100
1094
1091
1088
1079
1071
1065
1059
1050
1044
1029
1008
0991
0982
0988
1003
1020
1038
1050
1065
1077
1094
1106
1118
1124
1130
1133
1139
1148
1156
1159
1162
1156
1150
1142
1130
1118
1103
1077
1050
1017
0967
0908
0866
0840
0861
0929
1071
1272
1529
1793
1970
2029
1988
1861
1636
1399
1186
1100
1077
1068
1059
1047
1035
1023
1014
1011
1005
1003
1003
1003
1005
1005
1005
1003
1000
0997
0994
0994
0994
0997
0997
0994
0994
0991
0988
0985
0982
0979
0976
0976
0976
0976
0973
0970
0967
0961
0958
0952
0946
0937
0929
0920
0911
0902
0896
0887
0878
0872
0869
0863
0855
0849
0840
0834
0828
0822
0822
0822
0822
0825
0831
0834
0840
0846
0852
0861
0866
0878
0896
0911
0926
0937
0946
0955
0964
0973
0982
0994
1005
1017
1032
1047
1065
1085
1106
1127
1145
1156
1168
1180
1192
1201
1207
1213
1216
1216
1219
1221
1221
1227
1236
1242
1245
1239
1227
1216
1210
1207
1204
1201
1195
1192
1189
1186
1180
1177
1171
1168
1168
1165
1162
1156
1150
1139
1109
1050
0940
0837
0739
0671
0597
0526
0473
0437
0434
0449
0494
0597
0730
0846
0911
0973
1050
1133
1198
1236
1263
1242
1224
1213
1207
1204
1204
1213
1227
1239
1251
1260
1269
1278
1284
1287
1284
1278
1269
1260
1251
1242
1230
1221
1221
1230
1239
1248
1254
1266
1278
1287
1287
1278
1266
1251
1239
1227
1216
1204
1198
1198
1201
1210
1219
1227
1245
1254
1242
1221
1207
1192
1177
1171
1177
1192
1213
1236
1266
1278
1278
1281
1284
1281
1245
1207
1165
1130
1100
1074
1062
1053
1041
1032
1023
1023
1041
1062
1071
1079
1085
1091
1097
1106
1112
1118
1118
1121
1118
1118
1118
1118
1118
1118
1118
1115
1115
1118
1115
1112
1109
1106
1103
1097
1091
1082
1077
1071
1068
1062
1059
1053
1047
1041
1035
1032
1026
1023
1020
1020
1020
1020
1020
1020
1023
1026
1032
1041
1047
1050
1059
1068
1071
1071
1068
1056
1044
1023
0997
0973
0958
0946
0937
0934
0937
0946
0958
0964
0970
0979
0985
0994
0997
1003
1005
1014
1026
1008
0994
0985
0976
0970
0967
0964
0967
0967
0967
0970
0970
0976
0982
0964
0929
0896
0878
0863
0866
0890
0929
0970
0991
1003
1011
1014
1011
1000
0985
0955
0926
0911
0902
0932
0964
0991
0994
0970
0958
0946
0937
0929
0926
0929
0937
0946
0955
0961
0967
0973
0982
0988
0994
1003
1005
1011
1017
1026
1035
1047
1065
1071
1071
1071
1071
1074
1077
1077
1077
1079
1079
1082
1085
1088
1091
1094
1100
1106
1115
1121
1127
1130
1139
1150
1165
1171
1174
1171
1162
1153
1148
1145
1142
1133
1127
1118
1118
1121
1127
1136
1145
1150
1156
1168
1180
1192
1207
1216
1221
1227
1236
1245
1251
1251
1248
1239
1227
1216
1195
1165
1150
1139
1139
1162
1177
1192
1204
1213
1213
1207
1198
1189
1180
1174
1162
1153
1145
1139
1136
1136
1136
1133
1130
1124
1121
1124
1130
1142
1153
1171
1195
1201
1204
1210
1213
1213
1201
1189
1177
1168
1159
1150
1139
1121
1091
1038
0976
0934
0902
0902
0958
1088
1284
1494
1665
1730
1733
1668
1585
1544
1482
1408
1301
1183
1124
1103
1127
1174
1180
1124
1029
0994
0985
0979
0976
0973
0973
0973
0970
0967
0964
0964
0964
0964
0964
0964
0961
0958
0955
0949
0940
0940
0952
0961
0976
0976
0964
0955
0952
0946
0940
0937
0934
0929
0923
0917
0908
0899
0881
0846
0831
0825
0819
0816
0813
0813
0810
0810
0807
0804
0804
0807
0810
0813
0816
0822
0825
0831
0843
0843
0831
0816
0801
0801
0819
0834
0843
0852
0866
0881
0896
0908
0920
0932
0943
0955
0964
0973
0982
0991
1003
1014
1026
1041
1059
1085
1121
1136
1150
1162
1130
1106
1091
1079
1071
1071
1074
1085
1100
1115
1130
1148
1165
1174
1171
1159
1150
1142
1136
1130
1124
1121
1118
1115
1112
1115
1118
1121
1127
1130
1133
1139
1145
1150
1153
1153
1145
1130
1112
1097
1071
1059
1071
1094
1118
1145
1165
1183
1201
1219
1219
1192
1150
1118
1109
1103
1097
1097
1103
1115
1130
1148
1171
1183
1189
1195
1201
1204
1204
1201
1192
1183
1177
1174
1171
1165
1162
1156
1150
1148
1142
1136
1130
1124
1118
1115
1112
1109
1106
1100
1094
1085
1079
1079
1085
1094
1103
1112
1121
1130
1145
1156
1165
1168
1165
1162
1159
1156
1150
1142
1156
1168
1177
1180
1183
1180
1168
1150
1124
1071
0994
0929
0893
0869
0855
0866
0899
0991
1165
1393
1639
1849
1964
2006
1970
1861
1656
1446
1290
1221
1201
1192
1180
1174
1162
1112
0997
0917
0887
0890
0934
1008
1050
1056
1062
1062
1062
1062
1062
1056
1053
1044
1035
1026
1008
0985
0958
0934
0917
0902
0905
0920
0937
0949
0958
0970
0976
0982
0988
0988
0985
0979
0970
0958
0946
0932
0911
0890
0872
0855
0843
0831
0819
0810
0807
0804
0810
0816
0822
0831
0843
0861
0869
0855
0825
0795
0763
0751
0745
0739
0733
0739
0772
0819
0884
0949
1014
1041
1053
1059
1068
1071
1071
1074
1079
1082
1088
1091
1097
1103
1109
1115
1124
1130
1139
1148
1162
1180
1192
1201
1207
1210
1216
1219
1221
1224
1227
1227
1227
1227
1227
1224
1219
1213
1207
1201
1192
1186
1180
1171
1162
1153
1148
1142
1139
1139
1139
1136
1136
1136
1133
1130
1127
1121
1118
1115
1115
1118
1121
1130
1136
1142
1150
1156
1165
1171
1177
1183
1183
1183
1177
1174
1171
1168
1162
1156
1150
1145
1139
1136
1130
1112
1094
1091
1109
1127
1139
1148
1153
1159
1165
1171
1177
1186
1192
1192
1192
1186
1180
1174
1165
1153
1142
1127
1112
1097
1082
1062
1035
1020
1017
1014
1014
1011
1008
1005
1029
1071
1085
1097
1112
1124
1133
1139
1148
1153
1159
1165
1165
1165
1165
1159
1153
1145
1139
1130
1121
1112
1100
1077
1008
0958
0929
0908
0908
0929
0973
1091
1290
1506
1704
1861
1911
1890
1825
1648
1435
1245
1168
1145
1133
1118
1100
1085
1071
1059
1038
1023
1011
1011
1023
1041
1059
1071
1091
1109
1112
1094
1071
1044
1005
0985
0979
0970
0958
0961
0994
1011
1026
1038
1050
1056
1056
1050
1038
1023
1005
0991
0973
0952
0934
0917
0896
0881
0869
0861
0855
0849
0846
0843
0840
0837
0834
0831
0828
0822
0816
0813
0813
0813
0816
0819
0822
0822
0825
0828
0834
0837
0840
0843
0846
0849
0852
0861
0869
0884
0923
0952
0976
0994
1014
1047
1085
1118
1148
1177
1195
1198
1198
1198
1201
1207
1213
1210
1204
1198
1192
1186
1180
1180
1180
1180
1180
1177
1177
1177
1180
1183
1186
1189
1192
1195
1201
1204
1207
1213
1216
1221
1227
1245
1254
1242
1216
1195
1177
1162
1156
1153
1153
1150
1148
1142
1139
1139
1139
1139
1139
1139
1139
1142
1148
1156
1162
1168
1171
1174
1180
1186
1189
1189
1186
1180
1174
1171
1168
1168
1162
1159
1159
1156
1156
1156
1156
1153
1150
1150
1150
1153
1153
1153
1153
1153
1153
1153
1153
1153
1153
1153
1153
1153
1150
1150
1148
1148
1150
1150
1148
1145
1148
1150
1127
1109
1100
1091
1085
1079
1077
1074
1071
1068
1059
1053
1050
1047
1041
1032
1020
1011
1011
1026
1044
1065
1079
1094
1112
1127
1145
1159
1174
1189
1201
1213
1221
1224
1219
1204
1177
1097
1008
0902
0852
0813
0787
0822
0934
1118
1364
1621
1831
1917
1914
1807
1624
1429
1269
1192
1162
1162
1174
1186
1198
1153
1071
1008
0973
0946
0946
0976
0988
0997
1003
1005
1011
1017
1020
1026
1029
1029
1026
1023
1017
1011
1003
0997
0988
0982
0979
0979
0979
0979
0976
0973
0970
0961
0955
0946
0937
0932
0923
0914
0908
0899
0893
0884
0866
0849
0834
0828
0828
0837
0846
0852
0861
0875
0887
0887
0869
0843
0819
0790
0772
0763
0757
0754
0745
0739
0757
0790
0819
0849
0872
0890
0908
0923
0940
0958
0976
1000
1026
1065
1097
1133
1162
1162
1165
1168
1165
1165
1165
1162
1162
1159
1156
1156
1156
1153
1150
1150
1150
1153
1156
1159
1162
1165
1168
1174
1180
1186
1189
1192
1195
1198
1204
1213
1219
1224
1230
1230
1227
1224
1216
1207
1195
1174
1139
1127
1112
1100
1124
1139
1150
1162
1168
1171
1171
1165
1162
1156
1153
1148
1145
1139
1136
1133
1133
1133
1133
1136
1139
1142
1148
1150
1153
1156
1156
1156
1156
1159
1159
1159
1162
1162
1162
1162
1159
1156
1153
1148
1142
1136
1133
1127
1124
1118
1115
1112
1112
1112
1115
1118
1124
1130
1136
1148
1159
1165
1159
1148
1136
1127
1118
1112
1103
1094
1085
1079
1071
1068
1059
1050
1044
1038
1026
1017
1008
1005
1008
1017
1029
1041
1050
1059
1068
1077
1088
1100
1112
1121
1130
1136
1148
1156
1165
1171
1171
1171
1171
1171
1174
1180
1148
1091
1026
0958
0878
0813
0769
0766
0801
0896
1100
1355
1606
1807
1893
1893
1804
1686
1594
1511
1414
1293
1177
1082
1056
1047
1038
1035
1044
1047
1050
1050
1050
1053
1053
1053
1050
1044
1035
1023
1011
1003
0994
0985
0976
0967
0964
0964
0967
0970
0976
0982
0988
0991
0997
1005
1008
1011
1008
0997
0982
0970
0961
0955
0946
0934
0923
0914
0905
0896
0890
0881
0869
0861
0849
0840
0834
0828
0828
0825
0819
0816
0816
0810
0807
0807
0819
0831
0843
0843
0828
0816
0804
0798
0801
0816
0837
0869
0929
0967
0991
1011
1038
1062
1079
1097
1112
1124
1133
1142
1148
1153
1159
1165
1174
1183
1189
1195
1198
1201
1204
1207
1210
1210
1210
1207
1210
1210
1213
1210
1207
1201
1192
1189
1183
1168
1159
1165
1174
1183
1189
1198
1204
1204
1201
1192
1180
1171
1168
1168
1162
1159
1156
1153
1153
1150
1148
1142
1139
1139
1139
1139
1136
1136
1136
1133
1136
1136
1136
1136
1136
1133
1133
1130
1127
1124
1121
1118
1121
1124
1130
1133
1139
1142
1145
1150
1153
1159
1159
1162
1159
1159
1156
1153
1153
1150
1145
1139
1133
1127
1124
1115
1103
1094
1106
1130
1145
1156
1171
1180
1183
1180
1171
1159
1145
1130
1109
1079
1056
1044
1038
1032
1029
1020
1014
1011
1017
1032
1050
1071
1100
1109
1112
1115
1121
1127
1130
1133
1136
1139
1139
1142
1139
1139
1133
1130
1124
1121
1115
1106
1097
1085
1062
1008
0973
0949
0949
0976
1047
1198
1402
1621
1816
1943
1988
1958
1867
1695
1529
1393
1301
1248
1204
1168
1136
1097
1065
1029
0994
0967
1005
1050
1079
1097
1082
1059
1038
1014
0997
0991
0997
1005
1017
1023
1026
1032
1035
1038
1041
1041
1044
1041
1035
1029
1017
1008
0997
0988
0979
0973
0967
0961
0958
0952
0946
0940
0937
0932
0929
0926
0920
0914
0911
0905
0899
0890
0875
0858
0846
0837
0831
0822
0810
0801
0801
0813
0828
0840
0849
0858
0863
0869
0881
0890
0902
0914
0926
0937
0949
0964
0982
0994
1008
1023
1038
1053
1071
1088
1115
1142
1159
1174
1189
1201
1213
1221
1227
1230
1230
1230
1230
1230
1230
1233
1236
1239
1245
1245
1236
1227
1219
1207
1198
1192
1189
1192
1195
1201
1207
1213
1216
1213
1207
1201
1195
1189
1183
1177
1174
1171
1168
1168
1171
1174
1177
1183
1189
1195
1204
1210
1219
1221
1216
1198
1177
1153
1121
1106
1097
1091
1079
1074
1088
1115
1124
1133
1142
1148
1150
1153
1159
1165
1171
1174
1177
1177
1174
1168
1165
1162
1159
1153
1148
1142
1136
1133
1130
1127
1118
1109
1103
1097
1094
1097
1103
1115
1124
1139
1165
1162
1133
1115
1100
1088
1079
1077
1077
1079
1085
1094
1103
1112
1127
1133
1124
1106
1094
1085
1074
1065
1053
1038
1026
1011
0994
0979
0973
0976
0988
1003
1023
1050
1071
1082
1091
1100
1109
1112
1115
1112
1106
1097
1085
1077
1068
1056
1038
1020
1000
0979
0958
0934
0917
0917
0929
0952
1020
1145
1295
1440
1571
1653
1683
1683
1639
1517
1372
1248
1150
1091
1026
0988
0973
0964
0958
0976
1014
1041
1065
1085
1097
1094
1085
1071
1053
1026
0982
0949
0932
0920
0908
0902
0899
0896
0893
0893
0893
0899
0908
0917
0926
0937
0952
0964
0973
0970
0961
0949
0937
0929
0920
0905
0881
0858
0843
0831
0819
0807
0798
0790
0784
0775
0769
0763
0757
0751
0748
0742
0736
0730
0721
0713
0707
0707
0713
0721
0736
0748
0760
0769
0781
0792
0804
0813
0825
0831
0840
0846
0858
0875
0896
0917
0940
0973
1014
1044
1065
1077
1088
1097
1103
1112
1118
1121
1124
1130
1130
1133
1133
1133
1136
1136
1136
1136
1136
1136
1136
1136
1139
1139
1139
1136
1133
1130
1130
1127
1127
1124
1121
1118
1118
1118
1118
1115
1109
1100
1103
1124
1148
1162
1180
1192
1201
1198
1186
1168
1150
1136
1124
1112
1103
1094
1091
1088
1094
1100
1109
1121
1130
1136
1148
1156
1168
1177
1183
1186
1183
1177
1171
1165
1162
1159
1153
1148
1145
1139
1136
1136
1133
1130
1130
1127
1127
1127
1127
1127
1124
1124
1124
1124
1124
1124
1127
1130
1136
1139
1142
1145
1148
1153
1156
1162
1165
1168
1174
1192
1207
1207
1192
1168
1150
1133
1115
1103
1094
1088
1079
1071
1068
1062
1062
1062
1068
1077
1088
1103
1115
1130
1148
1156
1156
1148
1133
1112
1088
1059
1035
1023
1011
0997
0988
1003
1032
1056
1077
1097
1115
1130
1142
1153
1165
1174
1180
1180
1177
1168
1156
1145
1130
1100
1068
1023
0961
0890
0828
0781
0748
0751
0804
0949
1162
1405
1636
1798
1855
1834
1769
1630
1488
1358
1230
1165
1130
1112
1094
1068
1035
1005
0976
0952
0943
0952
0967
0982
0991
1000
1005
1005
1008
1011
1017
1023
1026
1032
1032
1035
1032
1032
1029
1029
1026
1020
1017
1011
1003
0997
0988
0982
0970
0943
0926
0914
0905
0896
0890
0890
0902
0911
0920
0926
0932
0937
0940
0934
0917
0896
0875
0861
0843
0822
0807
0792
0787
0790
0798
0810
0822
0831
0840
0849
0858
0866
0875
0881
0890
0896
0902
0911
0917
0923
0926
0932
0937
0946
0961
0991
1071
1127
1162
1183
1189
1192
1192
1195
1195
1198
1198
1198
1201
1204
1207
1210
1210
1213
1213
1210
1210
1210
1210
1210
1210
1216
1219
1224
1227
1224
1219
1207
1195
1186
1174
1159
1150
1148
1150
1153
1156
1159
1162
1162
1165
1168
1171
1174
1174
1177
1174
1174
1174
1171
1168
1162
1159
1156
1156
1156
1156
1159
1159
1159
1159
1159
1159
1159
1156
1156
1156
1159
1162
1162
1165
1165
1165
1165
1168
1171
1174
1174
1174
1174
1174
1174
1174
1174
1174
1171
1171
1171
1174
1174
1174
1171
1168
1168
1165
1165
1162
1162
1159
1156
1153
1156
1156
1153
1150
1150
1150
1150
1150
1148
1145
1142
1142
1142
1145
1148
1150
1150
1153
1159
1159
1162
1162
1162
1162
1162
1162
1165
1165
1165
1165
1165
1162
1159
1153
1148
1142
1136
1127
1121
1112
1106
1097
1091
1085
1074
1065
1053
1044
1041
1047
1056
1071
1082
1097
1109
1124
1136
1150
1159
1168
1174
1177
1177
1171
1162
1150
1136
1121
1103
1079
1038
1000
0967
0940
0917
0896
0890
0893
0911
0940
1032
1148
1290
1446
1597
1704
1742
1739
1692
1565
1408
1287
1210
1142
1091
1044
1003
0967
0949
0961
0985
0997
1005
1014
1020
1026
1032
1035
1038
1038
1038
1038
1035
1032
1023
1014
1003
0994
0988
0985
0979
0976
0973
0970
0967
0964
0961
0955
0952
0946
0943
0940
0934
0932
0929
0926
0923
0920
0917
0914
0911
0905
0899
0890
0881
0869
0861
0849
0840
0831
0825
0816
0810
0807
0801
0795
0790
0784
0781
0778
0781
0790
0798
0807
0819
0828
0837
0846
0855
0863
0875
0887
0896
0905
0914
0929
0946
0991
1068
1097
1109
1124
1133
1142
1148
1150
1153
1153
1153
1156
1156
1156
1153
1153
1153
1153
1156
1156
1156
1156
1159
1159
1162
1162
1165
1162
1162
1162
1165
1165
1168
1168
1171
1171
1174
1177
1177
1177
1177
1177
1174
1174
1171
1168
1165
1165
1165
1165
1165
1165
1162
1159
1159
1156
1156
1153
1150
1148
1148
1150
1153
1156
1159
1162
1165
1168
1171
1174
1174
1177
1180
1192
1201
1207
1204
1201
1198
1198
1198
1195
1195
1195
1195
1192
1192
1189
1186
1183
1183
1183
1186
1186
1186
1183
1183
1183
1186
1186
1180
1177
1171
1168
1171
1177
1189
1198
1207
1224
1236
1224
1204
1186
1171
1156
1148
1142
1139
1136
1133
1130
1127
1127
1124
1127
1127
1127
1127
1127
1130
1130
1133
1133
1136
1133
1133
1130
1124
1118
1112
1106
1100
1094
1088
1079
1074
1068
1062
1047
1032
1017
1003
0997
0997
1000
1008
1023
1041
1077
1130
1153
1171
1180
1174
1162
1153
1148
1145
1142
1136
1130
1121
1112
1097
1044
0958
0852
0810
0784
0792
0893
1062
1278
1526
1751
1878
1923
1890
1798
1639
1479
1346
1239
1171
1112
1071
1023
0988
0955
0943
0958
0985
1003
1020
1032
1044
1053
1059
1065
1071
1082
1091
1094
1082
1065
1029
0979
0949
0932
0923
0923
0937
0955
0967
0979
0988
0997
1003
0994
0982
0967
0955
0946
0940
0934
0929
0923
0914
0908
0899
0890
0884
0878
0872
0863
0858
0852
0846
0840
0825
0810
0795
0784
0775
0766
0760
0751
0742
0736
0733
0733
0739
0748
0760
0775
0795
0831
0861
0884
0899
0917
0937
0958
0979
0997
1014
1029
1044
1056
1065
1071
1077
1085
1091
1097
1103
1109
1112
1118
1121
1127
1133
1145
1162
1186
1201
1213
1224
1227
1224
1216
1201
1177
1142
1124
1115
1109
1106
1109
1115
1121
1127
1130
1136
1139
1142
1145
1145
1148
1148
1145
1145
1142
1136
1130
1124
1115
1100
1088
1094
1109
1115
1124
1130
1133
1136
1133
1127
1118
1106
1094
1077
1065
1065
1071
1079
1088
1094
1100
1106
1112
1118
1124
1130
1139
1150
1159
1162
1153
1145
1139
1136
1133
1133
1130
1127
1124
1118
1115
1112
1109
1109
1106
1103
1100
1094
1085
1071
1071
1097
1118
1136
1148
1159
1165
1171
1186
1201
1186
1139
1074
1053
1044
1035
1029
1020
1017
1029
1053
1071
1094
1115
1130
1148
1162
1171
1165
1150
1130
1106
1085
1059
1026
1008
1000
0991
0985
0985
0991
1000
1014
1035
1071
1100
1115
1130
1148
1162
1177
1198
1198
1177
1165
1156
1148
1142
1133
1124
1118
1106
1079
1041
0976
0893
0869
0858
0878
0997
1171
1387
1609
1798
1908
1946
1920
1840
1710
1547
1384
1242
1159
1133
1112
1097
1071
1026
0997
0979
0967
0961
0964
0970
0982
0994
1005
1020
1032
1044
1056
1068
1071
1071
1053
1029
1017
1008
1000
0991
0982
0976
0967
0961
0958
0952
0952
0949
0949
0949
0949
0949
0949
0946
0943
0940
0937
0934
0929
0926
0917
0911
0902
0896
0890
0881
0869
0858
0846
0834
0825
0813
0801
0787
0778
0772
0769
0766
0757
0748
0751
0781
0819
0872
0908
0929
0949
0964
0988
1008
1014
1017
1020
1020
1020
1017
1014
1020
1041
1059
1074
1094
1115
1150
1201
1230
1245
1260
1266
1269
1263
1254
1239
1224
1198
1165
1156
1150
1148
1142
1139
1139
1142
1145
1148
1153
1159
1165
1171
1177
1180
1177
1171
1168
1162
1162
1159
1156
1153
1150
1150
1148
1148
1148
1148
1148
1148
1150
1150
1150
1150
1150
1148
1145
1145
1145
1145
1142
1139
1136
1136
1133
1133
1133
1127
1121
1115
1112
1115
1127
1139
1150
1156
1162
1171
1180
1189
1195
1201
1201
1201
1201
1201
1195
1189
1183
1174
1168
1159
1153
1148
1130
1112
1100
1100
1106
1118
1127
1136
1142
1148
1156
1165
1168
1165
1159
1153
1145
1139
1124
1115
1121
1133
1139
1145
1150
1156
1159
1162
1162
1165
1165
1165
1162
1159
1153
1145
1139
1130
1124
1109
1077
1065
1056
1050
1047
1044
1044
1047
1053
1065
1074
1082
1091
1097
1103
1112
1118
1127
1133
1139
1142
1142
1142
1139
1136
1130
1124
1115
1106
1094
1079
1053
0994
0937
0899
0878
0866
0902
1011
1180
1384
1591
1763
1867
1872
1810
1656
1479
1304
1195
1162
1145
1127
1109
1097
1088
1079
1074
1071
1068
1065
1065
1068
1068
1068
1062
1059
1056
1056
1053
1053
1050
1050
1047
1047
1044
1044
1044
1041
1035
1032
1026
1023
1017
1014
1008
1003
0997
0991
0988
0985
0982
0976
0970
0967
0964
0958
0955
0949
0943
0940
0937
0934
0932
0926
0917
0905
0896
0887
0875
0863
0837
0822
0819
0819
0819
0819
0819
0816
0813
0810
0816
0828
0840
0855
0869
0887
0905
0926
0940
0955
0967
0988
1017
1059
1097
1133
1139
1133
1130
1130
1130
1133
1133
1136
1136
1136
1139
1145
1150
1156
1156
1156
1156
1159
1162
1168
1174
1180
1183
1186
1192
1198
1198
1198
1198
1195
1189
1186
1183
1177
1168
1162
1156
1153
1153
1150
1148
1142
1133
1124
1118
1115
1115
1118
1121
1130
1136
1145
1159
1171
1174
1171
1162
1156
1156
1153
1150
1148
1145
1142
1139
1139
1136
1136
1136
1136
1139
1142
1145
1148
1148
1148
1148
1150
1150
1150
1148
1148
1148
1145
1145
1145
1142
1139
1136
1133
1133
1130
1130
1127
1124
1124
1121
1121
1121
1118
1112
1106
1103
1103
1103
1106
1106
1106
1109
1112
1118
1124
1127
1124
1121
1115
1109
1106
1100
1094
1085
1077
1068
1059
1050
1044
1038
1026
1020
1014
1014
1014
1017
1017
1017
1017
1020
1023
1023
1020
1014
1011
1008
1005
1005
1020
1044
1068
1079
1091
1103
1115
1127
1136
1142
1142
1139
1133
1124
1115
1100
1085
1050
0979
0917
0861
0822
0795
0795
0834
0940
1112
1337
1577
1778
1858
1884
1834
1671
1467
1263
1150
1118
1097
1085
1074
1065
1053
1047
1041
1035
1032
1029
1026
1026
1026
1023
1020
1014
1011
1008
1008
1011
1014
1017
1020
1023
1026
1029
1029
1029
1029
1029
1026
1026
1026
1026
1029
1038
1032
0994
0973
0961
0949
0940
0932
0923
0917
0908
0902
0896
0893
0893
0890
0890
0887
0881
0869
0861
0855
0855
0861
0869
0875
0884
0893
0896
0887
0872
0852
0834
0816
0798
0790
0795
0807
0828
0849
0878
0908
0940
0973
1005
1035
1059
1085
1118
1150
1162
1168
1171
1174
1174
1177
1177
1177
1180
1183
1189
1195
1198
1201
1204
1207
1210
1213
1219
1221
1227
1233
1245
1260
1272
1272
1266
1254
1242
1230
1216
1201
1192
1189
1189
1189
1192
1195
1198
1204
1210
1213
1213
1210
1207
1201
1192
1177
1174
1177
1177
1177
1177
1180
1180
1177
1177
1177
1177
1177
1177
1177
1177
1174
1174
1174
1174
1171
1171
1168
1168
1168
1168
1171
1174
1177
1183
1192
1198
1189
1171
1162
1159
1153
1145
1139
1130
1124
1121
1118
1115
1118
1118
1121
1124
1130
1136
1142
1145
1148
1148
1150
1153
1165
1174
1174
1165
1148
1133
1124
1118
1112
1103
1097
1091
1085
1085
1082
1082
1082
1085
1088
1091
1097
1100
1106
1115
1130
1139
1127
1097
1062
1026
1011
1003
0991
0985
0985
0994
1011
1041
1091
1121
1139
1150
1162
1171
1174
1171
1165
1156
1150
1142
1136
1127
1115
1100
1082
1059
1011
0946
0887
0846
0828
0816
0861
0997
1204
1446
1671
1828
1881
1855
1781
1612
1435
1295
1245
1227
1219
1204
1177
1100
0985
0890
0855
0855
0896
0958
1020
1047
1065
1071
1053
1023
1005
0988
0976
0967
0964
0964
0970
0976
0988
1000
1011
1029
1047
1053
1047
1032
1014
1000
0988
0973
0958
0949
0940
0932
0929
0923
0920
0917
0914
0914
0911
0908
0905
0902
0896
0890
0887
0881
0875
0866
0858
0849
0840
0822
0804
0795
0792
0790
0787
0784
0781
0807
0834
0849
0861
0863
0861
0858
0855
0846
0849
0872
0896
0926
0970
0997
1011
1023
1032
1044
1056
1068
1074
1082
1091
1100
1118
1139
1159
1177
1192
1201
1213
1221
1230
1233
1230
1221
1207
1192
1165
1130
1121
1118
1118
1115
1115
1112
1109
1112
1118
1124
1133
1142
1148
1153
1162
1168
1174
1180
1177
1171
1162
1150
1139
1130
1124
1121
1118
1115
1112
1112
1112
1109
1109
1109
1109
1109
1112
1112
1112
1112
1109
1109
1109
1112
1115
1115
1115
1115
1112
1109
1106
1106
1103
1103
1100
1097
1097
1097
1097
1094
1094
1094
1091
1091
1091
1091
1091
1091
1091
1094
1094
1094
1091
1091
1088
1085
1085
1082
1079
1077
1077
1074
1071
1071
1071
1071
1071
1071
1071
1065
1062
1056
1053
1050
1047
1044
1041
1038
1038
1035
1032
1032
1026
1020
1014
1008
1003
0997
0994
0991
0994
1000
1008
1020
1035
1047
1068
1103
1121
1133
1142
1148
1153
1156
1156
1153
1148
1139
1124
1100
1053
0997
0926
0869
0831
0813
0822
0855
0943
1130
1366
1600
1784
1846
1867
1822
1689
1559
1443
1375
1316
1275
1233
1177
1109
1005
0914
0881
0884
0929
0997
1068
1094
1112
1124
1127
1115
1091
1068
1044
1011
0988
0979
0973
0967
0961
0955
0952
0949
0949
0952
0958
0967
0976
0985
0994
1003
1014
1023
1026
1023
1011
0997
0979
0955
0914
0896
0887
0881
0875
0872
0866
0863
0861
0858
0852
0849
0843
0840
0834
0828
0822
0816
0807
0798
0790
0781
0772
0769
0766
0766
0772
0778
0787
0795
0807
0834
0887
0932
0964
1008
1029
1038
1047
1056
1065
1071
1074
1082
1091
1100
1109
1118
1124
1127
1133
1133
1136
1142
1145
1150
1156
1165
1171
1180
1186
1192
1192
1192
1186
1183
1177
1174
1168
1162
1159
1156
1156
1156
1156
1156
1153
1153
1150
1148
1142
1139
1133
1130
1130
1133
1139
1142
1145
1150
1153
1159
1162
1162
1162
1162
1168
1177
1183
1189
1186
1180
1171
1159
1148
1133
1118
1112
1112
1112
1115
1121
1124
1127
1127
1121
1115
1109
1097
1091
1106
1130
1142
1153
1162
1171
1177
1180
1177
1174
1168
1162
1156
1153
1148
1139
1133
1127
1124
1124
1124
1124
1124
1127
1130
1136
1142
1148
1153
1162
1171
1171
1153
1127
1106
1082
1065
1050
1038
1029
1017
1000
0994
1008
1035
1056
1071
1088
1106
1121
1136
1153
1171
1186
1195
1198
1195
1186
1174
1159
1145
1133
1115
1100
1082
1068
1029
0973
0920
0875
0843
0822
0852
0946
1112
1331
1565
1772
1929
1979
1955
1884
1707
1506
1343
1236
1180
1124
1059
0997
0955
0952
0982
1017
1053
1059
1062
1065
1068
1056
1035
1029
1026
1023
1023
1023
1023
1023
1020
1017
1017
1017
1017
1014
1014
1011
1008
1005
1000
0997
0994
0988
0982
0976
0970
0967
0961
0958
0949
0943
0937
0929
0923
0914
0908
0896
0890
0884
0881
0878
0875
0872
0863
0852
0819
0772
0760
0748
0742
0742
0754
0772
0787
0804
0825
0846
0863
0875
0887
0899
0911
0923
0934
0946
0958
0970
0982
0994
1005
1020
1032
1047
1062
1077
1097
1118
1136
1159
1174
1183
1192
1198
1204
1210
1216
1219
1221
1224
1230
1233
1233
1230
1227
1221
1216
1210
1204
1198
1195
1192
1189
1189
1189
1189
1189
1189
1189
1189
1186
1186
1183
1180
1177
1177
1177
1177
1180
1180
1183
1180
1177
1177
1174
1171
1168
1165
1162
1162
1159
1159
1162
1165
1168
1171
1171
1174
1174
1171
1171
1171
1168
1165
1165
1165
1168
1168
1168
1168
1168
1171
1171
1174
1174
1171
1168
1168
1168
1168
1168
1168
1165
1162
1159
1156
1153
1150
1145
1136
1130
1121
1112
1103
1094
1085
1074
1065
1059
1053
1050
1050
1053
1062
1071
1079
1094
1103
1112
1121
1133
1142
1153
1162
1171
1177
1177
1177
1174
1168
1159
1150
1136
1121
1103
1065
0997
0964
0937
0929
0943
0991
1115
1304
1535
1766
1923
1976
1943
1849
1668
1488
1346
1266
1213
1183
1153
1127
1118
1109
1100
1094
1088
1085
1082
1079
1079
1079
1079
1079
1079
1079
1077
1074
1071
1068
1065
1062
1056
1053
1047
1041
1038
1038
1035
1032
1029
1023
1017
1008
1000
0994
0985
0976
0970
0964
0958
0952
0946
0940
0932
0923
0914
0905
0896
0887
0881
0875
0869
0863
0858
0852
0846
0840
0834
0828
0822
0816
0816
0816
0816
0819
0822
0825
0831
0840
0846
0855
0861
0869
0878
0887
0908
0955
0985
1011
1035
1059
1082
1106
1133
1153
1168
1174
1177
1180
1183
1186
1186
1186
1186
1186
1189
1189
1189
1189
1186
1186
1189
1192
1192
1192
1192
1189
1189
1192
1192
1195
1195
1195
1201
1213
1186
1168
1156
1145
1139
1133
1136
1142
1150
1159
1162
1168
1174
1183
1189
1195
1195
1192
1186
1180
1174
1168
1165
1159
1153
1148
1142
1136
1136
1136
1136
1136
1136
1139
1142
1145
1150
1153
1159
1162
1165
1171
1174
1180
1180
1183
1183
1183
1186
1186
1183
1180
1174
1171
1165
1162
1159
1156
1150
1148
1145
1139
1130
1124
1115
1112
1109
1109
1112
1118
1121
1130
1142
1139
1100
1077
1062
1044
1032
1029
1032
1041
1056
1071
1094
1133
1159
1174
1186
1198
1204
1210
1213
1213
1207
1198
1189
1177
1162
1130
1094
1047
0988
0920
0861
0816
0790
0813
0890
1077
1340
1615
1861
1976
2011
1970
1843
1683
1541
1423
1328
1272
1213
1159
1136
1124
1115
1109
1103
1094
1085
1077
1071
1065
1059
1053
1047
1047
1044
1041
1038
1032
1029
1023
1020
1017
1014
1014
1011
1008
1008
1005
1005
1003
1003
1000
0997
0994
0991
0985
0979
0973
0964
0949
0932
0917
0899
0884
0878
0872
0866
0861
0858
0855
0849
0846
0843
0840
0837
0837
0834
0834
0834
0834
0837
0840
0846
0849
0852
0855
0858
0861
0863
0869
0872
0878
0884
0890
0908
0929
0943
0955
0982
1026
1059
1077
1094
1112
1130
1150
1174
1195
1213
1221
1227
1233
1236
1242
1245
1248
1251
1251
1251
1251
1248
1245
1239
1233
1227
1221
1216
1207
1201
1192
1186
1183
1180
1180
1180
1180
1183
1183
1183
1183
1183
1183
1183
1180
1180
1180
1177
1171
1165
1156
1148
1133
1103
1077
1059
1044
1029
1026
1020
1014
1005
1026
1056
1077
1097
1109
1121
1130
1136
1139
1148
1159
1130
1109
1097
1085
1079
1074
1074
1077
1079
1085
1091
1097
1109
1118
1118
1106
1085
1053
1026
1023
1020
1017
1014
1014
1011
1011
1008
1008
1005
1005
1005
1005
1005
1005
1003
1000
1005
1017
1029
1038
1041
1047
1053
1059
1068
1071
1077
1082
1088
1094
1103
1121
1133
1124
1103
1074
1029
0976
0932
0893
0869
0884
0932
1041
1192
1378
1565
1727
1840
1881
1867
1822
1707
1553
1378
1216
1133
1112
1097
1082
1074
1062
1032
1005
0994
0988
0988
0997
1003
1008
1011
1011
1011
1011
1008
1005
1000
0991
0982
0961
0934
0929
0923
0920
0917
0914
0914
0920
0932
0946
0973
1003
1014
1026
1026
1014
1005
0997
0985
0973
0955
0926
0881
0849
0828
0810
0792
0778
0763
0751
0751
0760
0772
0781
0784
0790
0792
0795
0798
0804
0807
0813
0816
0819
0825
0831
0837
0846
0866
0908
0940
0964
0988
1011
1035
1056
1068
1074
1079
1085
1094
1100
1106
1112
1118
1130
1153
1177
1210
1239
1251
1257
1263
1269
1275
1275
1278
1278
1278
1275
1272
1266
1260
1254
1245
1239
1230
1210
1198
1195
1189
1186
1180
1180
1186
1192
1192
1195
1198
1201
1204
1207
1207
1210
1213
1216
1216
1216
1216
1213
1210
1207
1204
1201
1201
1198
1195
1192
1189
1189
1186
1186
1183
1180
1177
1174
1174
1174
1174
1174
1177
1177
1180
1183
1189
1192
1195
1198
1201
1204
1210
1213
1213
1210
1201
1189
1174
1142
1112
1103
1094
1088
1085
1085
1091
1100
1112
1121
1130
1142
1148
1145
1139
1130
1121
1109
1109
1124
1133
1139
1142
1145
1150
1153
1156
1162
1165
1168
1174
1180
1198
1221
1233
1242
1245
1239
1219
1189
1148
1088
1017
0985
0961
0943
0967
1041
1148
1301
1485
1674
1843
1938
1970
1932
1816
1645
1461
1298
1210
1186
1171
1159
1148
1139
1127
1109
1085
1077
1074
1071
1071
1071
1074
1079
1085
1091
1097
1094
1082
1068
1056
1047
1041
1032
1023
1017
1008
1000
0988
0973
0964
0970
0982
0994
1008
1008
0991
0973
0961
0946
0932
0914
0893
0872
0855
0843
0837
0828
0822
0819
0816
0819
0825
0828
0837
0843
0858
0863
0855
0837
0819
0798
0781
0766
0757
0748
0739
0733
0730
0730
0736
0748
0763
0790
0834
0878
0914
0943
0985
1035
1088
1121
1139
1153
1162
1168
1168
1165
1162
1159
1159
1156
1153
1148
1142
1142
1150
1162
1174
1177
1183
1189
1195
1201
1210
1213
1216
1213
1213
1210
1210
1204
1201
1195
1189
1183
1180
1177
1171
1165
1156
1150
1145
1142
1145
1148
1153
1162
1168
1174
1180
1186
1192
1195
1198
1195
1189
1183
1174
1168
1162
1156
1153
1150
1145
1142
1142
1139
1139
1142
1142
1142
1145
1148
1148
1150
1153
1156
1159
1162
1168
1171
1174
1174
1171
1165
1162
1159
1156
1153
1150
1148
1145
1145
1145
1145
1145
1145
1148
1150
1156
1159
1162
1165
1168
1180
1180
1156
1136
1121
1103
1082
1068
1053
1038
1023
1008
1000
0994
0991
0979
0967
1005
1041
1065
1079
1100
1124
1139
1150
1162
1177
1186
1195
1198
1195
1186
1177
1165
1150
1121
1071
1020
0964
0896
0849
0825
0807
0843
0946
1121
1349
1585
1769
1828
1816
1704
1538
1384
1269
1213
1177
1148
1112
1059
1020
1008
0997
0997
1011
1020
1029
1035
1038
1032
1020
1005
1000
0991
0985
0976
0970
0964
0961
0958
0952
0946
0943
0943
0940
0940
0940
0934
0932
0929
0926
0923
0920
0914
0905
0899
0896
0890
0884
0875
0863
0852
0846
0837
0831
0822
0816
0807
0801
0798
0792
0790
0784
0778
0772
0769
0766
0760
0754
0745
0736
0733
0736
0742
0748
0754
0757
0763
0772
0781
0795
0813
0831
0852
0878
0905
0932
0958
0979
1000
1017
1035
1050
1062
1074
1097
1130
1148
1156
1165
1174
1180
1183
1180
1174
1165
1156
1148
1142
1133
1127
1118
1109
1106
1103
1100
1097
1094
1085
1079
1079
1091
1118
1148
1171
1204
1230
1230
1216
1189
1145
1082
1000
0899
0784
0662
0553
0452
0349
0233
0180
0150
0133
0124
0124
0133
0156
0224
0328
0449
0574
0695
0822
0932
0973
1014
1068
1145
1245
1316
1340
1349
1358
1364
1366
1366
1364
1361
1355
1349
1340
1331
1319
1313
1307
1304
1301
1298
1298
1295
1293
1290
1284
1281
1278
1278
1278
1278
1278
1281
1281
1284
1287
1290
1290
1293
1295
1298
1304
1307
1307
1310
1313
1316
1319
1322
1322
1325
1331
1340
1349
1358
1361
1358
1349
1340
1328
1316
1304
1287
1266
1242
1213
1183
1162
1145
1124
1106
1094
1091
1094
1097
1100
1103
1103
1106
1112
1115
1118
1124
1127
1130
1136
1142
1145
1150
1153
1153
1153
1153
1153
1150
1145
1136
1127
1115
1103
1088
1059
1044
1038
1032
1023
1026
1053
1079
1109
1133
1153
1171
1183
1186
1195
1207
1171
1136
1112
1097
1085
1074
1068
1056
1047
1044
1047
1056
1059
1065
1068
1071
1071
1077
1079
1085
1091
1097
1100
1103
1106
1109
1112
1118
1124
1124
1121
1115
1106
1100
1094
1091
1085
1079
1074
1071
1068
1062
1056
1056
1056
1059
1059
1062
1062
1062
1065
1068
1068
1068
1068
1065
1065
1065
1068
1068
1068
1062
1059
1053
1050
1047
1044
1038
1032
1026
1026
1026
1029
1035
1038
1041
1044
1050
1056
1062
1062
1050
1035
1020
1011
1005
1000
0991
0985
0976
0973
0973
0976
0979
0982
0985
0994
1003
1011
1029
1056
1062
1068
1071
1074
1068
1047
1026
1005
0988
0976
0964
0952
0946
0958
0979
0997
1011
1026
1035
1041
1047
1053
1059
1065
1068
1071
1068
1062
1050
1038
1026
1014
1000
0994
0994
1000
1005
1008
1014
1020
1023
1026
1026
1023
1020
1014
1011
1008
1005
1003
0997
0994
0991
0994
0997
1000
1005
1008
1011
1017
1023
1029
1032
1035
1041
1044
1047
1047
1047
1044
1041
1038
1032
1026
1020
1014
1008
1000
0994
0985
0973
0964
0955
0949
0940
0932
0923
0917
0908
0902
0899
0902
0908
0920
0934
0958
1005
1035
1053
1068
1071
1077
1079
1079
1082
1088
1088
1082
1071
1053
1029
1008
0949
0872
0795
0757
0727
0710
0727
0790
0911
1079
1281
1479
1633
1704
1727
1692
1582
1440
1325
1242
1192
1142
1082
1014
0973
0958
0946
0970
0982
0988
0994
0997
0997
1000
1000
1003
1003
1005
1008
1008
1008
1008
1008
1011
1011
1008
1008
1008
1005
1003
0997
0994
0988
0988
0985
0985
0982
0979
0979
0976
0976
0973
0967
0958
0949
0940
0932
0926
0917
0908
0899
0890
0884
0878
0869
0858
0846
0840
0837
0843
0852
0861
0869
0872
0875
0878
0881
0887
0890
0890
0893
0899
0902
0908
0911
0911
0914
0914
0917
0923
0932
0937
0958
1008
1056
1103
1133
1145
1156
1165
1171
1180
1189
1195
1201
1204
1210
1213
1219
1224
1233
1239
1242
1239
1230
1221
1213
1210
1210
1207
1204
1201
1195
1192
1189
1186
1183
1183
1180
1180
1180
1183
1183
1186
1186
1183
1183
1180
1177
1174
1168
1165
1165
1165
1165
1168
1171
1171
1171
1168
1168
1168
1162
1159
1153
1150
1148
1145
1139
1133
1112
1097
1091
1088
1082
1074
1077
1106
1139
1171
1192
1207
1221
1227
1227
1207
1183
1162
1139
1118
1109
1103
1097
1091
1082
1077
1088
1106
1115
1124
1133
1139
1145
1150
1148
1148
1145
1142
1139
1133
1127
1118
1112
1109
1103
1097
1088
1082
1074
1071
1062
1056
1038
1020
1011
1017
1035
1056
1068
1077
1085
1094
1103
1115
1124
1133
1139
1145
1148
1153
1159
1168
1174
1177
1174
1165
1150
1133
1094
1035
0979
0914
0858
0819
0816
0834
0890
1044
1245
1470
1680
1852
1932
1955
1905
1760
1577
1411
1284
1207
1130
1056
1003
0964
0964
1003
1041
1074
1091
1082
1065
1047
1032
1017
1014
1017
1029
1038
1047
1065
1062
1041
1029
1020
1014
1008
1005
1005
1008
1011
1017
1026
1035
1050
1062
1047
1017
0994
0973
0952
0934
0917
0905
0893
0881
0875
0866
0861
0852
0846
0837
0831
0828
0822
0816
0810
0804
0798
0795
0795
0792
0790
0790
0790
0792
0795
0801
0804
0810
0813
0819
0828
0837
0849
0875
0899
0923
0943
0961
0985
1011
1041
1068
1094
1121
1145
1162
1171
1177
1183
1189
1195
1198
1204
1204
1204
1204
1207
1210
1213
1213
1213
1213
1213
1216
1216
1219
1219
1221
1221
1224
1230
1233
1239
1242
1239
1230
1221
1210
1201
1198
1192
1186
1183
1177
1174
1168
1165
1159
1156
1150
1148
1148
1148
1148
1145
1145
1145
1145
1145
1145
1145
1145
1145
1148
1148
1148
1148
1150
1156
1156
1159
1159
1159
1156
1156
1159
1156
1156
1150
1148
1148
1145
1145
1145
1142
1142
1139
1136
1136
1136
1130
1121
1115
1109
1109
1112
1118
1124
1130
1136
1148
1162
1168
1168
1165
1162
1159
1159
1156
1156
1153
1150
1145
1139
1133
1130
1124
1118
1109
1100