3011
3006
3004
2968
2878
2808
2734
2651
2569
2490
2413
2290
2154
2002
1867
1737
1631
1568
1522
1488
1488
1515
1590
1722
1865
1990
2111
2183
2256
2333
2420
2480
2502
2509
2516
2521
2524
2531
2538
2545
2555
2565
2579
2596
2625
2683
2736
2765
2782
2794
2806
2816
2823
2832
2837
2845
2849
2857
2864
2871
2883
2895
2907
2922
2936
2953
2989
3050
3098
3134
3180
3209
3231
3248
3257
3257
3248
3228
3204
3173
3122
3069
3038
3013
2992
2972
2953
2939
2922
2905
2888
2871
2854
2840
2830
2818
2806
2794
2787
2782
2787
2799
2818
2842
2876
2929
2975
3035
3108
3182
3262
3310
3334
3351
3363
3375
3390
3400
3412
3419
3428
3436
3443
3448
3448
3441
3424
3404
3383
3363
3349
3334
3320
3308
3293
3284
3272
3264
3255
3248
3240
3238
3233
3228
3221
3211
3192
3170
3146
3129
3115
3100
3091
3086
3091
3103
3120
3137
3153
3170
3192
3211
3231
3250
3269
3289
3313
3332
3339
3346
3349
3349
3349
3351
3351
3351
3351
3354
3351
3351
3349
3346
3344
3342
3339
3337
3337
3339
3339
3342
3346
3349
3351
3354
3356
3359
3361
3363
3366
3368
3373
3385
3395
3395
3378
3356
3342
3327
3310
3301
3298
3308
3322
3339
3351
3363
3375
3387
3397
3404
3409
3414
3416
3416
3414
3407
3400
3387
3375
3363
3342
3301
3264
3173
3033
2878
2738
2615
2502
2429
2374
2333
2328
2352
2415
2560
2738
2893
3026
3144
3214
3264
3301
3313
3315
3317
3322
3315
3276
3260
3250
3245
3238
3235
3231
3228
3223
3219
3214
3206
3202
3199
3197
3194
3194
3194
3194
3194
3194
3190
3180
3168
3163
3175
3199
3221
3233
3243
3255
3267
3281
3291
3301
3305
3308
3308
3305
3301
3293
3281
3269
3257
3240
3221
3197
3151
3110
3076
3057
3042
3028
3016
3006
2999
2994
2994
2994
2997
3001
3006
3013
3021
3028
3035
3045
3052
3062
3074
3083
3095
3108
3120
3132
3144
3156
3165
3178
3199
3235
3260
3276
3286
3293
3301
3308
3313
3317
3317
3317
3317
3315
3310
3305
3298
3289
3286
3301
3310
3317
3325
3325
3320
3308
3291
3260
3211
3185
3168
3156
3151
3161
3178
3194
3202
3209
3216
3223
3231
3240
3248
3255
3260
3262
3267
3267
3267
3264
3262
3260
3255
3255
3255
3257
3260
3264
3269
3262
3250
3240
3228
3221
3219
3228
3248
3269
3279
3289
3301
3310
3320
3327
3334
3339
3342
3344
3349
3349
3349
3349
3344
3339
3334
3330
3322
3317
3308
3301
3291
3284
3276
3267
3257
3245
3233
3219
3209
3199
3190
3180
3170
3163
3156
3144
3129
3120
3115
3117
3124
3137
3146
3156
3170
3185
3185
3168
3139
3088
3021
2924
2770
2620
2456
2311
2229
2176
2140
2123
2140
2186
2309
2485
2651
2777
2907
3013
3083
3173
3223
3231
3235
3238
3240
3240
3243
3245
3248
3248
3250
3248
3245
3240
3235
3231
3228
3226
3226
3223
3223
3221
3221
3221
3219
3216
3214
3209
3202
3194
3187
3178
3165
3149
3127
3083
3035
3001
2980
2965
2951
2939
2929
2917
2907
2898
2881
2857
2830
2801
2753
2688
2659
2644
2635
2625
2618
2613
2610
2610
2613
2618
2625
2637
2651
2664
2678
2695
2717
2741
2762
2777
2789
2801
2823
2854
2893
2929
2968
3006
3047
3086
3132
3170
3202
3235
3269
3303
3337
3368
3395
3412
3421
3431
3443
3453
3460
3470
3477
3484
3494
3501
3511
3518
3530
3542
3552
3556
3556
3552
3542
3530
3518
3506
3491
3474
3457
3441
3426
3409
3392
3373
3351
3332
3317
3310
3303
3298
3296
3291
3286
3284
3279
3276
3274
3272
3274
3276
3279
3281
3286
3291
3293
3298
3301
3303
3303
3303
3303
3303
3303
3303
3303
3305
3303
3303
3301
3296
3289
3284
3276
3272
3264
3257
3248
3233
3216
3199
3185
3168
3153
3139
3127
3117
3112
3108
3105
3105
3103
3103
3100
3098
3095
3093
3093
3093
3093
3093
3095
3095
3098
3100
3103
3100
3100
3098
3093
3086
3079
3069
3059
3050
3035
2994
2900
2762
2610
2439
2227
2010
1809
1689
1643
1643
1689
1814
1969
2133
2306
2463
2596
2741
2864
2980
3023
3023
2997
2975
2953
2941
2951
2968
2980
2992
3001
3006
2994
2972
2946
2922
2886
2854
2828
2811
2796
2787
2777
2770
2762
2758
2753
2748
2746
2741
2736
2731
2729
2724
2721
2717
2712
2707
2702
2695
2688
2680
2671
2661
2651
2642
2627
2610
2591
2569
2553
2540
2531
2519
2502
2483
2466
2451
2442
2429
2413
2405
2422
2454
2478
2497
2512
2526
2540
2555
2569
2589
2613
2642
2676
2714
2760
2799
2828
2852
2871
2893
2917
2941
2968
2992
3018
3033
3042
3050
3054
3064
3071
3079
3086
3091
3098
3105
3110
3115
3124
3139
3151
3158
3151
3137
3112
3069
3006
2943
2876
2823
2794
2767
2743
2719
2700
2683
2668
2656
2644
2632
2623
2618
2613
2613
2608
2606
2601
2598
2594
2589
2581
2577
2572
2569
2569
2572
2577
2581
2589
2596
2603
2608
2615
2620
2625
2627
2632
2637
2642
2654
2666
2678
2692
2702
2712
2717
2719
2719
2717
2712
2702
2692
2683
2673
2664
2651
2635
2615
2598
2584
2572
2562
2555
2545
2536
2526
2521
2516
2514
2514
2514
2516
2519
2526
2536
2545
2557
2567
2579
2589
2606
2623
2639
2654
2666
2678
2692
2709
2729
2746
2753
2748
2729
2695
2591
2422
2222
2002
1809
1706
1672
1730
1899
2150
2381
2572
2712
2784
2900
3023
3165
3211
3231
3243
3221
3194
3175
3178
3216
3267
3332
3390
3450
3511
3573
3612
3634
3650
3658
3658
3646
3629
3612
3602
3590
3581
3571
3566
3561
3559
3561
3566
3573
3585
3600
3614
3629
3641
3655
3670
3682
3689
3692
3687
3677
3663
3648
3631
3612
3583
3549
3520
3491
3455
3407
3366
3337
3310
3286
3260
3233
3209
3185
3161
3139
3117
3095
3076
3054
3038
3023
3011
3001
2987
2972
2960
2960
2975
2992
3004
3016
3030
3038
3042
3038
3028
3013
2994
2968
2927
2886
2832
2767
2702
2639
2528
2398
2263
2147
2041
1932
1860
1797
1749
1710
1684
1662
1643
1621
1602
1585
1570
1558
1549
1541
1534
1529
1525
1517
1510
1505
1498
1496
1496
1498
1508
1520
1534
1556
1592
1628
1674
1727
1773
1824
1872
1928
1978
2017
2048
2080
2111
2157
2205
2251
2290
2326
2355
2379
2396
2410
2420
2434
2449
2466
2485
2526
2589
2639
2678
2719
2746
2762
2775
2787
2799
2808
2816
2825
2842
2869
2902
2951
3013
3083
3153
3223
3286
3337
3395
3445
3484
3515
3532
3544
3552
3559
3566
3576
3585
3595
3607
3619
3638
3665
3689
3711
3725
3737
3749
3757
3759
3757
3747
3730
3706
3622
3506
3346
3153
2943
2748
2639
2632
2712
2902
3124
3315
3455
3539
3624
3701
3827
3959
4029
4058
4073
4082
4090
4092
4095
4095
4092
4087
4082
4078
4070
4063
4053
4046
4039
4029
4022
4015
4008
4003
3998
3996
3996
3996
3996
3996
3996
3993
3991
3986
3981
3976
3974
3971
3969
3967
3964
3957
3947
3935
3916
3870
3836
3803
3769
3730
3704
3687
3672
3658
3641
3624
3602
3573
3525
3477
3448
3428
3414
3402
3390
3380
3371
3361
3356
3349
3342
3334
3327
3325
3330
3342
3359
3373
3380
3390
3402
3412
3424
3433
3443
3453
3457
3462
3465
3467
3470
3472
3477
3491
3501
3498
3474
3438
3402
3356
3317
3281
3250
3219
3194
3182
3175
3170
3168
3163
3161
3156
3151
3146
3139
3132
3124
3115
3105
3095
3091
3076
3059
3042
3023
3009
2994
2980
2970
2960
2946
2934
2924
2922
2927
2939
2960
2989
3028
3088
3146
3185
3214
3235
3248
3252
3252
3252
3250
3248
3245
3245
3231
3204
3178
3165
3156
3149
3141
3137
3132
3129
3124
3120
3115
3112
3108
3105
3105
3105
3103
3100
3095
3091
3081
3071
3062
3052
3042
3033
3023
3016
3009
3004
2999
2994
2989
2987
2984
2982
2982
2984
2987
2992
2999
3004
3011
3016
3023
3030
3033
3035
3038
3047
3042
3004
2895
2758
2586
2401
2229
2137
2106
2152
2292
2519
2750
2941
3122
3269
3409
3496
3593
3653
3670
3682
3689
3696
3701
3706
3711
3713
3716
3716
3716
3713
3713
3716
3718
3718
3713
3704
3692
3684
3677
3667
3658
3655
3655
3665
3677
3692
3706
3718
3733
3749
3764
3771
3769
3754
3735
3713
3689
3663
3631
3607
3583
3559
3537
3515
3496
3474
3455
3438
3424
3412
3402
3390
3375
3361
3344
3327
3310
3293
3279
3262
3248
3233
3221
3216
3214
3216
3226
3240
3255
3272
3291
3322
3354
3383
3407
3419
3428
3436
3441
3445
3448
3450
3455
3462
3467
3470
3472
3472
3474
3472
3470
3470
3467
3465
3462
3460
3457
3455
3450
3448
3445
3438
3431
3424
3412
3397
3380
3363
3346
3332
3317
3303
3289
3276
3264
3250
3243
3235
3228
3223
3219
3214
3206
3202
3199
3202
3209
3221
3235
3245
3250
3252
3255
3260
3262
3264
3269
3272
3274
3276
3281
3284
3286
3289
3289
3286
3286
3289
3289
3291
3291
3293
3293
3296
3298
3303
3305
3310
3313
3313
3315
3315
3315
3315
3315
3313
3313
3313
3313
3313
3313
3315
3313
3310
3305
3301
3296
3291
3289
3284
3281
3281
3279
3279
3279
3281
3281
3281
3281
3279
3279
3276
3276
3274
3272
3267
3262
3255
3248
3238
3182
3074
2924
2717
2485
2268
2130
2084
2123
2244
2420
2618
2779
2931
3057
3129
3252
3332
3363
3363
3337
3291
3238
3206
3185
3175
3182
3199
3219
3238
3235
3199
3146
3086
2994
2895
2830
2758
2688
2642
2613
2594
2579
2567
2555
2543
2533
2519
2502
2483
2463
2444
2425
2410
2398
2388
2376
2367
2364
2372
2391
2410
2427
2444
2458
2473
2478
2475
2466
2451
2439
2429
2420
2410
2401
2391
2384
2379
2374
2372
2372
2374
2376
2381
2391
2401
2410
2422
2439
2483
2526
2560
2589
2610
2630
2647
2668
2697
2724
2748
2772
2806
2854
2910
2968
3016
3040
3054
3064
3069
3062
3047
3028
3009
2987
2968
2956
2943
2931
2919
2910
2900
2890
2883
2876
2869
2861
2857
2859
2866
2881
2898
2915
2939
2956
2965
2977
2989
3004
3018
3030
3040
3050
3062
3076
3093
3117
3149
3173
3192
3206
3219
3226
3231
3243
3257
3233
3204
3178
3153
3134
3117
3110
3105
3103
3100
3098
3095
3093
3093
3093
3095
3095
3098
3100
3105
3110
3115
3117
3117
3110
3098
3088
3079
3069
3059
3052
3042
3033
3023
3013
3004
2987
2960
2951
2951
2948
2943
2948
2968
2989
3016
3040
3074
3120
3149
3163
3173
3182
3187
3187
3187
3187
3187
3185
3185
3185
3156
3071
2953
2784
2579
2362
2159
2022
2000
2036
2198
2391
2581
2734
2857
2934
3057
3204
3373
3520
3593
3622
3619
3593
3554
3501
3467
3450
3436
3424
3414
3404
3395
3385
3373
3361
3349
3334
3310
3281
3255
3233
3214
3197
3182
3158
3120
3076
3030
2972
2919
2864
2818
2753
2685
2608
2562
2526
2497
2470
2442
2415
2405
2398
2393
2386
2372
2352
2328
2297
2273
2248
2224
2203
2186
2169
2171
2203
2236
2273
2299
2321
2338
2357
2374
2388
2398
2408
2417
2427
2439
2451
2480
2531
2557
2569
2577
2581
2586
2591
2598
2606
2613
2618
2625
2637
2656
2692
2724
2743
2755
2765
2775
2787
2796
2808
2818
2830
2840
2849
2859
2866
2873
2881
2890
2902
2915
2915
2902
2888
2878
2866
2857
2849
2849
2857
2866
2878
2886
2895
2905
2917
2927
2939
2946
2956
2965
2982
3018
3067
3086
3093
3098
3103
3105
3105
3103
3093
3083
3076
3067
3059
3052
3047
3040
3035
3033
3035
3040
3050
3057
3067
3076
3086
3093
3103
3112
3120
3127
3134
3139
3141
3144
3146
3149
3149
3151
3153
3158
3168
3175
3165
3146
3132
3122
3110
3103
3100
3100
3105
3112
3120
3132
3158
3209
3248
3272
3284
3286
3289
3291
3296
3293
3264
3238
3211
3192
3175
3127
3045
2902
2690
2403
2075
1761
1491
1329
1307
1363
1534
1742
1985
2215
2458
2678
2876
2946
2960
2970
2980
2987
2992
2994
2997
3001
3004
3009
3011
3011
3011
3013
3021
3026
3030
3035
3045
3069
3098
3139
3192
3221
3235
3245
3255
3260
3262
3260
3252
3243
3231
3219
3206
3190
3168
3141
3117
3098
3083
3069
3054
3042
3030
3021
3009
2994
2975
2956
2936
2919
2907
2895
2883
2873
2869
2869
2871
2878
2883
2888
2890
2893
2898
2902
2907
2910
2917
2922
2929
2936
2946
2956
2970
2989
3030
3071
3115
3156
3190
3226
3260
3276
3286
3291
3296
3296
3296
3296
3291
3281
3272
3260
3250
3245
3238
3231
3223
3219
3211
3204
3199
3194
3190
3185
3185
3187
3197
3206
3216
3228
3243
3255
3264
3276
3286
3293
3298
3303
3305
3313
3317
3325
3334
3342
3349
3356
3363
3371
3375
3378
3380
3380
3378
3375
3373
3371
3368
3366
3363
3361
3359
3359
3356
3356
3354
3351
3349
3346
3346
3344
3344
3344
3344
3344
3344
3346
3346
3349
3349
3349
3349
3346
3344
3344
3344
3342
3342
3344
3344
3344
3344
3342
3342
3337
3332
3327
3322
3317
3325
3337
3356
3375
3392
3409
3426
3441
3453
3460
3465
3467
3472
3474
3479
3486
3491
3477
3436
3317
3173
2994
2782
2562
2381
2318
2347
2434
2644
2873
3045
3161
3221
3308
3409
3554
3699
3747
3769
3783
3783
3757
3742
3735
3728
3720
3713
3706
3699
3689
3679
3667
3655
3646
3634
3624
3614
3602
3590
3576
3564
3554
3544
3535
3525
3513
3494
3460
3412
3378
3354
3332
3313
3296
3279
3262
3248
3233
3219
3202
3185
3165
3141
3110
3079
3050
3023
2997
2975
2956
2936
2922
2910
2898
2886
2873
2859
2847
2835
2823
2808
2796
2787
2782
2789
2801
2818
2837
2857
2881
2905
2922
2936
2946
2958
2970
2982
2992
2999
3006
3011
3016
3026
3033
3038
3028
3009
2989
2977
2968
2958
2948
2939
2929
2922
2915
2910
2905
2900
2895
2890
2876
2837
2811
2796
2787
2782
2782
2789
2801
2811
2823
2837
2852
2852
2840
2820
2789
2741
2700
2676
2668
2661
2656
2651
2661
2680
2695
2712
2721
2719
2709
2690
2666
2623
2591
2572
2553
2533
2526
2521
2516
2512
2509
2507
2504
2502
2499
2499
2499
2497
2497
2497
2499
2499
2497
2495
2492
2490
2485
2483
2483
2480
2475
2470
2466
2458
2446
2417
2417
2442
2485
2461
2234
1942
1797
1611
1517
1484
1484
1513
1585
1754
2024
2405
2594
2651
2685
2702
2705
2695
2676
2651
2620
2572
2538
2454
2224
1932
1686
1556
1517
1498
1522
1703
1908
2109
2270
2405
2540
2644
2748
2804
2852
2895
2912
2922
2927
2931
2936
2939
2941
2943
2948
2948
2951
2953
2958
2958
2960
2965
2968
2975
2980
2987
2994
3001
3009
3016
3023
3030
3040
3050
3057
3067
3074
3081
3095
3120
3173
3214
3233
3248
3255
3260
3262
3264
3267
3269
3274
3279
3267
3243
3221
3204
3185
3173
3163
3156
3149
3144
3137
3132
3124
3120
3112
3105
3098
3086
3076
3076
3093
3115
3141
3175
3204
3233
3262
3286
3315
3356
3400
3457
3498
3515
3530
3542
3549
3554
3559
3561
3564
3566
3568
3573
3578
3581
3583
3585
3581
3571
3559
3549
3542
3535
3527
3523
3515
3506
3498
3489
3484
3477
3470
3462
3453
3436
3404
3383
3375
3373
3368
3366
3361
3361
3359
3356
3351
3349
3346
3342
3339
3339
3339
3337
3334
3330
3325
3317
3310
3301
3291
3281
3272
3264
3257
3252
3248
3240
3235
3231
3226
3221
3219
3214
3211
3209
3206
3206
3206
3206
3204
3202
3199
3197
3192
3190
3182
3178
3175
3170
3168
3168
3165
3161
3158
3156
3153
3149
3144
3139
3132
3129
3132
3137
3144
3153
3165
3178
3190
3214
3233
3243
3252
3257
3264
3272
3276
3272
3262
3240
3178
3093
2984
2842
2666
2473
2294
2193
2159
2195
2311
2483
2659
2823
2982
3132
3257
3400
3527
3617
3677
3737
3776
3790
3795
3800
3805
3805
3807
3805
3803
3795
3786
3774
3747
3694
3663
3650
3643
3636
3631
3624
3617
3609
3602
3597
3590
3583
3576
3566
3549
3535
3535
3542
3552
3556
3561
3568
3571
3573
3568
3556
3542
3525
3506
3479
3455
3438
3424
3404
3378
3339
3296
3255
3214
3173
3137
3120
3112
3108
3103
3100
3098
3095
3093
3093
3095
3095
3100
3105
3115
3124
3137
3153
3187
3219
3248
3272
3298
3322
3349
3373
3395
3412
3428
3443
3455
3465
3472
3479
3484
3491
3496
3498
3496
3489
3479
3467
3457
3450
3443
3436
3428
3421
3414
3407
3400
3395
3387
3383
3375
3361
3349
3342
3337
3330
3325
3322
3317
3315
3310
3308
3305
3303
3298
3293
3286
3272
3231
3175
3129
3088
3047
2999
2953
2902
2857
2813
2767
2719
2676
2635
2589
2550
2526
2509
2495
2478
2456
2429
2401
2376
2357
2340
2321
2292
2263
2236
2229
2224
2222
2220
2220
2217
2215
2212
2207
2198
2188
2174
2147
2099
2068
2046
2026
2007
1995
1990
1983
1976
1971
1969
1966
1966
1969
1973
1978
1985
1993
2000
2010
2024
2039
2051
2060
2068
2080
2092
2099
2092
2070
2012
1913
1776
1607
1411
1216
1052
0957
0950
1003
1129
1305
1476
1636
1804
2026
2277
2499
2692
2750
2770
2724
2692
2676
2661
2651
2642
2637
2635
2637
2639
2642
2649
2654
2664
2676
2692
2709
2724
2738
2753
2762
2775
2787
2799
2813
2828
2840
2854
2869
2881
2895
2907
2919
2929
2936
2939
2941
2946
2951
2958
2960
2946
2919
2902
2888
2876
2866
2854
2847
2840
2832
2825
2818
2804
2791
2779
2770
2760
2748
2741
2750
2770
2787
2801
2818
2832
2847
2876
2919
2958
2987
3023
3067
3120
3161
3192
3223
3250
3274
3303
3339
3371
3400
3424
3443
3462
3486
3520
3547
3561
3571
3581
3585
3590
3593
3590
3588
3583
3578
3576
3573
3571
3566
3561
3556
3556
3554
3554
3556
3561
3566
3571
3581
3590
3597
3607
3619
3631
3638
3631
3617
3600
3581
3556
3535
3518
3501
3489
3477
3467
3455
3445
3431
3416
3407
3400
3392
3385
3380
3375
3373
3368
3368
3366
3363
3361
3361
3361
3361
3361
3359
3359
3359
3356
3351
3349
3344
3342
3337
3332
3327
3317
3289
3262
3238
3214
3194
3173
3149
3122
3088
3045
3004
2960
2919
2881
2845
2808
2770
2736
2707
2692
2685
2680
2678
2673
2671
2671
2668
2668
2671
2671
2671
2676
2680
2688
2695
2705
2714
2726
2750
2753
2717
2620
2466
2265
2024
1759
1525
1373
1322
1363
1488
1749
1949
2171
2386
2543
2668
2753
2777
2799
2823
2849
2886
2929
2975
3009
3035
3052
3052
3035
3011
2999
2987
2977
2968
2960
2956
2951
2946
2946
2948
2956
2963
2972
2982
2992
3004
3026
3045
3062
3079
3095
3117
3129
3115
3088
3069
3050
3030
3018
3009
3001
2994
2987
2980
2968
2948
2924
2900
2876
2847
2820
2804
2791
2782
2775
2767
2760
2755
2748
2746
2746
2748
2753
2760
2770
2782
2796
2816
2847
2873
2895
2912
2929
2943
2963
2980
2997
3016
3033
3052
3081
3112
3137
3158
3175
3190
3199
3206
3209
3214
3219
3226
3231
3235
3238
3240
3240
3240
3240
3235
3231
3221
3209
3199
3187
3175
3168
3161
3153
3146
3139
3132
3124
3120
3117
3117
3117
3122
3124
3129
3134
3139
3146
3151
3153
3158
3161
3163
3163
3163
3161
3161
3161
3163
3163
3165
3165
3165
3163
3163
3161
3158
3156
3153
3153
3153
3153
3153
3156
3161
3165
3170
3173
3178
3180
3180
3182
3182
3185
3185
3190
3194
3202
3206
3214
3216
3216
3214
3209
3204
3197
3190
3180
3173
3163
3156
3146
3137
3127
3117
3108
3100
3093
3088
3086
3081
3079
3076
3074
3069
3064
3062
3057
3052
3050
3047
3047
3045
3042
3042
3038
3033
3023
3013
2982
2902
2753
2577
2362
2123
1911
1826
1797
1841
1973
2174
2335
2495
2606
2760
2876
2939
2970
2987
3001
3009
3011
3011
3006
2997
2987
2977
2968
2963
2953
2948
2946
2943
2941
2941
2936
2936
2934
2931
2931
2929
2927
2922
2919
2917
2917
2917
2915
2910
2907
2902
2895
2890
2881
2864
2845
2825
2808
2796
2779
2760
2731
2705
2678
2647
2610
2572
2553
2538
2526
2516
2512
2507
2504
2504
2504
2507
2512
2519
2526
2536
2548
2567
2606
2639
2673
2707
2755
2799
2835
2864
2890
2922
2953
2968
2972
2977
2982
2984
2989
2994
2999
3004
3011
3018
3033
3059
3095
3103
3108
3112
3117
3120
3122
3122
3117
3112
3105
3091
3122
3141
3151
3158
3165
3170
3178
3182
3187
3194
3197
3202
3204
3206
3209
3211
3214
3216
3221
3226
3231
3235
3240
3245
3255
3260
3264
3272
3276
3281
3289
3296
3301
3308
3310
3313
3317
3320
3322
3325
3327
3327
3332
3337
3344
3351
3359
3368
3378
3387
3402
3421
3443
3467
3482
3494
3506
3518
3527
3532
3530
3520
3511
3501
3489
3479
3465
3450
3436
3416
3402
3387
3375
3363
3351
3339
3330
3322
3315
3310
3303
3293
3284
3276
3274
3279
3289
3303
3320
3354
3409
3445
3470
3494
3518
3544
3573
3597
3622
3646
3667
3682
3694
3701
3699
3689
3667
3605
3532
3412
3252
3062
2847
2610
2410
2304
2268
2309
2427
2591
2779
2924
3045
3187
3305
3436
3566
3624
3655
3675
3684
3675
3653
3634
3612
3600
3614
3638
3658
3672
3684
3694
3694
3687
3675
3658
3626
3571
3523
3486
3457
3421
3373
3322
3274
3238
3211
3178
3146
3122
3103
3086
3064
3042
3004
2956
2900
2849
2794
2734
2673
2610
2550
2509
2487
2470
2454
2439
2427
2417
2408
2398
2388
2379
2369
2355
2338
2316
2290
2263
2236
2217
2200
2176
2152
2137
2125
2113
2109
2121
2140
2154
2162
2169
2176
2183
2188
2195
2200
2207
2212
2222
2244
2287
2326
2367
2393
2405
2417
2434
2456
2475
2490
2499
2509
2519
2528
2536
2543
2548
2555
2560
2565
2572
2577
2581
2586
2594
2601
2606
2610
2613
2613
2613
2615
2618
2618
2620
2620
2620
2623
2623
2625
2627
2630
2632
2635
2639
2647
2654
2666
2690
2717
2734
2746
2760
2775
2789
2808
2830
2857
2881
2900
2924
2951
2977
2992
3001
3009
3016
3021
3023
3023
3023
3023
3021
3021
3018
3016
3013
3011
3009
3006
3004
2999
2994
2989
2987
2984
2982
2984
2992
2999
3006
3016
3023
3033
3042
3050
3052
3059
3067
3071
3079
3083
3088
3091
3093
3095
3098
3103
3105
3108
3112
3117
3120
3124
3127
3132
3134
3139
3146
3158
3185
3214
3240
3264
3264
3248
3206
3110
2980
2823
2623
2396
2181
2000
1903
1870
1918
2055
2248
2449
2647
2791
2929
3088
3211
3327
3404
3431
3445
3448
3448
3448
3448
3448
3450
3450
3450
3450
3450
3448
3445
3443
3441
3438
3436
3433
3428
3421
3416
3409
3402
3397
3390
3385
3378
3371
3363
3359
3354
3351
3346
3344
3342
3339
3334
3332
3327
3320
3310
3301
3289
3276
3262
3238
3202
3175
3153
3134
3112
3091
3062
3033
3001
2972
2948
2936
2929
2924
2917
2915
2910
2910
2912
2919
2931
2943
2956
2972
2989
3009
3028
3052
3088
3134
3165
3182
3197
3209
3221
3233
3245
3255
3267
3281
3301
3317
3325
3327
3330
3332
3337
3339
3325
3298
3281
3272
3262
3252
3245
3233
3221
3211
3199
3187
3173
3158
3129
3083
3059
3052
3045
3038
3033
3030
3028
3026
3026
3028
3033
3040
3047
3052
3059
3064
3071
3079
3086
3091
3095
3100
3103
3103
3103
3103
3103
3100
3098
3093
3088
3081
3074
3064
3057
3050
3040
3033
3023
3013
3004
2994
2987
2982
2980
2980
2980
2980
2982
2984
2987
2989
2992
2999
3006
3006
2999
2989
2984
2982
2980
2977
2975
2972
2968
2960
2956
2951
2946
2943
2939
2936
2934
2931
2929
2927
2924
2922
2919
2915
2912
2910
2905
2900
2895
2893
2890
2890
2890
2890
2893
2895
2895
2893
2890
2888
2883
2878
2873
2866
2859
2852
2840
2825
2741
2565
2355
2121
1901
1768
1754
1824
2024
2268
2483
2608
2671
2758
2866
2941
3030
3083
3105
3115
3122
3129
3139
3146
3156
3165
3175
3182
3185
3185
3182
3182
3182
3185
3185
3185
3182
3178
3175
3173
3173
3175
3178
3182
3185
3192
3197
3194
3190
3187
3182
3178
3173
3173
3182
3194
3206
3216
3228
3240
3250
3257
3262
3260
3252
3243
3228
3216
3202
3185
3163
3146
3129
3115
3103
3095
3088
3081
3076
3071
3071
3074
3079
3086
3098
3110
3127
3146
3180
3206
3226
3252
3281
3310
3322
3332
3339
3346
3351
3354
3359
3361
3363
3366
3366
3368
3366
3363
3363
3361
3361
3359
3356
3351
3346
3342
3339
3332
3325
3313
3301
3286
3274
3267
3262
3255
3250
3248
3243
3238
3235
3231
3223
3216
3209
3204
3202
3199
3194
3192
3190
3190
3187
3187
3185
3182
3178
3173
3168
3165
3161
3158
3156
3153
3151
3149
3146
3141
3137
3124
3093
3069
3057
3047
3038
3030
3026
3023
3028
3038
3050
3062
3076
3098
3117
3132
3141
3151
3158
3165
3170
3178
3185
3192
3199
3209
3223
3248
3267
3279
3286
3293
3298
3298
3296
3286
3276
3260
3233
3192
3168
3153
3137
3117
3103
3088
3076
3076
3088
3105
3127
3156
3175
3197
3235
3272
3296
3310
3317
3325
3330
3334
3337
3337
3330
3315
3298
3269
3221
3146
3045
2910
2746
2565
2405
2282
2239
2248
2343
2495
2666
2837
2994
3117
3219
3354
3470
3537
3564
3581
3571
3525
3484
3455
3436
3426
3424
3419
3416
3416
3414
3412
3414
3419
3428
3438
3445
3455
3467
3484
3503
3518
3535
3547
3552
3547
3537
3523
3498
3455
3426
3409
3395
3380
3366
3349
3332
3315
3298
3274
3231
3190
3165
3146
3134
3122
3110
3098
3083
3067
3052
3033
3009
2987
2960
2927
2895
2861
2828
2808
2796
2784
2777
2779
2789
2808
2830
2859
2883
2917
2953
2987
3026
3054
3074
3088
3095
3103
3110
3115
3117
3112
3103
3093
3088
3083
3079
3074
3071
3067
3064
3064
3067
3069
3074
3081
3091
3098
3108
3124
3139
3139
3127
3108
3088
3067
3047
3026
3011
2999
2989
2980
2975
2972
2975
2977
2982
2984
2989
2999
2997
2975
2956
2941
2927
2915
2905
2895
2888
2881
2873
2871
2873
2878
2886
2895
2907
2924
2948
2972
2994
3009
3021
3030
3035
3040
3042
3042
3042
3045
3047
3050
3052
3047
3038
3028
3021
3016
3013
3013
3021
3028
3035
3042
3052
3059
3067
3067
3052
3035
3016
3001
2987
2975
2960
2948
2936
2929
2922
2917
2912
2905
2895
2888
2883
2883
2881
2881
2881
2878
2876
2876
2881
2895
2910
2917
2927
2934
2943
2948
2953
2956
2953
2948
2941
2929
2917
2893
2837
2726
2572
2379
2171
1976
1812
1725
1722
1800
1947
2116
2282
2396
2451
2531
2656
2758
2825
2878
2915
2927
2924
2912
2900
2886
2905
2927
2943
2951
2939
2907
2859
2796
2760
2741
2726
2721
2724
2729
2736
2741
2748
2753
2753
2738
2717
2692
2661
2630
2601
2574
2562
2557
2550
2545
2540
2538
2536
2540
2545
2553
2562
2577
2584
2577
2562
2553
2548
2540
2536
2531
2528
2526
2524
2521
2524
2526
2531
2538
2543
2550
2562
2581
2603
2627
2649
2671
2690
2707
2726
2746
2765
2779
2791
2796
2804
2808
2813
2820
2828
2835
2845
2859
2890
2946
3001
3062
3110
3141
3168
3190
3204
3216
3226
3231
3228
3219
3206
3194
3187
3185
3180
3180
3178
3175
3170
3165
3158
3153
3149
3144
3137
3129
3122
3115
3110
3105
3095
3083
3067
3054
3050
3052
3057
3064
3069
3074
3079
3086
3093
3100
3112
3122
3129
3139
3149
3158
3165
3170
3178
3182
3187
3192
3194
3199
3202
3204
3206
3211
3216
3221
3223
3223
3223
3221
3214
3206
3197
3187
3180
3170
3161
3151
3141
3134
3132
3137
3141
3149
3158
3165
3173
3178
3182
3190
3197
3202
3209
3214
3219
3223
3226
3231
3233
3235
3238
3243
3248
3252
3260
3269
3284
3301
3317
3334
3351
3366
3380
3395
3402
3395
3375
3351
3320
3274
3228
3170
3098
2987
2857
2702
2528
2350
2217
2174
2210
2316
2504
2685
2866
3016
3137
3206
3322
3424
3457
3477
3484
3486
3489
3491
3494
3494
3496
3496
3496
3496
3494
3486
3477
3465
3450
3428
3392
3349
3325
3310
3298
3289
3281
3272
3264
3260
3255
3250
3248
3245
3240
3240
3238
3235
3233
3231
3228
3223
3221
3216
3214
3209
3204
3199
3192
3185
3175
3163
3139
3112
3091
3064
3018
2953
2922
2907
2895
2888
2881
2876
2869
2861
2854
2847
2840
2828
2811
2796
2799
2816
2842
2888
2960
3023
3067
3108
3137
3158
3178
3194
3209
3223
3245
3276
3330
3361
3378
3395
3407
3416
3421
3421
3416
3404
3390
3375
3361
3344
3325
3303
3286
3267
3248
3233
3226
3219
3214
3209
3204
3202
3197
3197
3194
3192
3192
3190
3190
3192
3190
3192
3192
3192
3192
3190
3187
3185
3178
3168
3158
3144
3103
3054
2931
2784
2512
2227
1865
1732
1672
1710
1983
2176
2702
2801
2883
2992
3081
3129
3165
3180
3175
3156
3095
3047
3030
3023
3023
3023
3038
3052
3074
3095
3124
3146
3161
3175
3185
3194
3204
3209
3211
3202
3185
3168
3151
3134
3117
3100
3083
3064
3045
3021
2994
2968
2948
2931
2917
2900
2886
2866
2845
2816
2796
2782
2770
2758
2748
2750
2770
2801
2832
2871
2898
2912
2927
2941
2951
2943
2912
2823
2714
2562
2376
2181
2005
1913
1882
1925
2060
2244
2425
2579
2680
2738
2832
2941
3028
3079
3112
3127
3139
3146
3151
3156
3161
3170
3185
3146
3117
3098
3083
3074
3076
3083
3095
3110
3129
3158
3170
3178
3180
3185
3190
3194
3199
3202
3204
3204
3204
3204
3202
3199
3194
3190
3182
3175
3165
3158
3144
3110
3079
3050
3018
2980
2939
2900
2866
2823
2770
2736
2717
2702
2697
2692
2690
2685
2683
2683
2697
2714
2731
2746
2765
2789
2818
2847
2876
2902
2919
2931
2951
2975
3009
3038
3054
3074
3088
3100
3115
3132
3132
3108
3091
3081
3074
3067
3062
3064
3069
3079
3088
3098
3100
3105
3110
3117
3122
3129
3134
3137
3141
3144
3146
3149
3146
3146
3144
3144
3144
3146
3146
3149
3149
3151
3151
3153
3156
3156
3151
3146
3139
3132
3122
3112
3095
3079
3062
3045
3026
3026
3023
3023
3021
3018
3018
3021
3028
3033
3040
3042
3047
3050
3052
3054
3054
3057
3057
3057
3059
3064
3067
3069
3071
3074
3079
3083
3086
3091
3095
3105
3127
3137
3144
3149
3153
3158
3158
3149
3132
3105
3062
3042
3030
3023
3016
3009
3001
2994
2989
2984
2980
2975
2968
2963
2960
2965
2972
2982
2994
3018
3054
3086
3108
3129
3149
3163
3175
3185
3194
3204
3211
3209
3197
3175
3139
3091
3023
2931
2808
2659
2504
2352
2215
2104
2058
2065
2159
2316
2480
2601
2683
2748
2864
2987
3117
3248
3342
3378
3390
3368
3351
3342
3334
3330
3325
3322
3320
3317
3317
3315
3313
3313
3313
3313
3313
3310
3308
3303
3298
3293
3284
3272
3250
3209
3178
3156
3146
3141
3139
3134
3132
3129
3127
3122
3117
3110
3100
3086
3062
3018
2989
2975
2960
2939
2917
2900
2883
2866
2854
2845
2837
2830
2818
2796
2782
2775
2770
2767
2765
2765
2762
2765
2770
2777
2787
2799
2808
2820
2832
2845
2857
2866
2878
2898
2927
2951
2972
2987
3001
3018
3038
3052
3069
3083
3093
3098
3100
3103
3108
3112
3117
3122
3122
3117
3108
3100
3095
3088
3081
3074
3067
3062
3054
3052
3052
3050
3047
3047
3050
3050
3047
3045
3042
3038
3035
3030
3023
3013
3004
2997
2989
2984
2980
2972
2965
2960
2960
2960
2963
2965
2970
2972
2975
2982
2989
2994
2999
2999
2999
2997
2992
2987
2980
2968
2960
2968
2989
3021
3062
3088
3105
3115
3117
3110
3098
3093
3083
3076
3069
3067
3069
3071
3076
3081
3086
3093
3100
3103
3103
3093
3081
3067
3059
3052
3047
3038
3030
3023
3018
3018
3018
3021
3026
3030
3035
3040
3047
3052
3067
3095
3112
3122
3132
3139
3144
3146
3146
3141
3132
3122
3112
3098
3081
3069
3054
3006
2915
2784
2627
2449
2258
2089
2012
2014
2094
2253
2417
2569
2700
2830
2965
3067
3153
3187
3199
3206
3211
3223
3240
3257
3269
3279
3289
3296
3305
3310
3315
3315
3315
3315
3313
3310
3305
3296
3286
3274
3264
3255
3240
3223
3209
3202
3194
3187
3180
3173
3165
3153
3141
3129
3115
3083
3030
2992
2970
2956
2948
2946
2943
2941
2939
2934
2931
2929
2927
2922
2919
2915
2910
2902
2895
2886
2859
2813
2787
2772
2760
2760
2770
2789
2813
2845
2881
2898
2907
2912
2917
2922
2927
2931
2936
2939
2943
2946
2948
2951
2953
2958
2963
2970
2989
3033
3067
3095
3132
3180
3233
3264
3286
3293
3286
3272
3260
3248
3235
3209
3180
3165
3156
3146
3137
3129
3122
3115
3110
3103
3098
3091
3086
3083
3079
3076
3069
3062
3052
3042
3033
3026
3021
3018
3013
3011
3009
3006
3004
3001
3001
3001
3004
3013
3023
3035
3050
3062
3086
3105
3117
3127
3137
3146
3153
3153
3141
3120
3093
3059
3052
3050
3047
3045
3040
3038
3033
3028
3026
3021
3016
3009
3004
2999
2997
2992
2982
2972
2963
2958
2960
2965
2975
2982
2989
3001
3013
3023
3026
3023
3018
3013
3011
3006
3004
2999
2997
2994
2997
3001
3011
3023
3033
3040
3050
3057
3067
3074
3076
3076
3074
3071
3067
3059
3050
3033
2987
2902
2799
2671
2514
2340
2171
2029
1947
1942
1998
2137
2306
2475
2639
2741
2813
2910
3050
3192
3325
3385
3404
3380
3344
3315
3298
3289
3284
3279
3274
3267
3257
3245
3231
3216
3199
3178
3156
3141
3129
3120
3112
3105
3098
3093
3091
3091
3093
3095
3098
3100
3103
3105
3108
3112
3117
3120
3122
3122
3120
3112
3105
3093
3081
3059
3026
2989
2960
2939
2919
2902
2886
2866
2847
2828
2806
2789
2770
2758
2753
2750
2748
2746
2743
2741
2741
2741
2746
2753
2765
2775
2789
2806
2825
2849
2876
2922
2989
3033
3059
3083
3100
3112
3122
3129
3137
3141
3146
3151
3153
3158
3161
3165
3173
3182
3190
3187
3170
3151
3139
3127
3117
3108
3098
3088
3081
3074
3069
3064
3057
3052
3052
3050
3050
3050
3052
3052
3052
3057
3059
3064
3067
3067
3069
3071
3074
3079
3083
3088
3091
3093
3095
3098
3100
3098
3093
3088
3081
3074
3067
3059
3052
3040
3016
3006
3004
3001
2997
2999
3023
3042
3059
3071
3076
3081
3083
3088
3093
3095
3086
3079
3071
3067
3067
3076
3093
3110
3134
3161
3178
3192
3204
3209
3204
3192
3178
3163
3149
3132
3112
3093
3081
3071
3064
3057
3052
3047
3040
3033
3028
3023
3021
3016
3011
3006
3001
2989
2980
2977
2982
2997
3013
3038
3069
3095
3115
3129
3139
3141
3139
3129
3110
3052
2963
2830
2661
2466
2277
2171
2135
2179
2306
2475
2639
2753
2820
2888
2953
3052
3168
3260
3291
3303
3313
3310
3281
3260
3238
3223
3223
3231
3245
3269
3298
3313
3322
3327
3317
3293
3269
3240
3233
3233
3233
3233
3233
3231
3228
3226
3219
3209
3197
3180
3153
3129
3108
3088
3069
3052
3028
3001
2975
2960
2951
2941
2934
2924
2915
2905
2893
2873
2847
2820
2796
2772
2753
2741
2734
2726
2721
2717
2719
2724
2734
2743
2755
2762
2772
2782
2791
2801
2808
2816
2823
2830
2840
2854
2876
2898
2927
2953
2980
3006
3033
3045
3052
3057
3064
3069
3074
3079
3081
3083
3083
3086
3088
3088
3088
3088
3086
3083
3081
3076
3074
3069
3067
3062
3057
3052
3047
3042
3035
3028
3023
3016
3004
2992
2980
2972
2968
2965
2963
2963
2963
2963
2960
2960
2960
2960
2958
2958
2958
2958
2958
2960
2965
2972
2977
2984
2992
2999
3006
3009
3013
3013
3016
3018
3021
3026
3028
3033
3035
3038
3042
3045
3050
3050
3052
3052
3052
3052
3054
3057
3057
3059
3062
3067
3069
3074
3076
3081
3086
3091
3093
3093
3091
3083
3074
3062
3052
3047
3040
3030
3023
3013
3006
3001
2997
2997
2997
2999
3004
3009
3013
3021
3028
3038
3047
3052
3062
3071
3083
3093
3098
3103
3105
3110
3112
3122
3134
3115
3057
2943
2784
2581
2359
2162
2048
2036
2089
2253
2499
2729
2893
3033
3134
3180
3211
3250
3296
3332
3346
3356
3363
3363
3361
3356
3349
3342
3337
3349
3373
3383
3387
3390
3395
3402
3407
3414
3421
3426
3428
3433
3436
3438
3438
3436
3433
3428
3426
3424
3419
3414
3409
3402
3397
3390
3378
3356
3330
3310
3289
3267
3248
3231
3214
3202
3187
3163
3120
3067
3018
2987
2968
2953
2948
2953
2965
2982
3009
3040
3040
3040
3040
3042
3042
3040
3035
3030
3026
3023
3035
3057
3091
3139
3158
3168
3178
3182
3187
3190
3192
3192
3192
3192
3190
3187
3185
3182
3180
3178
3175
3170
3170
3175
3182
3192
3199
3206
3214
3219
3223
3226
3223
3219
3211
3199
3182
3139
3112
3103
3093
3086
3079
3074
3069
3062
3057
3054
3052
3047
3045
3040
3038
3035
3030
3028
3026
3021
3016
3011
3009
3004
3001
3001
2999
2997
2997
2992
2987
2977
2972
2989
3021
3038
3052
3062
3074
3083
3088
3093
3093
3095
3095
3095
3095
3095
3095
3098
3098
3100
3093
3079
3067
3057
3052
3042
3035
3028
3021
3016
3011
3011
3009
3011
3013
3016
3023
3028
3035
3042
3052
3057
3067
3088
3112
3129
3146
3161
3173
3182
3194
3204
3216
3223
3233
3240
3252
3272
3286
3293
3301
3305
3313
3320
3317
3308
3286
3219
3132
3023
2890
2743
2591
2473
2429
2415
2456
2574
2690
2806
2939
3067
3197
3305
3467
3626
3745
3839
3875
3877
3860
3834
3807
3798
3795
3790
3788
3786
3783
3781
3776
3774
3771
3771
3769
3766
3764
3757
3752
3754
3766
3783
3798
3815
3827
3827
3810
3790
3776
3766
3757
3747
3742
3735
3728
3720
3713
3706
3699
3692
3684
3679
3672
3663
3658
3650
3643
3631
3605
3561
3527
3479
3445
3428
3414
3404
3400
3400
3407
3416
3428
3441
3455
3482
3506
3535
3554
3568
3583
3595
3605
3614
3624
3636
3653
3677
3687
3692
3696
3699
3701
3699
3696
3692
3679
3670
3660
3655
3650
3646
3643
3641
3638
3638
3636
3631
3626
3622
3619
3617
3614
3614
3609
3607
3602
3595
3588
3568
3515
3479
3457
3441
3424
3409
3400
3392
3385
3378
3373
3368
3363
3359
3356
3351
3346
3339
3330
3308
3257
3206
3158
3081
2994
2905
2816
2717
2603
2495
2401
2302
2203
2106
2019
1966
1872
1776
1725
1681
1633
1604
1592
1580
1568
1556
1544
1517
1479
1421
1332
1283
1204
1122
1066
1015
0979
0948
0909
0866
0822
0777
0740
0711
0682
0666
0653
0644
0639
0634
0632
0634
0639
0644
0653
0666
0682
0714
0743
0774
0803
0839
0873
0909
0938
0962
0982
1003
1025
1047
1068
1085
1095
1105
1117
1117
1088
1011
0907
0750
0547
0333
0142
0036
0000
0041
0164
0357
0528
0690
0856
0977
1066
1245
1380
1520
1657
1742
1771
1771
1744
1725
1706
1691
1691
1706
1730
1766
1817
1860
1901
1944
1990
2036
2087
2130
2162
2191
2217
2244
2273
2302
2328
2359
2391
2420
2446
2461
2468
2475
2480
2485
2492
2497
2502
2509
2519
2540
2584
2620
2639
2664
2688
2709
2731
2746
2755
2762
2765
2770
2775
2779
2782
2782
2779
2775
2767
2760
2753
2738
2731
2738
2758
2782
2808
2830
2861
2895
2948
3028
3081
3139
3180
3214
3255
3320
3363
3385
3402
3416
3431
3443
3457
3470
3482
3491
3503
3518
3530
3542
3549
3556
3561
3568
3573
3578
3583
3588
3590
3597
3602
3607
3612
3619
3624
3629
3634
3641
3648
3655
3663
3670
3675
3675
3675
3672
3670
3667
3665
3660
3655
3648
3641
3643
3663
3684
3699
3711
3723
3730
3737
3737
3733
3725
3713
3694
3658
3590
3559
3547
3535
3525
3515
3508
3503
3501
3501
3503
3506
3503
3506
3506
3508
3513
3515
3515
3518
3520
3525
3532
3535
3530
3520
3508
3498
3491
3482
3472
3457
3441
3421
3397
3361
3325
3305
3293
3281
3274
3267
3264
3264
3272
3279
3289
3298
3310
3327
3349
3373
3392
3409
3419
3431
3441
3448
3453
3455
3453
3448
3438
3426
3409
3346
3240
3091
2898
2671
2461
2326
2282
2318
2425
2613
2832
3004
3153
3281
3416
3547
3696
3810
3851
3868
3853
3824
3774
3718
3689
3667
3658
3663
3675
3687
3699
3706
3692
3660
3612
3561
3547
3542
3539
3537
3532
3527
3523
3518
3511
3506
3501
3494
3489
3482
3474
3465
3450
3433
3419
3402
3387
3371
3351
3330
3310
3293
3284
3274
3257
3231
3194
3170
3153
3144
3134
3127
3117
3110
3105
3098
3093
3088
3083
3079
3076
3076
3074
3074
3076
3079
3083
3091
3100
3110
3122
3139
3175
3219
3250
3276
3303
3334
3363
3375
3387
3397
3404
3412
3416
3419
3424
3428
3431
3433
3436
3436
3436
3436
3436
3431
3426
3419
3412
3404
3397
3390
3383
3378
3371
3366
3363
3361
3356
3351
3346
3344
3339
3334
3332
3325
3320
3315
3310
3305
3301
3298
3293
3289
3284
3279
3276
3272
3269
3264
3262
3257
3252
3248
3240
3233
3226
3221
3216
3211
3206
3206
3206
3206
3209
3209
3209
3206
3204
3194
3182
3175
3178
3180
3185
3187
3190
3192
3194
3199
3204
3209
3214
3216
3219
3216
3214
3209
3202
3194
3185
3175
3165
3153
3144
3134
3122
3098
3076
3062
3057
3052
3047
3042
3035
3030
3028
3028
3035
3045
3057
3069
3081
3098
3115
3127
3127
3120
3105
3081
3045
2980
2915
2842
2709
2562
2398
2234
2089
2046
2026
2046
2181
2345
2502
2651
2801
2948
3064
3194
3240
3255
3235
3199
3175
3153
3137
3124
3115
3108
3100
3098
3093
3088
3086
3083
3083
3083
3086
3086
3088
3088
3086
3086
3083
3083
3083
3083
3081
3076
3071
3064
3059
3054
3050
3042
3033
3023
3009
2992
2972
2956
2939
2924
2907
2890
2873
2852
2828
2811
2794
2777
2760
2741
2721
2700
2676
2651
2625
2606
2594
2584
2569
2550
2555
2598
2632
2656
2680
2697
2714
2726
2743
2760
2777
2796
2811
2832
2869
2927
2965
2989
3009
3028
3035
3040
3045
3050
3052
3057
3059
3064
3067
3069
3071
3071
3069
3067
3064
3062
3059
3059
3059
3059
3059
3057
3057
3057
3057
3054
3052
3050
3045
3042
3040
3038
3038
3035
3035
3035
3033
3033
3028
3018
3021
3038
3047
3052
3057
3062
3064
3064
3059
3054
3052
3045
3038
3030
3023
3016
3011
3006
3004
3004
3006
3009
3016
3023
3033
3040
3047
3052
3054
3059
3062
3067
3071
3074
3079
3083
3088
3093
3095
3095
3095
3093
3093
3091
3088
3083
3076
3071
3064
3059
3052
3045
3021
2987
2960
2939
2922
2905
2893
2883
2876
2869
2861
2857
2857
2857
2861
2871
2881
2893
2905
2919
2939
2958
2970
2977
2984
2994
3004
3004
2987
2931
2832
2695
2531
2343
2147
1976
1887
1887
1985
2183
2381
2557
2678
2750
2828
2898
3009
3120
3235
3305
3332
3330
3296
3245
3185
3156
3141
3132
3122
3117
3112
3108
3105
3103
3100
3095
3083
3079
3091
3117
3153
3202
3221
3233
3243
3250
3252
3250
3240
3228
3214
3199
3182
3165
3149
3132
3115
3088
3054
3018
2992
2970
2951
2931
2915
2895
2873
2849
2818
2784
2746
2712
2695
2683
2673
2666
2661
2661
2666
2676
2688
2702
2717
2736
2755
2770
2784
2806
2832
2869
2900
2919
2939
2960
2982
2997
3011
3023
3033
3040
3045
3047
3047
3050
3050
3050
3050
3050
3047
3047
3047
3047
3045
3045
3045
3045
3047
3047
3050
3052
3052
3054
3057
3062
3067
3071
3076
3081
3086
3093
3100
3108
3112
3120
3124
3127
3132
3134
3137
3137
3137
3137
3137
3139
3141
3144
3144
3137
3122
3108
3100
3095
3088
3083
3076
3071
3067
3062
3059
3059
3059
3059
3062
3064
3069
3074
3079
3083
3091
3095
3100
3105
3110
3115
3120
3127
3132
3137
3141
3144
3146
3149
3151
3153
3156
3161
3170
3185
3153
3129
3115
3103
3093
3081
3071
3062
3052
3038
3016
2992
2965
2946
2929
2915
2910
2915
2927
2943
2970
3021
3050
3062
3071
3081
3086
3091
3093
3093
3091
3083
3076
3064
3050
2984
2888
2765
2596
2393
2193
2026
1961
1969
2060
2215
2367
2475
2586
2692
2799
2924
3057
3178
3214
3226
3233
3199
3178
3165
3156
3149
3144
3139
3139
3139
3141
3144
3149
3153
3158
3165
3173
3180
3187
3192
3194
3199
3202
3204
3204
3206
3206
3206
3209
3216
3187
3151
3120
3095
3067
3021
2987
2968
2956
2941
2927
2912
2900
2883
2864
2845
2830
2816
2806
2799
2791
2782
2772
2760
2750
2741
2734
2726
2719
2712
2707
2707
2714
2724
2736
2750
2765
2784
2806
2818
2830
2847
2866
2888
2905
2917
2929
2946
2968
2984
2999
3013
3028
3040
3047
3047
3042
3035
3030
3023
3021
3013
3004
2997
2992
2997
3004
3016
3028
3040
3052
3064
3076
3091
3100
3108
3115
3120
3127
3129
3127
3122
3112
3100
3079
3045
3030
3026
3018
3013
3009
3006
3004
2999
2994
2992
2992
2989
2987
2984
2982
2977
2963
2965
2997
3011
3021
3028
3035
3038
3042
3045
3050
3052
3057
3059
3064
3069
3071
3076
3081
3086
3088
3093
3095
3100
3105
3112
3122
3134
3144
3144
3139
3134
3129
3122
3117
3117
3120
3124
3129
3137
3132
3105
3064
3011
2953
2907
2886
2871
2861
2861
2871
2890
2922
2968
3006
3033
3057
3081
3103
3122
3141
3153
3163
3173
3178
3182
3182
3180
3175
3168
3156
3124
3052
2956
2835
2671
2478
2280
2092
1961
1920
1944
2022
2171
2355
2533
2666
2784
2919
3083
3233
3308
3337
3342
3327
3315
3301
3303
3327
3346
3361
3371
3375
3371
3359
3344
3332
3320
3308
3296
3286
3274
3257
3238
3216
3194
3173
3151
3141
3153
3173
3187
3199
3209
3219
3221
3219
3214
3206
3197
3180
3144
3117
3105
3091
3076
3062
3035
2984
2951
2934
2922
2912
2905
2898
2893
2888
2878
2864
2845
2845
2845
2845
2847
2847
2847
2847
2847
2847
2847
2849
2854
2859
2869
2881
2915
2958
3001
3038
3064
3086
3103
3110
3120
3129
3139
3151
3165
3199
3243
3262
3274
3281
3284
3276
3257
3235
3221
3206
3192
3180
3175
3178
3185
3194
3202
3209
3216
3221
3228
3233
3238
3240
3240
3235
3228
3216
3204
3192
3180
3165
3149
3134
3124
3117
3112
3108
3103
3098
3091
3083
3076
3074
3071
3071
3067
3062
3057
3054
3054
3057
3057
3057
3062
3067
3074
3086
3095
3105
3117
3132
3149
3156
3158
3158
3156
3156
3156
3156
3141
3120
3108
3103
3098
3093
3091
3088
3083
3081
3076
3071
3067
3064
3062
3059
3057
3057
3054
3054
3052
3052
3050
3045
3040
3035
3033
3040
3050
3059
3071
3083
3098
3112
3124
3139
3149
3161
3168
3178
3185
3194
3202
3206
3206
3204
3199
3192
3182
3168
3112
3006
2840
2627
2391
2166
2002
1937
1949
2068
2251
2427
2630
2755
2835
2968
3086
3197
3308
3390
3416
3390
3354
3325
3317
3315
3315
3315
3315
3313
3313
3310
3308
3305
3303
3298
3293
3289
3284
3274
3267
3257
3248
3233
3221
3211
3202
3194
3185
3173
3158
3139
3122
3105
3083
3054
3033
3013
2997
2987
2984
2984
2984
2982
2980
2977
2977
2970
2960
2948
2934
2915
2893
2869
2849
2835
2823
2811
2804
2796
2791
2784
2775
2767
2767
2782
2804
2825
2849
2869
2886
2900
2917
2936
2963
2987
3004
3026
3045
3064
3081
3093
3105
3112
3122
3132
3141
3149
3153
3158
3165
3170
3175
3178
3182
3182
3182
3182
3180
3175
3170
3161
3151
3141
3134
3124
3108
3093
3083
3076
3071
3067
3062
3057
3052
3050
3042
3038
3033
3028
3023
3021
3018
3018
3013
3011
3004
2999
2997
2994
2992
2989
2989
2994
2999
3009
3021
3033
3045
3054
3069
3086
3095
3100
3103
3105
3105
3105
3108
3110
3112
3112
3110
3105
3095
3086
3076
3069
3059
3052
3042
3035
3035
3040
3050
3057
3067
3074
3081
3088
3098
3103
3105
3103
3093
3081
3067
3054
3042
3023
3004
2987
2977
2972
2965
2958
2946
2941
2953
2984
3018
3054
3088
3105
3120
3132
3139
3141
3141
3134
3120
3105
3076
3033
2972
2873
2741
2581
2410
2244
2179
2157
2198
2323
2473
2632
2743
2806
2861
2915
3011
3146
3267
3310
3330
3330
3305
3279
3262
3252
3243
3233
3223
3219
3211
3202
3194
3187
3180
3175
3173
3170
3168
3161
3149
3137
3134
3129
3124
3120
3115
3112
3112
3115
3120
3124
3129
3134
3141
3141
3129
3108
3083
3052
3028
3006
2989
2970
2951
2929
2910
2890
2873
2857
2842
2835
2828
2820
2813
2806
2801
2794
2789
2787
2784
2784
2784
2784
2789
2794
2799
2804
2808
2816
2823
2830
2852
2907
2958
2997
3028
3054
3083
3110
3122
3132
3139
3144
3149
3151
3153
3156
3161
3165
3170
3173
3175
3175
3178
3180
3185
3187
3192
3199
3209
3211
3206
3190
3173
3163
3153
3144
3134
3127
3120
3115
3110
3108
3108
3108
3112
3115
3120
3124
3127
3132
3137
3141
3146
3149
3156
3163
3168
3173
3175
3173
3168
3161
3151
3139
3127
3110
3093
3083
3074
3064
3052
3050
3062
3088
3098
3103
3105
3110
3112
3117
3120
3122
3124
3127
3127
3129
3129
3129
3129
3129
3129
3127
3127
3127
3127
3127
3129
3129
3129
3129
3129
3129
3132
3134
3137
3139
3141
3144
3146
3149
3151
3153
3156
3156
3161
3165
3173
3180
3185
3192
3204
3219
3233
3243
3248
3245
3235
3223
3204
3182
3139
3064
2956
2835
2700
2548
2398
2294
2256
2256
2297
2417
2589
2750
2893
3040
3168
3274
3349
3419
3467
3470
3438
3387
3349
3334
3322
3325
3346
3363
3380
3390
3387
3373
3354
3330
3298
3269
3252
3238
3226
3219
3223
3238
3260
3289
3327
3356
3378
3395
3404
3395
3368
3327
3267
3231
3209
3190
3170
3149
3134
3117
3103
3088
3076
3064
3052
3030
2994
2963
2919
2859
2825
2811
2799
2789
2782
2775
2770
2762
2758
2753
2748
2743
2738
2731
2726
2721
2714
2712
2709
2709
2712
2714
2719
2726
2734
2743
2755
2777
2801
2832
2871
2912
2941
2951
2958
2963
2965
2963
2953
2939
2917
2888
2871
2861
2857
2852
2847
2840
2830
2823
2811
2801
2787
2770
2750
2738
2724
2697
2671
2656
2644
2668
2688
2700
2709
2719
2729
2734
2741
2748
2755
2762
2770
2779
2787
2796
2808
2823
2840
2854
2869
2881
2895
2907
2912
2917
2917
2919
2922
2924
2927
2927
2924
2919
2915
2910
2907
2902
2898
2895
2895
2898
2905
2915
2927
2943
2972
3001
3028
3050
3054
3057
3062
3064
3047
3023
3001
2975
2960
2953
2946
2941
2934
2931
2929
2929
2929
2927
2927
2927
2927
2927
2929
2931
2931
2931
2931
2934
2934
2939
2943
2948
2953
2958
2965
2972
2987
3001
3009
3004
2992
2975
2948
2898
2801
2678
2521
2335
2150
1990
1918
1918
1998
2154
2359
2528
2610
2705
2791
2905
3050
3163
3226
3248
3216
3187
3163
3151
3149
3149
3146
3141
3170
3214
3267
3320
3368
3412
3467
3501
3515
3527
3537
3547
3552
3556
3559
3559
3559
3559
3556
3552
3547
3539
3535
3527
3520
3511
3489
3470
3453
3438
3428
3419
3404
3390
3373
3351
3320
3291
3262
3233
3209
3185
3161
3137
3122
3112
3105
3100
3091
3081
3071
3062
3054
3047
3038
3028
3018
3013
3013
3018
3028
3040
3052
3069
3100
3129
3153
3175
3197
3221
3235
3248
3257
3264
3269
3274
3274
3274
3272
3264
3255
3245
3235
3228
3221
3214
3206
3199
3194
3187
3180
3173
3165
3156
3149
3141
3137
3132
3127
3122
3117
3110
3103
3093
3083
3071
3062
3054
3047
3042
3038
3035
3035
3033
3033
3033
3033
3033
3030
3030
3030
3028
3026
3026
3023
3023
3023
3023
3021
3018
3016
3013
3009
3004
2997
2984
2970
2958
2948
2936
2927
2912
2900
2898
2910
2929
2948
2972
2992
3006
3018
3035
3045
3038
3018
3004
2987
2972
2972
2987
3011
3038
3067
3076
3086
3093
3095
3086
3067
3045
3013
2965
2924
2890
2869
2854
2845
2832
2825
2823
2837
2864
2890
2907
2924
2939
2953
2965
2972
2977
2975
2975
2972
2968
2960
2948
2924
2878
2808
2700
2577
2420
2314
2109
1870
1638
1500
1455
1513
1686
2092
2528
2900
3156
3301
2997
3175
3194
3168
3156
3149
3144
3146
3156
3165
3173
3178
3185
3187
3194
3199
3206
3211
3216
3223
3231
3238
3243
3248
3252
3257
3262
3260
3255
3245
3233
3219
3197
3153
3115
3093
3079
3069
3062
3057
3052
3042
3035
3028
3021
3013
3004
2992
2972
2953
2939
2924
2910
2895
2876
2859
2840
2825
2816
2808
2801
2796
2791
2787
2784
2782
2782
2782
2782
2784
2791
2799
2808
2820
2835
2861
2922
2968
2994
3026
3059
3074
3081
3091
3098
3103
3108
3110
3115
3117
3120
3122
3122
3122
3122
3122
3122
3120
3117
3115
3115
3112
3112
3112
3112
3115
3115
3115
3117
3117
3120
3120
3122
3124
3127
3134
3144
3149
3156
3153
3146
3134
3122
3105
3076
3071
3088
3139
3052
2977
2806
2405
2063
1505
1078
0651
0417
0419
0658
1208
1611
2495
2661
3030
3416
3286
3187
3115
3079
3052
3040
3038
3050
3064
3081
3093
3108
3124
3129
3137
3134
3127
3120
3110
3103
3100
3095
3093
3088
3083
3076
3069
3064
3057
3052
3052
3047
3045
3042
3042
3042
3042
3040
3035
3030
3028
3023
3021
3021
3023
3026
3028
3033
3040
3047
3052
3052
3054
3057
3059
3062
3064
3064
