1915
1877
1845
1842
1870
1960
2240
2544
2718
2865
2946
3023
3106
3196
3315
3424
3494
3510
3514
3517
3520
3520
3520
3523
3523
3523
3517
3507
3494
3475
3456
3437
3417
3398
3379
3360
3337
3315
3295
3279
3263
3244
3228
3212
3193
3173
3151
3122
3080
3039
2994
2942
2888
2853
2836
2820
2811
2801
2798
2798
2801
2808
2817
2836
2859
2894
2952
2997
3019
3035
3048
3061
3071
3080
3087
3090
3093
3093
3093
3093
3096
3100
3106
3112
3116
3119
3116
3109
3100
3090
3077
3064
3051
3039
3026
3016
3010
3003
3003
3003
3007
3010
3023
3039
3055
3074
3093
3109
3125
3141
3157
3173
3186
3199
3209
3215
3218
3218
3215
3209
3202
3199
3196
3186
3180
3173
3164
3151
3145
3154
3183
3228
3315
3414
3462
3498
3510
3488
3424
3247
2968
2596
2153
1704
1299
1001
0866
0821
0876
1036
1338
1678
2025
2368
2666
2888
3029
3116
3209
3299
3369
3421
3485
3514
3533
3549
3562
3575
3581
3584
3584
3584
3578
3571
3559
3546
3526
3507
3491
3469
3446
3421
3398
3376
3353
3327
3302
3273
3247
3225
3199
3161
3106
3045
2991
2946
2897
2843
2792
2737
2695
2666
2638
2602
2583
2573
2567
2557
2551
2548
2551
2564
2589
2618
2660
2721
2772
2804
2827
2843
2856
2862
2862
2853
2840
2820
2798
2775
2743
2708
2679
2650
2615
2573
2538
2506
2461
2378
2265
2169
2015
1838
1627
1389
1139
0905
0718
0548
0462
0404
0362
0362
0401
0510
0651
0831
1055
1315
1594
1887
2166
2439
2718
2997
3257
3462
3594
3668
3738
3831
3899
3931
3953
3969
3985
4001
4014
4024
4037
4046
4056
4066
4069
4072
4075
4075
4075
4069
4059
4046
4030
4008
3966
3876
3802
3748
3690
3613
3523
3465
3424
3385
3353
3321
3289
3244
3186
3157
3141
3122
3109
3096
3087
3077
3071
3064
3061
3061
3061
3061
3064
3068
3071
3071
3074
3074
3074
3074
3071
3068
3068
3068
3068
3068
3068
3068
3068
3068
3064
3061
3058
3055
3051
3051
3048
3045
3045
3045
3051
3051
3051
3051
3051
3051
3051
3055
3055
3051
3051
3048
3048
3051
3051
3051
3051
3051
3048
3045
3042
3039
3035
3035
3035
3035
3035
3032
3029
3029
3029
3029
3029
3026
3019
3013
3007
3003
3000
2984
2965
2936
2904
2878
2856
2836
2824
2814
2817
2833
2856
2878
2894
2910
2917
2930
2942
2952
2962
2965
2965
2965
2968
2971
2974
2974
2974
2974
2974
2974
2978
2981
2984
2984
2987
2987
2991
2991
2997
3003
3019
3042
3055
3058
3045
3019
2978
2849
2682
2467
2204
1915
1646
1492
1440
1444
1508
1681
1880
2092
2310
2535
2747
2843
2862
2878
2894
2907
2913
2920
2926
2933
2936
2939
2936
2930
2926
2923
2923
2923
2923
2920
2917
2913
2910
2907
2901
2891
2885
2875
2865
2856
2846
2833
2814
2753
2702
2647
2593
2548
2509
2474
2439
2403
2374
2352
2329
2304
2278
2252
2230
2211
2191
2175
2166
2166
2172
2188
2207
2233
2272
2339
2390
2442
2493
2560
2593
2609
2625
2634
2644
2647
2657
2666
2676
2686
2692
2698
2705
2711
2715
2718
2721
2724
2731
2737
2747
2756
2766
2775
2788
2801
2814
2827
2836
2843
2856
2865
2881
2894
2910
2920
2936
2952
2968
2984
2997
3010
3026
3055
3100
3129
3145
3151
3154
3157
3161
3164
3164
3164
3164
3164
3170
3177
3180
3183
3186
3189
3193
3199
3202
3212
3225
3257
3273
3263
3238
3154
2987
2724
2362
1938
1537
1299
1222
1296
1514
1877
2252
2577
2824
2997
3093
3141
3167
3186
3202
3215
3228
3241
3250
3257
3267
3276
3283
3286
3289
3292
3299
3302
3305
3305
3299
3292
3286
3279
3273
3263
3254
3244
3234
3225
3206
3183
3161
3138
3112
3084
3051
3010
2968
2930
2885
2830
2769
2734
2711
2692
2679
2670
2666
2670
2682
2698
2718
2734
2750
2772
2798
2820
2840
2859
2875
2891
2907
2917
2930
2939
2946
2952
2955
2962
2965
2971
2978
2984
2991
2997
3003
3000
2994
2978
2958
2933
2901
2843
2795
2769
2747
2731
2718
2711
2711
2721
2734
2750
2763
2775
2785
2795
2804
2817
2827
2840
2849
2859
2865
2872
2875
2881
2888
2897
2907
2913
2920
2923
2920
2917
2913
2910
2907
2897
2885
2862
2862
2913
2968
3029
3074
3112
3151
3148
3084
2913
2644
2284
1851
1383
0933
0587
0465
0478
0689
1062
1498
1919
2256
2467
2564
2695
2856
3048
3238
3324
3363
3382
3398
3408
3424
3437
3453
3462
3475
3485
3494
3504
3510
3514
3517
3517
3507
3494
3475
3453
3430
3408
3379
3350
3321
3302
3286
3270
3254
3238
3222
3202
3173
3145
3116
3080
3039
3000
2965
2936
2917
2904
2891
2878
2869
2865
2872
2881
2894
2907
2917
2923
2930
2936
2946
2955
2965
2968
2974
2978
2978
2978
2974
2971
2962
2955
2942
2933
2920
2907
2888
2849
2820
2798
2766
2702
2618
2538
2451
2371
2236
2079
1896
1675
1428
1181
0956
0747
0564
0442
0397
0394
0430
0519
0638
0744
0802
0885
1010
1229
1591
2037
2483
2840
3061
3186
3260
3388
3552
3745
3928
4024
4056
4017
3985
3966
3950
3944
3947
3963
3989
4011
4027
4043
4059
4072
4085
4095
4095
4095
4088
4082
4075
4066
4053
4030
4001
3963
3902
3825
3748
3681
3620
3555
3494
3449
3408
3376
3347
3321
3292
3257
3215
3183
3170
3164
3157
3154
3148
3145
3141
3138
3132
3125
3119
3109
3103
3093
3087
3077
3064
3048
3032
3019
3007
2994
2984
2974
2965
2958
2949
2942
2939
2933
2926
2923
2917
2913
2913
2910
2910
2907
2904
2904
2901
2901
2901
2901
2904
2907
2910
2913
2917
2920
2926
2936
2933
2920
2904
2888
2865
2853
2849
2846
2843
2840
2836
2836
2833
2830
2824
2820
2817
2808
2798
2788
2775
2766
2756
2747
2737
2724
2711
2702
2689
2670
2644
2644
2673
2708
2747
2769
2801
2836
2859
2875
2881
2872
2849
2836
2827
2817
2808
2804
2798
2795
2792
2792
2792
2795
2798
2804
2811
2820
2827
2846
2894
2946
2994
3029
3051
3010
2888
2670
2371
1992
1550
1068
0638
0381
0356
0478
0866
1373
1887
2291
2471
2538
2564
2596
2641
2727
2824
2917
2968
3019
3068
3100
3119
3129
3132
3119
3103
3093
3087
3080
3074
3068
3064
3058
3048
3045
3039
3032
3026
3016
3003
2971
2946
2917
2894
2862
2824
2772
2721
2666
2602
2551
2516
2496
2471
2435
2381
2313
2272
2249
2230
2217
2207
2191
2175
2175
2207
2256
2310
2339
2358
2381
2406
2429
2448
2474
2496
2519
2564
2618
2641
2657
2666
2673
2676
2676
2670
2663
2657
2644
2628
2660
2686
2702
2715
2721
2724
2727
2727
2727
2731
2734
2737
2737
2734
2731
2727
2724
2715
2740
2766
2785
2804
2824
2853
2904
2962
3013
3039
3055
3064
3071
3071
3068
3061
3055
3048
3039
3032
3029
3032
3042
3058
3071
3080
3093
3106
3119
3135
3167
3218
3257
3283
3283
3260
3196
3013
2750
2416
2050
1684
1357
1148
1126
1222
1530
1980
2480
2888
3135
3206
3206
3129
3087
3074
3080
3103
3132
3157
3189
3234
3283
3318
3344
3382
3417
3449
3449
3421
3376
3324
3286
3257
3231
3196
3148
3119
3106
3096
3090
3084
3077
3068
3064
3058
3051
3042
3032
3007
2952
2901
2843
2795
2756
2715
2692
2676
2660
2650
2644
2644
2644
2647
2654
2663
2676
2724
2795
2824
2853
2888
2933
2991
3045
3074
3090
3106
3116
3119
3116
3106
3100
3090
3084
3074
3061
3051
3035
3023
3010
2997
2978
2958
2942
2933
2920
2913
2904
2901
2907
2920
2939
2955
2968
2978
2991
3000
3010
3016
3026
3032
3039
3048
3055
3064
3074
3080
3087
3093
3096
3103
3109
3116
3119
3119
3119
3119
3116
3112
3103
3096
3084
3071
3048
3035
3045
3068
3100
3138
3157
3173
3170
3132
3032
2833
2548
2201
1838
1498
1222
1113
1126
1306
1627
1999
2352
2638
2804
2885
2913
2946
2984
3039
3096
3145
3186
3238
3273
3292
3305
3305
3289
3270
3234
3180
3148
3132
3116
3109
3106
3109
3112
3122
3129
3138
3157
3154
3132
3112
3096
3077
3061
3042
3003
2939
2862
2801
2759
2731
2702
2666
2618
2573
2541
2528
2519
2512
2509
2506
2512
2525
2544
2580
2628
2673
2721
2779
2833
2856
2869
2878
2885
2891
2897
2907
2913
2917
2923
2933
2942
2952
2958
2962
2958
2952
2936
2913
2878
2824
2788
2766
2747
2702
2602
2496
2397
2297
2179
2025
1835
1617
1396
1206
1065
0959
0895
0876
0895
0959
1065
1184
1296
1424
1607
1848
2137
2429
2695
2913
3074
3189
3305
3440
3571
3629
3648
3655
3648
3639
3629
3616
3620
3655
3693
3732
3754
3780
3799
3809
3819
3828
3825
3799
3777
3754
3732
3709
3684
3655
3626
3594
3565
3536
3501
3443
3385
3347
3318
3292
3267
3234
3196
3148
3096
3045
3003
2978
2958
2952
2949
2946
2946
2942
2942
2942
2939
2939
2936
2936
2933
2930
2930
2926
2926
2923
2920
2913
2913
2907
2901
2894
2885
2875
2865
2862
2859
2859
2856
2853
2849
2843
2840
2840
2846
2856
2865
2869
2872
2878
2881
2888
2894
2901
2904
2907
2913
2913
2917
2920
2923
2926
2936
2946
2952
2952
2949
2939
2926
2910
2872
2836
2811
2779
2759
2747
2737
2727
2718
2708
2695
2689
2679
2673
2663
2657
2650
2647
2650
2657
2666
2673
2682
2695
2715
2737
2756
2785
2830
2856
2865
2875
2881
2888
2894
2901
2910
2913
2923
2933
2942
2955
2968
2984
2997
3010
3023
3039
3055
3074
3087
3103
3135
3164
3180
3173
3103
3000
2843
2599
2252
1813
1312
0844
0516
0401
0532
0885
1396
1941
2410
2734
2888
2955
3029
3119
3199
3244
3276
3302
3321
3372
3449
3488
3510
3523
3530
3533
3533
3523
3510
3494
3478
3459
3440
3421
3401
3379
3353
3337
3321
3302
3263
3212
3167
3125
3087
3055
3019
2984
2946
2904
2859
2808
2753
2698
2644
2583
2532
2496
2467
2445
2426
2403
2381
2365
2352
2345
2352
2371
2390
2410
2429
2451
2509
2554
2567
2577
2586
2589
2589
2583
2577
2570
2560
2551
2532
2535
2557
2570
2580
2586
2593
2599
2599
2599
2593
2586
2580
2570
2560
2551
2538
2525
2516
2512
2516
2522
2535
2551
2583
2631
2666
2711
2756
2808
2853
2885
2897
2910
2917
2923
2920
2913
2901
2878
2856
2878
2910
2936
2958
2984
3026
3055
3068
3077
3090
3100
3109
3122
3135
3154
3164
3157
3145
3109
2965
2711
2320
1813
1248
0741
0410
0346
0580
1036
1588
2130
2580
2859
2926
2952
2974
3032
3148
3263
3347
3376
3388
3398
3405
3408
3411
3414
3421
3430
3437
3446
3459
3469
3465
3453
3437
3424
3411
3401
3392
3388
3388
3392
3398
3405
3414
3427
3424
3398
3360
3305
3241
3189
3125
3055
2965
2875
2808
2788
2775
2766
2763
2763
2763
2769
2775
2788
2798
2814
2833
2856
2875
2904
2949
3003
3055
3080
3093
3103
3106
3106
3106
3100
3093
3084
3071
3048
3026
3010
2994
2984
2981
2984
2987
2994
3007
3019
2997
2974
2955
2936
2913
2894
2869
2869
2888
2913
2942
2958
2968
2981
2997
3016
3055
3093
3112
3125
3141
3157
3173
3189
3196
3180
3157
3141
3125
3109
3100
3093
3096
3106
3116
3129
3138
3151
3161
3173
3183
3193
3202
3225
3273
3331
3379
3430
3433
3363
3157
2833
2406
1948
1537
1216
1059
1068
1286
1713
2214
2689
3032
3183
3231
3260
3276
3289
3321
3366
3401
3443
3469
3482
3491
3494
3485
3472
3456
3443
3430
3417
3405
3392
3382
3366
3350
3334
3334
3347
3363
3382
3401
3411
3405
3385
3353
3315
3250
3180
3096
3003
2913
2856
2801
2763
2731
2692
2634
2596
2573
2560
2548
2548
2551
2560
2570
2586
2605
2638
2670
2702
2734
2775
2795
2808
2820
2833
2840
2846
2853
2856
2856
2856
2856
2856
2856
2853
2849
2849
2846
2843
2843
2833
2808
2772
2731
2666
2589
2522
2448
2336
2185
2008
1816
1614
1415
1248
1132
1100
1094
1107
1161
1206
1248
1299
1389
1537
1755
2037
2339
2612
2804
2901
2949
3000
3051
3135
3225
3321
3353
3360
3366
3369
3369
3372
3372
3372
3372
3372
3369
3363
3356
3347
3340
3331
3311
3292
3273
3250
3222
3199
3164
3122
3074
3039
3007
2978
2933
2865
2824
2779
2734
2702
2686
2676
2670
2666
2660
2650
2679
2705
2724
2737
2747
2756
2759
2763
2769
2772
2779
2782
2782
2785
2788
2792
2795
2801
2804
2814
2830
2833
2817
2811
2804
2798
2795
2792
2792
2798
2811
2824
2836
2849
2865
2881
2897
2910
2920
2930
2939
2952
2962
2971
2974
2971
2962
2952
2946
2936
2926
2913
2910
2913
2923
2936
2949
2962
2971
2971
2962
2946
2936
2923
2913
2904
2897
2888
2881
2875
2869
2859
2846
2833
2820
2811
2801
2792
2785
2779
2775
2775
2775
2772
2772
2769
2766
2759
2756
2756
2769
2782
2785
2788
2792
2795
2795
2798
2801
2804
2808
2811
2811
2814
2814
2814
2814
2811
2808
2808
2808
2811
2814
2817
2820
2824
2827
2833
2836
2843
2859
2894
2913
2930
2926
2891
2782
2596
2326
1989
1611
1219
0844
0539
0436
0465
0731
1155
1620
2041
2352
2528
2609
2638
2657
2679
2708
2759
2849
2946
3039
3068
3077
3084
3068
3048
3035
3026
3039
3058
3074
3087
3100
3103
3100
3090
3080
3071
3061
3048
3035
3023
2994
2955
2920
2888
2846
2798
2734
2676
2638
2618
2602
2589
2577
2564
2544
2525
2503
2480
2445
2394
2362
2345
2333
2326
2326
2333
2345
2362
2384
2419
2445
2480
2519
2573
2657
2695
2721
2740
2753
2763
2772
2785
2785
2763
2747
2731
2718
2702
2686
2670
2650
2638
2644
2663
2676
2692
2705
2718
2731
2740
2747
2759
2772
2792
2811
2833
2856
2875
2891
2907
2917
2926
2936
2949
2955
2962
2974
2994
3039
3077
3100
3116
3129
3138
3154
3199
3234
3254
3263
3273
3283
3289
3292
3295
3302
3318
3353
3401
3437
3465
3465
3408
3273
3042
2686
2220
1710
1219
0827
0670
0677
0882
1238
1662
2118
2516
2801
2974
3064
3132
3206
3292
3344
3427
3504
3546
3610
3690
3729
3751
3767
3774
3764
3741
3703
3655
3623
3597
3597
3623
3636
3648
3658
3664
3664
3658
3642
3626
3591
3539
3507
3491
3478
3465
3456
3446
3424
3385
3347
3302
3254
3202
3138
3080
3029
2994
2981
2971
2974
2997
3019
3039
3061
3080
3106
3135
3161
3186
3215
3241
3276
3315
3334
3344
3353
3353
3350
3337
3321
3289
3244
3222
3212
3202
3196
3189
3183
3177
3170
3161
3154
3145
3135
3122
3112
3100
3090
3084
3077
3074
3068
3064
3058
3051
3048
3048
3051
3061
3071
3080
3096
3112
3141
3164
3183
3202
3222
3234
3241
3250
3250
3231
3218
3206
3193
3177
3161
3145
3129
3116
3109
3112
3125
3148
3183
3250
3308
3344
3318
3244
3061
2792
2422
1967
1453
0927
0462
0218
0195
0343
0747
1293
1867
2329
2593
2670
2695
2718
2740
2779
2830
2878
2926
2987
3029
3055
3074
3045
2994
2962
2952
2949
2946
2942
2939
2939
2933
2926
2920
2913
2907
2894
2865
2814
2785
2766
2750
2731
2676
2602
2512
2432
2397
2374
2326
2249
2159
2108
2050
1999
1957
1928
1906
1893
1883
1877
1874
1877
1890
1906
1922
1944
1970
2002
2037
2079
2105
2130
2159
2191
2236
2281
2301
2310
2320
2326
2326
2323
2317
2307
2294
2268
2233
2217
2204
2195
2182
2169
2121
2041
1944
1835
1691
1492
1251
0982
0718
0487
0301
0192
0157
0176
0227
0336
0449
0545
0606
0715
0898
1181
1534
1899
2211
2451
2634
2772
2917
3071
3180
3215
3234
3234
3222
3202
3170
3132
3116
3100
3103
3122
3154
3196
3244
3302
3347
3372
3388
3405
3421
3433
3449
3469
3478
3465
3440
3411
3372
3337
3289
3225
3154
3084
3042
3016
2997
2987
2981
2978
2974
2965
2962
2974
2997
3019
3039
3058
3071
3084
3093
3109
3116
3103
3080
3061
3048
3032
3019
3016
3019
3032
3048
3064
3074
3090
3106
3119
3125
3122
3116
3109
3103
3100
3093
3087
3080
3071
3068
3064
3064
3071
3074
3080
3090
3100
3116
3141
3177
3196
3202
3212
3218
3222
3225
3225
3228
3231
3234
3238
3238
3234
3234
3234
3231
3228
3225
3218
3215
3209
3206
3202
3196
3186
3173
3157
3141
3125
3106
3093
3100
3112
3122
3129
3135
3138
3138
3129
3116
3096
3074
3039
3016
3003
2987
2978
2974
2987
3007
3035
3077
3100
3109
3122
3129
3132
3132
3132
3129
3129
3125
3122
3116
3106
3116
3135
3132
3112
3103
3096
3093
3084
3077
3074
3068
3061
3048
3035
3023
3000
2926
2808
2605
2313
1944
1534
1168
0949
0927
1033
1328
1691
2066
2394
2628
2772
2843
2872
2897
2926
2978
3019
3045
3045
3010
2978
2946
2933
2939
2952
2965
2978
2984
2984
2971
2952
2923
2891
2878
2869
2862
2849
2830
2811
2792
2772
2753
2737
2721
2705
2682
2647
2621
2602
2583
2560
2535
2490
2442
2413
2397
2378
2358
2342
2329
2317
2310
2310
2313
2320
2326
2339
2358
2387
2422
2471
2525
2573
2605
2628
2654
2682
2705
2718
2731
2743
2753
2763
2769
2775
2782
2785
2792
2801
2804
2808
2804
2801
2798
2795
2788
2785
2779
2769
2759
2756
2756
2769
2782
2798
2814
2833
2853
2869
2885
2901
2917
2942
2962
2981
3003
3023
3039
3051
3064
3074
3084
3084
3077
3068
3051
3039
3061
3084
3096
3106
3109
3109
3103
3093
3080
3061
3042
3061
3125
3231
3334
3366
3382
3366
3254
3061
2785
2432
2037
1646
1315
1094
1017
1139
1440
1858
2301
2679
2913
2968
2987
3010
3039
3132
3222
3299
3337
3350
3360
3366
3369
3372
3372
3376
3372
3369
3363
3353
3344
3337
3331
3321
3315
3305
3295
3279
3270
3260
3250
3241
3231
3222
3212
3206
3196
3180
3151
3096
3048
2987
2913
2853
2811
2779
2740
2718
2698
2682
2676
2676
2686
2705
2724
2747
2772
2798
2811
2820
2836
2856
2881
2907
2926
2949
2971
2984
2994
3003
3010
3013
3016
3016
3013
3010
3003
2997
2991
2971
2936
2897
2859
2836
2824
2814
2817
2833
2853
2865
2875
2885
2891
2901
2904
2907
2907
2907
2907
2904
2904
2901
2894
2888
2891
2917
2962
3013
3048
3074
3093
3106
3122
3125
3116
3093
3058
3013
2991
2978
2968
2965
2965
2968
2981
2997
3055
3173
3286
3376
3440
3462
3427
3321
3087
2740
2291
1793
1302
0850
0523
0394
0503
0808
1248
1723
2092
2326
2500
2641
2769
2939
3132
3276
3340
3360
3369
3372
3376
3379
3385
3388
3388
3388
3385
3382
3376
3369
3366
3360
3353
3353
3356
3363
3369
3379
3388
3395
3385
3369
3347
3318
3286
3244
3199
3132
3051
3000
2949
2901
2846
2792
2753
2734
2718
2708
2705
2698
2698
2695
2692
2689
2682
2679
2676
2676
2670
2663
2708
2747
2772
2795
2814
2830
2843
2856
2872
2885
2894
2901
2904
2904
2910
2913
2897
2836
2772
2702
2621
2583
2551
2519
2458
2374
2265
2130
1960
1752
1505
1222
0921
0645
0423
0272
0154
0086
0064
0083
0144
0282
0458
0645
0876
1158
1482
1810
2127
2451
2753
3007
3196
3311
3411
3530
3645
3706
3729
3706
3681
3661
3652
3664
3690
3719
3758
3777
3786
3799
3802
3802
3790
3777
3764
3751
3738
3725
3709
3690
3658
3623
3603
3581
3549
3491
3411
3363
3308
3250
3189
3145
3084
3010
2971
2946
2923
2904
2888
2878
2869
2865
2862
2862
2862
2862
2859
2862
2859
2859
2859
2859
2862
2862
2859
2859
2856
2849
2843
2840
2833
2824
2817
2827
2846
2859
2869
2881
2888
2894
2891
2891
2888
2891
2891
2891
2891
2891
2891
2891
2891
2891
2891
2888
2888
2891
2891
2894
2897
2901
2904
2907
2907
2907
2904
2901
2901
2894
2891
2888
2885
2885
2888
2891
2897
2901
2907
2913
2913
2913
2904
2891
2872
2843
2817
2801
2788
2782
2775
2769
2766
2766
2766
2769
2775
2785
2792
2801
2814
2836
2859
2875
2904
2939
2968
2991
2994
2991
2987
2981
2978
2971
2971
2974
2981
2987
2994
2997
3000
3007
3013
3019
3026
3032
3039
3048
3071
3119
3167
3193
3202
3189
3093
2913
2641
2272
1842
1373
0911
0519
0362
0381
0629
1132
1752
2317
2705
2859
2875
2804
2747
2756
2869
3007
3141
3228
3260
3279
3286
3289
3295
3299
3302
3305
3308
3308
3308
3305
3305
3299
3292
3283
3273
3260
3234
3183
3148
3122
3090
3051
3000
2946
2897
2856
2827
2804
2788
2766
2740
2705
2657
2605
2557
2512
2464
2410
2362
2313
2284
2272
2262
2262
2284
2307
2336
2358
2390
2432
2477
2519
2551
2570
2593
2609
2638
2692
2727
2743
2753
2763
2772
2779
2785
2792
2798
2804
2811
2824
2843
2853
2840
2814
2785
2750
2721
2695
2670
2663
2654
2647
2679
2711
2727
2743
2759
2772
2788
2801
2824
2843
2862
2891
2930
2981
3019
3035
3042
3048
3051
3055
3055
3055
3055
3055
3051
3048
3045
3039
3032
3026
3016
3010
3010
3016
3032
3061
3103
3148
3202
3250
3286
3289
3270
3209
3055
2814
2477
2063
1620
1241
1052
1049
1225
1620
2137
2660
3064
3321
3372
3392
3398
3395
3388
3388
3385
3382
3379
3376
3376
3382
3388
3392
3395
3401
3408
3417
3424
3424
3421
3411
3401
3392
3382
3369
3360
3344
3331
3315
3295
3254
3206
3177
3135
3093
3064
3029
2984
2930
2853
2766
2708
2663
2638
2618
2609
2602
2589
2577
2612
2644
2663
2679
2692
2705
2721
2753
2801
2849
2897
2933
2965
2994
3035
3080
3106
3119
3129
3135
3138
3135
3129
3116
3100
3090
3080
3071
3061
3051
3039
3026
3010
2997
2981
2965
2946
2926
2910
2894
2885
2875
2865
2849
2833
2814
2795
2779
2763
2743
2727
2724
2737
2756
2782
2814
2840
2853
2862
2869
2878
2885
2888
2878
2862
2846
2830
2817
2801
2782
2766
2753
2747
2740
2734
2721
2702
2702
2737
2775
2808
2827
2833
2843
2856
2801
2647
2406
2098
1742
1363
1026
0818
0795
0905
1267
1739
2185
2493
2612
2647
2666
2686
2702
2718
2734
2743
2753
2763
2769
2775
2779
2782
2785
2792
2798
2804
2811
2820
2843
2843
2811
2788
2769
2753
2740
2731
2721
2708
2698
2682
2670
2650
2628
2586
2519
2464
2422
2384
2352
2326
2304
2284
2272
2259
2252
2246
2240
2236
2236
2236
2243
2249
2262
2278
2294
2323
2374
2410
2439
2464
2493
2525
2554
2583
2605
2625
2641
2654
2670
2686
2686
2673
2650
2628
2602
2577
2551
2535
2522
2506
2493
2480
2467
2451
2381
2288
2169
2018
1835
1630
1428
1238
1046
0860
0699
0564
0529
0519
0535
0641
0789
0978
1190
1399
1611
1877
2169
2442
2663
2814
2920
3029
3154
3289
3392
3430
3462
3478
3491
3501
3510
3514
3510
3507
3498
3488
3472
3453
3453
3485
3517
3552
3575
3587
3600
3610
3607
3587
3559
3536
3510
3485
3469
3449
3424
3392
3356
3311
3260
3222
3189
3154
3119
3087
3077
3071
3064
3061
3077
3109
3138
3173
3189
3199
3206
3212
3218
3218
3215
3206
3196
3186
3177
3170
3161
3157
3164
3173
3186
3199
3215
3238
3250
3247
3244
3238
3234
3231
3225
3215
3212
3209
3206
3202
3199
3199
3199
3199
3199
3199
3196
3193
3193
3193
3189
3189
3186
3183
3177
3173
3167
3157
3135
3087
3064
3048
3039
3032
3029
3029
3032
3039
3042
3048
3055
3061
3071
3077
3087
3096
3109
3116
3109
3090
3058
3016
2962
2897
2830
2808
2795
2795
2804
2820
2833
2846
2862
2878
2897
2917
2949
2971
2991
3010
3026
3039
3051
3071
3068
3045
3007
2971
2958
2955
2949
2946
2942
2942
2942
2942
2942
2946
2949
2955
2968
2978
3003
3055
3100
3129
3112
3061
2913
2670
2342
1948
1498
1033
0609
0314
0211
0320
0632
1097
1611
2057
2394
2551
2602
2638
2660
2740
2862
2946
2994
3039
3096
3164
3209
3228
3238
3244
3247
3241
3225
3209
3186
3161
3141
3129
3109
3090
3080
3077
3074
3068
3055
3035
3013
2984
2962
2930
2897
2849
2779
2695
2647
2599
2557
2490
2419
2345
2307
2288
2278
2268
2262
2262
2265
2268
2278
2291
2313
2355
2397
2442
2477
2503
2541
2583
2621
2650
2666
2676
2682
2689
2698
2708
2715
2721
2731
2750
2785
2817
2840
2869
2881
2891
2897
2904
2907
2910
2910
2904
2891
2875
2862
2846
2820
2804
2808
2817
2824
2830
2840
2849
2865
2885
2901
2913
2933
2952
2965
2978
3039
3122
3170
3202
3218
3238
3257
3279
3305
3334
3347
3337
3311
3286
3254
3234
3209
3170
3138
3116
3135
3189
3289
3379
3459
3488
3488
3469
3421
3260
2991
2625
2188
1710
1225
0818
0641
0648
0860
1280
1768
2246
2628
2881
3010
3061
3116
3202
3299
3388
3491
3591
3636
3664
3684
3648
3620
3607
3594
3584
3571
3555
3543
3530
3520
3507
3494
3482
3475
3472
3475
3478
3482
3485
3491
3507
3504
3443
3356
3311
3267
3215
3154
3106
3029
2958
2897
2875
2856
2833
2820
2811
2801
2792
2788
2788
2792
2798
2811
2824
2849
2897
2930
2955
2981
3007
3039
3071
3096
3109
3122
3132
3135
3135
3125
3109
3090
3068
3039
3023
3010
3003
3000
2994
2991
2991
2987
2981
2974
2968
2962
2958
2949
2939
2930
2910
2888
2856
2836
2820
2808
2795
2788
2792
2804
2824
2843
2872
2913
2942
2968
2994
3019
3042
3055
3061
3071
3077
3080
3080
3084
3087
3090
3096
3100
3106
3109
3112
3116
3122
3129
3141
3167
3234
3308
3360
3398
3421
3363
3186
2872
2432
1922
1408
0975
0715
0689
0815
1213
1713
2201
2615
2904
2981
3007
3026
3051
3080
3112
3151
3177
3199
3212
3218
3228
3234
3238
3244
3247
3250
3247
3244
3241
3238
3228
3222
3212
3199
3183
3164
3148
3129
3106
3077
3055
3035
3019
3000
2971
2897
2811
2766
2734
2715
2689
2647
2583
2522
2500
2487
2474
2455
2426
2378
2336
2317
2329
2378
2406
2429
2461
2509
2560
2621
2702
2763
2788
2801
2814
2820
2827
2827
2824
2817
2814
2808
2801
2795
2788
2779
2769
2756
2740
2715
2676
2644
2605
2554
2477
2371
2233
2082
1906
1704
1485
1270
1078
0930
0866
0844
0882
1001
1136
1248
1296
1328
1386
1527
1797
2143
2496
2808
3032
3167
3218
3273
3344
3446
3552
3603
3629
3648
3658
3658
3645
3629
3613
3597
3584
3581
3591
3600
3610
3616
3623
3629
3629
3620
3603
3584
3546
3488
3449
3427
3405
3385
3327
3254
3170
3122
3093
3077
3064
3051
3042
3029
3013
3016
3039
3055
3064
3071
3080
3090
3103
3119
3132
3141
3151
3161
3167
3173
3180
3186
3193
3199
3206
3212
3215
3218
3222
3225
3231
3238
3247
3250
3250
3244
3234
3225
3215
3209
3202
3193
3186
3180
3173
3167
3161
3154
3151
3145
3138
3129
3119
3106
3093
3077
3061
3039
3019
3000
2987
2978
2968
2958
2949
2939
2933
2923
2913
2888
2865
2833
2798
2785
2779
2772
2769
2763
2753
2750
2743
2740
2734
2721
2698
2663
2644
2634
2625
2615
2609
2599
2593
2586
2580
2577
2570
2564
2560
2554
2554
2551
2548
2548
2548
2548
2551
2560
2570
2586
2599
2625
2670
2698
2715
2727
2737
2743
2747
2743
2737
2731
2721
2711
2705
2695
2689
2689
2689
2695
2702
2718
2766
2840
2891
2930
2955
2955
2926
2846
2657
2378
2031
1630
1197
0792
0487
0356
0458
0779
1241
1732
2143
2410
2516
2560
2618
2708
2824
2958
3093
3202
3247
3267
3276
3283
3286
3289
3289
3283
3276
3267
3254
3238
3212
3199
3193
3189
3183
3183
3186
3189
3196
3199
3202
3202
3186
3164
3125
3064
3013
2978
2949
2913
2865
2779
2663
2577
2532
2500
2477
2448
2410
2374
2362
2355
2349
2345
2349
2355
2365
2374
2397
2442
2487
2516
2532
2541
2551
2560
2560
2554
2544
2528
2512
2528
2548
2560
2535
2512
2500
2487
2477
2471
2467
2467
2464
2458
2445
2445
2458
2477
2490
2467
2448
2439
2429
2422
2416
2416
2416
2419
2422
2426
2435
2445
2467
2506
2544
2586
2618
2644
2673
2695
2711
2724
2724
2715
2702
2695
2686
2682
2676
2673
2670
2670
2670
2670
2673
2676
2686
2695
2711
2769
2872
2971
3000
3010
2994
2878
2689
2406
2037
1594
1132
0706
0385
0256
0275
0507
0930
1402
1845
2179
2371
2467
2554
2638
2718
2792
2862
2939
3026
3096
3173
3257
3292
3318
3331
3308
3267
3222
3199
3186
3180
3173
3170
3167
3164
3161
3157
3154
3151
3148
3145
3138
3129
3116
3096
3071
3039
3016
2991
2965
2939
2907
2862
2820
2792
2763
2724
2673
2628
2599
2589
2599
2618
2644
2676
2708
2750
2798
2833
2859
2878
2894
2917
2962
2987
3000
3010
3016
3023
3029
3032
3039
3042
3045
3048
3051
3055
3058
3061
3061
3064
3071
3074
3074
3071
3064
3055
3045
3026
2994
2968
2949
2949
2968
2987
3003
3023
3039
3061
3100
3125
3129
3135
3138
3148
3161
3170
3180
3189
3202
3215
3231
3257
3292
3311
3324
3331
3337
3344
3350
3353
3360
3366
3372
3376
3369
3360
3347
3331
3311
3331
3385
3478
3562
3591
3587
3559
3472
3260
2930
2509
2008
1489
1004
0632
0494
0516
0783
1306
1928
2464
2817
2955
3007
3026
3074
3199
3353
3482
3549
3571
3555
3539
3526
3530
3555
3578
3597
3613
3613
3603
3587
3565
3539
3510
3491
3478
3465
3456
3446
3437
3424
3401
3360
3321
3292
3270
3241
3199
3154
3100
3039
2984
2936
2888
2836
2785
2740
2708
2689
2679
2673
2666
2663
2660
2660
2663
2670
2679
2695
2721
2772
2830
2888
2920
2942
2958
2974
2984
2994
3003
3013
3016
3016
3010
3000
2984
2968
2949
2930
2913
2901
2894
2885
2881
2872
2865
2856
2846
2840
2833
2827
2820
2811
2804
2798
2795
2792
2785
2779
2775
2769
2766
2763
2756
2750
2743
2740
2743
2753
2766
2782
2814
2869
2897
2913
2930
2942
2949
2962
2974
2974
2952
2936
2926
2917
2913
2910
2910
2913
2920
2930
2942
2971
3016
3055
3100
3145
3170
3151
3090
2894
2560
2108
1582
1043
0606
0404
0516
0927
1530
2130
2586
2843
2958
3010
3042
3087
3173
3222
3231
3238
3244
3250
3257
3260
3260
3263
3263
3263
3263
3263
3260
3257
3257
3254
3254
3250
3247
3244
3238
3234
3228
3222
3209
3193
3177
3161
3135
3087
3032
2974
2917
2865
2817
2766
2715
2663
2628
2599
2570
2554
2541
2532
2525
2525
2532
2544
2557
2573
2602
2631
2663
2695
2724
2763
2804
2833
2859
2888
2923
2958
2978
2991
2997
2991
2974
2962
2952
2939
2926
2910
2878
2833
2801
2782
2763
2747
2692
2628
2551
2461
2355
2211
2018
1781
1514
1248
0998
0792
0667
0651
0689
0847
1049
1232
1373
1485
1598
1749
1954
2198
2461
2721
2946
3125
3250
3353
3443
3517
3571
3600
3616
3626
3636
3642
3645
3652
3655
3658
3661
3664
3671
3681
3687
3687
3677
3661
3648
3632
3613
3594
3533
3469
3385
3340
3295
3257
3199
3125
3080
3048
3029
3013
3000
2991
2981
2978
2971
2968
2962
2958
2958
2955
2955
2955
2958
2962
2968
2974
2981
2987
2994
3000
3013
3026
3035
3042
3048
3055
3061
3064
3064
3061
3051
3039
3019
2994
2987
2978
2968
3000
3016
3023
3029
3032
3035
3039
3042
3045
3048
3048
3051
3051
3055
3055
3058
3058
3061
3061
3061
3058
3058
3061
3061
3061
3061
3061
3064
3071
3074
3074
3071
3068
3061
3055
3051
3045
3039
3035
3029
3023
3019
3019
3016
3013
3010
3007
3003
3003
3000
2994
2984
2971
2962
2952
2942
2933
2923
2913
2904
2891
2875
2862
2843
2820
2801
2782
2740
2708
2698
2689
2715
2759
2798
2827
2849
2878
2917
2962
2997
3019
2991
2952
2920
2904
2885
2865
2833
2808
2782
2782
2801
2814
2820
2830
2836
2846
2856
2865
2885
2913
2968
3039
3112
3154
3167
3119
2978
2734
2400
2015
1594
1155
0757
0558
0568
0805
1302
1845
2294
2596
2711
2747
2769
2785
2798
2856
2933
3019
3064
3087
3096
3103
3106
3109
3116
3119
3122
3125
3125
3132
3145
3141
3112
3087
3068
3048
3035
3026
3016
3010
3000
2991
2984
2978
2968
2930
2865
2795
2756
2724
2698
2673
2638
2593
2564
2538
2509
2471
2422
2374
2326
2288
2259
2262
2297
2336
2368
2394
2413
2435
2458
2483
2503
2522
2541
2554
2602
2695
2775
2795
2814
2824
2830
2830
2830
2827
2824
2817
2811
2808
2801
2795
2785
2775
2769
2763
2750
2747
2759
2779
2788
2798
2808
2814
2817
2820
2824
2824
2827
2827
2827
2827
2824
2820
2817
2817
2817
2817
2808
2833
2869
2910
2942
2968
3007
3026
3035
3042
3048
3055
3061
3064
3068
3071
3077
3080
3084
3087
3087
3087
3090
3093
3109
3148
3193
3244
3292
3321
3321
3286
3186
2971
2650
2233
1755
1254
0783
0500
0468
0593
0953
1424
1874
2207
2432
2589
2724
2869
3016
3161
3267
3353
3382
3392
3395
3395
3395
3395
3395
3395
3395
3398
3401
3401
3405
3401
3401
3405
3408
3411
3414
3424
3437
3408
3366
3311
3250
3196
3145
3100
3061
3010
2968
2939
2923
2913
2897
2862
2811
2753
2708
2682
2666
2657
2654
2650
2650
2644
2638
2663
2702
2747
2792
2840
2888
2933
2974
3003
3032
3045
3051
3058
3064
3068
3071
3074
3077
3080
3080
3077
3077
3074
3071
3068
3064
3058
3048
3035
3013
2968
2939
2923
2913
2894
2878
2862
2849
2836
2820
2811
2804
2804
2811
2820
2830
2840
2846
2856
2869
2881
2901
2913
2926
2936
2946
2955
2962
2971
2978
2984
2991
2997
3003
3016
3045
3090
3109
3125
3132
3122
3100
3061
3032
3019
3010
3035
3080
3122
3164
3202
3231
3250
3218
3129
2923
2625
2240
1784
1280
0779
0372
0179
0179
0375
0792
1309
1826
2256
2548
2686
2740
2775
2827
2952
3096
3222
3331
3366
3376
3379
3382
3385
3385
3385
3385
3379
3366
3353
3337
3321
3292
3270
3257
3247
3238
3228
3215
3199
3180
3164
3148
3132
3119
3103
3071
3029
3000
2978
2952
2920
2875
2782
2698
2631
2612
2599
2589
2580
2573
2560
2548
2541
2551
2564
2580
2593
2612
2634
2698
2782
2878
2913
2930
2939
2942
2949
2949
2952
2952
2949
2946
2942
2936
2930
2920
2897
2856
2833
2820
2811
2808
2811
2814
2820
2827
2833
2830
2814
2801
2795
2788
2779
2769
2756
2747
2731
2718
2705
2689
2676
2663
2644
2615
2615
2647
2692
2743
2763
2775
2782
2785
2788
2792
2792
2792
2792
2785
2779
2769
2763
2750
2731
2715
2698
2682
2663
2650
2638
2625
2625
2644
2673
2711
2747
2785
2814
2830
2808
2737
2583
2339
1999
1578
1110
0648
0279
0131
0147
0381
0831
1386
1925
2333
2512
2573
2602
2615
2663
2769
2894
2974
3000
3013
3026
3035
3045
3058
3080
3109
3135
3154
3164
3157
3135
3116
3096
3077
3058
3023
2994
2974
2987
3023
3042
3051
3045
3032
3026
3016
3007
2991
2965
2891
2798
2753
2715
2673
2631
2583
2528
2487
2458
2439
2467
2493
2509
2522
2538
2548
2564
2596
2641
2676
2705
2731
2766
2811
2849
2881
2910
2923
2933
2942
2949
2952
2952
2952
2949
2942
2936
2926
2910
2875
2833
2795
2756
2718
2679
2641
2570
2474
2345
2195
2021
1829
1607
1379
1174
1023
0940
0911
0927
0969
1065
1181
1296
1392
1469
1556
1694
1890
2118
2362
2596
2817
3013
3212
3388
3510
3591
3645
3709
3758
3783
3802
3799
3774
3758
3748
3741
3735
3729
3725
3719
3716
3713
3709
3706
3700
3697
3681
3655
3607
3539
3453
3369
3295
3247
3196
3138
3106
3090
3080
3068
3058
3045
3032
3010
2981
2968
2962
2958
2955
2952
2952
2949
2949
2949
2949
2952
2955
2962
2965
2974
2981
2997
3032
3055
3068
3077
3080
3074
3058
3035
2997
2949
2930
2913
2910
2913
2933
2949
2968
2984
3000
3013
3026
3035
3035
3026
3019
3010
3007
3000
2994
2987
2978
2971
2965
2958
2952
2946
2939
2936
2939
2942
2952
2958
2965
2971
2981
2994
3003
3003
2997
2984
2971
2958
2946
2936
2933
2942
2949
2952
2958
2965
2968
2974
2978
2978
2981
2984
2984
2984
2981
2978
2971
2965
2958
2949
2942
2930
2913
2888
2862
2846
2833
2824
2811
2804
2798
2798
2801
2804
2811
2820
2830
2843
2862
2885
2904
2920
2946
2971
2984
2994
3000
3007
3010
3013
3016
3016
3016
3016
3013
3013
3007
3003
3000
2994
2984
2987
3007
3023
3035
3048
3058
3068
3074
3090
3106
3093
3048
2955
2792
2548
2214
1806
1360
0927
0612
0500
0635
1014
1559
2121
2557
2808
2846
2859
2875
2894
2920
2958
2984
2994
3000
3013
3023
3039
3055
3090
3148
3183
3212
3228
3241
3250
3257
3257
3247
3231
3206
3161
3122
3096
3071
3048
3023
3000
2968
2923
2878
2833
2792
2750
2708
2657
2618
2596
2580
2564
2551
2522
2477
2422
2368
2320
2288
2259
2236
2217
2217
2240
2268
2313
2349
2371
2394
2416
2451
2493
2519
2532
2544
2567
2586
2609
2638
2650
2650
2644
2634
2638
2657
2666
2679
2695
2715
2747
2785
2801
2814
2814
2798
2782
2763
2743
2727
2708
2686
2689
2711
2727
2747
2756
2753
2743
2734
2721
2740
2763
2779
2792
2811
2830
2869
2923
2991
3035
3048
3055
3058
3061
3064
3071
3077
3084
3093
3100
3112
3125
3141
3173
3193
3183
3161
3148
3132
3119
3112
3119
3129
3148
3199
3273
3356
3388
3411
3405
3331
3167
2913
2580
2163
1678
1171
0728
0474
0455
0619
1078
1659
2207
2586
2795
2885
2952
3023
3106
3209
3311
3353
3369
3379
3385
3395
3408
3417
3427
3433
3440
3446
3449
3453
3453
3453
3453
3453
3446
3440
3433
3424
3408
3369
3340
3318
3286
3241
3183
3135
3103
3080
3068
3026
2955
2878
2814
2795
2779
2766
2753
2743
2727
2721
2724
2731
2740
2747
2731
2715
2702
2702
2731
2759
2792
2820
2843
2859
2875
2891
2907
2939
2984
3016
3039
3058
3087
3116
3135
3151
3132
3080
2997
2971
2958
2955
2949
2942
2939
2939
2942
2952
2955
2958
2962
2965
2968
2968
2968
2958
2949
2939
2926
2917
2904
2888
2875
2872
2872
2872
2872
2875
2875
2872
2907
2962
3029
3064
3087
3103
3112
3112
3109
3100
3084
3055
3013
2987
2974
2965
2965
2981
3003
3019
3032
3048
3068
3084
3106
3151
3206
3238
3260
3257
3206
3074
2804
2410
1915
1363
0811
0343
0121
0121
0356
0834
1405
1941
2358
2625
2750
2817
2881
2939
3000
3071
3148
3218
3283
3331
3347
3353
3360
3366
3369
3372
3376
3376
3379
3385
3398
3395
3372
3337
3276
3234
3215
3206
3196
3186
3180
3170
3167
3161
3154
3145
3122
3087
3042
2984
2913
2862
2820
2772
2724
2676
2618
2577
2564
2554
2548
2544
2548
2560
2580
2605
2654
2731
2792
2836
2865
2894
2917
2933
2942
2952
2958
2965
2978
2994
3010
3019
3029
3042
3048
3055
3058
3061
3061
3061
3061
3061
3055
3048
3039
3029
3019
3010
2997
2984
2968
2955
2946
2936
2926
2913
2894
2865
2849
2843
2836
2827
2833
2869
2913
2955
2987
3013
3039
3051
3061
3068
3074
3077
3084
3096
3109
3119
3129
3138
3145
3151
3157
3164
3170
3180
3189
3199
3212
3225
3238
3254
3267
3279
3292
3302
3318
3337
3347
3340
3324
3279
3154
2942
2641
2236
1755
1238
0770
0526
0519
0741
1232
1835
2403
2792
2952
3007
3039
3061
3135
3254
3321
3363
3392
3421
3443
3469
3498
3498
3485
3475
3469
3462
3459
3453
3446
3440
3437
3430
3424
3411
3385
3331
3295
3283
3270
3263
3250
3238
3228
3215
3196
3161
3100
3039
2981
2891
2798
2737
2663
2612
2589
2580
2570
2564
2564
2564
2567
2577
2589
2602
2615
2638
2660
2682
2705
2727
2750
2772
2792
2811
2853
2891
2901
2904
2907
2913
2913
2913
2913
2917
2913
2913
2910
2904
2897
2888
2875
2865
2846
2814
2785
2775
2769
2766
2763
2763
2759
2759
2756
2753
2750
2743
2740
2737
2737
2734
2734
2731
2731
2727
2724
2721
2711
2702
2692
2692
2702
2718
2743
2782
2849
2878
2894
2910
2920
2926
2926
2923
2917
2913
2907
2901
2894
2885
2875
2872
2869
2869
2872
2878
2885
2897
2917
2968
3010
3039
3039
3000
2904
2686
2394
2034
1633
1232
0917
0834
0869
1139
1562
2037
2471
2788
2913
2952
2974
3000
3019
3042
3093
3145
3170
3189
3161
3112
3055
3010
2984
2978
2981
2984
2984
2984
2981
2981
2981
2981
2978
2978
2971
2968
2962
2955
2949
2939
2917
2894
2862
2811
2750
2698
2634
2577
2535
2500
2461
2406
2358
2323
2284
2243
2207
2191
2182
2169
2166
2182
2217
2259
2307
2349
2390
2432
2467
2493
2512
2528
2544
2557
2573
2596
2625
2650
2663
2676
2686
2692
2692
2679
2663
2644
2625
2602
2583
2570
2564
2554
2538
2506
2442
2365
2272
2146
1983
1797
1598
1396
1206
1033
0876
0773
0741
0770
0863
1033
1219
1379
1489
1559
1627
1713
1858
2069
2352
2657
2910
3080
3167
3202
3231
3267
3311
3344
3369
3405
3424
3437
3446
3456
3459
3462
3462
3462
3462
3462
3459
3453
3443
3430
3408
3363
3340
3331
3324
3315
3302
3289
3273
3257
3231
3212
3196
3151
3080
2997
2952
2933
2933
2949
2974
2994
2962
2936
2920
2910
2901
2897
2897
2904
2913
2923
2971
3042
3064
3080
3080
3074
3068
3058
3048
3042
3045
3055
3071
3084
3100
3109
3109
3096
3077
3055
3026
3019
3010
3003
3035
3093
3132
3145
3154
3151
3129
3106
3080
3058
3042
3026
3016
3026
3042
3058
3080
3093
3103
3116
3129
3103
3084
3071
3061
3055
3051
3055
3064
3077
3090
3106
3125
3138
3125
3106
3093
3084
3074
3068
3061
3061
3058
3058
3055
3055
3051
3048
3042
3045
3061
3074
3084
3093
3096
3093
3084
3071
3058
3045
3035
3023
3010
3000
2987
2978
2965
2952
2942
2933
2913
2897
2920
2958
3000
3032
3058
3084
3112
3138
3148
3154
3164
3164
3157
3151
3145
3170
3196
3215
3222
3215
3202
3193
3183
3177
3177
3173
3177
3183
3193
3209
3234
3270
3286
3295
3299
3289
3260
3183
3029
2779
2429
1999
1530
1078
0718
0580
0593
0808
1219
1771
2329
2759
3019
3080
3074
3013
2981
2958
2971
3071
3209
3337
3424
3456
3469
3475
3488
3485
3462
3433
3405
3385
3369
3350
3331
3318
3311
3302
3292
3283
3267
3238
3196
3167
3148
3132
3109
3080
3035
3007
2978
2946
2865
2779
2692
2609
2541
2496
2448
2390
2345
2320
2304
2301
2297
2294
2288
2284
2284
2291
2304
2323
2358
2397
2432
2474
2516
2554
2596
2641
2692
2724
2740
2756
2763
2766
2766
2766
2766
2769
2766
2766
2769
2779
2785
2792
2798
2804
2804
2795
2782
2769
2759
2747
2731
2718
2715
2715
2724
2734
2743
2747
2753
2759
2769
2779
2785
2792
2798
2804
2814
2824
2840
2862
2901
2926
2939
2949
2958
2965
2971
2974
2978
2981
2984
2987
2987
2991
2994
2997
3003
3010
3019
3026
3035
3048
3064
3087
3122
3164
3218
3276
3315
3337
3315
3244
3071
2788
2390
1903
1363
0844
0426
0256
0275
0545
1043
1623
2163
2573
2833
2965
3026
3077
3132
3173
3209
3241
3283
3324
3340
3347
3353
3356
3360
3363
3363
3363
3363
3363
3360
3353
3347
3340
3331
3324
3315
3305
3289
3273
3260
3250
3241
3228
3206
3161
3119
3090
3068
3048
2994
2894
2798
2769
2740
2715
2682
2650
2638
2631
2625
2618
2618
2618
2625
2634
2650
2670
2698
2740
2772
2814
2878
2913
2923
2936
2946
2952
2958
2958
2955
2955
2952
2946
2942
2942
2936
2930
2923
2917
2913
2904
2894
2881
2869
2856
2846
2836
2830
2827
2820
2814
2804
2798
2788
2782
2775
2769
2763
2759
2759
2763
2766
2769
2775
2779
2785
2792
2798
2808
2814
2824
2849
2901
2930
2949
2968
2987
3007
3019
3032
3045
3055
3061
3064
3064
3058
3051
3045
3039
3032
3016
3003
3013
3039
3074
3132
3193
3254
3315
3350
3327
3260
3074
2779
2358
1845
1302
0808
0455
0333
0468
0831
1335
1858
2288
2577
2734
2840
2907
2981
3051
3161
3273
3321
3344
3356
3366
3372
3369
3363
3353
3340
3331
3321
3315
3305
3299
3289
3279
3270
3257
3238
3206
3180
3167
3154
3145
3129
3106
3077
3039
2987
2958
2926
2894
2856
2804
2747
2711
2692
2679
2660
2641
2625
2612
2596
2580
2570
2567
2567
2573
2586
2602
2625
2682
2753
2814
2859
2894
2923
2965
3016
3048
3064
3077
3087
3090
3087
3077
3064
3058
3051
3045
3039
3032
3026
3019
3013
3007
3000
2994
2987
2981
2978
2974
2971
2968
2965
2962
2958
2955
2949
2942
2939
2933
2926
2920
2917
2913
2910
2907
2901
2894
2881
2872
2865
2872
2881
2897
2917
2965
3007
3032
3055
3074
3100
3132
3151
3167
3148
3132
3122
3112
3100
3090
3074
3045
3016
3003
2991
3013
3048
3090
3135
3180
3234
3267
3289
3283
3189
3026
2798
2516
2179
1813
1456
1168
1075
1103
1351
1761
2246
2708
3045
3212
3276
3295
3308
3315
3324
3334
3340
3350
3372
3417
3459
3485
3488
3459
3385
3308
3283
3276
3273
3267
3270
3286
3302
3315
3311
3283
3244
3199
3177
3167
3161
3148
3132
3112
3084
3045
3016
2981
2933
2853
2769
2682
2634
2589
2541
2496
2439
2394
2365
2349
2349
2358
2374
2390
2416
2448
2487
2541
2596
2634
2657
2686
2727
2766
2792
2817
2830
2843
2853
2856
2856
2849
2836
2820
2804
2782
2766
2753
2734
2698
2654
2612
2577
2548
2512
2419
2294
2153
2002
1838
1675
1511
1347
1184
1055
0994
0969
0972
0998
1071
1190
1335
1476
1601
1704
1793
1899
2041
2207
2384
2564
2721
2846
2952
3064
3189
3318
3427
3462
3478
3485
3491
3504
3517
3517
3482
3430
3376
3353
3340
3334
3327
3321
3315
3305
3295
3283
3267
3228
3173
3135
3090
3058
3039
3019
2994
2965
2933
2907
2869
2817
2788
2769
2756
2750
2756
2769
2779
2788
2795
2801
2808
2811
2817
2824
2833
2843
2853
2862
2872
2885
2907
2926
2949
2971
2991
3010
3029
3039
3048
3051
3055
3058
3068
3048
3026
3007
3007
3026
3048
3071
3074
3061
3051
3045
3039
3032
3032
3032
3035
3035
3039
3042
3048
3048
3035
3026
3019
3010
3007
3010
3016
3023
3029
3032
3039
3042
3042
3039
3035
3029
3019
3010
3016
3023
3029
3026
3003
2991
2984
2978
2971
2968
2968
2965
2965
2962
2965
2968
2971
2978
2981
2991
3003
3003
2978
2962
2949
2936
2920
2910
2894
2865
2808
2775
2756
2743
2737
2734
2737
2743
2753
2766
2795
2830
2840
2849
2856
2859
2856
2846
2836
2827
2817
2811
2827
2856
2878
2904
2920
2936
2949
2962
2974
2984
2987
2981
2974
2968
2962
2952
2949
2952
2958
2971
2991
3026
3068
3090
3106
3080
3000
2843
2596
2265
1874
1463
1071
0770
0667
0696
0940
1363
1848
2265
2538
2612
2641
2663
2711
2830
2933
3003
3051
3103
3161
3228
3283
3308
3331
3340
3327
3305
3289
3279
3267
3257
3247
3238
3228
3215
3199
3177
3151
3132
3116
3103
3093
3084
3074
3064
3048
3019
2971
2901
2820
2775
2727
2682
2641
2602
2564
2519
2464
2416
2390
2371
2358
2352
2345
2336
2368
2419
2483
2535
2570
2589
2605
2631
2676
2721
2753
2782
2808
2827
2846
2862
2875
2885
2891
2901
2907
2913
2920
2926
2936
2942
2949
2955
2962
2965
2965
2965
2962
2955
2949
2936
2926
2913
2894
2881
2891
2910
2942
2984
3000
3007
3013
3016
3019
3023
3029
3039
3048
3058
3068
3077
3090
3106
3125
3141
3154
3167
3173
3183
3189
3199
3206
3209
3209
3209
3206
3206
3206
3202
3196
3189
3183
3177
3161
3151
3164
3199
3254
3311
3344
3366
3331
3231
3023
2711
2297
1822
1338
0898
0561
0458
0487
0744
1184
1678
2130
2493
2734
2859
2946
3064
3199
3305
3337
3356
3369
3379
3388
3408
3459
3498
3520
3533
3543
3539
3530
3514
3498
3485
3472
3459
3446
3430
3417
3398
3369
3327
3299
3270
3244
3218
3202
3193
3183
3173
3161
3148
3129
3096
3039
2984
2920
2856
2779
2731
2702
2679
2673
2676
2689
2705
2731
2782
2820
2853
2885
2913
2946
2981
3016
3051
3090
3119
3138
3154
3161
3157
3148
3135
3129
3119
3116
3109
3103
3096
3087
3080
3068
3058
3048
3039
3026
3010
2987
2965
2946
2923
2885
2827
2798
2779
2763
2753
2743
2740
2734
2727
2721
2718
2715
2715
2718
2721
2724
2731
2737
2747
2753
2759
2763
2769
2779
2788
2801
2811
2820
2830
2836
2846
2856
2865
2872
2878
2881
2888
2894
2904
2910
2913
2923
2930
2942
2955
2968
2984
3000
3026
3064
3068
3029
2926
2679
2307
1829
1274
0715
0240
0006
0000
0221
0718
1312
1829
2182
2345
2406
2439
2519
2654
2833
2987
3100
3161
3215
3254
3276
3289
3299
3308
3308
3299
3283
3257
3234
3206
3183
3170
3161
3154
3151
3145
3135
3125
3112
3096
3064
3010
2971
2955
2946
2933
2920
2910
2894
2865
2824
2795
2724
2618
2506
2397
2352
2333
2323
2313
2310
2313
2323
2339
2365
2406
2471
2509
2544
2589
2644
2721
2772
2801
2820
2836
2846
2856
2862
2869
2875
2881
2888
2891
2891
2891
2891
2888
2885
2878
2869
2856
2846
2836
2827
2820
2811
2798
2788
2779
2772
2772
2772
2772
2772
2772
2775
2779
2785
2792
2795
2795
2788
2782
2772
2759
2743
2734
2747
2772
2798
2827
2853
2875
2910
2965
3007
3032
3048
3058
3061
3064
3068
3077
3071
3035
3016
3000
2987
2978
2971
2971
2974
2981
2991
3003
3026
3080
3151
3189
3212
3225
3173
3023
2769
2400
1935
1408
0892
0494
0381
0420
0718
1222
1806
2339
2715
2869
2913
2942
2968
2991
3042
3116
3189
3238
3254
3260
3267
3270
3273
3279
3289
3299
3308
3318
3327
3340
3353
3363
3366
3363
3356
3353
3347
3344
3337
3331
3321
3311
3302
3289
3273
3238
3177
3116
3045
2962
2901
2856
2820
2795
2759
2708
2663
2634
2609
2586
2570
2564
2573
2602
2641
2702
2772
2830
2865
2894
2930
2955
2971
2987
3000
3010
3023
3029
3035
3045
3051
3058
3064
3071
3074
3074
3077
3080
3084
3090
3090
3090
3080
3071
3064
3055
3045
3035
3023
3013
3003
2997
2991
2984
2971
2958
2939
2913
2901
2894
2891
2888
2881
2878
2878
2881
2881
2881
2885
2891
2901
2913
2926
2955
3000
3019
3032
3045
3048
3048
3039
3023
3007
2981
2949
2936
2930
2920
2917
2913
2923
2942
2965
2981
3000
3019
3039
3051
3068
3087
3112
3119
3103
3064
2913
2641
2246
1774
1302
0924
0783
0795
1001
1383
1867
2368
2785
3058
3135
3167
3167
3148
3141
3138
3132
3132
3129
3129
3125
3125
3122
3122
3119
3119
3119
3116
3116
3116
3116
3112
3109
3106
3103
3096
3087
3080
3051
3000
2968
2949
2926
2904
2865
2811
2756
2708
2666
2625
2557
2467
2410
2378
2362
2349
2339
2333
2336
2342
2352
2365
2381
2397
2419
2442
2458
2471
2496
2548
2599
2638
2666
2689
2705
2724
2747
2775
2804
2817
2820
2827
2833
2830
2814
2792
2763
2724
2689
2641
2593
2564
2548
2532
2516
2493
2419
2307
2163
1992
1819
1652
1463
1267
1110
1007
0933
0905
0888
0876
0879
0908
0982
1107
1267
1447
1646
1848
2031
2195
2355
2541
2756
2971
3177
3347
3443
3488
3514
3530
3543
3552
3562
3575
3581
3581
3565
3546
3533
3523
3514
3504
3498
3494
3494
3498
3501
3504
3510
3526
3526
3475
3408
3363
3311
3254
3186
3125
3087
3068
3055
3042
3029
3019
3010
2994
2974
2955
2936
2923
2913
2901
2897
2904
2913
2930
2939
2952
2962
2968
2974
2981
2984
2987
2991
2991
2994
2994
3000
3003
3003
2991
2971
2949
2920
2913
2910
2904
2901
2913
2942
2962
2981
2997
3010
3019
3019
3019
3016
3010
3003
2997
2987
2978
2978
2981
2984
2987
2987
2991
2991
2984
2974
2965
2962
2958
2952
2949
2942
2939
2936
2933
2933
2933
2933
2933
2933
2936
2939
2939
2939
2942
2946
2946
2952
2955
2962
2971
2978
2965
2942
2917
2894
2875
2859
2849
2843
2833
2827
2824
2817
2808
2801
2795
2785
2775
2766
2759
2750
2740
2731
2721
2715
2705
2698
2689
2676
2670
2666
2670
2679
2689
2702
2724
2775
2830
2869
2888
2910
2933
2952
2965
2962
2930
2910
2894
2878
2869
2865
2865
2865
2862
2859
2856
2888
2939
2991
3071
3145
3202
3222
3193
3106
2904
2596
2207
1777
1341
0956
0696
0603
0699
0982
1392
1835
2243
2544
2673
2718
2756
2856
3016
3186
3311
3366
3379
3385
3395
3408
3421
3440
3478
3526
3552
3571
3568
3539
3498
3449
3405
3356
3315
3286
3279
3273
3267
3286
3311
3334
3334
3318
3279
3199
3112
3071
3035
2997
2955
2904
2856
2827
2808
2792
2779
2724
2628
2522
2487
2474
2464
2461
2461
2467
2487
2535
2615
2702
2772
2817
2856
2881
2907
2923
2936
2949
2965
2978
2997
3023
3048
3074
3100
3125
3151
3170
3135
3103
3087
3074
3061
3048
3042
3032
3023
3010
3000
3013
3029
3042
3055
3061
3068
3071
3071
3074
3077
3080
3084
3087
3093
3090
3090
3087
3084
3080
3077
3077
3087
3106
3135
3189
3254
3302
3327
3344
3353
3350
3337
3327
3315
3308
3321
3347
3366
3385
3398
3408
3408
3405
3398
3395
3385
3372
3372
3405
3485
3562
3629
3648
3629
3575
3437
3222
2923
2548
2111
1646
1197
0840
0689
0702
0914
1367
1938
2471
2865
3045
3177
3250
3276
3273
3241
3164
3029
