3183
3369
3558
3744
3912
3972
4010
4035
4059
4084
4095
4080
4045
3951
3804
3621
3502
3372
3257
3176
3123
3106
3130
3186
3250
3323
3386
3446
3509
3579
3618
3642
3660
3677
3688
3691
3691
3691
3688
3681
3677
3674
3667
3660
3653
3646
3642
3639
3639
3639
3642
3646
3653
3656
3663
3667
3670
3674
3674
3681
3684
3684
3684
3684
3684
3681
3677
3674
3670
3663
3656
3646
3632
3611
3569
3520
3463
3376
3260
3186
3141
3109
3078
3050
3032
3015
3004
2990
2976
2959
2938
2916
2895
2878
2864
2850
2839
2825
2811
2797
2783
2769
2759
2752
2741
2731
2717
2703
2675
2618
2573
2510
2419
2327
2264
2250
2236
2222
2233
2296
2398
2489
2538
2569
2566
2510
2363
2191
1991
1791
1598
1500
1433
1384
1384
1437
1511
1612
1689
1735
1781
1819
1844
1861
1875
1886
1893
1900
1903
1903
1900
1896
1893
1886
1882
1875
1872
1865
1861
1854
1851
1844
1840
1833
1830
1830
1830
1830
1833
1840
1844
1851
1858
1865
1872
1875
1882
1886
1893
1903
1914
1921
1921
1903
1879
1851
1816
1767
1721
1675
1637
1602
1567
1528
1490
1440
1388
1360
1342
1335
1328
1325
1321
1318
1318
1318
1321
1321
1325
1332
1342
1349
1356
1367
1377
1384
1391
1395
1388
1370
1346
1318
1276
1213
1171
1142
1118
1100
1100
1128
1171
1227
1293
1318
1339
1360
1356
1307
1171
1020
0858
0676
0567
0490
0438
0417
0431
0469
0532
0627
0729
0830
0936
1034
1100
1146
1192
1237
1269
1290
1304
1318
1332
1342
1360
1374
1384
1398
1416
1433
1454
1476
1500
1521
1546
1567
1588
1609
1633
1658
1682
1703
1728
1752
1781
1805
1830
1854
1875
1896
1914
1928
1942
1952
1963
1966
1970
1966
1956
1942
1928
1910
1893
1872
1833
1798
1774
1756
1738
1724
1714
1707
1703
1700
1703
1710
1724
1742
1763
1784
1809
1833
1858
1879
1896
1914
1924
1938
1945
1949
1952
1952
1956
1963
1970
1980
1991
1998
2008
2019
2026
2040
2058
2107
2219
2282
2324
2349
2345
2324
2282
2156
2005
1840
1658
1549
1469
1416
1391
1405
1451
1521
1616
1707
1795
1886
1977
2072
2177
2257
2306
2352
2391
2415
2433
2447
2461
2471
2485
2499
2517
2531
2545
2562
2583
2604
2629
2650
2675
2699
2731
2769
2804
2843
2881
2920
2962
2997
3025
3046
3060
3071
3081
3088
3095
3099
3102
3099
3088
3074
3053
3032
3008
2983
2945
2902
2857
2808
2776
2748
2727
2706
2692
2685
2682
2689
2699
2717
2734
2755
2773
2787
2801
2818
2836
2853
2867
2885
2899
2909
2913
2913
2909
2899
2892
2878
2864
2853
2839
2829
2818
2801
2762
2727
2724
2752
2790
2818
2850
2878
2885
2871
2839
2797
2724
2615
2454
2285
2117
2043
2005
1977
1966
1984
2033
2107
2208
2303
2394
2478
2569
2647
2706
2762
2783
2794
2804
2811
2818
2822
2829
2832
2843
2853
2860
2871
2878
2888
2899
2909
2923
2934
2948
2962
2976
2994
3011
3029
3043
3053
3060
3067
3071
3074
3081
3085
3095
3109
3123
3134
3134
3120
3099
3067
3008
2920
2839
2748
2661
2594
2524
2464
2412
2370
2331
2271
2184
2100
2043
2001
1987
1980
1973
1966
1963
1959
1956
1952
1945
1942
1935
1931
1928
1924
1917
1907
1896
1882
1865
1840
1791
1752
1717
1693
1672
1654
1644
1644
1661
1693
1724
1752
1788
1819
1830
1823
1795
1749
1605
1433
1248
1062
0946
0876
0834
0809
0799
0802
0827
0865
0981
1132
1304
1479
1542
1560
1570
1577
1581
1584
1588
1591
1595
1602
1612
1619
1626
1637
1651
1665
1686
1714
1749
1781
1816
1851
1896
1949
1994
2029
2072
2124
2180
2219
2254
2282
2310
2331
2345
2359
2373
2384
2391
2394
2394
2387
2373
2356
2334
2313
2285
2250
2215
2180
2149
2121
2093
2065
2040
2022
2015
2008
2005
2001
1998
1994
1991
1991
1987
1991
1994
2001
2008
2015
2022
2033
2043
2051
2054
2054
2043
2026
2001
1977
1952
1917
1882
1858
1840
1823
1802
1788
1788
1819
1861
1896
1931
1959
1970
1956
1921
1872
1784
1651
1521
1423
1381
1356
1339
1328
1332
1349
1388
1504
1654
1823
1931
2015
2068
2121
2170
2201
2222
2240
2257
2275
2292
2310
2327
2345
2363
2384
2405
2426
2443
2461
2482
2506
2545
2597
2650
2699
2724
2738
2755
2773
2787
2797
2804
2808
2811
2811
2811
2811
2808
2801
2794
2783
2773
2759
2745
2717
2657
2590
2534
2485
2436
2387
2345
2310
2275
2247
2222
2208
2198
2194
2187
2187
2184
2184
2180
2177
2173
2166
2159
2152
2145
2142
2142
2138
2131
2128
2121
2117
2107
2096
2079
2061
2040
2026
2012
1998
1980
1959
1924
1907
1924
1966
2026
2114
2205
2264
2296
2317
2264
2103
1875
1609
1346
1132
1027
0992
1023
1114
1234
1300
1367
1433
1539
1661
1795
1879
1949
1991
2029
2065
2086
2100
2110
2121
2128
2138
2149
2159
2166
2177
2187
2198
2212
2233
2285
2331
2356
2370
2384
2394
2405
2419
2433
2450
2461
2475
2485
2496
2506
2517
2524
2534
2541
2545
2545
2545
2541
2534
2524
2510
2492
2471
2436
2373
2327
2271
2201
2142
2096
2051
2029
2019
2012
2005
1998
1994
1991
1991
1994
1994
1994
1994
1998
2001
2008
2015
2019
2022
2026
2033
2040
2047
2051
2047
2033
2015
1994
1963
1921
1903
1893
1882
1875
1875
1893
1921
1963
2022
2068
2100
2100
2075
2008
1844
1591
1283
0974
0739
0666
0669
0771
0901
1030
1097
1160
1223
1339
1458
1567
1672
1738
1777
1798
1812
1826
1840
1851
1865
1879
1903
1928
1949
1973
2005
2036
2072
2103
2135
2173
2219
2271
2324
2352
2366
2377
2384
2394
2401
2408
2415
2426
2440
2468
2496
2538
2590
2618
2640
2650
2654
2650
2633
2611
2573
2517
2471
2426
2380
2327
2271
2219
2187
2163
2142
2124
2107
2093
2086
2086
2103
2124
2149
2173
2201
2226
2243
2254
2264
2271
2282
2289
2292
2292
2292
2289
2285
2282
2275
2268
2261
2250
2229
2212
2187
2138
2100
2082
2072
2096
2135
2191
2250
2306
2352
2380
2352
2271
2100
1858
1581
1311
1093
0978
0964
1016
1167
1339
1472
1560
1644
1742
1847
1949
2040
2100
2135
2149
2159
2166
2177
2184
2187
2194
2201
2205
2208
2212
2215
2215
2219
2219
2222
2226
2233
2240
2247
2254
2261
2271
2282
2299
2331
2356
2377
2405
2440
2461
2475
2485
2496
2503
2506
2506
2503
2496
2489
2478
2464
2436
2380
2299
2219
2173
2121
2068
2019
1959
1910
1882
1861
1847
1837
1809
1767
1738
1728
1717
1710
1707
1707
1707
1710
1714
1724
1735
1745
1763
1795
1802
1805
1812
1809
1788
1760
1721
1679
1630
1588
1560
1546
1546
1556
1574
1609
1661
1721
1767
1798
1819
1788
1696
1521
1283
1009
0736
0522
0413
0403
0455
0610
0767
0883
0943
0992
1037
1104
1209
1328
1416
1469
1500
1518
1532
1542
1549
1556
1570
1591
1616
1647
1693
1735
1767
1791
1812
1826
1847
1872
1900
1935
1970
2015
2079
2149
2212
2275
2331
2373
2408
2436
2464
2496
2520
2548
2573
2601
2618
2640
2647
2636
2615
2583
2538
2492
2443
2398
2352
2285
2208
2166
2121
2075
2022
1970
1903
1851
1826
1809
1798
1795
1802
1816
1833
1847
1858
1872
1886
1896
1907
1917
1924
1935
1945
1956
1966
1966
1959
1949
1935
1917
1896
1893
1889
1886
1882
1889
1914
1973
2054
2142
2170
2170
2149
2093
1991
1858
1696
1518
1342
1223
1178
1178
1202
1237
1279
1346
1430
1539
1665
1802
1931
2026
2065
2089
2124
2166
2208
2233
2261
2271
2278
2285
2289
2292
2299
2303
2306
2310
2317
2320
2327
2334
2349
2394
2443
2499
2566
2618
2643
2657
2664
2671
2678
2689
2696
2703
2713
2727
2759
2797
2811
2822
2818
2790
2755
2706
2650
2594
2538
2482
2454
2440
2429
2419
2408
2401
2394
2384
2377
2359
2331
2299
2282
2268
2257
2254
2257
2271
2289
2313
2349
2391
2419
2440
2457
2468
2478
2482
2489
2496
2499
2503
2506
2503
2496
2485
2471
2454
2426
2422
2440
2485
2569
2664
2762
2850
2878
2860
2815
2650
2412
2142
1882
1693
1640
1623
1658
1767
1872
1980
2093
2219
2356
2492
2608
2699
2727
2745
2755
2762
2773
2780
2787
2797
2811
2829
2843
2860
2878
2892
2906
2913
2920
2927
2934
2938
2945
2948
2955
2962
2969
2976
2983
2997
3018
3060
3088
3127
3172
3197
3211
3222
3229
3229
3222
3207
3190
3158
3102
3039
2983
2927
2878
2804
2727
2678
2636
2601
2569
2531
2482
2440
2408
2380
2366
2359
2352
2345
2342
2338
2334
2327
2324
2317
2313
2310
2303
2296
2285
2275
2261
2247
2233
2219
2201
2180
2159
2138
2107
2072
2047
2029
2012
2001
2005
2015
2036
2072
2107
2131
2131
2072
1959
1798
1591
1356
1121
0932
0880
0858
0904
0978
1048
1104
1160
1251
1374
1518
1644
1693
1714
1696
1679
1661
1654
1665
1682
1689
1696
1700
1703
1707
1710
1714
1717
1724
1728
1731
1735
1738
1745
1752
1760
1770
1784
1805
1823
1840
1865
1896
1914
1928
1942
1945
1935
1903
1868
1826
1805
1784
1763
1738
1700
1658
1626
1598
1567
1525
1476
1398
1311
1237
1192
1156
1132
1111
1104
1097
1090
1086
1083
1079
1076
1076
1076
1076
1072
1072
1072
1072
1072
1072
1069
1065
1062
1055
1051
1048
1041
1037
1027
1009
0974
0953
0943
0936
0932
0936
0950
0971
1006
1065
1111
1142
1146
1125
1062
0918
0711
0466
0227
0052
0000
0014
0129
0305
0462
0557
0627
0697
0788
0883
0960
1044
1093
1135
1178
1216
1262
1314
1367
1419
1469
1514
1563
1602
1630
1658
1675
1689
1700
1714
1728
1742
1767
1798
1830
1872
1924
1980
2033
2086
2131
2166
2205
2243
2289
2327
2349
2363
2366
2370
2370
2373
2377
2363
2327
2278
2219
2166
2124
2089
2040
2005
1987
1977
1966
1959
1956
1952
1952
1949
1945
1942
1938
1935
1942
1959
1973
1987
2005
2022
2040
2058
2079
2100
2131
2152
2170
2184
2198
2208
2212
2201
2177
2152
2135
2110
2093
2079
2079
2082
2093
2110
2170
2240
2327
2373
2412
2436
2412
2327
2173
1949
1693
1447
1283
1230
1234
1321
1461
1591
1710
1833
1959
2065
2121
2166
2215
2257
2310
2352
2384
2419
2440
2457
2471
2482
2496
2510
2524
2538
2555
2569
2583
2604
2629
2657
2692
2738
2773
2794
2815
2839
2867
2899
2931
2962
2997
3029
3071
3113
3130
3141
3148
3148
3137
3120
3092
3039
2987
2934
2895
2867
2832
2790
2731
2692
2671
2654
2636
2615
2590
2559
2538
2524
2510
2499
2492
2489
2482
2471
2468
2468
2475
2485
2492
2499
2506
2513
2517
2517
2513
2503
2489
2475
2464
2447
2429
2412
2398
2387
2373
2352
2324
2317
2310
2299
2306
2338
2384
2447
2510
2552
2576
2576
2524
2408
2233
2019
1802
1623
1542
1514
1514
1542
1563
1584
1609
1647
1763
1945
2131
2247
2285
2271
2254
2243
2250
2285
2317
2345
2366
2394
2412
2426
2433
2440
2443
2447
2450
2457
2461
2464
2464
2464
2468
2471
2478
2485
2499
2517
2538
2562
2590
2625
2657
2682
2699
2703
2703
2706
2710
2710
2699
2678
2650
2618
2587
2548
2503
2471
2447
2419
2394
2370
2338
2310
2289
2275
2268
2264
2261
2257
2254
2250
2254
2264
2278
2296
2317
2342
2363
2373
2380
2384
2387
2394
2398
2405
2405
2398
2384
2363
2338
2299
2268
2229
2187
2145
2096
2043
1998
1970
1945
1945
1973
2005
2033
2043
2054
2061
2036
1956
1833
1665
1472
1269
1079
0925
0851
0823
0851
0929
1044
1149
1209
1265
1325
1426
1560
1696
1770
1788
1798
1809
1823
1833
1847
1872
1921
1970
2026
2065
2086
2100
2110
2117
2121
2128
2138
2156
2194
2247
2303
2352
2391
2419
2450
2499
2541
2573
2601
2622
2640
2650
2650
2650
2654
2661
2664
2650
2625
2601
2573
2548
2531
2506
2482
2450
2408
2352
2303
2268
2240
2212
2184
2152
2138
2131
2124
2117
2110
2103
2103
2100
2100
2103
2107
2114
2121
2131
2145
2156
2166
2180
2201
2219
2229
2240
2243
2247
2250
2247
2215
2163
2110
2082
2061
2040
2029
2022
2012
2001
2036
2096
2159
2215
2247
2257
2268
2271
2229
2114
1935
1721
1514
1339
1209
1163
1171
1213
1339
1479
1609
1717
1805
1882
1963
2051
2096
2124
2135
2142
2149
2159
2170
2177
2187
2201
2219
2233
2254
2271
2289
2313
2349
2370
2391
2412
2447
2471
2489
2503
2513
2527
2538
2552
2566
2583
2597
2611
2622
2640
2661
2675
2689
2699
2706
2706
2692
2675
2650
2615
2583
2545
2492
2429
2366
2296
2240
2198
2149
2096
2061
2047
2040
2036
2033
2029
2033
2036
2043
2047
2054
2061
2068
2072
2075
2079
2079
2072
2061
2051
2036
2026
2012
2001
1987
1977
1966
1956
1949
1945
1938
1931
1921
1903
1886
1865
1830
1781
1728
1682
1647
1626
1651
1693
1742
1777
1798
1805
1795
1760
1661
1504
1311
1111
0936
0802
0715
0680
0676
0697
0760
0862
0971
1083
1185
1269
1349
1391
1409
1419
1423
1426
1430
1430
1433
1433
1437
1440
1444
1444
1447
1451
1454
1458
1461
1469
1476
1486
1518
1549
1591
1644
1675
1696
1714
1735
1760
1788
1812
1833
1851
1872
1893
1921
1952
1970
1984
1994
2001
2005
2001
1987
1966
1935
1882
1833
1784
1735
1679
1647
1630
1616
1605
1598
1591
1588
1581
1577
1577
1574
1570
1570
1567
1567
1567
1567
1570
1574
1581
1588
1595
1602
1609
1619
1626
1637
1647
1658
1665
1668
1665
1661
1651
1640
1630
1612
1581
1560
1546
1535
1528
1528
1532
1549
1574
1616
1682
1745
1798
1830
1851
1830
1763
1644
1483
1297
1111
0953
0848
0809
0806
0830
0901
0974
1065
1167
1286
1423
1560
1686
1791
1865
1914
1945
1966
1980
1980
1973
1966
1956
1945
1945
1970
2008
2058
2103
2152
2198
2226
2250
2268
2285
2303
2320
2331
2338
2342
2349
2352
2359
2363
2370
2380
2387
2391
2398
2405
2412
2426
2440
2450
2454
2447
2440
2429
2415
2398
2377
2352
2324
2289
2254
2212
2156
2103
2072
2054
2040
2029
2019
2019
2026
2043
2065
2082
2103
2124
2142
2156
2170
2194
2226
2257
2275
2285
2292
2299
2303
2310
2317
2320
2324
2327
2331
2331
2334
2338
2345
2352
2356
2352
2345
2334
2324
2313
2292
2282
2292
2317
2349
2405
2468
2510
2541
2541
2485
2366
2205
2008
1805
1623
1490
1447
1430
1458
1542
1626
1735
1861
1970
2043
2068
2096
2128
2173
2250
2338
2366
2377
2384
2370
2356
2349
2342
2342
2356
2377
2405
2440
2464
2482
2499
2520
2545
2576
2611
2636
2664
2692
2717
2734
2745
2752
2759
2766
2776
2783
2794
2804
2829
2864
2881
2895
2909
2906
2874
2829
2776
2734
2689
2647
2601
2552
2510
2482
2464
2443
2419
2384
2331
2296
2278
2264
2257
2254
2250
2247
2243
2240
2240
2236
2233
2233
2240
2250
2261
2275
2292
2313
2334
2349
2366
2380
2394
2405
2408
2412
2412
2415
2419
2415
2387
2352
2299
2257
2229
2215
2198
2180
2180
2198
2250
2334
2419
2461
2485
2506
2478
2401
2264
2079
1861
1644
1472
1388
1363
1384
1454
1553
1640
1735
1837
1938
2033
2142
2261
2356
2391
2401
2394
2373
2345
2317
2310
2303
2296
2299
2327
2349
2366
2384
2401
2415
2433
2447
2461
2478
2492
2503
2517
2524
2534
2548
2562
2580
2594
2604
2615
2629
2640
2647
2650
2647
2643
2636
2625
2615
2601
2569
2538
2496
2443
2391
2338
2282
2226
2173
2117
2082
2061
2047
2033
2022
2012
2008
2001
1994
1991
1987
1980
1977
1973
1970
1966
1963
1956
1945
1935
1938
1956
1973
1984
1994
2005
2015
2022
2026
2026
2022
2019
2012
2005
1998
1987
1973
1956
1942
1924
1910
1893
1879
1879
1889
1910
1942
1998
2043
2075
2075
2054
1998
1847
1630
1363
1097
0880
0764
0753
0816
0967
1132
1272
1377
1472
1570
1661
1745
1805
1875
1935
1984
2012
2022
2026
2029
2029
2033
2033
2036
2040
2043
2047
2054
2061
2068
2079
2089
2110
2135
2149
2166
2191
2219
2250
2278
2303
2324
2342
2359
2377
2398
2422
2440
2454
2464
2475
2478
2475
2464
2450
2433
2398
2334
2264
2208
2159
2110
2065
2012
1973
1942
1907
1872
1837
1805
1784
1770
1760
1752
1749
1752
1763
1777
1791
1805
1823
1844
1858
1872
1886
1900
1910
1921
1931
1945
1956
1970
2005
2061
2093
2110
2121
2124
2121
2107
2089
2065
2029
2005
1987
1973
1963
1970
1991
2019
2065
2114
2163
2198
2219
2219
2187
2093
1900
1651
1377
1125
0939
0883
0901
1044
1234
1395
1511
1560
1626
1696
1795
1907
2029
2131
2194
2229
2250
2264
2275
2282
2289
2292
2299
2306
2317
2331
2349
2384
2429
2457
2475
2496
2520
2541
2559
2580
2594
2611
2643
2685
2724
2766
2808
2836
2867
2885
2895
2902
2909
2916
2916
2916
2909
2906
2895
2881
2857
2808
2766
2717
2657
2594
2534
2475
2440
2415
2391
2366
2345
2324
2310
2299
2296
2289
2285
2278
2275
2271
2278
2292
2313
2331
2359
2380
2401
2429
2457
2482
2496
2506
2517
2520
2524
2527
2524
2517
2506
2496
2475
2443
2380
2342
2317
2299
2285
2271
2254
2254
2278
2317
2373
2443
2475
2485
2496
2461
2359
2205
2001
1767
1539
1360
1286
1262
1293
1384
1490
1584
1672
1763
1872
1984
2093
2187
2236
2275
2303
2324
2334
2342
2349
2352
2352
2356
2356
2356
2356
2356
2352
2349
2345
2342
2338
2331
2338
2366
2401
2436
2468
2510
2566
2608
2636
2654
2668
2675
2682
2689
2692
2696
2696
2692
2685
2678
2664
2643
2597
2552
2510
2478
2454
2426
2387
2334
2296
2278
2261
2243
2229
2205
2152
2103
2068
2047
2022
1998
1956
1921
1889
1872
1861
1854
1851
1847
1844
1840
1837
1833
1830
1823
1819
1816
1809
1798
1788
1767
1745
1724
1686
1637
1602
1574
1553
1525
1486
1458
1440
1430
1430
1444
1469
1500
1539
1546
1560
1549
1472
1325
1114
0862
0596
0361
0210
0161
0178
0241
0375
0508
0620
0708
0781
0862
0960
1069
1171
1206
1216
1220
1223
1227
1230
1241
1251
1269
1290
1321
1353
1381
1405
1430
1447
1469
1486
1507
1528
1553
1584
1612
1651
1703
1763
1826
1879
1917
1945
1970
1994
2012
2029
2047
2061
2072
2082
2089
2096
2103
2110
2114
2110
2100
2086
2058
2015
1973
1928
1893
1865
1840
1809
1770
1749
1735
1728
1738
1763
1777
1791
1802
1812
1823
1837
1847
1858
1875
1903
1938
1977
2012
2026
2029
2033
2040
2043
2047
2047
2047
2047
2043
2040
2033
2022
2015
2001
1980
1945
1931
1921
1921
1945
2015
2093
2173
2219
2250
2271
2243
2163
1998
1781
1549
1332
1163
1093
1069
1093
1167
1251
1335
1384
1465
1574
1721
1907
2082
2177
2201
2215
2222
2233
2243
2250
2257
2268
2275
2289
2306
2324
2334
2349
2373
2419
2457
2489
2517
2541
2569
2597
2622
2640
2657
2671
2685
2717
2766
2808
2843
2871
2885
2895
2902
2909
2913
2916
2913
2909
2902
2895
2881
2857
2815
2776
2731
2685
2636
2583
2524
2475
2447
2422
2401
2384
2373
2363
2356
2349
2345
2342
2342
2338
2338
2338
2331
2331
2345
2370
2391
2412
2429
2440
2450
2457
2464
2471
2478
2482
2482
2478
2475
2464
2457
2443
2415
2366
2327
2299
2282
2264
2250
2250
2271
2327
2408
2447
2471
2485
2457
2370
2222
2022
1781
1528
1318
1213
1178
1209
1304
1447
1591
1717
1826
1928
2033
2138
2177
2187
2191
2194
2201
2208
2219
2229
2250
2282
2310
2331
2342
2356
2370
2384
2398
2412
2422
2436
2447
2457
2468
2478
2489
2503
2513
2524
2527
2534
2538
2545
2552
2559
2555
2545
2534
2524
2517
2503
2489
2475
2457
2422
2370
2324
2282
2247
2208
2163
2117
2079
2051
2026
2005
1984
1949
1931
1917
1907
1900
1893
1889
1889
1889
1896
1903
1914
1928
1945
1977
2022
2061
2096
2114
2121
2128
2135
2138
2138
2135
2128
2117
2107
2096
2086
2075
2065
2061
2058
2061
2068
2075
2086
2100
2124
2173
2222
2261
2282
2299
2296
2264
2184
2040
1858
1654
1465
1307
1213
1174
1174
1192
1241
1314
1416
1546
1700
1851
1998
2072
2103
2103
2093
2079
2065
2068
2096
2110
2117
2121
2121
2124
2128
2131
2135
2138
2142
2142
2145
2145
2149
2149
2149
2152
2156
2159
2166
2173
2194
2243
2299
2352
2394
2429
2447
2457
2468
2475
2475
2461
2436
2408
2373
2352
2320
2282
2236
2187
2124
2072
2029
1980
1956
1945
1938
1931
1928
1921
1921
1917
1917
1917
1917
1921
1928
1935
1938
1945
1952
1959
1966
1973
1987
1998
2008
2019
2029
2040
2047
2054
2068
2079
2082
2082
2072
2061
2040
2005
1952
1910
1875
1858
1844
1847
1886
1938
2005
2075
2124
2152
2170
2145
2068
1942
1774
1574
1374
1202
1100
1058
1058
1086
1171
1262
1363
1461
1553
1637
1742
1865
1963
2008
2029
2040
2047
2051
2054
2058
2061
2068
2072
2075
2072
2065
2054
2047
2036
2029
2036
2058
2075
2093
2114
2138
2177
2229
2275
2310
2338
2363
2387
2412
2426
2436
2443
2450
2454
2457
2457
2457
2454
2447
2440
2429
2415
2384
2331
2289
2243
2201
2156
2117
2089
2054
2033
2019
2008
1998
1984
1973
1959
1945
1931
1914
1896
1893
1889
1886
1886
1882
1879
1879
1875
1879
1882
1889
1900
1907
1914
1921
1931
1938
1942
1942
1935
1924
1910
1893
1875
1844
1823
1805
1788
1767
1767
1798
1840
1903
1977
2040
2086
2114
2096
2047
1907
1714
1490
1279
1121
1065
1044
1076
1121
1178
1241
1304
1370
1426
1518
1637
1763
1868
1935
1977
1994
2008
2019
2026
2036
2043
2054
2061
2075
2093
2107
2121
2135
2152
2177
2205
2229
2257
2285
2310
2331
2352
2370
2394
2422
2450
2475
2503
2531
2562
2590
2608
2622
2629
2636
2643
2643
2636
2622
2604
2573
2527
2485
2436
2380
2324
2271
2219
2187
2159
2135
2114
2093
2082
2082
2079
2075
2072
2072
2068
2068
2068
2072
2072
2075
2082
2093
2103
2114
2124
2138
2156
2177
2187
2198
2205
2215
2222
2226
2219
2198
2173
2149
2128
2114
2093
2051
2012
1991
1977
1977
1987
2008
2040
2096
2163
2215
2247
2271
2268
2233
2138
1980
1788
1588
1423
1321
1286
1286
1314
1346
1384
1440
1511
1612
1745
1900
2043
2124
2145
2159
2170
2180
2191
2198
2208
2219
2226
2240
2257
2268
2275
2285
2303
2324
2349
2373
2401
2426
2450
2471
2489
2503
2513
2524
2534
2541
2552
2569
2608
2643
2668
2696
2717
2734
2745
2748
2745
2734
2717
2685
2647
2611
2573
2531
2478
2419
2370
2327
2282
2240
2194
2149
2114
2089
2065
2047
2033
2022
2015
2008
2005
2001
2008
2019
2036
2054
2079
2096
2114
2124
2135
2142
2149
2156
2159
2159
2159
2159
2159
2156
2149
2142
2135
2124
2117
2107
2096
2079
2065
2058
2061
2072
2086
2114
2163
2222
2282
2320
2345
2356
2345
2317
2229
2096
1917
1717
1528
1402
1363
1381
1444
1563
1672
1752
1798
1844
1886
1959
2058
2173
2250
2275
2289
2299
2310
2317
2342
2384
2443
2471
2478
2482
2482
2485
2485
2492
2499
2506
2517
2534
2559
2594
2618
2636
2654
2668
2682
2699
2727
2755
2783
2811
2836
2846
2857
2867
2871
2874
2871
2864
2853
2839
2815
2766
2717
2668
2618
2562
2499
2440
2380
2327
2289
2261
2226
2205
2187
2177
2159
2145
2131
2121
2110
2100
2093
2093
2100
2110
2124
2142
2173
2201
2219
2226
2233
2243
2250
2254
2254
2254
2250
2243
2236
2229
2219
2208
2180
2149
2103
2043
2008
1987
1970
1963
1966
1980
2001
2072
2156
2243
2278
2299
2310
2268
2135
1917
1633
1318
1023
0841
0816
0858
1020
1220
1395
1511
1567
1609
1647
1717
1823
1935
2029
2061
2068
2075
2079
2079
2072
2068
2061
2058
2054
2054
2065
2082
2100
2128
2156
2177
2194
2212
2222
2240
2254
2268
2282
2296
2310
2331
2370
2408
2454
2485
2506
2517
2524
2527
2531
2534
2541
2520
2482
2440
2405
2377
2342
2296
2236
2177
2124
2089
2058
2022
1977
1917
1886
1875
1865
1854
1847
1844
1837
1833
1826
1823
1816
1809
1791
1781
1791
1816
1840
1872
1889
1900
1907
1910
1914
1917
1921
1924
1924
1921
1917
1914
1907
1900
1889
1875
1847
1784
1738
1710
1696
1703
1721
1749
1791
1840
1882
1914
1935
1931
1893
1791
1626
1419
1174
0932
0743
0669
0676
0774
0946
1111
1234
1311
1356
1423
1514
1619
1714
1763
1805
1847
1889
1931
1952
1963
1970
1973
1980
1984
1994
1998
2008
2019
2029
2054
2093
2114
2135
2152
2173
2198
2219
2247
2268
2289
2317
2363
2412
2461
2517
2562
2597
2625
2640
2654
2661
2668
2668
2654
2636
2601
2552
2499
2450
2401
2352
2306
2254
2198
2145
2110
2086
2068
2054
2043
2036
2029
2022
2022
2022
2029
2040
2051
2065
2079
2100
2121
2138
2152
2159
2166
2170
2177
2180
2187
2187
2187
2187
2187
2184
2180
2173
2163
2156
2138
2093
2061
2043
2029
2022
2019
2012
2008
1998
2026
2103
2187
2222
2247
2264
2236
2149
1970
1707
1405
1128
0939
0901
0918
1058
1234
1384
1493
1588
1679
1760
1847
1938
2019
2072
2114
2142
2152
2156
2159
2163
2163
2170
2177
2191
2208
2243
2299
2327
2342
2349
2359
2370
2380
2394
2412
2433
2454
2471
2503
2552
2580
2597
2608
2625
2643
2657
2668
2678
2689
2696
2703
2706
2703
2699
2692
2682
2668
2640
2597
2538
2464
2384
2303
2257
2212
2156
2124
2107
2096
2086
2079
2072
2068
2061
2058
2051
2047
2040
2036
2033
2036
2040
2051
2065
2079
2100
2135
2156
2170
2180
2187
2194
2201
2201
2198
2191
2180
2166
2152
2121
2086
2040
1987
1949
1921
1903
1882
1868
1886
1945
2015
2096
2135
2163
2184
2152
2058
1868
1616
1342
1111
0988
0978
1037
1178
1318
1430
1518
1563
1633
1710
1805
1896
1945
1980
2008
2043
2068
2086
2096
2110
2124
2138
2152
2187
2240
2275
2296
2310
2320
2327
2334
2342
2352
2366
2384
2401
2419
2440
2457
2468
2478
2485
2503
2541
2576
2597
2611
2625
2633
2643
2654
2661
2650
2625
2590
2541
2499
2447
2391
2334
2289
2254
2226
2205
2177
2135
2093
2054
2029
2015
2008
1998
1994
1991
1987
1987
1987
1987
1994
2001
2008
2019
2026
2029
2040
2047
2058
2065
2072
2075
2075
2075
2075
2079
2079
2079
2079
2079
2082
2051
2015
1987
1966
1945
1924
1903
1903
1928
1963
2012
2054
2082
2086
2065
2008
1889
1724
1525
1332
1174
1100
1076
1097
1153
1237
1318
1395
1479
1574
1679
1788
1879
1924
1963
2005
2051
2089
2114
2131
2131
2117
2110
2103
2096
2093
2093
2096
2107
2121
2138
2170
2226
2278
2338
2377
2391
2405
2412
2422
2433
2440
2447
2457
2471
2499
2520
2534
2545
2552
2552
2545
2531
2513
2492
2461
2436
2412
2387
2352
2306
2250
2205
2170
2142
2110
2068
2033
2005
1991
1984
1977
1973
1970
1970
1966
1966
1966
1970
1973
1980
1987
1998
2012
2022
2040
2058
2072
2082
2093
2107
2124
2135
2145
2156
2166
2163
2135
2107
2075
2047
2019
1994
1970
1942
1921
1935
1984
2065
2149
2180
2194
2208
2205
2173
2086
1945
1763
1567
1388
1251
1216
1206
1220
1311
1412
1504
1560
1616
1668
1756
1879
2026
2177
2268
2296
2268
2236
2215
2215
2243
2261
2271
2278
2289
2296
2303
2306
2313
2317
2327
2338
2366
2415
2440
2457
2475
2496
2520
2548
2576
2601
2618
2633
2643
2654
2664
2675
2682
2685
2682
2671
2654
2625
2583
2545
2503
2464
2436
2412
2380
2338
2299
2271
2243
2219
2191
2159
2138
2128
2117
2107
2103
2100
2096
2096
2096
2096
2096
2096
2100
2100
2100
2103
2128
2142
2152
2159
2166
2170
2166
2159
2149
2138
2128
2117
2103
2089
2075
2058
2033
1998
1980
1966
1956
1949
1963
1998
2047
2110
2163
2198
2219
2212
2138
2012
1847
1654
1458
1286
1174
1135
1135
1163
1241
1335
1451
1581
1714
1840
1959
2068
2103
2121
2117
2089
2075
2075
2103
2138
2173
2198
2212
2219
2222
2226
2233
2243
2250
2261
2271
2289
2320
2345
2380
2422
2461
2489
2520
2562
2611
2647
2668
2689
2703
2727
2766
2801
2822
2818
2790
2762
2731
2713
2689
2654
2608
2552
2499
2468
2447
2433
2408
2363
2303
2247
2205
2170
2138
2110
2079
2054
2043
2033
2026
2019
2015
2019
2026
2033
2047
2061
2072
2093
2107
2117
2124
2131
2135
2142
2145
2149
2149
2142
2131
2114
2086
2040
1998
1949
1917
1896
1886
1882
1893
1907
1959
2033
2114
2170
2219
2247
2247
2212
2100
1875
1574
1258
1002
0872
0830
0855
0890
0929
0974
1020
1114
1248
1398
1542
1626
1661
1661
1633
1612
1595
1581
1574
1574
1581
1595
1609
1623
1637
1654
1668
1682
1696
1707
1721
1728
1738
1745
1752
1756
1763
1777
1795
1826
1858
1889
1914
1945
1991
2040
2079
2096
2107
2114
2117
2114
2103
2082
2051
2001
1963
1931
1907
1875
1833
1795
1763
1731
1717
1707
1700
1693
1689
1686
1682
1682
1682
1682
1682
1686
1689
1696
1703
1714
1735
1777
1816
1861
1893
1907
1924
1949
1970
1984
1994
2005
2012
2019
2022
2026
2026
2022
2019
2015
2012
2005
1998
1987
1970
1959
1966
1991
2054
2131
2219
2268
2317
2349
2331
2282
2152
1980
1805
1654
1560
1525
1525
1542
1591
1665
1738
1819
1924
2054
2191
2310
2345
2352
2356
2359
2363
2370
2377
2384
2394
2405
2415
2429
2443
2468
2513
2555
2597
2633
2675
2713
2759
2797
2822
2843
2860
2874
2881
2892
2899
2909
2916
2927
2938
2945
2959
2969
2976
2976
2966
2952
2934
2909
2871
2850
2822
2780
2724
2668
2604
2555
2513
2461
2401
2334
2289
2261
2240
2219
2208
2191
2177
2163
2156
2152
2152
2149
2145
2145
2149
2166
2191
2219
2261
2292
2310
2320
2331
2338
2342
2349
2349
2349
2345
2338
2331
2324
2313
2292
2250
2215
2166
2124
2100
2086
2093
2107
2152
2222
2310
2401
2489
2527
2555
2552
2475
2352
2205
2036
1872
1731
1654
1626
1644
1689
1774
1819
1900
1980
2082
2184
2275
2359
2440
2520
2580
2611
2625
2636
2643
2650
2657
2661
2668
2675
2678
2682
2685
2692
2696
2710
2738
2769
2794
2811
2825
2839
2853
2867
2895
2941
2980
3004
3036
3053
3067
3078
3085
3085
3078
3067
3053
3032
3004
2976
2948
2920
2892
2857
2804
2745
2685
2622
2566
2531
2503
2475
2447
2426
2405
2387
2370
2352
2334
2313
2292
2268
2243
2229
2219
2215
2212
2212
2215
2219
2229
2243
2261
2285
2299
2306
2317
2327
2331
2320
2299
2275
2243
2219
2194
2149
2096
2043
2008
1987
1973
1970
1966
1959
1952
1984
2026
2058
2068
2082
2089
2068
1998
1872
1700
1500
1311
1163
1083
1058
1079
1114
1149
1185
1227
1307
1440
1623
1809
1924
1966
1938
1917
1903
1893
1886
1882
1886
1889
1896
1903
1910
1917
1924
1938
1956
1977
1994
2015
2036
2051
2068
2089
2117
2149
2177
2208
2229
2257
2282
2299
2310
2324
2327
2317
2296
2282
2271
2264
2254
2243
2233
2222
2208
2177
2121
2068
2019
1952
1879
1805
1760
1728
1710
1693
1675
1661
1654
1651
1647
1644
1640
1637
1633
1633
1630
1626
1623
1619
1616
1616
1616
1612
1612
1609
1609
1609
1605
1602
1598
1591
1584
1577
1567
1556
1546
1518
1476
1433
1388
1356
1339
1328
1321
1325
1335
1349
1381
1416
1433
1444
1440
1405
1307
1167
0988
0785
0592
0445
0396
0378
0403
0473
0546
0585
0645
0722
0837
0971
1107
1237
1346
1409
1444
1461
1476
1483
1493
1500
1507
1514
1521
1528
1535
1542
1553
1563
1577
1591
1612
1633
1647
1675
1714
1756
1802
1844
1872
1900
1938
1991
2036
2068
2079
2086
2089
2093
2093
2096
2096
2096
2096
2093
2089
2079
2072
2058
2036
1987
1903
1812
1752
1700
1665
1633
1602
1570
1549
1539
1532
1528
1521
1518
1518
1514
1514
1518
1521
1525
1532
1542
1553
1567
1588
1609
1630
1668
1721
1749
1767
1777
1784
1788
1784
1777
1767
1752
1742
1731
1717
1703
1689
1686
1689
1696
1707
1721
1749
1805
1875
1928
1963
1987
1970
1914
1795
1630
1426
1192
0974
0823
0774
0806
0897
1072
1251
1384
1476
1549
1637
1752
1900
2051
2177
2247
2271
2285
2296
2303
2310
2327
2363
2405
2443
2468
2478
2485
2496
2506
2513
2524
2548
2594
2636
2685
2738
2794
2832
2853
2874
2888
2906
2931
2980
3018
3050
3081
3102
3116
3130
3134
3130
3120
3106
3092
3074
3053
3032
3008
2980
2948
2913
2874
2836
2797
2762
2745
2731
2720
2710
2699
2685
2675
2668
2657
2647
2640
2640
2643
2650
2661
2671
2682
2696
2713
2727
2752
2790
2836
2853
2864
2871
2874
2878
2878
2878
2874
2867
2857
2846
2832
2815
2787
2766
2748
2734
2717
2710
2720
2748
2794
2853
2895
2923
2927
2906
2850
2706
2492
2226
1959
1742
1658
1626
1665
1784
1914
2026
2131
2236
2349
2468
2583
2661
2685
2703
2717
2741
2787
2815
2829
2839
2846
2850
2853
2860
2864
2864
2867
2871
2871
2874
2874
2878
2881
2885
2888
2892
2899
2909
2916
2927
2941
2962
2983
2997
3008
3018
3029
3032
3036
3029
3018
3004
2976
2938
2867
2790
2713
2629
2573
2506
2454
2380
2299
2250
2212
2180
2149
2107
2061
2022
1977
1952
1938
1928
1921
1917
1921
1928
1938
1949
1959
1977
1994
2012
2026
2043
2051
2051
2040
2022
2005
1987
1970
1956
1942
1924
1910
1896
1879
1861
1837
1805
1784
1770
1760
1756
1767
1791
1858
1931
2005
2033
2029
2008
1949
1812
1612
1342
1037
0760
0581
0553
0596
0781
1006
1192
1304
1346
1360
1395
1472
1616
1781
1914
1952
1963
1966
1970
1980
1994
2012
2026
2036
2051
2061
2068
2075
2086
2103
2121
2138
2159
2187
2215
2240
2271
2303
2331
2366
2415
2464
2499
2527
2545
2555
2566
2573
2580
2580
2583
2580
2580
2576
2569
2562
2548
2527
2485
2443
2398
2349
2303
2268
2219
2173
2142
2110
2082
2051
2015
1998
1984
1973
1963
1956
1952
1952
1959
1966
1977
1987
1998
2008
2022
2040
2047
2054
2058
2061
2065
2072
2072
2061
2040
2015
1984
1952
1917
1886
1851
1830
1812
1802
1798
1809
1823
1844
1879
1938
1980
2008
2019
2008
1977
1893
1731
1507
1244
0988
0792
0708
0708
0799
0971
1142
1269
1346
1384
1440
1514
1612
1703
1745
1767
1777
1791
1809
1830
1851
1872
1889
1910
1931
1942
1952
1956
1963
1966
1970
1977
1987
1994
2001
2005
2008
2012
2022
2047
2072
2093
2124
2156
2184
2208
2222
2243
2264
2296
2327
2345
2356
2352
2327
2303
2275
2247
2212
2166
2124
2079
2029
1984
1945
1907
1868
1830
1788
1735
1682
1651
1651
1651
1647
1651
1665
1686
1707
1724
1742
1752
1763
1770
1777
1781
1784
1788
1788
1788
1788
1788
1784
1781
1774
1767
1756
1745
1735
1724
1707
1689
1675
1668
1665
1658
1651
1658
1686
1767
1851
1900
1938
1963
1949
1903
1777
1591
1356
1104
0883
0778
0739
0767
0865
1016
1156
1265
1356
1402
1472
1577
1721
1861
1935
1956
1966
1973
1987
1998
2008
2019
2036
2054
2075
2089
2103
2128
2163
2198
2226
2261
2285
2313
2338
2370
2394
2412
2429
2443
2464
2499
2548
2583
2604
2625
2640
2661
2685
2706
2720
2731
2741
2741
2731
2717
2696
2671
2640
2597
2545
2492
2440
2394
2352
2317
2264
2215
2180
2166
2159
2152
2149
2145
2145
2145
2152
2159
2170
2184
2194
2212
2229
2257
2271
2282
2296
2306
2313
2317
2320
2324
2320
2320
2317
2313
2306
2299
2292
2289
2282
2275
2268
2264
2264
2275
2285
2303
2338
2384
2405
2422
2426
2412
2380
2292
2131
1910
1672
1461
1314
1283
1279
1304
1440
1591
1728
1844
1945
2051
2163
2268
2345
2370
2387
2408
2419
2426
2429
2433
2436
2443
2450
2457
2464
2471
2478
2489
2496
2517
2559
2587
2618
2650
2685
2713
2734
2752
2769
2783
2804
2832
2850
2860
2864
2871
2874
2878
2874
2867
2853
2843
2829
2811
2790
2773
2752
2713
2664
2633
2604
2576
2538
2492
2440
2387
2345
2310
2275
2250
2233
2219
2215
2212
2208
2205
2201
2198
2198
2198
2201
2215
2229
2254
2285
2310
2324
2334
2342
2349
2352
2352
2349
2338
2324
2310
2285
2250
2219
2187
2156
2131
2110
2096
2089
2096
2124
2205
2292
2345
2384
2412
2412
2380
2296
2145
1945
1728
1525
1370
1286
1258
1272
1318
1412
1511
1602
1700
1809
1917
2022
2121
2152
2159
2163
2166
2170
2173
2180
2187
2194
2205
2219
2236
2254
2264
2268
2271
2278
2282
2285
2292
2299
2303
2310
2317
2324
2334
2352
2387
2415
2429
2443
2450
2461
2468
2471
2468
2464
2457
2450
2440
2426
2405
2380
2352
2310
2250
2205
2166
2138
2100
2054
2008
1963
1928
1900
1861
1837
1816
1802
1795
1788
1784
1781
1777
1777
1774
1774
1774
1774
1774
1781
1784
1795
1802
1805
1816
1826
1833
1837
1837
1833
1830
1819
1809
1784
1738
1689
1644
1602
1549
1514
1493
1483
1483
1493
1514
1549
1605
1665
1700
1710
1721
1682
1577
1423
1227
1009
0806
0648
0592
0571
0610
0715
0820
0897
0939
1009
1107
1230
1356
1433
1454
1465
1476
1486
1497
1507
1525
1549
1574
1588
1591
1595
1598
1605
1612
1619
1630
1640
1654
1675
1710
1731
1760
1798
1837
1865
1893
1917
1935
1956
1984
2001
2015
2026
2036
2043
2047
2047
2051
2054
2061
2065
2065
2051
2026
1991
1938
1900
1872
1833
1788
1752
1742
1738
1735
1731
1731
1731
1731
1731
1731
1738
1745
1760
1774
1791
1809
1830
1854
1872
1886
1900
1914
1924
1935
1945
1959
1970
1980
1991
2005
2015
2026
2033
2040
2047
2054
2065
2072
2072
2061
2040
2012
1980
1966
1945
1928
1956
2043
2131
2219
2285
2310
2310
2268
2163
1963
1714
1469
1276
1178
1142
1171
1244
1332
1405
1451
1528
1633
1781
1945
2089
2135
2149
2131
2110
2093
2121
2142
2152
2159
2166
2173
2180
2187
2198
2208
2222
2247
2292
2317
2342
2370
2394
2422
2450
2478
2513
2559
2597
2647
2692
2720
2745
2766
2790
2818
2843
2857
2867
2878
2881
2885
2881
2874
2857
2839
2801
2738
2692
2654
2622
2580
2520
2471
2443
2426
2415
2408
2405
2398
2394
2394
2391
2391
2387
2387
2387
2391
2394
2401
2408
2415
2422
2433
2450
2471
2485
2503
2531
2576
2608
2629
2643
2657
2668
2682
2689
2685
2671
2650
2625
2594
2566
2534
2489
2443
2415
2405
2401
2394
2391
2401
2429
2471
2520
2555
2580
2580
2548
2464
2299
2082
1837
1623
1507
1461
1461
1493
1535
1588
1637
1693
1791
1910
2026
2121
2177
2219
2250
2261
2264
2268
2271
2271
2275
2275
2275
2278
2282
2282
2285
2289
2292
2296
2299
2303
2313
2324
2342
2363
2384
2412
2433
2450
2468
2485
2506
2538
2576
2615
2625
2633
2640
2643
2643
2633
2611
2580
2527
2468
2419
2377
2334
2296
2250
2201
2145
2086
2036
2005
1984
1966
1945
1931
1917
1907
1893
1879
1868
1851
1833
1809
1791
1781
1774
1774
1770
1770
1770
1770
1770
1770
1770
1770
1770
1770
1770
1770
1770
1770
1770
1770
1767
1763
1760
1752
1749
1742
1717
1668
1626
1598
1570
1532
1500
1486
1476
1479
1511
1560
1619
1672
1714
1738
1756
1738
1689
1577
1437
1276
1107
0960
0865
0830
0830
0858
0897
0943
0988
1041
1149
1304
1472
1623
1696
1714
1728
1731
1738
1749
1760
1767
1774
1784
1795
1809
1823
1837
1844
1858
1875
1903
1931
1970
2019
2075
2131
2173
2201
2222
2243
2261
2278
2296
2310
2320
2334
2349
2370
2391
2429
2482
2510
2527
2538
2545
2548
2548
2545
2538
2524
2510
2482
2429
2394
2373
2349
2324
2299
2271
2264
2261
2257
2257
2257
2254
2254
2257
2264
2275
2285
2299
2320
2342
2363
2380
2398
2422
2447
2478
2517
2555
2573
2580
2590
2594
2601
2604
2604
2608
2608
2608
2608
2608
2611
2611
2611
2615
2615
2618
2622
2625
2629
2636
2640
2650
2675
2745
2804
2843
2853
2867
2878
2860
2794
2682
2534
2373
2229
2149
2121
2117
2142
2215
2310
2401
2457
2513
2573
2625
2685
2745
2808
2839
2850
2860
2867
2874
2878
2885
2888
2895
2899
2902
2902
2909
2916
2934
2976
3018
3060
3092
3113
3134
3155
3172
3190
3207
3225
3243
3267
3295
3327
3348
3362
3376
3383
3383
3376
3365
3351
3327
3281
3246
3222
3190
3148
3102
3064
3015
2966
2906
2843
2787
2734
2682
2633
2576
2548
2534
2524
2513
2510
2506
2506
2506
2506
2506
2506
2506
2510
2510
2513
2513
2506
2499
2489
2485
2478
2468
2457
2450
2440
2433
2422
2415
2408
2401
2394
2391
2384
2377
2370
2359
2352
2349
2342
2334
2320
2299
2289
2278
2271
2257
2261
2292
2338
2401
2468
2510
2538
2538
2478
2352
2177
1956
1731
1549
1440
1405
1426
1490
1584
1675
1770
1875
1994
2121
2208
2233
2247
2261
2271
2282
2292
2306
2320
2334
2352
2366
2380
2401
2415
2429
2440
2454
2457
2454
2443
2436
2426
2422
2433
2457
2496
2545
2580
2608
2622
2636
2650
2657
2647
2625
2608
2590
2573
2562
2548
2524
2478
2429
2380
2334
2289
2240
2194
2138
2086
2033
1980
1928
1875
1833
1802
1777
1749
1721
1686
1651
1616
1588
1567
1549
1535
1532
1528
1525
1525
1521
1521
1521
1521
1521
1521
1521
1521
1525
1525
1525
1521
1518
1514
1511
1507
1500
1493
1486
1476
1451
1395
1360
1339
1314
1293
1272
1255
1244
1237
1241
1251
1265
1290
1335
1381
1430
1465
1490
1490
1458
1374
1223
1034
0830
0634
0476
0396
0364
0389
0469
0574
0676
0788
0925
1076
1220
1318
1342
1360
1374
1391
1405
1423
1458
1521
1553
1567
1574
1584
1595
1609
1616
1623
1630
1640
1658
1689
1721
1745
1763
1784
1802
1819
1844
1875
1903
1942
1987
2033
2079
2100
2114
2124
2131
2138
2138
2138
2131
2121
2110
2093
2068
2033
2005
1970
1921
1865
1812
1763
1710
1672
1647
1626
1605
1598
1591
1588
1584
1581
1577
1574
1570
1563
1563
1560
1556
1556
1553
1549
1546
1546
1542
1539
1535
1532
1532
1528
1528
1528
1528
1528
1525
1521
1518
1514
1507
1500
1490
1479
1461
1426
1391
1360
1332
1318
1300
1290
1314
1356
1405
1465
1518
1553
1577
1577
1546
1465
1321
1146
0950
0746
0578
0501
0494
0553
0687
0827
0929
1006
1083
1167
1269
1384
1493
1546
1581
1609
1633
1668
1714
1742
1752
1760
1767
1774
1784
1791
1802
1809
1823
1840
1879
1903
1928
1952
1977
2008
2054
2089
2110
2131
2152
2187
2240
2285
2310
2331
2349
2366
2377
2387
2394
2401
2408
2408
2405
2401
2391
2373
2356
2317
2250
2191
2135
2082
2036
1991
1952
1938
1931
1928
1924
1921
1917
1921
1924
1935
1945
1956
1970
1991
2012
2029
2036
2043
2047
2051
2058
2061
2065
2068
2075
2079
2082
2082
2086
2086
2089
2093
2096
2107
2114
2117
2117
2114
2103
2089
2075
2051
1998
1959
1938
1928
1924
1928
1942
1963
1998
2043
2068
2082
2051
1959
1805
1598
1360
1121
0918
0806
0767
0792
0869
0974
1062
1111
1185
1283
1412
1560
1696
1774
1798
1777
1752
1735
1724
1735
1760
1784
1816
1840
1851
1858
1865
1872
1875
1882
1889
1896
1903
1910
1921
1935
1959
1977
1998
2015
2036
2058
2082
2103
2124
2138
2152
2163
2170
2180
2187
2191
2194
2191
2180
2170
2152
2124
2072
2008
1949
1896
1847
1809
1767
1728
1686
1661
1651
1640
1633
1626
1623
1619
1616
1612
1609
1609
1612
1623
1633
1651
1675
1700
1717
1728
1735
1745
1756
1770
1788
1819
1861
1886
1917
1963
2015
2065
2089
2100
2110
2114
2121
2124
2131
2135
2138
2138
2142
2149
2159
2173
2198
2229
2278
2342
2380
2408
2419
2412
2391
2342
2222
2058
1861
1679
1546
1507
1493
1521
1633
1738
1830
1924
2022
2135
2250
2363
2440
2471
2492
2527
2580
2636
2675
2699
2717
2727
2734
2748
2766
2783
2797
2808
2815
2825
2836
2846
2857
2864
2878
2895
2920
2945
2980
3032
3088
3144
3197
3232
3246
3253
3264
3267
3267
3253
3232
3218
3204
3190
3172
3158
3144
3134
3106
3057
3011
2962
2913
2867
2815
2759
2727
2710
2696
2689
2682
2678
2678
2675
2671
2668
2668
2664
2661
2654
2650
2647
2640
2636
2629
2625
2636
2661
2685
2713
2727
2734
2738
2745
2748
2752
2759
2762
2766
2766
2762
2752
2738
2720
2703
2685
2647
2576
2520
2471
2443
2422
2412
2422
2447
2520
2597
2664
2685
2685
2657
2569
2401
2177
1945
1745
1651
1619
1647
1738
1812
1840
1865
1924
2043
2198
2345
2433
2454
2468
2475
2485
2492
2499
2506
2510
2513
2520
2541
2569
2604
2633
2640
2650
2657
2657
2647
2640
2633
2625
2618
2618
2625
2640
2657
2685
2724
2752
2773
2787
2797
2811
2822
2832
2843
2857
2867
2871
2860
2843
2822
2794
2755
2703
2636
2573
2513
2457
2405
2352
2303
2254
2205
2180
2166
2159
2149
2142
2135
2128
2117
2110
2103
2096
2093
2086
2082
2075
2072
2068
2065
2065
2065
2065
2068
2068
2068
2072
2072
2075
2075
2075
2075
2075
2075
2072
2065
2058
2036
1991
1952
1921
1893
1868
1844
1837
1830
1823
1854
1907
1963
1998
2019
2029
2019
1987
1896
1742
1549
1339
1142
0985
0901
0872
0887
0939
1027
1118
1227
1360
1521
1689
1826
1879
1889
1896
1903
1907
1914
1921
1924
1931
1938
1942
1949
1959
1970
1984
1994
2005
2015
2043
2089
2124
2142
2163
2187
2208
2222
2236
2250
2261
2271
2292
2317
2352
2384
2412
2429
2443
2457
2468
2475
2475
2464
2447
2419
2377
2334
2292
2254
2226
2201
2159
2114
2068
2026
1984
1942
1900
1854
1805
1777
1781
1781
1777
1777
1777
1777
1781
1784
1791
1798
1805
1816
1826
1840
1858
1875
1903
1942
1963
1973
1984
1987
1994
1998
2001
2005
2005
2001
1998
1994
1984
1977
1966
1959
1949
1935
1924
1917
1921
1928
1942
1959
1987
2043
2107
2145
2166
2180
2152
2065
1928
1752
1567
1402
1300
1265
1262
1283
1318
1360
1423
1514
1640
1805
1984
2135
2208
2229
2212
2184
2166
2198
2247
2303
2331
2342
2352
2363
2373
2384
2398
2419
2450
2485
2506
2524
2538
2552
2562
2573
2594
2636
2678
2706
2731
2755
2780
2804
2822
2832
2839
2846
2850
2853
2853
2850
2843
2836
2822
2808
2780
2724
2664
2615
2580
2527
2464
2401
2356
2324
2303
2289
2264
2222
2177
2135
2117
2110
2103
2100
2096
2096
2103
2107
2114
2121
2124
2131
2135
2142
2149
2152
2159
2166
2170
2173
2173
2173
2177
2177
2180
2187
2194
2201
2205
2205
2201
2194
2187
2173
2156
2114
2072
2033
2008
1991
1994
2026
2068
2128
2187
2226
2250
2264
2233
2145
2005
1837
1665
1518
1437
1405
1395
1402
1419
1447
1486
1546
1630
1735
1847
1959
2065
2163
2201
2212
2215
2219
2219
2222
2226
2229
2233
2240
2247
2254
2264
2278
2313
2342
2387
2436
2468
2485
2510
2534
2566
2597
2625
2647
2668
2689
2717
2748
2787
2815
2839
2857
2874
2885
2895
2906
2913
2902
2881
2860
2832
2811
2780
2741
2696
2643
2594
2559
2527
2489
2443
2391
2359
2352
2345
2342
2338
2334
2334
2338
2338
2342
2349
2359
2366
2380
2387
2398
2405
2415
2426
2436
2447
2450
2454
2457
2461
2461
2464
2464
2468
2471
2475
2478
2475
2464
2450
2429
2401
2359
2331
2310
2289
2278
2275
2282
2299
2342
2415
2499
2538
2562
2576
2552
2482
2352
2170
1952
1728
1535
1391
1314
1283
1286
1318
1363
1423
1525
1640
1770
1917
2061
2166
2205
2219
2229
2236
2243
2247
2250
2257
2268
2278
2292
2310
2349
2405
2450
2503
2531
2541
2552
2562
2569
2576
2583
2583
2587
2587
2587
2587
2587
2587
2590
2594
2597
2594
2583
2566
2548
2527
2506
2485
2454
2401
2338
2289
2219
2138
2043
1942
1840
1745
1668
1619
1574
1525
1490
1461
1430
1398
1367
1339
1307
1276
1251
1220
1171
1139
1125
1111
1104
1100
1100
1107
1114
1128
1139
1153
1171
1192
1206
1216
1227
1241
1258
1290
1304
1311
1314
1321
1325
1328
1332
1339
1342
1349
1353
1360
1370
1391
1444
1493
1553
1626
1679
1714
1735
1717
1658
1542
1398
1237
1065
0911
0827
0795
0816
0880
0978
1065
1146
1199
1293
1412
1556
1700
1823
1903
1935
1970
1991
2001
2012
2026
2036
2047
2061
2072
2086
2096
2107
2117
2124
2131
2149
2187
2226
2282
2349
2405
2461
2510
2552
2594
2636
2689
2731
2759
2776
2790
2801
2811
2818
2825
2825
2818
2811
2801
2787
2769
2752
2734
2703
2664
2625
2583
2534
2489
2450
2422
2384
2352
2327
2306
2289
2271
2254
2240
2229
2219
2219
2212
2208
2208
2205
2201
2198
2198
2205
2219
2236
2264
2303
2331
2349
2363
2373
2380
2380
2370
2356
2334
2310
2271
2236
2205
2173
2138
2114
2100
2086
2079
2075
2079
2089
2107
2128
2166
2226
2264
2292
2296
2268
2198
2036
1816
1560
1314
1174
1125
1160
1262
1398
1507
1567
1626
1686
1788
1896
2005
2089
2131
2166
2208
2254
2299
2320
2331
2338
2345
2352
2363
2373
2384
2394
2412
2426
2429
2429
2422
2419
2412
2405
2429
2468
2520
2580
2636
2685
2717
2741
2755
2762
2769
2773
2776
2780
2780
2780
2776
2773
2766
2755
2745
2720
2675
2629
2580
2527
2475
2429
2377
2320
2264
2208
2152
2117
2096
2082
2079
2075
2075
2072
2072
2068
2068
2068
2068
2068
2068
2072
2079
2086
2093
2100
2107
2117
2124
2128
2135
2142
2149
2159
2166
2166
2163
2152
2135
2114
2072
2026
1984
1956
1938
1928
1924
1928
1942
1963
1994
2054
2117
2156
2177
2173
2117
1994
1812
1577
1318
1086
0981
0946
0985
1104
1223
1307
1349
1412
1528
1710
1914
2058
2096
2100
2103
2107
2121
2145
2163
2180
2194
2208
2219
2226
2236
2250
2261
2271
2282
2289
2296
2303
2310
2320
2345
2384
2426
2475
2534
2590
2618
2633
2643
2654
2657
2661
2664
2664
2664
2661
2654
2643
2633
2622
2594
2548
2506
2468
2426
2387
2345
2303
2268
2240
2212
2170
2121
2079
2036
2001
1977
1956
1945
1938
1935
1928
1924
1924
1921
1924
1928
1938
1949
1959
1973
1987
2008
2026
2033
2040
2043
2051
2054
2058
2061
2058
2047
2036
2022
2005
1980
1956
1935
1900
1858
1837
1826
1819
1830
1854
1893
1945
2001
2033
2047
2054
2019
1910
1756
1567
1363
1174
1030
0978
0960
0988
1079
1178
1265
1314
1398
1504
1654
1830
1980
2043
2065
2065
2054
2043
2033
2026
2029
2040
2058
2072
2082
2096
2110
2124
2135
2152
2170
2187
2212
2233
2264
2292
2327
2370
2415
2468
2510
2534
2548
2555
2559
2562
2566
2566
2569
2569
2573
2569
2566
2555
2541
2527
2496
2440
2391
2338
2282
2229
2184
2135
2089
2040
2005
1980
1959
1935
1921
1910
1900
1893
1893
1893
1903
1914
1928
1942
1949
1956
1963
1970
1980
1987
1998
2005
2012
2012
2012
2012
2008
2001
1994
1987
1980
1970
1963
1952
1931
1910
1889
1872
1858
1844
1844
1861
1889
1938
2005
2065
2110
2138
2159
2138
2079
1928
1717
1469
1234
1048
0967
0939
0974
1079
1213
1325
1416
1504
1595
1696
1816
1935
1991
2005
2015
2022
2029
2040
2047
2054
2065
2086
2117
2135
2145
2152
2156
2166
2177
2187
2194
2208
2219
2236
2261
2292
2324
2356
2377
2387
2394
2408
2447
2478
2492
2506
2513
2517
2517
2513
2503
2492
2478
2447
2398
2370
2352
2331
2310
2275
2219
2163
2110
2086
2075
2068
2061
2058
2051
2043
2036
2029
2022
2001
1956
1924
1907
1896
1893
1896
1903
1914
1931
1956
2008
2036
2051
2061
2068
2075
2082
2082
2082
2079
2075
2068
2058
2043
2029
2005
1980
1956
1914
1872
1847
1830
1830
1851
1907
1991
2079
2166
2191
2201
2180
2051
1854
1612
1360
1135
0974
0922
0922
0981
1062
1104
1135
1181
1286
1469
1679
1875
1973
2005
1959
1907
1865
1861
1886
1914
1942
1970
1991
2005
2012
2022
2036
2051
2068
2093
2121
2145
2166
2187
2208
2226
2240
2268
2303
2345
2387
2433
2482
2520
2548
2562
2576
2583
2590
2597
2601
2604
2604
2601
2590
2580
2562
2527
2478
2440
2398
2356
2306
2250
2201
2159
2124
2093
2054
2001
1956
1928
1914
1907
1903
1900
1903
1914
1931
1949
1977
2001
2029
2054
2072
2082
2086
2089
2096
2100
2103
2103
2107
2103
2103
2103
2100
2096
2089
2086
2079
2072
2065
2058
2047
2026
2015
2026
2058
2100
2156
2215
2247
2275
2271
2215
2082
1893
1665
1447
1276
1206
1181
1206
1276
1353
1398
1483
1591
1745
1921
2086
2173
2205
2180
2152
2128
2117
2128
2156
2201
2257
2282
2292
2299
2303
2310
2317
2327
2334
2345
2352
2366
2401
2454
2489
2517
2548
2583
2618
2643
2657
2668
2675
2682
2685
2689
2696
2699
2703
2710
2713
2720
2734
2741
2731
2703
2671
2633
2604
2566
2513
2454
2394
2352
2324
2296
2268
2247
2229
2215
2205
2194
2187
2184
2184
