0629
0616
0604
0597
0601
0610
0625
0638
0651
0664
0677
0692
0702
0713
0720
0728
0735
0743
0748
0754
0763
0771
0776
0769
0752
0733
0705
0668
0644
0634
0627
0621
0616
0614
0610
0608
0604
0601
0595
0593
0591
0591
0591
0591
0588
0586
0582
0576
0558
0550
0567
0595
0612
0625
0638
0649
0657
0657
0653
0644
0634
0625
0619
0610
0601
0593
0586
0582
0580
0580
0582
0588
0597
0606
0616
0625
0636
0651
0666
0672
0668
0662
0657
0655
0655
0655
0655
0655
0653
0653
0651
0647
0642
0640
0638
0640
0640
0642
0644
0647
0649
0651
0653
0655
0655
0655
0653
0655
0655
0655
0655
0655
0655
0657
0657
0657
0657
0655
0655
0657
0659
0662
0659
0651
0644
0638
0634
0629
0625
0623
0619
0619
0621
0625
0627
0631
0636
0640
0644
0649
0651
0655
0659
0664
0666
0666
0668
0668
0666
0657
0644
0629
0599
0550
0518
0498
0522
0588
0782
1107
1530
1992
2444
2824
3086
3172
3166
3039
2807
2487
2082
1646
1255
0965
0786
0672
0608
0539
0453
0408
0391
0378
0365
0354
0346
0337
0333
0328
0326
0324
0324
0326
0328
0328
0326
0322
0320
0318
0318
0320
0320
0322
0322
0324
0326
0326
0328
0328
0331
0337
0348
0358
0369
0376
0380
0384
0389
0389
0389
0389
0389
0389
0391
0393
0395
0397
0401
0406
0410
0414
0419
0421
0423
0425
0432
0436
0444
0453
0460
0468
0479
0487
0496
0503
0507
0511
0515
0520
0526
0533
0546
0567
0588
0610
0644
0700
0735
0750
0763
0776
0784
0791
0795
0799
0803
0806
0808
0810
0812
0816
0821
0827
0823
0803
0776
0750
0724
0705
0690
0679
0672
0666
0664
0662
0659
0655
0651
0647
0640
0636
0629
0625
0621
0616
0614
0612
0610
0606
0599
0593
0586
0582
0580
0578
0580
0582
0588
0597
0606
0614
0623
0629
0634
0638
0642
0647
0649
0651
0651
0651
0651
0651
0649
0649
0649
0651
0651
0653
0653
0651
0649
0647
0644
0642
0638
0636
0631
0629
0627
0625
0625
0627
0627
0627
0625
0621
0616
0616
0621
0629
0638
0644
0649
0651
0657
0662
0664
0666
0666
0668
0670
0672
0672
0672
0670
0670
0672
0672
0670
0670
0670
0672
0674
0677
0681
0683
0687
0692
0696
0698
0694
0685
0674
0666
0651
0640
0640
0653
0668
0679
0690
0700
0709
0715
0720
0720
0720
0715
0711
0698
0683
0664
0623
0541
0475
0434
0455
0518
0702
0990
1371
1816
2269
2669
2964
3093
3095
2983
2738
2396
1988
1560
1162
0842
0619
0481
0414
0363
0309
0281
0268
0260
0253
0249
0247
0249
0255
0266
0277
0288
0300
0315
0337
0358
0369
0361
0348
0333
0324
0315
0305
0296
0290
0285
0288
0294
0305
0315
0326
0335
0346
0356
0365
0374
0382
0391
0399
0406
0412
0417
0419
0423
0425
0429
0434
0440
0442
0444
0447
0447
0449
0451
0453
0455
0457
0460
0462
0464
0468
0470
0475
0479
0483
0490
0498
0507
0526
0571
0604
0629
0647
0664
0685
0711
0728
0743
0758
0771
0782
0791
0797
0806
0812
0819
0825
0831
0840
0846
0853
0857
0857
0851
0842
0829
0814
0801
0791
0780
0769
0758
0752
0743
0737
0730
0726
0722
0720
0717
0715
0715
0713
0713
0711
0709
0707
0705
0705
0705
0705
0705
0705
0705
0705
0705
0702
0702
0700
0696
0692
0685
0681
0677
0674
0672
0670
0668
0666
0666
0664
0659
0655
0651
0647
0642
0640
0640
0640
0640
0640
0642
0642
0642
0642
0640
0638
0636
0636
0636
0636
0636
0640
0644
0649
0653
0655
0657
0659
0662
0662
0664
0666
0668
0670
0674
0681
0685
0690
0694
0698
0700
0702
0705
0707
0709
0711
0713
0715
0715
0717
0717
0717
0715
0713
0711
0709
0707
0705
0702
0702
0705
0705
0707
0709
0707
0702
0696
0690
0683
0677
0668
0662
0649
0634
0610
0563
0503
0468
0447
0511
0700
1061
1575
2205
2858
3396
3624
3613
3329
2775
2132
1545
1115
0834
0685
0619
0576
0539
0494
0449
0406
0374
0358
0348
0339
0333
0328
0324
0322
0322
0322
0324
0326
0331
0333
0337
0339
0341
0343
0346
0350
0358
0365
0369
0369
0365
0361
0354
0346
0337
0333
0337
0350
0367
0380
0389
0399
0410
0421
0434
0447
0457
0468
0479
0487
0494
0498
0500
0503
0507
0511
0515
0522
0528
0533
0537
0543
0548
0550
0552
0554
0554
0556
0561
0567
0576
0597
0640
0670
0690
0705
0715
0730
0748
0767
0788
0808
0834
0853
0861
0868
0874
0879
0881
0883
0885
0885
0887
0889
0894
0894
0894
0892
0887
0883
0877
0866
0857
0844
0836
0827
0816
0797
0778
0767
0763
0760
0760
0760
0758
0754
0752
0748
0745
0743
0741
0739
0739
0739
0743
0748
0752
0756
0758
0760
0765
0769
0773
0778
0782
0786
0793
0801
0812
0821
0829
0836
0842
0849
0855
0861
0870
0879
0892
0904
0902
0885
0861
0842
0823
0799
0776
0752
0715
0677
0659
0655
0651
0649
0647
0642
0640
0636
0634
0631
0631
0629
0631
0634
0636
0638
0638
0640
0640
0640
0640
0640
0640
0640
0640
0642
0644
0649
0655
0657
0659
0662
0662
0664
0666
0666
0668
0670
0672
0674
0679
0685
0690
0692
0694
0694
0694
0694
0692
0690
0685
0681
0677
0672
0670
0666
0664
0657
0653
0649
0640
0631
0625
0619
0614
0614
0616
0623
0631
0642
0657
0683
0735
0763
0782
0795
0801
0795
0778
0750
0702
0625
0533
0496
0490
0526
0724
1066
1560
2190
2884
3510
3886
3923
3729
3168
2484
1848
1365
1046
0859
0741
0668
0597
0518
0466
0440
0421
0412
0406
0401
0397
0395
0393
0391
0389
0384
0382
0380
0376
0374
0374
0374
0376
0380
0384
0391
0397
0401
0408
0414
0421
0423
0425
0427
0432
0440
0449
0460
0468
0477
0481
0487
0494
0498
0500
0500
0498
0498
0498
0498
0500
0500
0503
0505
0509
0513
0518
0522
0522
0522
0522
0522
0522
0524
0524
0526
0528
0533
0537
0543
0550
0556
0565
0573
0582
0593
0604
0616
0636
0670
0702
0730
0745
0756
0767
0778
0786
0793
0799
0803
0808
0812
0816
0823
0825
0827
0829
0838
0849
0857
0859
0855
0842
0825
0810
0797
0780
0763
0745
0728
0715
0705
0698
0692
0683
0677
0668
0664
0659
0655
0653
0649
0649
0651
0655
0659
0666
0668
0672
0679
0685
0692
0698
0702
0709
0715
0724
0733
0741
0748
0752
0752
0752
0750
0748
0743
0739
0733
0726
0720
0715
0713
0711
0707
0702
0700
0698
0696
0694
0692
0692
0690
0690
0690
0692
0692
0692
0690
0687
0685
0685
0683
0683
0683
0683
0685
0687
0690
0694
0696
0698
0698
0698
0698
0698
0698
0700
0702
0702
0707
0713
0717
0720
0724
0728
0730
0733
0735
0733
0730
0726
0722
0720
0715
0711
0707
0700
0696
0692
0687
0683
0677
0670
0666
0664
0666
0666
0672
0681
0692
0705
0720
0748
0765
0776
0784
0795
0801
0791
0767
0728
0666
0595
0533
0490
0460
0487
0576
0788
1139
1633
2248
2906
3480
3824
3858
3688
3181
2549
1938
1455
1152
0980
0857
0758
0659
0552
0455
0421
0393
0363
0337
0318
0309
0305
0298
0294
0292
0292
0294
0305
0315
0326
0335
0341
0348
0354
0361
0367
0374
0378
0382
0386
0393
0399
0406
0412
0417
0421
0427
0432
0438
0440
0444
0449
0453
0460
0466
0470
0475
0477
0481
0487
0492
0494
0496
0498
0500
0503
0507
0511
0515
0518
0520
0524
0530
0535
0539
0543
0548
0552
0556
0563
0567
0571
0576
0580
0588
0599
0616
0655
0679
0700
0720
0739
0758
0778
0799
0819
0840
0851
0859
0868
0874
0877
0881
0881
0881
0879
0874
0868
0861
0855
0849
0840
0829
0819
0808
0797
0786
0776
0765
0754
0743
0735
0726
0717
0705
0696
0694
0700
0707
0711
0717
0722
0724
0720
0709
0694
0666
0629
0614
0606
0597
0593
0593
0599
0610
0625
0653
0698
0733
0756
0769
0780
0788
0793
0793
0786
0771
0748
0713
0692
0681
0672
0668
0670
0679
0690
0700
0707
0713
0720
0726
0733
0737
0739
0739
0739
0739
0739
0737
0733
0730
0726
0722
0717
0709
0698
0692
0690
0694
0698
0702
0707
0711
0713
0713
0711
0709
0707
0702
0698
0700
0711
0730
0756
0786
0791
0799
0786
0748
0726
0715
0709
0702
0698
0694
0692
0692
0694
0698
0700
0705
0713
0717
0720
0720
0717
0713
0709
0711
0735
0750
0760
0771
0776
0776
0767
0754
0737
0702
0649
0591
0561
0546
0556
0636
0784
1044
1433
1956
2564
3159
3617
3819
3701
3291
2678
1984
1369
0941
0715
0672
0659
0640
0597
0526
0455
0423
0408
0399
0395
0389
0382
0376
0369
0361
0350
0343
0341
0348
0365
0380
0389
0393
0397
0399
0404
0406
0410
0412
0417
0421
0425
0429
0434
0438
0440
0440
0442
0442
0444
0444
0447
0451
0455
0460
0466
0472
0481
0487
0494
0500
0507
0511
0515
0522
0526
0530
0535
0541
0548
0554
0561
0567
0573
0580
0586
0593
0601
0608
0616
0621
0625
0627
0634
0638
0644
0651
0657
0666
0677
0694
0724
0771
0814
0855
0898
0943
0978
0999
1010
0997
0971
0945
0920
0900
0892
0885
0881
0877
0872
0868
0864
0861
0857
0853
0846
0842
0836
0829
0827
0823
0821
0814
0810
0803
0801
0799
0799
0799
0801
0801
0803
0803
0806
0808
0810
0812
0814
0814
0816
0816
0816
0814
0810
0803
0797
0788
0782
0778
0773
0771
0771
0769
0769
0767
0767
0765
0763
0760
0760
0758
0758
0758
0758
0760
0760
0763
0763
0763
0763
0763
0760
0758
0756
0752
0750
0748
0748
0748
0745
0743
0741
0739
0735
0730
0728
0726
0726
0730
0737
0745
0756
0771
0793
0806
0793
0767
0745
0724
0709
0698
0692
0683
0672
0666
0683
0713
0728
0739
0750
0760
0769
0776
0778
0778
0776
0771
0765
0756
0745
0733
0720
0700
0681
0666
0657
0649
0640
0631
0623
0616
0612
0612
0616
0623
0634
0644
0659
0685
0683
0649
0595
0535
0496
0470
0511
0631
0924
1382
1984
2659
3293
3744
3910
3742
3256
2560
1848
1283
0915
0715
0614
0561
0509
0449
0404
0380
0365
0350
0337
0324
0309
0288
0273
0262
0255
0249
0245
0240
0238
0236
0238
0245
0251
0262
0270
0281
0292
0305
0318
0328
0341
0350
0356
0361
0365
0367
0369
0371
0376
0380
0384
0389
0393
0393
0395
0395
0397
0399
0401
0404
0406
0410
0417
0423
0429
0434
0440
0444
0449
0455
0462
0468
0472
0477
0483
0492
0500
0509
0515
0522
0526
0530
0539
0546
0554
0565
0573
0584
0597
0616
0647
0672
0709
0756
0806
0836
0844
0846
0849
0851
0851
0851
0851
0851
0851
0851
0851
0849
0846
0844
0842
0838
0834
0829
0825
0823
0819
0812
0808
0799
0791
0784
0780
0773
0765
0758
0752
0748
0748
0750
0752
0754
0756
0758
0760
0765
0769
0773
0776
0776
0773
0773
0776
0776
0776
0773
0769
0767
0765
0765
0765
0763
0760
0758
0756
0756
0756
0756
0756
0756
0756
0756
0758
0758
0756
0752
0754
0769
0778
0784
0788
0793
0795
0795
0788
0778
0767
0756
0748
0735
0722
0711
0705
0702
0709
0717
0728
0739
0748
0758
0771
0780
0786
0791
0795
0801
0810
0808
0780
0763
0750
0737
0728
0724
0722
0722
0724
0728
0733
0737
0743
0750
0750
0739
0728
0722
0717
0711
0707
0702
0698
0696
0694
0696
0700
0705
0713
0722
0733
0745
0760
0791
0803
0810
0816
0823
0827
0827
0812
0788
0750
0694
0612
0548
0524
0543
0604
0788
1100
1545
2123
2788
3417
3869
4028
3839
3340
2654
1962
1423
1096
0980
0935
0909
0844
0713
0563
0440
0395
0382
0376
0369
0365
0365
0365
0367
0371
0376
0380
0384
0393
0401
0404
0389
0371
0352
0331
0318
0315
0313
0311
0307
0331
0358
0389
0423
0449
0470
0485
0485
0472
0453
0434
0408
0395
0389
0380
0374
0374
0393
0417
0442
0449
0455
0460
0464
0466
0462
0455
0451
0444
0438
0440
0455
0475
0485
0494
0503
0511
0520
0526
0535
0543
0552
0558
0567
0578
0591
0604
0616
0629
0642
0666
0692
0711
0724
0733
0743
0754
0771
0788
0808
0829
0846
0853
0857
0861
0868
0874
0879
0870
0855
0838
0829
0821
0814
0808
0799
0793
0784
0776
0769
0760
0754
0748
0743
0737
0733
0726
0717
0711
0705
0700
0698
0696
0698
0698
0702
0707
0713
0717
0722
0724
0728
0735
0741
0748
0754
0758
0763
0767
0771
0778
0782
0782
0784
0786
0791
0797
0801
0799
0793
0782
0769
0758
0752
0743
0730
0717
0709
0707
0711
0717
0726
0733
0735
0739
0741
0748
0754
0758
0763
0767
0771
0773
0778
0782
0784
0788
0793
0797
0810
0819
0819
0806
0786
0767
0745
0722
0698
0677
0655
0644
0653
0668
0692
0717
0739
0750
0756
0763
0767
0769
0771
0773
0776
0776
0771
0765
0756
0745
0735
0724
0711
0687
0668
0662
0655
0647
0634
0636
0666
0696
0728
0730
0733
0735
0737
0739
0735
0724
0705
0647
0569
0492
0466
0485
0543
0737
1066
1552
2186
2893
3529
3938
4024
3766
3239
2568
1908
1388
1072
0924
0829
0713
0569
0434
0346
0315
0300
0298
0298
0300
0303
0305
0305
0294
0288
0283
0283
0283
0283
0281
0279
0277
0277
0279
0283
0288
0290
0294
0296
0298
0303
0307
0309
0313
0315
0315
0318
0322
0328
0335
0354
0378
0384
0391
0395
0399
0397
0393
0389
0382
0378
0367
0363
0378
0408
0436
0470
0494
0511
0524
0539
0550
0550
0541
0530
0522
0513
0505
0500
0500
0507
0518
0533
0554
0586
0619
0640
0653
0662
0670
0683
0696
0709
0724
0741
0763
0784
0803
0819
0831
0842
0851
0857
0864
0868
0872
0877
0879
0881
0883
0887
0894
0898
0885
0859
0834
0808
0784
0763
0748
0733
0717
0709
0707
0711
0724
0737
0748
0760
0773
0780
0782
0780
0778
0776
0773
0771
0767
0763
0760
0758
0758
0756
0756
0758
0760
0765
0769
0773
0776
0776
0778
0778
0780
0782
0784
0786
0786
0788
0791
0793
0795
0795
0791
0788
0784
0782
0780
0778
0776
0771
0767
0765
0760
0758
0752
0733
0730
0754
0769
0780
0791
0797
0799
0797
0793
0786
0782
0778
0773
0765
0756
0750
0750
0756
0767
0782
0793
0801
0808
0816
0827
0836
0842
0844
0846
0846
0846
0844
0840
0834
0825
0814
0808
0801
0795
0786
0778
0769
0763
0758
0756
0754
0754
0754
0754
0758
0763
0769
0773
0780
0786
0791
0801
0814
0819
0814
0797
0773
0733
0666
0563
0475
0442
0457
0507
0715
1076
1603
2263
2953
3529
3815
3819
3555
2979
2287
1625
1124
0806
0681
0649
0627
0606
0588
0567
0485
0382
0337
0315
0300
0294
0313
0346
0367
0380
0393
0401
0410
0414
0419
0423
0427
0427
0429
0432
0432
0434
0434
0434
0432
0432
0429
0429
0429
0429
0429
0429
0432
0432
0436
0438
0440
0440
0442
0447
0451
0453
0457
0462
0466
0470
0472
0477
0483
0485
0487
0490
0492
0494
0498
0500
0505
0507
0509
0509
0511
0513
0518
0520
0522
0522
0524
0524
0526
0530
0533
0537
0543
0550
0563
0588
0616
0644
0679
0717
0743
0765
0786
0808
0829
0842
0853
0864
0872
0874
0874
0868
0857
0842
0829
0816
0795
0776
0763
0752
0741
0728
0717
0717
0726
0737
0750
0765
0773
0763
0741
0726
0713
0702
0694
0690
0694
0700
0709
0715
0722
0728
0735
0741
0745
0752
0758
0763
0769
0776
0782
0788
0799
0821
0819
0786
0760
0741
0724
0717
0711
0707
0705
0700
0698
0696
0694
0692
0692
0692
0692
0692
0694
0694
0696
0696
0696
0694
0692
0690
0685
0683
0683
0681
0681
0683
0683
0685
0685
0687
0685
0683
0677
0670
0668
0672
0679
0681
0683
0685
0687
0690
0694
0696
0700
0702
0705
0705
0702
0700
0700
0700
0700
0698
0696
0694
0692
0690
0687
0687
0685
0683
0681
0677
0674
0672
0666
0655
0642
0642
0657
0674
0696
0724
0735
0739
0743
0750
0752
0739
0717
0698
0683
0666
0653
0638
0623
0601
0569
0571
0625
0771
1087
1562
2190
2895
3531
3886
3912
3690
3114
2401
1743
1272
1001
0868
0793
0715
0638
0543
0485
0427
0380
0350
0331
0328
0346
0363
0380
0389
0380
0361
0348
0333
0320
0315
0320
0333
0343
0354
0369
0380
0382
0378
0371
0369
0367
0363
0363
0363
0365
0374
0384
0397
0408
0414
0421
0427
0434
0436
0440
0442
0444
0447
0447
0449
0453
0455
0457
0460
0462
0464
0464
0466
0468
0468
0470
0472
0479
0492
0522
0543
0563
0580
0580
0554
0535
0522
0509
0505
0509
0518
0533
0550
0578
0612
0662
0711
0741
0756
0769
0782
0795
0808
0821
0829
0838
0846
0853
0859
0864
0866
0866
0864
0859
0855
0846
0838
0827
0819
0806
0791
0776
0760
0745
0737
0730
0724
0720
0715
0711
0707
0705
0702
0700
0698
0698
0698
0700
0705
0709
0715
0720
0724
0726
0730
0733
0733
0735
0739
0739
0741
0743
0745
0748
0750
0752
0756
0756
0756
0758
0758
0758
0758
0758
0756
0756
0756
0758
0758
0758
0758
0756
0754
0752
0752
0752
0750
0745
0743
0739
0739
0735
0724
0713
0711
0717
0726
0730
0739
0743
0745
0743
0739
0735
0730
0722
0709
0713
0737
0750
0758
0765
0769
0771
0773
0773
0773
0773
0771
0767
0765
0760
0758
0756
0756
0754
0752
0750
0748
0745
0743
0741
0741
0739
0739
0737
0737
0737
0739
0743
0745
0750
0754
0758
0760
0765
0767
0771
0773
0776
0782
0795
0808
0808
0797
0778
0722
0642
0546
0513
0537
0604
0846
1251
1807
2469
3153
3716
3972
3968
3697
3147
2504
1900
1429
1115
0900
0724
0586
0494
0462
0451
0447
0442
0436
0425
0410
0384
0348
0335
0328
0322
0320
0318
0318
0320
0322
0326
0333
0339
0346
0350
0356
0365
0371
0376
0378
0378
0376
0371
0365
0358
0352
0343
0335
0324
0322
0324
0335
0350
0367
0395
0432
0455
0470
0481
0490
0494
0494
0496
0496
0496
0494
0494
0494
0479
0466
0460
0451
0447
0442
0444
0449
0460
0470
0485
0500
0524
0546
0565
0582
0599
0614
0627
0640
0649
0659
0677
0715
0750
0769
0786
0801
0810
0816
0823
0827
0831
0834
0836
0838
0840
0840
0840
0842
0842
0842
0846
0842
0825
0808
0788
0760
0737
0720
0702
0690
0681
0674
0668
0666
0664
0662
0664
0666
0670
0674
0683
0690
0700
0711
0720
0722
0720
0717
0711
0707
0698
0692
0696
0705
0707
0709
0711
0713
0717
0722
0724
0728
0730
0735
0739
0743
0748
0752
0758
0771
0780
0773
0765
0758
0754
0748
0739
0730
0720
0707
0687
0687
0700
0707
0713
0717
0720
0726
0733
0741
0750
0756
0765
0771
0778
0784
0784
0784
0784
0782
0778
0773
0767
0756
0756
0769
0778
0784
0788
0795
0799
0806
0812
0819
0823
0827
0834
0840
0849
0853
0855
0851
0842
0831
0823
0814
0803
0791
0782
0780
0786
0795
0808
0825
0851
0864
0874
0883
0889
0889
0883
0870
0864
0857
0849
0840
0827
0810
0778
0724
0664
0627
0601
0621
0752
1036
1483
2072
2747
3404
3897
4095
3950
3495
2856
2181
1588
1165
0902
0752
0683
0647
0606
0563
0543
0537
0530
0526
0522
0518
0513
0509
0503
0496
0492
0487
0483
0479
0475
0470
0464
0455
0449
0442
0438
0440
0444
0451
0457
0466
0475
0481
0487
0496
0503
0507
0511
0513
0518
0522
0524
0526
0528
0530
0533
0535
0535
0537
0539
0541
0543
0548
0550
0552
0556
0561
0567
0573
0582
0593
0604
0612
0623
0634
0647
0657
0659
0655
0647
0636
0627
0621
0612
0606
0604
0608
0619
0636
0653
0672
0707
0733
0756
0778
0797
0823
0849
0872
0894
0911
0920
0924
0926
0930
0935
0939
0937
0926
0911
0900
0892
0881
0872
0861
0851
0840
0829
0816
0797
0786
0780
0778
0776
0771
0769
0769
0769
0771
0771
0771
0771
0771
0771
0773
0773
0773
0771
0769
0767
0765
0763
0763
0763
0760
0756
0754
0750
0743
0728
0717
0722
0730
0735
0739
0743
0743
0743
0741
0735
0726
0720
0715
0711
0707
0702
0700
0696
0692
0687
0683
0681
0677
0677
0677
0677
0679
0679
0681
0683
0683
0683
0683
0681
0681
0679
0677
0677
0674
0672
0670
0670
0670
0670
0670
0670
0672
0674
0674
0677
0677
0681
0685
0694
0702
0713
0724
0737
0758
0780
0788
0784
0776
0760
0737
0696
0655
0614
0593
0582
0573
0567
0565
0567
0576
0591
0608
0634
0668
0685
0696
0705
0711
0715
0717
0715
0709
0698
0683
0659
0606
0558
0528
0524
0543
0593
0776
1098
1567
2160
2805
3381
3712
3742
3557
3061
2405
1762
1270
0943
0713
0584
0518
0460
0406
0361
0311
0283
0266
0255
0247
0245
0247
0255
0266
0275
0281
0288
0296
0305
0311
0311
0307
0298
0288
0277
0268
0257
0247
0236
0230
0225
0227
0238
0251
0264
0279
0292
0307
0326
0339
0350
0354
0356
0361
0363
0365
0369
0371
0376
0378
0382
0386
0389
0391
0391
0393
0395
0399
0401
0404
0406
0412
0419
0427
0436
0442
0449
0455
0464
0479
0505
0530
0541
0548
0552
0558
0563
0571
0580
0588
0597
0606
0616
0629
0657
0711
0752
0782
0801
0814
0823
0831
0840
0844
0846
0846
0842
0838
0834
0829
0825
0821
0816
0810
0803
0795
0786
0778
0771
0767
0763
0756
0752
0745
0739
0733
0726
0724
0722
0722
0724
0726
0730
0733
0735
0739
0743
0748
0750
0752
0756
0763
0769
0773
0778
0780
0778
0776
0773
0771
0765
0750
0754
0784
0795
0801
0806
0810
0814
0816
0819
0823
0829
0831
0834
0836
0838
0838
0836
0836
0836
0831
0827
0823
0819
0816
0814
0814
0814
0814
0814
0812
0812
0812
0808
0803
0799
0795
0793
0786
0782
0780
0778
0778
0778
0778
0778
0778
0776
0776
0776
0771
0767
0765
0769
0782
0799
0819
0844
0855
0857
0861
0866
0870
0868
0853
0831
0803
0769
0750
0739
0730
0722
0715
0713
0720
0733
0752
0788
0825
0836
0842
0849
0851
0846
0836
0819
0799
0767
0730
0677
0638
0616
0599
0634
0735
0969
1349
1900
2564
3245
3804
4060
4052
3751
3144
2444
1827
1380
1113
0982
0898
0814
0717
0606
0500
0464
0442
0434
0429
0427
0425
0423
0419
0417
0414
0410
0406
0404
0401
0399
0397
0397
0395
0393
0389
0384
0378
0367
0356
0354
0365
0376
0382
0389
0395
0404
0410
0417
0425
0434
0442
0451
0457
0466
0470
0477
0485
0496
0505
0507
0507
0505
0500
0498
0494
0492
0485
0477
0470
0468
0472
0479
0487
0494
0505
0515
0533
0552
0573
0595
0608
0612
0612
0612
0612
0612
0614
0616
0619
0621
0625
0631
0638
0647
0657
0668
0696
0758
0812
0851
0872
0887
0898
0907
0913
0915
0909
0896
0881
0868
0857
0849
0838
0827
0816
0803
0791
0778
0767
0756
0743
0730
0720
0713
0711
0717
0728
0741
0760
0786
0831
0870
0922
0986
1096
1236
1382
1539
1726
1932
2128
2302
2474
2641
2798
2942
3086
3233
3374
3506
3626
3662
3677
3654
3510
3280
2957
2579
2179
1794
1448
1141
0859
0591
0339
0159
0081
0060
0045
0034
0030
0027
0025
0023
0023
0021
0019
0017
0015
0012
0008
0004
0002
0000
0000
0002
0006
0010
0019
0025
0034
0042
0051
0055
0062
0068
0077
0085
0096
0107
0120
0128
0139
0148
0156
0163
0167
0169
0171
0174
0178
0187
0195
0206
0214
0223
0232
0240
0249
0257
0264
0273
0281
0292
0305
0320
0333
0346
0354
0363
0371
0384
0399
0419
0447
0481
0522
0569
0593
0614
0634
0657
0687
0711
0730
0750
0763
0771
0778
0782
0784
0786
0791
0793
0795
0797
0797
0799
0799
0801
0801
0803
0803
0803
0803
0806
0808
0808
0806
0803
0801
0799
0795
0791
0786
0782
0776
0771
0765
0758
0750
0730
0715
0713
0711
0707
0702
0698
0698
0705
0717
0733
0743
0752
0760
0767
0773
0778
0780
0780
0776
0771
0765
0756
0748
0741
0735
0728
0722
0717
0711
0709
0705
0705
0707
0707
0711
0713
0717
0724
0730
0737
0750
0786
0814
0834
0842
0834
0814
0782
0730
0666
0627
0606
0619
0726
0975
1371
1898
2515
3127
3604
3824
3731
3357
2779
2136
1575
1186
0952
0814
0733
0681
0638
0606
0586
0569
0556
0550
0552
0558
0565
0569
0571
0573
0571
0567
0563
0558
0558
0571
0578
0582
0586
0588
0591
0591
0588
0586
0580
0576
0567
0554
0556
0576
0588
0597
0606
0614
0625
0636
0642
0651
0657
0664
0668
0672
0674
0674
0672
0668
0666
0659
0655
0651
0647
0640
0636
0634
0631
0634
0640
0651
0664
0672
0683
0694
0702
0713
0722
0728
0737
0741
0748
0754
0763
0776
0799
0842
0879
0913
0947
0978
1001
1016
1025
1029
1033
1038
1040
1040
1040
1036
1033
1029
1025
1021
1012
1003
0986
0969
0952
0932
0917
0904
0896
0892
0889
0887
0885
0885
0881
0879
0877
0874
0872
0868
0866
0864
0861
0861
0859
0857
0853
0846
0840
0838
0840
0844
0849
0853
0855
0859
0861
0859
0855
0844
0831
0810
0771
0756
0750
0745
0741
0737
0737
0735
0735
0733
0730
0728
0726
0724
0722
0720
0717
0715
0713
0711
0707
0702
0694
0672
0657
0634
0610
0593
0582
0601
0625
0647
0666
0685
0705
0709
0713
0717
0715
0698
0683
0670
0664
0655
0651
0647
0644
0642
0638
0636
0634
0631
0627
0625
0625
0621
0619
0614
0610
0599
0582
0578
0571
0565
0565
0584
0604
0621
0634
0644
0653
0659
0664
0666
0668
0668
0666
0664
0657
0634
0576
0513
0492
0511
0571
0760
1092
1590
2226
2906
3490
3761
3751
3420
2790
2072
1420
0950
0683
0634
0619
0608
0599
0591
0563
0483
0382
0277
0189
0169
0167
0187
0240
0277
0288
0294
0298
0303
0305
0305
0303
0298
0292
0283
0270
0251
0247
0238
0234
0255
0290
0333
0363
0380
0389
0391
0393
0397
0401
0382
0363
0346
0335
0328
0324
0320
0315
0313
0313
0320
0328
0339
0354
0378
0395
0404
0410
0414
0419
0421
0423
0425
0425
0425
0425
0423
0421
0419
0414
0412
0406
0404
0410
0425
0438
0455
0470
0490
0518
0563
0608
0640
0662
0687
0720
0752
0782
0797
0803
0810
0814
0819
0823
0827
0834
0838
0844
0851
0859
0872
0883
0881
0868
0853
0846
0840
0834
0827
0823
0821
0819
0816
0816
0814
0814
0814
0816
0819
0821
0821
0821
0821
0825
0827
0831
0831
0827
0823
0819
0814
0812
0803
0797
0791
0791
0795
0801
0812
0829
0851
0861
0870
0870
0846
0812
0771
0750
0737
0728
0724
0728
0741
0754
0767
0782
0795
0801
0803
0799
0791
0784
0778
0771
0765
0760
0763
0771
0784
0797
0819
0836
0853
0868
0868
0851
0834
0821
0808
0799
0793
0784
0776
0769
0767
0773
0782
0795
0810
0808
0782
0750
0722
0713
0711
0711
0711
0709
0707
0702
0698
0694
0690
0687
0681
0674
0668
0659
0631
0593
0571
0558
0597
0717
0995
1431
2022
2702
3334
3770
3897
3686
3205
2573
1943
1448
1150
1023
0963
0879
0739
0578
0436
0374
0352
0352
0369
0378
0384
0389
0393
0393
0395
0395
0395
0395
0391
0386
0380
0374
0369
0365
0358
0350
0343
0339
0341
0346
0354
0363
0369
0374
0378
0382
0386
0391
0393
0395
0397
0399
0404
0406
0408
0412
0412
0414
0417
0419
0421
0423
0423
0425
0427
0429
0434
0442
0451
0460
0464
0462
0460
0455
0451
0444
0438
0429
0427
0429
0438
0453
0481
0520
0541
0554
0569
0586
0604
0638
0687
0711
0722
0730
0739
0745
0750
0754
0760
0769
0776
0782
0788
0795
0799
0803
0810
0816
0823
0825
0829
0829
0831
0831
0829
0825
0819
0808
0797
0784
0752
0717
0709
0705
0698
0694
0694
0698
0707
0715
0724
0728
0733
0737
0743
0748
0752
0754
0756
0758
0760
0763
0763
0763
0763
0760
0760
0760
0760
0758
0758
0756
0756
0754
0752
0750
0748
0743
0741
0739
0737
0737
0735
0735
0737
0739
0741
0743
0745
0745
0748
0748
0745
0745
0743
0741
0739
0737
0737
0737
0735
0735
0735
0737
0735
0735
0733
0730
0730
0728
0728
0728
0730
0733
0737
0743
0748
0750
0752
0756
0758
0763
0765
0767
0769
0771
0771
0773
0776
0773
0773
0771
0769
0767
0765
0765
0763
0763
0763
0765
0767
0763
0752
0743
0737
0728
0724
0724
0726
0730
0737
0745
0754
0763
0773
0784
0793
0797
0793
0788
0778
0767
0750
0722
0685
0636
0567
0503
0462
0492
0578
0806
1152
1633
2237
2906
3518
3927
4030
3811
3334
2730
2145
1670
1326
1094
0909
0720
0537
0393
0322
0303
0290
0283
0279
0277
0279
0285
0290
0296
0300
0303
0305
0309
0313
0315
0320
0322
0326
0328
0333
0337
0339
0339
0341
0341
0343
0343
0346
0346
0348
0350
0352
0358
0365
0371
0378
0382
0391
0399
0408
0414
0421
0425
0432
0436
0444
0451
0460
0466
0472
0479
0485
0487
0490
0487
0487
0485
0485
0485
0483
0483
0481
0481
0483
0483
0483
0483
0485
0505
0518
0530
0543
0561
0584
0629
0681
0709
0728
0750
0773
0795
0814
0831
0846
0859
0868
0877
0887
0894
0896
0894
0887
0877
0864
0853
0842
0827
0816
0803
0795
0788
0784
0780
0773
0769
0767
0765
0763
0763
0760
0758
0756
0756
0754
0752
0750
0748
0745
0743
0743
0741
0741
0741
0741
0739
0733
0726
0728
0741
0758
0771
0782
0793
0801
0803
0801
0797
0791
0782
0773
0763
0754
0745
0745
0745
0748
0750
0752
0752
0754
0756
0758
0758
0763
0765
0771
0776
0782
0788
0797
0814
0816
0808
0806
0801
0799
0797
0795
0793
0791
0788
0784
0778
0773
0771
0763
0756
0756
0767
0782
0797
0816
0831
0842
0846
0851
0853
0857
0859
0864
0864
0864
0861
0859
0855
0851
0844
0836
0825
0806
0765
0741
0726
0715
0711
0715
0726
0737
0745
0754
0763
0769
0771
0771
0767
0758
0748
0705
0638
0612
0591
0601
0700
0926
1289
1805
2435
3093
3634
3847
3822
3482
2869
2186
1599
1177
0909
0741
0623
0543
0503
0464
0425
0393
0363
0346
0335
0328
0328
0331
0335
0339
0346
0350
0352
0352
0350
0348
0343
0341
0339
0335
0328
0322
0318
0318
0320
0322
0324
0326
0328
0335
0339
0346
0350
0352
0356
0358
0363
0367
0371
0374
0376
0378
0382
0386
0395
0401
0412
0425
0434
0444
0453
0462
0464
0468
0470
0477
0483
0468
0457
0451
0442
0438
0436
0436
0440
0449
0457
0468
0479
0490
0503
0515
0524
0530
0537
0554
0591
0636
0670
0696
0724
0752
0780
0803
0821
0831
0840
0846
0853
0853
0849
0838
0825
0812
0793
0776
0760
0748
0735
0724
0713
0702
0692
0681
0672
0668
0666
0664
0659
0655
0653
0655
0666
0672
0679
0683
0685
0690
0694
0700
0705
0713
0717
0722
0726
0733
0739
0745
0756
0780
0791
0793
0797
0803
0801
0782
0773
0771
0765
0760
0756
0752
0750
0748
0745
0743
0743
0745
0748
0750
0752
0756
0758
0763
0769
0776
0791
0819
0834
0842
0846
0844
0840
0836
0831
0823
0814
0801
0795
0788
0782
0778
0773
0771
0771
0771
0771
0769
0767
0765
0765
0771
0782
0793
0803
0812
0823
0827
0825
0816
0806
0795
0780
0771
0771
0773
0773
0773
0771
0771
0769
0767
0767
0765
0763
0760
0756
0754
0750
0748
0743
0735
0726
0720
0720
0724
0730
0735
0739
0741
0745
0750
0752
0754
0752
0750
0743
0735
0724
0702
0662
0595
0554
0541
0580
0700
0971
1395
1964
2622
3243
3699
3875
3718
3267
2646
1988
1414
1029
0819
0709
0649
0616
0563
0492
0423
0393
0382
0376
0371
0367
0361
0352
0341
0328
0328
0346
0371
0408
0434
0451
0457
0449
0436
0423
0408
0399
0395
0391
0386
0384
0382
0380
0382
0389
0395
0401
0410
0419
0427
0436
0442
0447
0453
0457
0460
0462
0464
0466
0470
0477
0481
0483
0487
0492
0496
0505
0513
0518
0520
0513
0505
0494
0485
0470
0460
0460
0470
0487
0505
0526
0541
0556
0567
0580
0595
0612
0629
0644
0662
0677
0694
0713
0728
0741
0754
0765
0776
0784
0797
0821
0868
0904
0926
0939
0939
0926
0907
0883
0853
0827
0786
0754
0739
0726
0728
0748
0780
0808
0816
0823
0825
0829
0829
0823
0814
0803
0786
0763
0760
0758
0756
0754
0752
0756
0767
0778
0784
0788
0793
0797
0799
0803
0808
0810
0812
0812
0814
0814
0814
0814
0814
0814
0812
0810
0806
0806
0803
0801
0799
0795
0791
0788
0784
0784
0782
0776
0769
0760
0756
0758
0765
0771
0778
0784
0795
0803
0803
0793
0780
0773
0769
0763
0758
0754
0750
0745
0743
0741
0741
0743
0745
0748
0750
0756
0760
0767
0769
0773
0778
0784
0788
0793
0797
0799
0799
0799
0799
0799
0795
0791
0782
0776
0769
0763
0758
0754
0745
0737
0728
0722
0717
0720
0722
0728
0735
0741
0748
0756
0765
0771
0778
0780
0782
0782
0782
0778
0769
0760
0745
0720
0666
0601
0565
0535
0610
0801
1145
1661
2312
3007
3576
3834
3828
3542
2983
2347
1784
1360
1085
0922
0825
0743
0636
0515
0432
0406
0382
0363
0350
0339
0331
0322
0320
0320
0324
0331
0337
0343
0348
0352
0356
0361
0365
0367
0369
0371
0371
0369
0369
0367
0363
0358
0352
0343
0339
0341
0350
0358
0363
0367
0369
0374
0380
0386
0393
0401
0408
0414
0421
0429
0436
0440
0447
0453
0462
0472
0481
0485
0485
0483
0479
0472
0464
0455
0447
0429
0412
0404
0408
0421
0438
0468
0509
0526
0535
0546
0556
0571
0584
0601
0621
0649
0670
0690
0726
0758
0765
0769
0773
0778
0780
0780
0780
0780
0780
0780
0780
0778
0776
0773
0769
0767
0765
0763
0760
0758
0756
0752
0750
0748
0745
0743
0743
0741
0741
0741
0741
0741
0741
0741
0739
0739
0737
0737
0735
0733
0730
0730
0728
0730
0730
0733
0735
0737
0741
0745
0750
0754
0758
0763
0765
0771
0776
0782
0788
0801
0816
0829
0831
0827
0816
0803
0784
0756
0737
0726
0720
0713
0707
0705
0702
0702
0707
0713
0720
0730
0737
0745
0752
0758
0765
0771
0776
0780
0782
0780
0780
0778
0778
0773
0769
0765
0758
0754
0750
0743
0728
0720
0728
0743
0752
0758
0763
0769
0771
0773
0776
0780
0782
0784
0784
0782
0778
0776
0773
0771
0769
0765
0760
0754
0752
0748
0743
0737
0733
0733
0743
0756
0771
0784
0795
0806
0814
0819
0821
0821
0816
0808
0797
0752
0657
0612
0578
0554
0612
0784
1139
1663
2317
3011
3613
3938
3957
3733
3183
2508
1885
1429
1171
1042
0935
0810
0679
0554
0460
0434
0417
0406
0397
0386
0380
0371
0367
0363
0361
0358
0356
0354
0354
0354
0354
0354
0354
0352
0350
0348
0348
0346
0346
0346
0343
0346
0346
0348
0352
0356
0361
0363
0367
0371
0376
0378
0382
0386
0391
0395
0406
0419
0429
0436
0440
0447
0451
0455
0462
0470
0475
0475
0468
0460
0455
0449
0442
0438
0436
0436
0442
0451
0464
0477
0487
0500
0513
0526
0539
0554
0569
0586
0608
0636
0657
0666
0674
0685
0698
0715
0748
0776
0806
0827
0842
0870
0900
0922
0937
0922
0879
0810
0769
0737
0715
0702
0694
0681
0668
0677
0681
0685
0690
0692
0692
0690
0683
0677
0672
0670
0666
0664
0659
0653
0649
0647
0644
0644
0647
0649
0653
0657
0664
0668
0677
0683
0690
0696
0702
0711
0720
0726
0730
0733
0733
0730
0728
0726
0722
0715
0709
0696
0674
0655
0636
0621
0614
0621
0636
0653
0672
0702
0720
0735
0745
0752
0752
0750
0743
0737
0730
0728
0724
0720
0717
0715
0715
0715
0720
0724
0728
0733
0737
0743
0748
0754
0758
0760
0758
0756
0754
0750
0745
0743
0739
0733
0728
0726
0726
0730
0735
0739
0743
0750
0758
0769
0773
0767
0754
0741
0730
0720
0709
0700
0698
0698
0705
0715
0728
0754
0797
0840
0872
0887
0898
0904
0898
0883
0859
0823
0760
0683
0597
0515
0490
0479
0498
0612
0861
1276
1855
2542
3228
3772
4047
3968
3555
2925
2244
1648
1233
0969
0797
0672
0586
0530
0492
0466
0451
0440
0432
0425
0419
0412
0404
0393
0378
0365
0348
0335
0335
0346
0361
0384
0412
0419
0423
0427
0429
0432
0429
0425
0423
0417
0412
0410
0419
0429
0434
0438
0440
0444
0447
0453
0457
0464
0468
0472
0477
0481
0485
0490
0503
0526
0533
0537
0541
0546
0548
0546
0539
0533
0526
0518
0511
0507
0507
0513
0524
0537
0548
0556
0567
0578
0588
0595
0601
0612
0634
0670
0702
0726
0754
0771
0782
0791
0799
0808
0814
0825
0834
0840
0844
0849
0853
0857
0861
0868
0870
0870
0870
0870
0868
0866
0861
0855
0849
0840
0831
0823
0814
0806
0795
0788
0782
0778
0776
0771
0769
0767
0765
0763
0763
0763
0765
0765
0765
0767
0769
0773
0780
0784
0786
0788
0793
0797
0801
0803
0806
0803
0801
0795
0788
0786
0784
0782
0778
0776
0776
0773
0771
0769
0769
0767
0765
0763
0760
0758
0754
0752
0750
0748
0745
0743
0741
0739
0735
0726
0722
0717
0715
0715
0720
0724
0728
0735
0739
0748
0756
0763
0763
0758
0750
0743
0739
0735
0730
0726
0720
0717
0715
0713
0713
0713
0715
0717
0722
0728
0733
0739
0745
0752
0765
0776
0776
0763
0743
0724
0702
0681
0662
0642
0623
0612
0623
0647
0668
0692
0715
0735
0748
0758
0767
0776
0780
0782
0780
0778
0771
0763
0730
0659
0573
0541
0518
0526
0627
0849
1227
1769
2431
3101
3647
3899
3897
3630
3065
2368
1700
1188
0874
0715
0644
0612
0569
0496
0421
0384
0367
0358
0350
0348
0352
0363
0380
0401
0429
0436
0442
0451
0421
0397
0382
0371
0365
0363
0371
0384
0397
0404
0410
0417
0421
0427
0432
0438
0442
0447
0449
0449
0451
0449
0449
0447
0444
0444
0444
0444
0449
0451
0444
0440
0434
0429
0429
0444
0464
0485
0513
0520
0522
0524
0526
0530
0526
0520
0513
0509
0505
0500
0500
0509
0522
0535
0543
0554
0563
0571
0580
0591
0599
0610
0619
0629
0649
0679
0702
0735
0780
0812
0829
0844
0851
0846
0838
0827
0819
0812
0808
0803
0799
0793
0786
0778
0771
0765
0756
0748
0737
0709
0657
0604
0567
0552
0539
0535
0543
0567
0593
0627
0664
0683
0700
0715
0724
0726
0722
0715
0707
0700
0694
0687
0681
0670
0657
0642
0625
0597
0597
0629
0717
0947
1315
1831
2457
3101
3617
3811
3785
3458
2874
2211
1648
1281
1074
0969
0896
0803
0687
0573
0485
0438
0401
0374
0352
0333
0318
0309
0318
0337
0369
0410
0432
0442
0453
0457
0460
0457
0453
0444
0438
0429
0421
0421
0425
0432
0434
0436
0440
0442
0447
0449
0453
0457
0462
0466
0468
0470
0475
0479
0485
0494
0515
0537
0556
0571
0584
0595
0604
0614
0623
0629
0636
0640
0644
0651
0655
0659
0664
0668
0674
0679
0685
0692
0702
0715
0741
0758
0771
0782
0791
0799
0812
0827
0844
0877
0917
0935
0943
0950
0954
0954
0954
0950
0943
0935
0924
0913
0898
0885
0874
0866
0857
0846
0840
0849
0864
0872
0883
0889
0896
0898
0894
0885
0874
0864
0853
0836
0825
0821
0819
0816
0814
0810
0808
0808
0808
0810
0814
0821
0827
0838
0857
0883
0920
0943
0954
0960
0945
0920
0887
0859
0840
0819
0803
0788
0782
0788
0806
0834
0864
0874
0881
0885
0887
0885
0879
0868
0853
0825
0784
0760
0745
0737
0730
0724
0717
0715
0722
0735
0758
0786
0799
0808
0812
0806
0793
0771
0741
0696
0616
0518
0438
0412
0434
0498
0690
1023
1530
2177
2886
3536
3953
4036
3781
3233
2545
1913
1461
1201
1085
1027
0935
0776
0612
0511
0472
0460
0444
0414
0348
0281
0255
0240
0232
0234
0253
0283
0318
0333
0341
0348
0352
0352
0352
0350
0346
0341
0333
0320
0322
0341
0363
0384
0395
0404
0412
0417
0410
0397
0384
0369
0354
0343
0331
0318
0318
0337
0350
0358
0369
0378
0386
0395
0399
0404
0406
0408
0412
0414
0414
0417
0419
0421
0425
0427
0429
0432
0432
0434
0436
0440
0449
0468
0494
0522
0548
0571
0593
0616
0651
0685
0720
0741
0758
0771
0782
0784
0786
0786
0788
0791
0793
0795
0795
0793
0788
0782
0778
0773
0767
0765
0765
0767
0769
0776
0776
0758
0741
0726
0707
0683
0672
0664
0655
0647
0638
0634
0631
0631
0634
0636
0640
0647
0657
0666
0674
0687
0711
0730
0745
0756
0767
0776
0776
0765
0752
0748
0741
0737
0730
0726
0724
0722
0717
0717
0715
0717
0717
0720
0722
0722
0724
0726
0728
0735
0741
0748
0752
0756
0763
0767
0771
0773
0771
0769
0767
0765
0765
0763
0758
0754
0748
0735
0724
0715
0709
0700
0692
0687
0685
0687
0690
0694
0700
0707
0715
0726
0739
0754
0767
0778
0788
0801
0812
0812
0799
0780
0767
0756
0748
0739
0733
0724
0717
0711
0707
0702
0698
0694
0690
0685
0681
0679
0677
0677
0677
0677
0679
0683
0687
0692
0696
0700
0705
0709
0713
0726
0737
0741
0739
0730
0720
0681
0610
0539
0515
0539
0610
0823
1177
1689
2321
2998
3587
3905
3923
3693
3136
2450
1807
1332
1031
0868
0780
0715
0638
0550
0487
0466
0451
0436
0423
0414
0406
0397
0389
0376
0363
0346
0320
0311
0307
0303
0298
0296
0309
0333
0350
0363
0374
0384
0393
0399
0406
0412
0421
0427
0434
0440
0449
0457
0464
0472
0485
0494
0494
0483
0468
0449
0421
0395
0376
0358
0352
0361
0380
0404
0432
0449
0472
0511
0539
0554
0565
0569
0573
0573
0573
0573
0573
0573
0573
0573
0576
0576
0576
0580
0586
0597
0614
0653
0696
0745
0780
0797
0812
0825
0838
0849
0857
0870
0887
0907
0932
0947
0960
0969
0975
0982
0986
0988
0990
0988
0984
0980
0973
0963
0952
0930
0885
0853
0834
0814
0795
0776
0756
0745
0752
0760
0765
0769
0771
0773
0776
0778
0778
0780
0784
0788
0793
0797
0797
0797
0797
0799
0801
0803
0806
0808
0812
0816
0825
0831
0838
0836
0827
0816
0806
0793
0778
0767
0765
0767
0771
0776
0780
0786
0793
0803
0821
0836
0851
0861
0874
0883
0889
0889
0887
0883
0877
0866
0855
0842
0819
0797
0778
0765
0756
0748
0741
0737
0733
0730
0728
0730
0728
0728
0730
0730
0733
0735
0739
0745
0720
0647
0569
0541
0561
0612
0816
1175
1691
2330
2996
3538
3766
3748
3428
2850
2201
1629
1205
0937
0778
0687
0631
0571
0503
0440
0401
0395
0393
0391
0389
0386
0389
0389
0389
0391
0391
0391
0393
0397
0401
0406
0406
0406
0408
0412
0419
0425
0427
0425
0423
0419
0417
0414
0410
0404
0399
0395
0397
0406
0419
0429
0440
0455
0470
0472
0460
0444
0432
0419
0406
0397
0397
0406
0417
0427
0434
0442
0453
0462
0470
0479
0487
0496
0503
0509
0515
0522
0526
0530
0535
0541
0546
0552
0561
0569
0580
0593
0610
0627
0644
0662
0677
0702
0739
0765
0780
0793
0801
0810
0812
0810
0803
0793
0782
0771
0760
0750
0739
0728
0720
0713
0709
0705
0700
0694
0692
0690
0687
0685
0681
0679
0677
0674
0672
0670
0670
0670
0672
0677
0681
0685
0692
0696
0702
0707
0711
0717
0724
0733
0739
0743
0745
0743
0737
0728
0722
0715
0709
0700
0694
0687
0681
0681
0683
0692
0700
0709
0717
0720
0724
0726
0730
0733
0735
0737
0739
0741
0743
0743
0745
0748
0748
0748
0748
0748
0748
0750
0750
0750
0750
0750
0748
0745
0745
0745
0745
0745
0745
0745
0748
0748
0750
0750
0750
0750
0748
0748
0750
0750
0750
0752
0752
0752
0752
0754
0756
0756
0756
0756
0756
0756
0756
0756
0756
0756
0756
0754
0754
0754
0752
0750
0745
0741
0737
0733
0730
0726
0722
0715
0711
0711
0711
0711
0711
0711
0711
0711
0711
0713
0713
0711
0709
0707
0707
0702
0700
0698
0694
0687
0677
0666
0636
0582
0550
0528
0573
0702
0982
1405
1964
2613
3258
3744
3933
3772
3301
2611
1880
1276
0887
0724
0668
0638
0616
0580
0518
0464
0429
0406
0391
0378
0367
0358
0354
0350
0346
0343
0339
0335
0333
0331
0333
0337
0343
0346
0348
0350
0352
0354
0358
0361
0363
0365
0365
0367
0367
0369
0369
0371
0374
0376
0380
0384
0389
0393
0397
0404
0408
0412
0417
0421
0427
0432
0434
0436
0438
0440
0442
0444
0447
0451
0453
0457
0460
0462
0466
0470
0475
0479
0483
0490
0500
0509
0526
0565
0588
0604
0612
0621
0629
0636
0644
0653
0664
0672
0696
0741
0793
0842
0877
0898
0913
0924
0935
0945
0950
0939
0920
0900
0879
0861
0844
0816
0791
0786
0784
0780
0778
0776
0773
0771
0769
0765
0760
0754
0748
0741
0733
0709
0711
0735
0748
0756
0765
0771
0776
0776
0776
0773
0771
0769
0767
0765
0756
0752
0758
0769
0776
0784
0788
0791
0788
0780
0767
0752
0735
0709
0692
0677
0666
0659
0653
0649
0649
0651
0659
0668
0677
0685
0698
0709
0717
0717
0711
0698
0685
0666
0642
0634
0627
0621
0623
0642
0670
0709
0741
0763
0773
0784
0795
0776
0743
0709
0672
0638
0614
0599
0591
0593
0608
0627
0649
0672
0690
0702
0717
0730
0745
0765
0778
0791
0799
0806
0808
0803
0793
0780
0763
0743
0713
0702
0698
0696
0694
0692
0690
0690
0692
0698
0707
0717
0724
0733
0741
0748
0752
0756
0754
0750
0743
0735
0722
0698
0649
0597
0567
0578
0612
0760
1029
1453
2037
2727
3392
3875
4036
3832
3336
2674
2016
1502
1171
0990
0885
0793
0707
0634
0565
0524
0487
0440
0406
0389
0378
0369
0358
0352
0346
0339
0331
0322
0313
0309
0307
0313
0324
0335
0346
0358
0374
0391
0408
0425
0440
0455
0464
0470
0477
0483
0490
0496
0498
0494
0483
0470
0460
0449
0440
0432
0429
0436
0444
0455
0464
0470
0475
0481
0485
0490
0496
0500
0505
0509
0511
0515
0520
0522
0526
0530
0535
0539
0546
0554
0561
0569
0576
0586
0597
0608
0616
0625
0634
0644
0666
0711
0748
0767
0786
0806
0827
0855
0889
0896
0900
0902
0904
0907
0907
0900
0887
0874
0864
0857
0853
0846
0838
0831
0825
0819
0812
0806
0799
0793
0788
0782
0778
0769
0756
0730
0713
0705
0698
0692
0687
0698
0720
0733
0741
0752
0760
0767
0769
0767
0765
0763
0760
0756
0752
0745
0737
0733
0733
0743
0758
0776
0791
0812
0831
0831
0819
0803
0795
0786
0780
0773
0767
0763
0758
0756
0756
0756
0758
0763
0769
0776
0782
0793
0803
0816
0844
0859
0846
0823
0801
0780
0763
0750
0741
0728
0711
0715
0748
0771
0786
0801
0814
0819
0823
0825
0827
0829
0831
0834
0836
0836
0836
0836
0834
0831
0829
0825
0819
0812
0801
0788
0765
0717
0696
0685
0677
0670
0666
0666
0668
0681
0696
0713
0728
0741
0758
0778
0795
0803
0806
0797
0784
0771
0756
0737
0705
0679
0659
0627
0578
0535
0507
0528
0595
0793
1119
1590
2194
2871
3501
3927
4032
3791
3276
2607
1947
1416
1064
0872
0765
0674
0588
0487
0457
0451
0447
0444
0438
0425
0404
0367
0315
0290
0273
0260
0257
0264
0279
0298
0322
0356
0369
0380
0389
0395
0389
0374
0365
0356
0348
0343
0339
0341
0346
0354
0363
0371
0378
0382
0389
0391
0393
0395
0397
0399
0404
0404
0406
0408
0412
0414
0417
0421
0425
0429
0434
0438
0442
0444
0449
0453
0457
0466
0487
0509
0520
0515
0507
0500
0494
0487
0483
0481
0487
0503
0524
0563
0631
0709
0760
0773
0780
0788
0793
0797
0801
0801
0799
0799
0799
0797
0793
0786
0780
0776
0771
0769
0767
0763
0760
0758
0756
0756
0752
0748
0743
0737
0733
0728
0724
0720
0713
0709
0705
0700
0696
0690
0681
0674
0670
0670
0672
0674
0679
0681
0683
0687
0694
0698
0702
0709
0713
0717
0726
0733
0737
0739
0741
0743
0748
0752
0758
0763
0763
0760
0756
0752
0750
0750
0748
0745
0743
0741
0739
0737
0733
0728
0724
0724
0724
0724
0726
0726
0728
0730
0735
0741
0745
0748
0748
0750
0752
0754
0756
0758
0760
0760
0765
0769
0771
0776
0778
0778
0778
0778
0778
0778
0778
0776
0773
0773
0773
0776
0778
0780
0784
0784
0784
0784
0784
0784
0784
0784
0782
0782
0782
0786
0791
0795
0788
0776
0763
0754
0748
0741
0735
0728
0724
0720
0720
0717
0720
0724
0726
0733
0739
0750
0767
0735
0692
0664
0659
0655
0685
0864
1199
1696
2308
2951
3503
3779
3783
3523
2970
2310
1683
1223
0947
0801
0728
0666
0608
0518
0436
0406
0395
0401
0412
0425
0440
0449
0444
0436
0432
0427
0423
0421
0421
0417
0414
0408
0406
0401
0401
0404
0408
0414
0421
0429
0438
0444
0453
0457
0462
0466
0470
0475
0479
0483
0487
0490
0494
0500
0507
0511
0513
0515
0515
0515
0515
0515
0513
0511
0509
0507
0507
0507
0507
0507
0507
0507
0509
0513
0515
0518
0520
0522
0526
0535
0546
0558
0569
0578
0586
0601
0621
0653
0683
0705
0717
0730
0743
0756
0769
0778
0786
0793
0799
0803
0806
0808
0810
0810
0810
0812
0814
0814
0814
0812
0806
0797
0786
0776
0765
0752
0739
0728
0728
0735
0745
0756
0765
0778
0788
0797
0799
0797
0793
0788
0784
0782
0778
0773
0771
0773
0778
0784
0791
0803
0799
0773
0750
0726
0715
0711
0707
0700
0705
0730
0758
0786
0801
0812
0825
0825
0803
0780
0756
0733
0724
0715
0711
0707
0702
0698
0694
0694
0696
0696
0698
0702
0705
0711
0717
0722
0726
0728
0730
0733
0735
0737
0739
0739
0739
0739
0741
0741
0743
0743
0743
0743
0743
0743
0743
0741
0741
0741
0739
0739
0741
0741
0739
0737
0737
0737
0737
0741
0743
0745
0745
0745
0745
0748
0750
0752
0752
0752
0754
0758
0765
0771
0773
0773
0769
0765
0763
0758
0750
0743
0754
0769
0780
0791
0801
0808
0806
0801
0793
0780
0733
0651
0616
0591
0604
0713
0973
1397
1977
2656
3325
3828
4017
3834
3340
2667
1990
1470
1158
0982
0879
0808
0741
0657
0569
0524
0494
0470
0438
0391
0341
0318
0303
0292
0288
0288
0296
0309
0322
0333
0346
0356
0367
0380
0391
0399
0406
0410
0412
0414
0419
0421
0423
0423
0423
0423
0423
0423
0423
0423
0423
0423
0425
0427
0429
0434
0436
0438
0440
0442
0444
0447
0449
0449
0451
0455
0460
0466
0475
0483
0490
0498
0503
0509
0513
0520
0524
0528
0535
0539
0546
0552
0558
0565
0571
0576
0582
0586
0595
0608
0631
0651
0674
0711
0756
0795
0819
0831
0844
0857
0868
0881
0896
0902
0900
0896
0892
0887
0885
0881
0874
0866
0855
0846
0836
0825
0812
0799
0776
0737
0711
0698
0687
0681
0681
0683
0690
0696
0707
0724
0741
0760
0776
0754
0737
0728
0720
0713
0709
0705
0702
0702
0700
0698
0696
0694
0692
0690
0685
0683
0683
0685
0687
0692
0698
0705
0709
0698
0679
0666
0655
0642
0634
0629
0634
0647
0662
0672
0683
0694
0707
0717
0726
0730
0728
0726
0720
0713
0709
0702
0687
0670
0651
0634
0616
0606
0606
0621
0642
0655
0666
0674
0685
0692
0698
0702
0707
0709
0713
0715
0717
0722
0724
0724
0726
0728
0730
0730
0733
0737
0739
0741
0743
0748
0756
0733
0713
0702
0696
0687
0681
0677
0672
0664
0651
0672
0694
0707
0717
0726
0730
0728
0720
0711
0700
0692
0683
0672
0664
0653
0642
0621
0586
0556
0537
0569
0666
0911
1315
1876
2549
3226
3761
4021
3925
3484
2809
2095
1504
1128
0950
0870
0799
0700
0578
0451
0361
0328
0303
0288
0275
0266
0262
0262
0266
0273
0281
0296
0331
0354
0365
0374
0380
0384
0386
0382
0378
0371
0367
0363
0358
0354
0350
0348
0346
0346
0348
0352
0358
0369
0380
0406
0444
0460
0468
0472
0477
0479
0481
0483
0487
0490
0494
0496
0496
0498
0500
0503
0507
0507
0509
0511
0513
0518
0524
0530
0537
0543
0548
0554
0563
0571
0580
0586
0593
0601
0610
0623
0638
0655
0670
0690
0711
0735
0758
0797
0842
0881
0913
0928
0937
0943
0947
0947
0943
0935
0924
0911
0902
0894
0883
0874
0864
0855
0846
0838
0829
0821
0812
0801
0793
0784
0776
0767
0760
0756
0752
0750
0745
0743
0739
0737
0735
0733
0733
0733
0735
0737
0739
0743
0748
0756
0763
0758
0748
0741
0737
0730
0728
0728
0739
0754
0771
0782
0795
0808
0821
0827
0827
0821
0810
0797
0788
0780
0767
0754
0743
0737
0741
0752
0765
0778
0784
0788
0793
0799
0806
0812
0819
0821
0821
0823
0823
0821
0821
0816
0814
0812
0808
0808
0806
0806
0803
0803
0801
0799
0797
0795
0791
0786
0782
0778
0771
0767
0760
0754
0741
0717
0702
0711
0728
0743
0756
0767
0771
0771
0773
0776
0782
0778
0750
0735
0724
0713
0705
0698
0698
0705
0711
0720
0728
0737
0743
0754
0763
0767
0769
0765
0754
0741
0722
0683
0629
0595
0567
0569
0623
0767
1109
1644
2338
3076
3695
3991
4000
3744
3174
2504
1913
1476
1182
0973
0797
0638
0481
0358
0320
0313
0309
0305
0305
0305
0305
0305
0307
0313
0320
0328
0341
0363
0393
0399
0406
0412
0382
0350
0326
0307
0292
0277
0260
0253
0264
0285
0309
0339
0358
0371
0380
0386
0397
0410
0423
0438
0455
0466
0466
0451
0434
0423
0412
0404
0395
0391
0393
0399
0410
0423
0432
0438
0444
0451
0455
0462
0466
0470
0475
0481
0487
0494
0498
0500
0503
0507
0511
0518
0524
0533
0546
0571
0595
0621
0649
0681
0728
0750
0765
0778
0788
0797
0801
0806
0808
0808
0806
0801
0795
0788
0778
0769
0758
0745
0730
0711
0696
0681
0670
0664
0657
0651
0644
0638
0636
0634
0631
0631
0631
0631
0634
0638
0642
0644
0647
0649
0651
0653
0655
0664
0670
0674
0670
0664
0655
0653
0651
0649
0647
0644
0640
0638
0634
0631
0627
0627
0625
0625
0623
0623
0625
0627
0631
0636
0640
0644
0647
0651
0655
0659
0664
0668
0672
0677
0690
0705
0717
0724
0720
0711
0696
0674
0636
0586
0569
0556
0548
0550
0563
0584
0608
