1420
1476
1538
1594
1623
1642
1658
1671
1679
1679
1671
1660
1650
1634
1610
1636
1716
1879
2119
2412
2727
2999
3124
3167
3121
2980
2767
2503
2188
1852
1538
1298
1221
1191
1191
1221
1242
1253
1261
1269
1279
1293
1309
1327
1346
1362
1375
1383
1388
1394
1399
1404
1410
1415
1418
1420
1426
1428
1431
1434
1436
1436
1436
1439
1439
1442
1444
1447
1450
1452
1458
1463
1468
1476
1482
1490
1495
1500
1506
1514
1519
1527
1532
1540
1548
1556
1562
1570
1575
1580
1583
1588
1591
1594
1599
1604
1610
1618
1626
1636
1647
1655
1663
1668
1674
1676
1679
1682
1684
1687
1692
1703
1711
1714
1703
1682
1655
1626
1586
1548
1508
1490
1476
1466
1458
1452
1447
1442
1436
1431
1426
1418
1410
1404
1396
1391
1386
1380
1378
1378
1375
1372
1372
1370
1370
1367
1365
1362
1357
1351
1349
1343
1341
1338
1338
1335
1333
1333
1330
1325
1322
1317
1311
1303
1298
1293
1287
1287
1285
1287
1290
1293
1295
1298
1298
1301
1301
1301
1301
1301
1301
1301
1301
1303
1306
1309
1311
1311
1311
1311
1314
1314
1311
1311
1311
1309
1309
1309
1309
1311
1311
1311
1311
1309
1306
1306
1303
1303
1301
1298
1293
1287
1282
1277
1271
1266
1261
1255
1247
1239
1226
1215
1202
1191
1186
1183
1181
1178
1178
1175
1175
1178
1178
1175
1173
1178
1197
1226
1261
1303
1317
1322
1327
1333
1335
1338
1338
1335
1333
1330
1327
1322
1317
1311
1306
1303
1301
1301
1301
1306
1311
1322
1338
1357
1378
1463
1631
1871
2170
2484
2743
2828
2855
2791
2588
2330
2034
1706
1372
1079
0882
0818
0845
0925
1053
1093
1117
1135
1149
1157
1162
1167
1173
1178
1183
1191
1199
1207
1215
1226
1237
1245
1250
1255
1261
1266
1271
1277
1282
1285
1290
1295
1301
1306
1309
1311
1309
1306
1301
1295
1290
1287
1282
1277
1271
1266
1263
1261
1261
1261
1261
1261
1261
1261
1258
1258
1255
1253
1253
1253
1255
1261
1266
1277
1290
1306
1319
1335
1354
1372
1388
1399
1410
1415
1418
1423
1426
1431
1434
1439
1442
1447
1452
1458
1463
1466
1466
1466
1466
1463
1463
1463
1463
1466
1471
1476
1479
1479
1479
1476
1476
1474
1471
1468
1466
1463
1460
1458
1458
1458
1458
1458
1458
1458
1460
1460
1463
1463
1463
1463
1463
1463
1463
1466
1468
1471
1476
1482
1487
1490
1495
1503
1508
1516
1522
1527
1532
1538
1543
1551
1559
1567
1575
1580
1588
1594
1602
1607
1612
1620
1626
1634
1639
1644
1647
1650
1652
1658
1660
1666
1668
1668
1671
1676
1679
1682
1682
1684
1682
1682
1679
1676
1674
1668
1666
1660
1655
1650
1644
1636
1631
1623
1618
1610
1602
1594
1583
1570
1559
1546
1535
1527
1519
1514
1511
1506
1503
1498
1492
1484
1476
1466
1452
1436
1415
1391
1367
1341
1314
1285
1261
1245
1234
1223
1215
1207
1202
1194
1189
1181
1175
1173
1167
1165
1162
1157
1151
1146
1135
1127
1119
1111
1109
1106
1106
1109
1114
1127
1141
1159
1231
1396
1658
2012
2447
2892
3209
3244
3087
2514
1708
0877
0239
0002
0000
0223
0495
0618
0637
0653
0666
0674
0682
0687
0695
0698
0701
0703
0706
0706
0709
0714
0719
0722
0725
0727
0733
0738
0743
0751
0762
0775
0802
0831
0853
0871
0879
0885
0887
0893
0898
0901
0903
0906
0909
0911
0914
0914
0914
0911
0909
0909
0906
0906
0906
0906
0906
0909
0909
0911
0911
0914
0914
0917
0919
0922
0925
0927
0930
0935
0938
0946
0954
0962
0973
0989
1007
1029
1047
1063
1079
1093
1103
1114
1127
1143
1154
1159
1159
1151
1143
1135
1127
1114
1103
1098
1101
1114
1127
1138
1151
1162
1170
1173
1167
1162
1159
1154
1151
1149
1146
1143
1141
1141
1143
1146
1151
1159
1167
1175
1186
1194
1199
1205
1202
1205
1207
1210
1210
1210
1210
1207
1207
1205
1202
1197
1194
1189
1183
1181
1178
1175
1170
1165
1162
1159
1157
1154
1154
1151
1149
1143
1141
1138
1130
1111
1111
1141
1221
1386
1644
2007
2463
2945
3337
3500
3343
2863
2178
1498
1015
0850
0855
0975
1031
1042
1047
1053
1063
1077
1093
1095
1101
1106
1109
1111
1111
1111
1114
1114
1119
1119
1122
1119
1119
1119
1119
1122
1122
1125
1130
1133
1138
1141
1146
1149
1151
1154
1157
1159
1162
1165
1167
1170
1175
1178
1183
1189
1194
1202
1215
1234
1253
1269
1290
1314
1349
1404
1450
1466
1476
1484
1495
1503
1511
1519
1527
1532
1535
1538
1538
1538
1535
1532
1530
1524
1522
1516
1511
1503
1498
1490
1476
1439
1402
1370
1341
1319
1303
1295
1287
1282
1277
1274
1271
1269
1266
1266
1266
1266
1266
1269
1274
1277
1279
1282
1285
1285
1287
1290
1290
1293
1295
1298
1301
1306
1311
1317
1322
1327
1333
1341
1346
1354
1362
1372
1386
1391
1383
1370
1354
1335
1314
1301
1295
1293
1290
1290
1287
1285
1282
1279
1279
1279
1279
1279
1279
1279
1279
1279
1277
1274
1271
1266
1263
1261
1255
1250
1242
1234
1226
1218
1202
1181
1165
1149
1135
1119
1106
1093
1079
1069
1058
1045
1029
0999
0965
0935
0909
0895
0893
0890
0890
0887
0887
0898
0917
0933
0946
0957
0957
0941
0922
0906
0887
0866
0842
0815
0797
0781
0765
0754
0746
0741
0743
0746
0754
0765
0778
0831
0954
1157
1460
1876
2338
2727
2921
2812
2399
1764
1077
0517
0234
0197
0285
0439
0511
0541
0554
0562
0570
0578
0583
0594
0602
0610
0618
0626
0634
0642
0650
0658
0666
0677
0685
0693
0703
0714
0727
0751
0794
0837
0858
0871
0879
0887
0895
0903
0911
0919
0927
0935
0943
0954
0967
0986
1005
1031
1055
1069
1077
1085
1090
1095
1101
1103
1106
1111
1114
1117
1119
1125
1127
1127
1130
1130
1130
1130
1133
1133
1135
1141
1143
1151
1159
1170
1181
1191
1199
1210
1221
1234
1258
1271
1285
1295
1306
1314
1311
1301
1287
1279
1271
1266
1261
1258
1250
1242
1234
1229
1223
1215
1207
1194
1173
1162
1162
1159
1159
1157
1154
1151
1154
1157
1162
1165
1170
1173
1178
1183
1189
1191
1189
1186
1181
1175
1173
1167
1165
1162
1157
1154
1154
1151
1149
1146
1143
1143
1141
1138
1135
1130
1127
1122
1117
1111
1106
1093
1082
1074
1069
1066
1061
1053
1047
1045
1053
1066
1079
1085
1090
1093
1095
1101
1106
1109
1111
1114
1117
1119
1125
1130
1133
1135
1135
1138
1141
1143
1146
1149
1151
1154
1157
1159
1165
1167
1167
1167
1170
1173
1175
1175
1178
1175
1175
1175
1178
1178
1181
1181
1181
1181
1181
1183
1183
1183
1186
1186
1186
1189
1194
1199
1207
1221
1255
1317
1431
1626
1924
2346
2855
3353
3641
3647
3372
2722
1943
1269
0863
0770
0917
1143
1309
1343
1349
1354
1365
1378
1394
1410
1426
1442
1455
1463
1474
1484
1500
1516
1535
1543
1548
1554
1556
1562
1564
1567
1570
1572
1578
1580
1583
1586
1586
1586
1588
1588
1591
1594
1599
1602
1604
1607
1612
1615
1618
1620
1623
1623
1626
1631
1634
1636
1642
1647
1655
1666
1676
1690
1700
1706
1714
1722
1730
1732
1735
1735
1732
1730
1727
1727
1722
1716
1711
1708
1719
1738
1767
1807
1826
1836
1844
1850
1847
1839
1826
1810
1786
1756
1732
1708
1692
1682
1666
1650
1628
1610
1596
1583
1570
1556
1538
1511
1490
1471
1455
1439
1426
1415
1404
1391
1383
1372
1351
1319
1301
1287
1279
1277
1277
1282
1290
1301
1306
1317
1325
1330
1330
1322
1309
1295
1274
1247
1229
1210
1191
1165
1149
1141
1133
1127
1122
1119
1114
1111
1109
1106
1103
1098
1093
1085
1069
1045
1021
1002
0989
0978
0973
0970
0965
0962
0959
0959
0957
0957
0957
0957
0957
0959
0962
0965
0967
0970
0973
0978
0983
0991
1002
1042
1149
1333
1626
2036
2524
2977
3228
3145
2684
1938
1106
0421
0101
0069
0218
0474
0658
0725
0743
0770
0799
0818
0834
0850
0863
0874
0882
0890
0895
0898
0903
0909
0914
0919
0922
0925
0927
0933
0938
0943
0946
0951
0957
0959
0965
0967
0973
0975
0981
0986
0991
0994
0999
1002
1002
1005
1007
1007
1010
1013
1015
1015
1018
1023
1026
1029
1031
1034
1037
1042
1050
1071
1111
1138
1159
1181
1210
1247
1271
1285
1298
1311
1322
1338
1359
1372
1378
1383
1386
1388
1391
1391
1386
1380
1372
1362
1351
1333
1314
1295
1274
1253
1231
1213
1197
1186
1175
1173
1167
1165
1162
1159
1157
1154
1151
1146
1138
1133
1127
1122
1114
1106
1095
1087
1082
1077
1071
1066
1063
1058
1055
1053
1047
1045
1042
1042
1045
1050
1058
1063
1066
1071
1077
1082
1085
1085
1082
1074
1063
1053
1037
1013
0997
0989
0981
0975
0973
0973
0981
0991
0999
1007
1013
1018
1023
1029
1034
1039
1045
1047
1053
1053
1055
1055
1055
1055
1055
1058
1061
1063
1066
1066
1066
1066
1063
1063
1061
1061
1058
1055
1053
1055
1058
1066
1074
1085
1103
1127
1154
1178
1202
1234
1269
1285
1295
1303
1309
1309
1303
1295
1285
1269
1237
1202
1165
1125
1085
1047
1005
0959
0919
0863
0810
0749
0677
0647
0621
0623
0690
0847
1095
1442
1868
2300
2628
2740
2556
2090
1436
0762
0242
0026
0007
0133
0314
0434
0485
0501
0517
0533
0589
0661
0701
0738
0773
0799
0829
0855
0877
0898
0925
0967
1015
1063
1111
1157
1199
1242
1274
1301
1319
1335
1346
1357
1365
1375
1386
1394
1404
1415
1426
1434
1442
1452
1463
1476
1487
1500
1516
1527
1538
1546
1551
1554
1556
1562
1564
1570
1572
1578
1580
1586
1594
1604
1628
1655
1690
1735
1780
1826
1868
1906
1956
2012
2076
2119
2170
2220
2271
2327
2359
2375
2386
2396
2402
2404
2404
2404
2404
2407
2407
2407
2407
2407
2407
2404
2391
2370
2354
2338
2322
2308
2295
2284
2276
2268
2263
2258
2252
2247
2242
2236
2231
2226
2218
2210
2196
2172
2151
2132
2111
2084
2060
2034
2010
1983
1954
1927
1900
1876
1852
1826
1802
1786
1767
1748
1730
1714
1692
1671
1655
1644
1634
1620
1610
1599
1586
1567
1535
1506
1490
1482
1474
1468
1463
1458
1452
1447
1442
1439
1431
1423
1399
1357
1333
1322
1314
1306
1295
1287
1277
1269
1261
1255
1247
1237
1229
1218
1205
1189
1165
1143
1125
1103
1077
1047
1021
0991
0954
0925
0903
0887
0874
0863
0850
0831
0799
0775
0757
0743
0730
0719
0709
0701
0695
0690
0682
0674
0663
0653
0642
0631
0618
0602
0597
0602
0618
0634
0661
0690
0693
0695
0695
0698
0701
0701
0701
0703
0703
0703
0701
0701
0698
0695
0693
0690
0687
0685
0687
0717
0794
0919
1111
1380
1748
2188
2623
2879
2884
2647
2071
1367
0735
0311
0186
0183
0301
0399
0447
0477
0498
0514
0519
0525
0527
0530
0533
0535
0535
0535
0535
0535
0535
0533
0530
0527
0525
0525
0522
0519
0530
0551
0578
0607
0631
0645
0653
0658
0663
0669
0671
0677
0682
0685
0690
0693
0701
0706
0714
0727
0757
0781
0802
0821
0842
0863
0879
0890
0898
0906
0914
0919
0927
0933
0941
0951
0965
0978
0991
1007
1029
1058
1085
1111
1138
1159
1183
1205
1234
1261
1290
1322
1349
1372
1394
1418
1428
1436
1442
1450
1458
1463
1468
1474
1474
1476
1476
1474
1471
1466
1458
1452
1444
1439
1434
1431
1426
1423
1420
1415
1412
1412
1410
1404
1402
1399
1396
1394
1394
1391
1391
1391
1391
1394
1396
1399
1402
1404
1407
1410
1412
1412
1412
1410
1404
1402
1399
1396
1396
1394
1394
1394
1394
1394
1394
1391
1386
1383
1380
1378
1375
1375
1375
1378
1386
1396
1407
1420
1434
1450
1484
1527
1543
1548
1554
1559
1564
1570
1572
1578
1580
1583
1586
1588
1591
1591
1588
1588
1586
1580
1578
1572
1567
1564
1559
1551
1546
1540
1532
1527
1522
1511
1500
1490
1476
1466
1455
1444
1434
1426
1418
1410
1404
1399
1391
1386
1383
1378
1372
1367
1365
1362
1359
1357
1357
1354
1354
1354
1357
1357
1354
1351
1365
1391
1412
1436
1450
1452
1455
1458
1463
1466
1466
1463
1452
1442
1434
1428
1420
1412
1407
1404
1404
1410
1420
1436
1460
1546
1716
1975
2322
2751
3204
3561
3692
3500
2967
2202
1410
0794
0525
0501
0653
0874
0986
1013
1031
1047
1058
1066
1074
1082
1090
1093
1095
1095
1093
1095
1095
1098
1101
1103
1109
1111
1117
1122
1125
1125
1125
1125
1122
1122
1125
1125
1127
1130
1135
1141
1143
1146
1146
1149
1149
1149
1149
1149
1146
1146
1146
1151
1157
1165
1173
1181
1189
1191
1186
1173
1151
1122
1085
1045
1023
1005
0991
0981
0973
0973
0978
0989
0999
1010
1021
1034
1050
1066
1079
1093
1109
1127
1151
1170
1186
1199
1213
1221
1223
1215
1205
1199
1191
1186
1181
1178
1181
1183
1189
1194
1197
1199
1202
1207
1210
1215
1221
1223
1229
1234
1239
1245
1250
1258
1263
1277
1303
1322
1333
1341
1343
1349
1351
1357
1359
1359
1362
1362
1362
1362
1362
1359
1354
1351
1346
1341
1333
1327
1322
1317
1311
1301
1274
1258
1242
1231
1223
1215
1207
1202
1199
1199
1199
1202
1207
1215
1223
1229
1237
1242
1245
1247
1250
1255
1261
1263
1269
1277
1282
1287
1290
1293
1293
1290
1287
1282
1274
1269
1263
1261
1255
1253
1247
1242
1237
1226
1213
1199
1189
1181
1173
1162
1154
1146
1138
1130
1122
1114
1106
1098
1090
1085
1077
1069
1063
1055
1047
1039
1029
1018
1005
0989
0973
0959
0946
0930
0919
0903
0893
0890
0895
0909
0925
0946
0975
1002
1023
1042
1053
1050
1034
1013
0999
0989
0975
0965
0959
0954
0949
0949
0949
0951
0957
0967
0983
1005
1085
1261
1522
1882
2330
2804
3177
3308
3103
2556
1783
1010
0429
0191
0175
0333
0535
0663
0727
0757
0773
0783
0791
0799
0807
0813
0815
0818
0821
0821
0823
0823
0826
0829
0831
0834
0837
0839
0842
0847
0853
0861
0869
0877
0895
0935
0965
0978
0986
0994
0999
1002
1007
1013
1015
1023
1029
1034
1039
1045
1050
1058
1063
1071
1079
1087
1098
1106
1114
1122
1130
1135
1141
1146
1154
1162
1175
1189
1205
1221
1229
1237
1245
1250
1258
1261
1266
1271
1277
1282
1287
1293
1298
1303
1311
1319
1327
1330
1327
1322
1311
1298
1287
1277
1263
1255
1245
1239
1245
1255
1263
1277
1285
1295
1306
1314
1325
1327
1327
1327
1325
1322
1319
1314
1311
1306
1301
1298
1298
1301
1306
1311
1319
1325
1327
1333
1338
1343
1343
1335
1327
1319
1311
1303
1298
1290
1285
1277
1271
1266
1261
1261
1255
1253
1247
1245
1245
1242
1237
1234
1229
1226
1223
1221
1221
1218
1215
1215
1213
1213
1213
1210
1210
1207
1205
1202
1199
1197
1197
1197
1197
1197
1199
1199
1199
1202
1202
1199
1197
1194
1191
1189
1189
1189
1189
1191
1191
1194
1197
1199
1199
1197
1189
1178
1165
1143
1117
1098
1085
1071
1058
1042
1031
1026
1021
1015
1010
1007
1002
0999
0994
0991
0989
0986
0986
0986
0983
0983
0981
0978
0978
0973
0965
0967
0997
1026
1055
1085
1114
1143
1159
1173
1183
1191
1183
1167
1159
1154
1149
1143
1141
1138
1135
1135
1135
1138
1143
1149
1159
1170
1194
1239
1314
1426
1588
1820
2143
2559
3007
3361
3473
3244
2698
1975
1266
0762
0599
0599
0751
0909
0975
0989
0999
1005
1010
1015
1018
1021
1026
1031
1034
1037
1037
1039
1045
1050
1055
1061
1071
1085
1098
1114
1135
1162
1178
1186
1194
1199
1205
1207
1207
1207
1202
1199
1197
1194
1191
1186
1181
1181
1186
1194
1207
1229
1258
1266
1271
1277
1282
1285
1285
1285
1282
1282
1279
1277
1274
1271
1266
1266
1279
1295
1303
1311
1322
1330
1338
1349
1357
1365
1372
1386
1407
1442
1460
1471
1479
1487
1492
1498
1506
1511
1516
1522
1527
1532
1538
1543
1548
1551
1554
1554
1548
1540
1532
1527
1522
1516
1511
1508
1503
1500
1500
1500
1500
1503
1508
1514
1519
1524
1532
1540
1546
1548
1546
1540
1530
1519
1503
1479
1458
1439
1426
1415
1410
1402
1396
1388
1383
1375
1370
1362
1354
1343
1325
1309
1298
1290
1282
1277
1271
1269
1266
1263
1263
1263
1263
1269
1274
1279
1285
1290
1298
1309
1330
1341
1346
1351
1354
1357
1357
1349
1338
1330
1322
1314
1309
1309
1311
1322
1333
1343
1351
1359
1370
1378
1383
1380
1375
1367
1359
1354
1351
1349
1343
1341
1335
1330
1325
1317
1311
1306
1298
1293
1290
1287
1285
1285
1279
1277
1271
1263
1261
1258
1253
1250
1247
1250
1253
1258
1261
1271
1279
1290
1301
1319
1335
1343
1351
1357
1362
1367
1370
1365
1351
1338
1330
1322
1314
1309
1301
1295
1293
1293
1293
1295
1301
1306
1317
1330
1380
1490
1660
1906
2239
2650
3076
3412
3524
3321
2801
2082
1370
0858
0669
0658
0786
0925
0954
0959
0967
0981
0997
1029
1058
1071
1079
1085
1077
1061
1050
1039
1031
1029
1029
1031
1037
1047
1058
1071
1093
1117
1141
1162
1181
1194
1202
1210
1215
1218
1221
1226
1229
1234
1239
1250
1258
1263
1271
1274
1279
1285
1287
1290
1293
1298
1301
1306
1311
1317
1319
1319
1322
1325
1325
1325
1327
1327
1330
1333
1335
1343
1349
1357
1362
1370
1378
1388
1402
1426
1450
1463
1474
1482
1487
1492
1492
1492
1492
1495
1495
1495
1495
1495
1495
1495
1495
1495
1492
1492
1495
1498
1500
1508
1514
1527
1554
1602
1674
1783
1935
2138
2388
2663
2935
3151
3244
3239
3113
2881
2618
2383
2202
2063
1943
1852
1823
1850
1924
2036
2111
2135
2100
1994
1831
1658
1495
1359
1255
1170
1103
1042
1002
0959
0919
0903
0895
0887
0882
0879
0877
0877
0877
0879
0885
0893
0901
0909
0919
0938
0954
0973
0997
1021
1037
1045
1050
1058
1061
1063
1061
1058
1055
1053
1047
1045
1039
1037
1037
1042
1050
1063
1077
1098
1117
1133
1146
1159
1173
1183
1191
1205
1223
1245
1271
1309
1341
1365
1391
1423
1463
1492
1511
1524
1535
1543
1551
1556
1559
1556
1546
1535
1519
1498
1471
1436
1391
1341
1295
1258
1226
1207
1197
1191
1197
1215
1234
1258
1266
1271
1279
1282
1274
1261
1253
1245
1237
1231
1229
1229
1231
1234
1239
1247
1255
1263
1279
1293
1301
1306
1311
1314
1317
1319
1317
1311
1303
1295
1287
1282
1274
1269
1261
1258
1250
1245
1239
1234
1229
1223
1221
1215
1210
1205
1199
1194
1191
1189
1189
1186
1186
1186
1189
1189
1189
1186
1183
1181
1186
1197
1207
1213
1218
1223
1229
1234
1237
1239
1239
1239
1237
1237
1237
1234
1234
1231
1231
1229
1229
1229
1231
1231
1231
1231
1234
1234
1237
1237
1237
1239
1239
1239
1242
1242
1239
1239
1239
1237
1237
1234
1231
1231
1231
1229
1229
1226
1226
1223
1223
1221
1221
1218
1215
1210
1205
1202
1197
1191
1189
1191
1197
1207
1221
1242
1279
1295
1303
1306
1311
1314
1314
1314
1317
1317
1319
1322
1325
1327
1330
1330
1330
1333
1335
1341
1349
1391
1506
1700
1994
2388
2868
3356
3719
3807
3529
2897
2060
1261
0703
0482
0554
0775
0975
1055
1077
1093
1114
1130
1149
1165
1178
1189
1197
1205
1207
1210
1210
1213
1218
1221
1223
1226
1229
1231
1237
1239
1242
1245
1250
1255
1261
1277
1295
1311
1322
1330
1338
1346
1354
1362
1370
1375
1380
1386
1391
1396
1402
1407
1412
1418
1426
1434
1439
1447
1455
1463
1474
1479
1487
1490
1495
1498
1506
1514
1524
1538
1551
1562
1575
1588
1599
1612
1628
1650
1660
1668
1671
1674
1676
1679
1679
1679
1676
1668
1658
1647
1634
1620
1599
1575
1556
1540
1527
1516
1506
1498
1487
1476
1466
1455
1439
1415
1391
1370
1357
1346
1335
1330
1322
1319
1314
1311
1309
1306
1303
1301
1298
1295
1293
1287
1279
1269
1261
1255
1247
1242
1239
1234
1229
1223
1218
1215
1210
1207
1202
1199
1197
1194
1189
1186
1183
1178
1175
1173
1170
1165
1162
1159
1154
1149
1143
1135
1130
1125
1122
1122
1122
1125
1127
1130
1133
1133
1135
1138
1141
1143
1149
1151
1154
1157
1159
1162
1162
1162
1162
1159
1159
1159
1159
1162
1162
1165
1167
1173
1175
1167
1151
1146
1141
1135
1130
1127
1122
1119
1117
1111
1109
1109
1106
1106
1103
1101
1098
1098
1095
1093
1090
1087
1085
1082
1079
1077
1074
1069
1063
1058
1058
1058
1066
1074
1087
1098
1111
1133
1149
1154
1159
1162
1165
1165
1167
1170
1173
1173
1175
1178
1181
1183
1183
1189
1191
1199
1210
1231
1274
1341
1460
1647
1922
2303
2759
3196
3452
3452
3204
2602
1860
1194
0759
0645
0650
0797
0922
0965
0981
0989
1005
1031
1053
1074
1087
1095
1095
1095
1095
1093
1093
1093
1093
1095
1103
1114
1125
1138
1149
1162
1178
1199
1215
1229
1239
1247
1255
1261
1266
1271
1277
1282
1287
1293
1301
1309
1319
1330
1341
1354
1362
1370
1375
1378
1383
1386
1388
1391
1394
1396
1396
1396
1396
1394
1391
1391
1388
1386
1383
1378
1375
1372
1370
1370
1367
1365
1365
1365
1365
1370
1375
1383
1388
1394
1399
1402
1407
1410
1415
1420
1426
1428
1434
1436
1439
1439
1436
1436
1434
1428
1426
1420
1415
1410
1404
1399
1391
1375
1359
1346
1341
1338
1335
1330
1327
1325
1325
1322
1319
1314
1309
1303
1301
1295
1290
1287
1279
1274
1269
1263
1258
1247
1237
1226
1215
1207
1202
1194
1189
1181
1173
1162
1154
1146
1138
1130
1125
1117
1109
1101
1090
1082
1071
1061
1050
1039
1029
1029
1039
1053
1063
1074
1082
1090
1087
1079
1066
1055
1050
1045
1042
1039
1037
1034
1031
1029
1026
1023
1021
1018
1015
1013
1010
1007
1005
1002
0999
0997
0994
0991
0989
0986
0981
0975
0970
0962
0954
0949
0943
0941
0938
0935
0933
0933
0933
0933
0930
0927
0925
0922
0919
0917
0914
0914
0911
0909
0906
0906
0903
0901
0895
0890
0898
0914
0930
0949
0965
0981
0989
0997
1002
1007
1015
1021
1026
1031
1037
1045
1053
1066
1085
1098
1109
1117
1127
1141
1157
1186
1266
1407
1631
1954
2367
2825
3220
3423
3332
2913
2236
1487
0874
0522
0447
0567
0749
0890
0949
0962
0973
0978
0983
0989
0994
0999
1005
1010
1015
1021
1023
1029
1034
1042
1047
1053
1058
1066
1077
1093
1122
1149
1175
1194
1213
1226
1234
1242
1247
1253
1255
1261
1263
1269
1274
1282
1287
1295
1306
1325
1341
1359
1365
1370
1372
1372
1375
1378
1378
1380
1380
1383
1388
1391
1396
1399
1399
1402
1404
1407
1412
1418
1423
1434
1447
1460
1471
1482
1490
1500
1516
1538
1546
1551
1554
1559
1562
1562
1556
1551
1546
1543
1538
1535
1532
1532
1535
1535
1538
1538
1543
1538
1514
1500
1492
1484
1476
1471
1468
1466
1463
1463
1463
1466
1466
1471
1474
1476
1476
1479
1482
1487
1492
1495
1495
1490
1482
1474
1466
1458
1450
1442
1431
1423
1415
1407
1399
1391
1383
1375
1367
1362
1354
1349
1341
1333
1325
1317
1309
1301
1293
1285
1277
1271
1263
1255
1247
1258
1277
1287
1298
1306
1314
1317
1314
1311
1306
1298
1293
1290
1285
1277
1271
1269
1271
1277
1282
1290
1298
1303
1311
1319
1330
1333
1333
1327
1319
1311
1306
1301
1295
1290
1285
1282
1277
1274
1271
1269
1266
1266
1266
1266
1269
1269
1271
1271
1271
1271
1271
1271
1274
1274
1277
1279
1282
1285
1282
1279
1277
1271
1269
1277
1298
1327
1365
1396
1426
1444
1455
1463
1455
1436
1428
1420
1412
1404
1402
1399
1396
1396
1396
1399
1404
1410
1420
1458
1538
1684
1914
2252
2692
3175
3585
3777
3633
3129
2359
1532
0874
0567
0533
0671
0903
1069
1127
1143
1154
1159
1165
1173
1178
1183
1189
1194
1199
1213
1221
1223
1226
1231
1237
1234
1226
1221
1215
1213
1210
1210
1215
1226
1239
1263
1295
1306
1309
1314
1319
1322
1327
1330
1335
1341
1346
1349
1354
1357
1359
1362
1367
1372
1375
1380
1380
1383
1383
1383
1380
1378
1372
1367
1362
1357
1351
1343
1333
1327
1325
1327
1335
1346
1359
1372
1391
1412
1434
1444
1452
1460
1466
1471
1474
1476
1474
1474
1468
1466
1463
1460
1458
1452
1444
1439
1436
1439
1442
1444
1447
1450
1455
1460
1466
1466
1463
1458
1452
1450
1444
1442
1436
1434
1436
1444
1452
1460
1466
1471
1476
1484
1490
1495
1495
1495
1490
1484
1479
1474
1468
1460
1450
1436
1426
1418
1410
1404
1399
1394
1391
1386
1380
1375
1370
1365
1357
1349
1335
1317
1303
1290
1285
1282
1279
1277
1277
1274
1274
1271
1269
1269
1266
1266
1266
1263
1263
1263
1263
1263
1263
1263
1263
1263
1263
1263
1263
1261
1261
1261
1261
1258
1258
1258
1255
1253
1250
1245
1242
1237
1234
1229
1218
1207
1197
1186
1175
1165
1157
1149
1141
1133
1125
1117
1109
1101
1090
1082
1071
1063
1055
1050
1045
1039
1031
1023
1015
1007
0999
0991
0983
0975
0978
0991
1007
1018
1026
1034
1039
1045
1047
1045
1042
1037
1034
1029
1026
1021
1015
1010
1005
1005
1010
1021
1031
1050
1119
1234
1420
1706
2095
2556
3009
3292
3300
3065
2458
1687
0954
0439
0282
0285
0455
0618
0714
0754
0781
0815
0858
0877
0882
0887
0890
0890
0890
0890
0887
0887
0887
0887
0890
0890
0890
0895
0901
0906
0914
0919
0925
0927
0930
0933
0935
0938
0941
0943
0946
0949
0954
0954
0957
0959
0962
0965
0970
0975
0981
0986
0991
0999
1010
1021
1031
1039
1045
1050
1053
1058
1063
1069
1074
1077
1082
1085
1087
1090
1090
1093
1095
1098
1109
1119
1130
1138
1149
1170
1207
1239
1261
1287
1303
1317
1325
1330
1330
1325
1317
1306
1298
1290
1282
1277
1274
1274
1279
1287
1293
1295
1298
1301
1306
1309
1311
1314
1319
1322
1325
1327
1333
1335
1338
1341
1343
1346
1346
1349
1351
1354
1357
1359
1365
1367
1372
1375
1380
1383
1386
1386
1386
1383
1380
1375
1370
1365
1359
1354
1349
1341
1335
1322
1309
1301
1293
1287
1279
1274
1266
1261
1253
1242
1231
1215
1194
1191
1189
1186
1186
1186
1194
1207
1223
1242
1250
1253
1255
1258
1261
1261
1258
1253
1245
1237
1234
1231
1229
1226
1223
1223
1221
1221
1221
1221
1221
1218
1218
1215
1215
1213
1213
1210
1210
1207
1205
1202
1199
1197
1194
1191
1189
1183
1181
1175
1170
1167
1162
1159
1154
1151
1149
1146
1146
1146
1143
1143
1141
1141
1138
1135
1127
1122
1130
1151
1173
1197
1210
1218
1226
1234
1237
1229
1207
1189
1170
1157
1149
1143
1138
1133
1127
1125
1125
1127
1135
1143
1173
1245
1372
1575
1863
2250
2708
3156
3420
3420
3164
2546
1786
1098
0655
0522
0623
0810
0927
0967
0957
0943
0935
0967
0991
1002
1013
1018
1023
1029
1029
1029
1029
1029
1026
1023
1021
1015
1010
0999
1002
1026
1055
1085
1106
1133
1170
1202
1221
1229
1221
1207
1194
1181
1170
1162
1154
1146
1138
1135
1146
1165
1178
1194
1207
1226
1245
1253
1261
1263
1269
1271
1277
1279
1282
1285
1287
1290
1293
1293
1293
1295
1295
1295
1298
1301
1303
1311
1319
1327
1341
1351
1362
1375
1388
1399
1404
1407
1415
1423
1428
1423
1407
1399
1388
1380
1372
1370
1370
1372
1375
1380
1383
1388
1394
1396
1396
1391
1386
1383
1378
1375
1372
1370
1370
1372
1378
1383
1388
1391
1396
1402
1404
1410
1412
1415
1415
1415
1415
1412
1407
1402
1396
1391
1386
1378
1372
1365
1362
1359
1357
1357
1357
1354
1351
1349
1346
1346
1349
1354
1362
1367
1375
1383
1383
1375
1362
1354
1343
1333
1327
1333
1346
1362
1386
1415
1428
1439
1447
1455
1455
1444
1428
1410
1388
1378
1370
1365
1359
1354
1354
1359
1370
1378
1386
1396
1399
1394
1383
1370
1354
1333
1319
1309
1298
1290
1282
1274
1266
1261
1258
1255
1253
1250
1247
1242
1237
1231
1223
1218
1210
1205
1197
1191
1183
1178
1173
1167
1162
1162
1162
1165
1170
1175
1181
1186
1191
1197
1202
1207
1210
1213
1215
1215
1218
1221
1223
1229
1231
1234
1234
1237
1239
1239
1245
1247
1255
1263
1319
1492
1759
2122
2570
3041
3433
3607
3457
2964
2223
1436
0815
0519
0482
0586
0770
0869
0898
0914
0927
0938
0943
0951
0959
0970
0975
0978
0975
0970
0965
0959
0957
0954
0951
0946
0943
0941
0943
0946
0954
0962
0973
0989
1018
1047
1063
1074
1082
1090
1098
1103
1109
1111
1117
1119
1127
1133
1141
1146
1151
1159
1165
1175
1186
1194
1199
1207
1215
1229
1234
1234
1229
1226
1223
1221
1221
1221
1221
1221
1226
1231
1239
1250
1261
1269
1282
1293
1303
1314
1322
1330
1335
1341
1343
1346
1349
1351
1351
1351
1349
1349
1346
1343
1341
1338
1335
1330
1322
1314
1314
1325
1341
1346
1349
1354
1357
1359
1365
1367
1372
1375
1380
1383
1388
1391
1394
1399
1402
1407
1410
1412
1415
1420
1426
1431
1439
1442
1444
1447
1447
1447
1444
1442
1436
1434
1428
1426
1420
1418
1412
1407
1402
1396
1394
1388
1383
1378
1372
1367
1365
1362
1357
1351
1346
1341
1338
1335
1338
1338
1341
1343
1351
1357
1362
1370
1375
1383
1391
1394
1396
1394
1388
1380
1375
1372
1370
1367
1365
1362
1359
1357
1357
1357
1357
1354
1351
1349
1343
1341
1338
1333
1327
1322
1317
1314
1311
1309
1303
1298
1295
1290
1285
1282
1277
1271
1269
1263
1261
1258
1255
1253
1253
1250
1250
1247
1245
1239
1231
1223
1218
1218
1223
1231
1242
1258
1279
1301
1317
1333
1341
1338
1322
1303
1293
1282
1274
1266
1261
1258
1255
1255
1255
1261
1263
1271
1279
1317
1436
1642
1948
2370
2879
3377
3671
3671
3375
2660
1783
0989
0466
0295
0413
0658
0863
0949
0973
0986
1007
1026
1037
1045
1053
1058
1063
1069
1074
1077
1079
1082
1085
1087
1090
1090
1093
1093
1098
1103
1111
1127
1146
1170
1199
1229
1253
1261
1266
1271
1274
1279
1279
1282
1279
1279
1277
1277
1277
1277
1274
1274
1271
1271
1277
1285
1293
1298
1303
1309
1314
1317
1322
1322
1322
1322
1319
1319
1317
1311
1309
1306
1301
1295
1290
1287
1287
1295
1306
1319
1338
1367
1378
1388
1399
1402
1394
1378
1365
1346
1333
1319
1303
1290
1279
1274
1271
1266
1263
1271
1287
1298
1311
1319
1325
1327
1330
1333
1338
1341
1333
1319
1311
1306
1301
1298
1293
1293
1295
1295
1301
1303
1306
1311
1314
1317
1319
1322
1322
1325
1327
1327
1327
1327
1325
1322
1317
1311
1303
1298
1290
1282
1271
1261
1253
1239
1231
1226
1221
1215
1210
1205
1199
1197
1194
1194
1194
1197
1202
1207
1215
1223
1231
1239
1245
1250
1253
1255
1261
1263
1266
1271
1277
1285
1290
1295
1298
1301
1303
1303
1301
1301
1298
1298
1298
1298
1301
1303
1309
1309
1306
1295
1285
1271
1261
1250
1237
1226
1221
1215
1213
1213
1210
1207
1207
1205
1205
1202
1199
1197
1194
1194
1191
1191
1191
1191
1189
1189
1186
1181
1178
1167
1159
1159
1170
1183
1202
1229
1250
1271
1293
1295
1295
1298
1298
1301
1301
1298
1298
1298
1298
1298
1301
1301
1298
1298
1298
1301
1306
1311
1317
1341
1418
1551
1759
2063
2466
2929
3361
3575
3556
3249
2618
1874
1223
0807
0674
0759
0933
1063
1114
1127
1133
1138
1141
1143
1146
1151
1154
1146
1133
1122
1111
1103
1098
1101
1106
1117
1127
1143
1170
1189
1210
1229
1255
1263
1271
1274
1279
1282
1285
1285
1287
1290
1295
1298
1301
1306
1309
1311
1314
1319
1322
1330
1338
1349
1354
1357
1357
1357
1354
1354
1354
1354
1354
1354
1354
1351
1351
1351
1349
1346
1346
1343
1338
1335
1335
1338
1343
1349
1351
1354
1357
1359
1359
1351
1343
1333
1327
1322
1317
1314
1309
1306
1303
1298
1293
1287
1285
1279
1277
1271
1269
1263
1261
1258
1247
1234
1229
1226
1226
1226
1226
1223
1223
1221
1221
1226
1234
1245
1250
1253
1258
1261
1266
1271
1271
1271
1266
1263
1261
1255
1250
1242
1234
1229
1221
1213
1207
1199
1191
1186
1181
1178
1175
1173
1170
1170
1167
1165
1162
1159
1159
1157
1157
1154
1154
1151
1151
1149
1149
1146
1146
1143
1141
1138
1133
1130
1125
1117
1098
1082
1069
1061
1055
1050
1045
1039
1037
1039
1039
1045
1047
1050
1053
1058
1063
1069
1069
1063
1053
1045
1039
1034
1031
1026
1021
1015
1013
1007
1002
0997
0994
0989
0986
0983
0981
0973
0959
0949
0943
0938
0935
0930
0927
0922
0922
0925
0930
0941
0951
0959
0973
0986
0997
1010
1026
1042
1055
1061
1063
1063
1066
1069
1069
1069
1071
1071
1074
1077
1077
1077
1077
1079
1082
1087
1093
1122
1191
1319
1530
1839
2242
2711
3151
3388
3380
3100
2474
1700
1002
0549
0397
0477
0663
0789
0829
0847
0858
0871
0917
0970
0981
0986
0991
0994
0997
0997
0997
0999
1005
1007
1010
1010
1013
1013
1015
1018
1023
1029
1037
1058
1079
1103
1125
1143
1151
1157
1159
1165
1167
1173
1175
1181
1186
1191
1199
1205
1215
1234
1250
1263
1271
1274
1279
1282
1285
1287
1290
1293
1295
1298
1301
1303
1306
1309
1311
1314
1317
1319
1325
1335
1349
1362
1372
1383
1391
1399
1407
1415
1423
1431
1436
1444
1450
1460
1471
1476
1476
1468
1458
1450
1447
1444
1442
1436
1434
1428
1423
1420
1418
1412
1410
1410
1407
1407
1407
1407
1407
1407
1404
1402
1399
1399
1404
1415
1423
1428
1434
1439
1444
1450
1455
1458
1460
1460
1460
1460
1458
1455
1450
1444
1439
1434
1431
1426
1420
1415
1410
1404
1399
1396
1391
1386
1380
1378
1372
1365
1359
1354
1349
1343
1341
1335
1330
1325
1319
1314
1317
1322
1330
1338
1343
1349
1351
1357
1359
1362
1365
1365
1362
1359
1357
1351
1349
1346
1346
1343
1341
1338
1333
1330
1327
1322
1319
1317
1314
1309
1306
1303
1303
1301
1295
1293
1285
1279
1274
1269
1263
1261
1261
1258
1255
1255
1255
1253
1250
1247
1245
1242
1237
1234
1229
1223
1221
1215
1210
1205
1191
1183
1191
1210
1231
1258
1279
1293
1303
1311
1314
1314
1309
1301
1293
1287
1279
1271
1266
1263
1261
1263
1266
1274
1279
1306
1388
1535
1751
2058
2460
2932
3380
3609
3591
3255
2538
1687
0943
0485
0365
0506
0749
0959
1050
1077
1090
1098
1103
1109
1111
1114
1117
1117
1119
1119
1119
1119
1119
1122
1125
1125
1125
1125
1125
1127
1133
1135
1141
1154
1186
1210
1223
1234
1247
1258
1263
1269
1277
1279
1285
1290
1295
1298
1303
1311
1317
1327
1341
1365
1383
1399
1412
1420
1423
1426
1426
1426
1426
1426
1426
1426
1426
1426
1423
1423
1423
1420
1420
1418
1418
1418
1420
1423
1426
1428
1428
1431
1434
1439
1442
1444
1450
1458
1468
1468
1463
1450
1434
1399
1370
1351
1346
1346
1343
1341
1341
1338
1341
1341
1343
1349
1343
1319
1298
1277
1271
1271
1271
1269
1269
1269
1279
1293
1309
1327
1335
1338
1341
1343
1343
1346
1346
1349
1349
1349
1349
1349
1349
1349
1346
1343
1341
1338
1333
1327
1322
1319
1311
1301
1290
1279
1266
1261
1253
1245
1239
1234
1231
1229
1226
1223
1221
1218
1218
1215
1213
1207
1205
1205
1207
1218
1226
1234
1242
1250
1250
1242
1234
1231
1229
1226
1223
1223
1223
1223
1223
1221
1221
1221
1218
1215
1213
1207
1205
1199
1197
1194
1191
1189
1186
1183
1181
1175
1173
1165
1159
1151
1143
1135
1130
1125
1119
1114
1111
1109
1106
1101
1098
1093
1087
1082
1077
1074
1069
1069
1069
1071
1074
1079
1085
1087
1093
1098
1111
1130
1151
1165
1173
1178
1183
1189
1194
1197
1199
1202
1207
1210
1213
1215
1215
1215
1218
1223
1231
1269
1383
1578
1866
2239
2679
3113
3436
3527
3311
2796
2098
1404
0903
0709
0698
0821
0970
1015
1029
1037
1047
1058
1066
1069
1074
1077
1079
1082
1082
1082
1082
1082
1087
1090
1093
1093
1093
1093
1093
1095
1098
1101
1106
1119
1151
1181
1202
1226
1237
1242
1250
1253
1258
1261
1261
1263
1269
1274
1277
1282
1285
1287
1293
1298
1309
1327
1335
1338
1341
1343
1343
1346
1343
1338
1335
1333
1333
1330
1330
1330
1327
1327
1327
1327
1327
1330
1330
1333
1335
1335
1335
1335
1333
1330
1325
1322
1319
1317
1314
1311
1309
1306
1306
1303
1301
1295
1293
1287
1282
1279
1274
1269
1266
1263
1261
1261
1261
1258
1258
1255
1255
1253
1253
1253
1250
1250
1247
1247
1245
1245
1245
1242
1239
1237
1234
1231
1231
1229
1226
1226
1226
1226
1223
1223
1221
1218
1215
1213
1210
1207
1202
1197
1194
1191
1186
1183
1181
1178
1175
1170
1165
1159
1146
1133
1122
1111
1101
1093
1079
1071
1071
1079
1093
1114
1143
1170
1199
1215
1226
1234
1234
1223
1213
1207
1202
1194
1189
1186
1186
1189
1194
1199
1207
1213
1218
1226
1231
1239
1245
1250
1250
1247
1242
1234
1226
1221
1213
1202
1194
1186
1178
1170
1162
1157
1151
1146
1143
1141
1138
1135
1133
1127
1125
1125
1122
1122
1122
1122
1125
1127
1133
1138
1143
1149
1154
1165
1186
1210
1234
1255
1255
1258
1261
1258
1239
1221
1202
1197
1197
1197
1197
1197
1194
1194
1197
1207
1218
1239
1282
1378
1540
1794
2146
2578
3023
3372
3503
3332
2849
2159
1452
0917
0671
0639
0719
0850
0919
0941
0957
0973
0989
0997
1002
1005
1010
1013
1015
1018
1018
1021
1023
1026
1029
1031
1031
1034
1037
1039
1045
1047
1061
1093
1127
1173
1202
1213
1223
1229
1237
1242
1245
1250
1253
1255
1258
1261
1263
1266
1271
1282
1293
1303
1317
1333
1351
1359
1365
1372
1378
1380
1380
1380
1380
1380
1378
1378
1375
1372
1370
1370
1380
1394
1404
1418
1428
1442
1450
1460
1471
1482
1490
1498
1506
1514
1522
1532
1538
1538
1527
1514
1498
1476
1460
1450
1439
1434
1428
1428
1436
1450
1460
1466
1474
1479
1484
1490
1495
1500
1506
1511
1516
1522
1527
1530
1535
1538
1543
1546
1551
1556
1559
1562
1559
1556
1554
1548
1543
1535
1522
1498
1471
1452
1442
1434
1426
1415
1404
1396
1386
1375
1362
1349
1333
1319
1309
1298
1290
1282
1274
1269
1263
1261
1255
1247
1229
1223
1218
1213
1210
1210
1215
1226
1239
1250
1263
1274
1274
1261
1245
1223
1194
1178
1167
1162
1157
1151
1151
1151
1157
1165
1173
1181
1189
1197
1207
1213
1218
1213
1205
1197
1189
1183
1178
1175
1173
1167
1165
1159
1157
1151
1146
1141
1138
1135
1133
1133
1130
1127
1125
1122
1119
1114
1109
1106
1101
1098
1098
1098
1101
1103
1106
1111
1117
1125
1135
1154
1191
1210
1218
1223
1229
1234
1237
1239
1242
1242
1242
1242
1242
1239
1237
1234
1229
1223
1210
1213
1261
1365
1546
1820
2210
2695
3191
3564
3673
3425
2825
2007
1197
0599
0370
0362
0546
0781
0941
1010
1031
1050
1066
1074
1079
1085
1093
1095
1098
1103
1106
1111
1114
1117
1119
1125
1127
1135
1146
1159
1170
1181
1197
1218
1245
1269
1287
1303
1314
1322
1327
1330
1333
1338
1341
1346
1351
1357
1362
1367
1375
1386
1399
1412
1423
1431
1434
1436
1439
1439
1442
1444
1447
1450
1452
1455
1460
1466
1468
1471
1474
1476
1479
1482
1484
1490
1495
1500
1506
1511
1514
1516
1516
1516
1514
1508
1506
1498
1492
1484
1474
1447
1423
1394
1362
1349
1343
1338
1333
1330
1325
1319
1311
1303
1295
1287
1277
1261
1247
1245
1239
1237
1237
1234
1231
1231
1231
1231
1237
1242
1247
1250
1255
1261
1263
1269
1271
1271
1269
1263
1261
1253
1247
1239
1231
1223
1218
1210
1205
1197
1191
1183
1178
1173
1165
1159
1151
1143
1135
1125
1117
1109
1101
1093
1085
1077
1071
1069
1071
1077
1082
1090
1095
1106
1125
1141
1154
1165
1175
1183
1186
1181
1175
1170
1167
1162
1157
1157
1162
1170
1181
1189
1191
1197
1202
1210
1215
1221
1226
1229
1229
1231
1229
1229
1223
1218
1210
1205
1197
1191
1186
1183
1178
1175
1170
1167
1162
1159
1154
1151
1146
1143
1138
1135
1133
1133
1130
1127
1125
1125
1119
1114
1109
1109
1111
1122
1135
1149
1157
1167
1175
1183
1191
1197
1197
1197
1197
1197
1194
1191
1189
1183
1178
1170
1170
1178
1197
1255
1359
1524
1764
2090
2503
2948
3319
3473
3313
2823
2122
1396
0855
0634
0613
0727
0877
0935
0951
0962
0970
0975
0981
0986
0991
0997
0999
1002
1007
1010
1015
1023
1031
1037
1039
1034
1029
1021
1015
1007
1002
1013
1031
1050
1074
1095
1125
1159
1170
1175
1181
1186
1189
1189
1191
1194
1197
1202
1207
1210
1213
1218
1221
1226
1234
1255
1285
1295
1298
1301
1303
1303
1306
1306
1309
1309
1309
1309
1309
1309
1309
1306
1306
1306
1309
1309
1309
1309
1309
1311
1311
1314
1317
1319
1319
1322
1325
1327
1330
1327
1325
1317
1306
1287
1258
1242
1234
1226
1221
1218
1218
1218
1218
1218
1218
1221
1223
1223
1226
1226
1223
1221
1215
1213
1210
1207
1205
1202
1205
1210
1221
1234
1250
1271
1279
1285
1287
1293
1295
1290
1279
1271
1269
1266
1263
1261
1261
1258
1253
1250
1245
1242
1239
1237
1234
1229
1223
1218
1207
1194
1183
1173
1162
1154
1146
1138
1133
1130
1133
1135
1141
1146
1154
1167
1186
1207
1229
1247
1255
1258
1261
1263
1266
1263
1261
1255
1250
1247
1242
1239
1239
1245
1253
1261
1274
1295
1303
1306
1309
1314
1317
1319
1311
1298
1287
1279
1277
1271
1269
1263
1261
1258
1255
1253
1250
1247
1247
1245
1245
1245
1245
1242
1242
1242
1242
1242
1242
1239
1239
1239
1237
1237
1234
1231
1239
1255
1274
1295
1314
1335
1362
1378
1388
1396
1399
1402
1399
1396
1394
1391
1391
1388
1386
1386
1383
1383
1388
1399
1410
1450
1511
1634
1839
2143
2548
3009
3452
3708
3708
3455
2844
2090
1391
0930
0757
0821
0986
1125
1167
1178
1186
1202
1215
1223
1229
1234
1237
1237
1239
1239
1242
1245
1250
1253
1258
1258
1261
1261
1261
1266
1269
1274
1285
1303
1322
1341
1370
1402
1412
1418
1423
1426
1431
1434
1439
1447
1452
1458
1466
1476
1490
1503
1511
1519
1527
1535
1540
1540
1530
1516
1506
1492
1479
1471
1463
1460
1455
1452
1447
1444
1442
1442
1442
1442
1442
1444
1447
1452
1458
1463
1468
1474
1476
1482
1487
1492
1495
1492
1487
1476
1466
1455
1450
1444
1439
1434
1426
1420
1415
1410
1404
1399
1394
1388
1383
1378
1370
1354
1343
1335
1330
1327
1327
1325
1322
1319
1317
1314
1311
1309
1306
1306
1303
1298
1298
1295
1293
1290
1290
1287
1285
1282
1277
1274
1269
1266
1261
1261
1258
1253
1250
1247
1242
1237
1231
1221
1202
1183
1167
1159
1151
1143
1135
1130
1122
1119
1114
1109
1103
1095
1093
1098
1111
1130
1154
1183
1191
1197
1205
1210
1210
1199
1186
1178
1175
1173
1170
1167
1165
1162
1157
1154
1151
1149
1146
1143
1143
1141
1138
1138
1133
1130
1122
1106
1090
1071
1061
1053
1045
1039
1034
1031
1031
1031
1031
1034
1034
1034
1034
1034
1034
1034
1037
1037
1039
1042
1045
1047
1050
1055
1061
1066
1071
1077
1090
1114
1125
1130
1133
1135
1138
1143
1146
1146
1151
1154
1159
1165
1170
1175
1181
1186
1194
1202
1207
1215
1223
1234
1271
1359
1508
1735
2047
2439
2881
3292
3508
3492
3191
2540
1754
1047
0589
0442
0546
0757
0922
0973
0986
0997
1013
1029
1042
1050
1061
1066
1074
1077
1082
1087
1093
1103
1111
1114
1111
1106
1098
1093
1085
1087
1106
1133
1170
1202
1223
1239
1247
1255
1261
1261
1266
1269
1277
1282
1290
1298
1306
1314
1319
1325
1333
1341
1349
1354
1359
1367
1372
1375
1378
1380
1383
1386
1386
1388
1391
1394
1396
1399
1404
1407
1410
1415
1418
1423
1426
1428
1434
1439
1447
1460
1474
1479
1482
1484
1487
1490
1490
1490
1482
1468
1450
1428
1404
1394
1386
1380
1375
1370
1367
1365
1359
1354
1349
1343
1338
1333
1327
1319
1303
1293
1287
1285
1285
1285
1285
1282
1282
1282
1279
1279
1279
1277
1277
1277
1277
1279
1279
1279
1277
1277
1274
1274
1271
1269
1263
1261
1261
1255
1255
1253
1250
1247
1242
1239
1234
1231
1229
1229
1226
1223
1223
1221
1221
1221
1221
1218
1215
1215
1221
1229
1242
1261
1290
1298
1301
1303
1306
1309
1311
1311
1314
1314
1317
1317
1317
1317
1314
1314
1311
1311
1309
1306
1306
1303
1303
1301
1301
1298
1298
1295
1295
1295
1295
1293
1290
1290
1287
1287
1285
1285
1282
1279
1277
1277
1274
1274
1271
1271
1269
1266
1263
1261
1261
1258
1253
1242
1221
1213
1205
1199
1194
1197
1205
1221
1247
1285
1311
1327
1335
1335
1327
1314
1298
1277
1261
1250
1242
1234
1231
1229
1226
1229
1231
1239
1250
1287
1388
1562
1823
2188
2639
3108
3481
3617
3401
2839
2050
1247
0642
0418
0407
0575
0778
0879
0914
0933
0949
0975
1005
1013
1015
1021
1023
1023
1023
1023
1023
1026
1029
1031
1031
1031
1034
1034
1037
1042
1047
1053
1063
1095
1130
1167
1186
1191
1197
1202
1207
1210
1213
1218
1223
1229
1234
1239
1245
1250
1255
1263
1287
1301
1311
1317
1319
1322
1327
1330
1333
1333
1333
1330
1330
1327
1325
1325
1322
1319
1317
1314
1314
1314
1314
1314
1314
1317
1319
1322
1327
1333
1335
1338
1346
1351
1357
1354
1343
1333
1317
1295
1271
1261
1255
1250
1245
1239
1237
1231
1226
1221
1215
1210
1205
1199
1197
1191
1186
1181
1175
1170
1167
1170
1173
1175
1181
1186
1191
1194
1197
1199
1205
1207
1210
1213
1218
1221
1221
1223
1223
1223
1223
1221
1218
1215
1213
1210
1210
1207
1207
1205
1202
1202
1199
1197
1194
1191
1186
1183
1178
1175
1173
1170
1167
1167
1165
1162
1159
1151
1146
1149
1159
1173
1191
1215
1234
1242
1245
1247
1250
1253
1253
1255
1258
1261
1261
1263
1269
1271
1271
1274
1274
1277
1277
1279
1287
1295
1301
1301
1295
1285
1277
1274
1269
1266
1263
1261
1255
1253
1247
1245
1242
1237
1234
1234
1231
1231
1229
1226
1223
1218
1213
1207
1202
1197
1191
1186
1183
1181
1178
1173
1162
1157
1165
1181
1199
1223
1242
1255
1266
1274
1271
1261
1247
1237
1226
1218
1210
1205
1205
1207
1210
1215
1221
1229
1237
1247
1261
1274
1327
1439
1618
1876
2226
2655
3095
3431
3532
3329
2828
2151
1484
0997
0791
0767
0850
0925
0949
0959
0973
0981
0989
0997
1005
1010
1015
1018
1015
1007
0999
0991
0986
0978
0973
0967
0965
0967
0973
0981
0994
1015
1053
1082
1103
1125
1141
1151
1162
1167
1165
1159
1154
1149
1143
1141
1138
1141
1151
1162
1178
1202
1234
1253
1266
1277
1287
1293
1301
1306
1309
1311
1311
1314
1314
1317
1319
1322
1322
1325
1327
1330
1333
1338
1343
1349
1354
1362
1370
1378
1386
1394
1399
1404
1407
1410
1415
1418
1420
1423
1426
1428
1428
1431
1431
1428
1426
1423
1418
1415
1410
1407
1402
1396
1391
1380
1370
1357
1346
1330
1309
1295
1287
1282
1277
1274
1274
1279
1290
1301
1306
1314
1319
1327
1333
1335
1333
1330
1325
1319
1311
1303
1290
1277
1263
1255
1245
1234
1226
1215
1205
1197
1189
1181
1173
1165
1154
1143
1135
1127
1122
1114
1111
1106
1106
1103
1106
1106
1109
1114
1119
1125
1127
1130
1135
1141
1146
1151
1154
1154
1154
1154
1157
1157
1157
1157
1157
1154
1151
1151
1157
1162
1167
1173
1178
1186
1191
1197
1199
1197
1186
1175
1165
1159
1154
1149
1143
1138
1133
1130
1125
1122
1122
1119
1119
1122
1122
1125
1125
1127
1127
1130
1133
1135
1138
1138
1141
1151
1151
1146
1141
1135
1135
1154
1170
1183
1202
1223
1234
1239
1245
1250
1255
1261
1261
1261
1263
1266
1269
1271
1274
1274
1274
1274
1277
1279
1287
1317
1420
1599
1866
2231
2676
3135
3487
3599
3388
2857
2138
1426
0909
0698
0677
0781
0914
0981
1002
1021
1042
1077
1111
1125
1135
1141
1141
1138
1133
1130
1127
1127
1127
1130
1135
1138
1141
1146
1151
1157
1165
1173
1183
1194
1210
1237
1266
1282
1293
1298
1306
1311
1317
1322
1325
1327
1330
1333
1338
1346
1351
1365
1378
1388
1404
1420
1450
1460
1468
1474
1476
1479
1482
1484
1490
1492
1495
1500
1503
1506
1508
1511
1514
1516
1519
1524
1530
1535
1543
1548
1551
1556
1559
1559
1559
1556
1554
1551
1546
1540
1535
1522
1484
1463
1452
1444
1439
1434
1426
1420
1415
1410
1407
1402
1391
1372
1354
1343
1338
1335
1333
1330
1330
1327
1327
1327
1327
1327
1327
1330
1330
1333
1333
1335
1335
1338
1341
1343
1346
1346
1341
1333
1327
1322
1317
1311
1303
1295
1287
1279
1271
1266
1261
1258
1253
1247
1245
1237
1231
1226
1221
1215
1210
1205
1199
1189
1181
1175
1175
1183
1194
1202
1207
1210
1213
1213
1215
1218
1221
1223
1226
1226
1229
1231
1234
1237
1237
1237
1237
1239
1239
1242
1245
1247
1253
1258
1266
1274
1282
1287
1290
1293
1295
1295
1298
1298
1301
1301
1303
1306
1309
1311
1314
1317
1319
1322
1325
1327
1330
1338
1343
1349
1354
1354
1351
1346
1341
1333
1327
1319
1311
1303
1303
1309
1317
1330
1351
1391
1436
1471
1490
1500
1508
1511
1506
1492
1482
1471
1460
1452
1444
1439
1439
1442
1450
1458
1471
1522
1644
1850
2146
2540
3007
3463
3748
3759
3524
2892
2076
1285
0717
0530
0530
0725
0941
1095
1170
1202
1231
1261
1277
1285
1290
1298
1301
1301
1301
1301
1298
1295
1293
1290
1285
1282
1277
1271
1266
1263
1269
1279
1293
1311
1335
1357
1367
1372
1378
1380
1386
1388
1394
1399
1404
1410
1415
1420
1423
1428
1434
1444
1468
1482
1492
1498
1503
1508
1511
1516
1519
1516
1508
1500
1492
1487
1479
1468
1463
1455
1452
1452
1452
1452
1452
1452
1452
1452
1452
1452
1452
1452
1450
1447
1442
1439
1436
1431
1428
1423
1412
1388
1367
1354
1343
1335
1327
1327
1327
1333
1335
1338
1343
1349
1354
1351
1346
1338
1330
1325
1317
1309
1303
1301
1301
1303
1314
1322
1330
1338
1346
1357
1367
1372
1372
1370
1362
1354
1346
1341
1338
1333
1327
1322
1317
1311
1309
1306
1301
1298
1295
1295
1293
1290
1287
1282
1277
1263
1250
1231
1215
1202
1191
1181
1170
1167
1162
1159
1157
1154
1151
1151
1151
1151
1151
1151
1151
1151
1154
1154
1159
1162
1167
1167
1167
1167
1167
1167
1165
1165
1162
1162
1162
1162
1165
1167
1170
1173
1178
1183
1183
1173
1157
1146
1130
1117
1117
1114
1114
1114
1111
1111
1114
1117
1119
1122
1125
1127
1127
1127
1122
1114
1106
1095
1079
1063
1047
1021
0989
0954
0930
0914
0906
0903
0911
0933
0951
0973
0986
0997
1002
1007
1010
1015
1018
1018
1018
1015
1013
1007
1002
0997
0991
0981
0970
0970
0983
1010
1093
1250
1484
1820
2244
2698
3079
3257
3121
2650
1962
1250
0695
0458
0434
0541
0679
0719
0730
0741
0751
0762
0783
0821
0847
0866
0874
0869
0850
0831
0807
0797
0789
0783
0778
0783
0794
0802
0810
0818
0826
0837
0847
0861
0879
0895
0914
0925
0933
0941
0949
0951
0951
0946
0941
0935
0933
0925
0919
0922
0930
0943
0962
0986
1010
1034
1053
1061
1063
1066
1069
1069
1069
1069
1066
1058
1053
1047
1042
1039
1039
1037
1034
1031
1029
1026
1023
1021
1021
1018
1018
1015
1015
1015
1010
1007
0994
0957
0914
0869
0823
0778
0738
0685
0647
0626
0610
0605
0605
0607
0607
0610
0610
0613
0613
0613
0615
0623
0634
0642
0653
0661
0671
0679
0690
0698
0706
0717
0733
0759
0781
0810
0850
0893
0935
0962
0981
0999
1018
1042
1066
1090
1106
1122
1133
1146
1157
1165
1170
1175
1178
1183
1186
1191
1197
1202
1210
1215
1223
1231
1239
1250
1261
1269
1279
1287
1295
1303
1309
1317
1325
1333
1341
1349
1365
1388
1412
1436
1458
1476
1487
1492
1498
1500
1506
1508
1514
1519
1524
1530
1538
1548
1562
1588
1612
1626
1634
1642
1647
1652
1655
1655
1655
1652
1647
1639
1634
1626
1620
1615
1610
1604
1599
1594
1586
1580
1575
1572
1570
1570
1570
1572
1572
1575
1580
1586
1591
1596
1602
1607
1615
1626
1642
1658
1674
1692
1730
1778
1810
1834
1858
1890
1916
1922
1927
1930
1932
1935
1932
1932
1932
1930
1927
1922
1914
1908
1898
1882
1874
1876
1887
1916
2020
2202
2474
2836
3271
3705
4020
4095
3855
3329
2636
1954
1450
1255
1239
1354
1506
1575
1596
1607
1615
1620
1626
1628
1631
1636
1642
1644
1650
1650
1644
1642
1636
1634
1631
1628
1623
1618
1618
1620
1631
1644
1658
1668
1676
1687
1698
1706
1711
1711
1711
1711
1708
1708
1708
1708
1703
1700
1698
1698
1703
1714
1724
1735
1746
1759
1770
1770
1767
1764
1759
1754
1748
1743
1738
1735
1735
1740
1743
1746
1748
1754
1724
1647
1564
1474
1386
1303
