2620
2960
3313
3660
3950
4094
4092
4022
3977
3925
3873
3820
3791
3755
3705
3675
3660
3651
3642
3628
3617
3601
3578
3535
3449
3374
3322
3284
3232
3161
3098
3053
3010
2976
2946
2914
2878
2856
2837
2824
2810
2799
2790
2781
2770
2760
2751
2738
2726
2717
2706
2697
2683
2668
2647
2618
2591
2563
2520
2459
2403
2344
2305
2287
2271
2253
2235
2215
2194
2172
2147
2129
2108
2081
2045
2006
1970
1943
1913
1888
1857
1821
1777
1755
1746
1737
1730
1728
1723
1719
1712
1705
1698
1694
1689
1682
1676
1666
1657
1644
1617
1594
1574
1565
1558
1551
1546
1542
1537
1533
1528
1524
1519
1517
1512
1510
1506
1499
1492
1479
1447
1381
1322
1257
1186
1116
1046
0962
0917
0896
0881
0871
0862
0853
0847
0840
0835
0831
0826
0819
0813
0801
0788
0772
0747
0702
0638
0579
0520
0457
0394
0337
0298
0264
0249
0237
0228
0221
0215
0212
0215
0219
0221
0226
0233
0242
0260
0260
0233
0194
0133
0086
0054
0040
0052
0079
0151
0294
0477
0695
0937
1193
1429
1610
1680
1705
1705
1666
1556
1408
1211
0989
0785
0629
0505
0428
0344
0267
0226
0203
0187
0176
0174
0176
0185
0201
0219
0244
0285
0319
0355
0391
0425
0471
0534
0584
0611
0631
0645
0659
0681
0731
0783
0819
0847
0869
0890
0915
0946
0987
1032
1069
1098
1125
1157
1200
1227
1245
1261
1275
1284
1288
1284
1277
1268
1259
1250
1241
1232
1220
1209
1200
1191
1184
1182
1180
1182
1186
1195
1209
1223
1245
1286
1324
1361
1397
1442
1492
1533
1546
1553
1560
1565
1567
1569
1569
1567
1560
1549
1535
1519
1501
1469
1438
1406
1374
1340
1315
1293
1277
1263
1250
1234
1216
1191
1148
1084
1030
0969
0908
0833
0794
0781
0770
0758
0749
0742
0736
0729
0724
0722
0720
0720
0722
0727
0731
0738
0745
0751
0758
0763
0770
0772
0779
0783
0790
0794
0801
0806
0810
0817
0822
0824
0828
0831
0831
0835
0838
0840
0842
0847
0851
0856
0862
0871
0881
0894
0915
0964
1007
1053
1096
1132
1150
1159
1170
1180
1186
1191
1193
1195
1195
1195
1195
1193
1191
1184
1175
1166
1155
1146
1134
1121
1096
1064
1030
1012
1001
0989
0978
0971
0964
0960
0958
0958
0960
0962
0967
0976
0985
0992
1001
1007
1014
1021
1028
1037
1044
1050
1057
1062
1062
1059
1055
1048
1039
1028
1019
1005
0992
0978
0964
0951
0937
0926
0919
0919
0917
0915
0912
0910
0905
0903
0899
0896
0894
0892
0890
0887
0885
0883
0883
0878
0876
0871
0865
0860
0853
0847
0838
0826
0815
0801
0788
0774
0763
0751
0740
0731
0722
0717
0713
0708
0704
0702
0697
0693
0688
0684
0681
0679
0679
0679
0681
0686
0690
0697
0704
0713
0720
0727
0731
0736
0740
0745
0747
0749
0754
0758
0763
0770
0774
0779
0783
0788
0794
0799
0801
0804
0806
0810
0813
0819
0826
0833
0842
0856
0869
0885
0896
0910
0921
0933
0942
0949
0955
0962
0969
0976
0985
0994
1003
1010
1019
1035
1055
1098
1182
1315
1488
1696
1934
2190
2430
2575
2625
2563
2375
2058
1723
1435
1225
1096
1030
0978
0917
0856
0815
0810
0808
0808
0808
0808
0808
0808
0806
0804
0801
0799
0799
0799
0797
0797
0797
0797
0797
0797
0799
0799
0799
0799
0797
0794
0792
0792
0792
0792
0792
0792
0794
0799
0801
0806
0806
0808
0808
0808
0808
0810
0815
0815
0819
0824
0838
0856
0878
0903
0919
0935
0951
0967
0980
0996
1010
1026
1044
1062
1082
1107
1132
1155
1177
1200
1214
1220
1225
1229
1234
1238
1243
1247
1250
1250
1252
1252
1250
1247
1241
1234
1225
1216
1204
1195
1186
1177
1166
1155
1141
1127
1116
1107
1098
1091
1084
1075
1057
1026
0987
0967
0955
0944
0935
0926
0915
0903
0890
0878
0867
0856
0844
0835
0824
0813
0799
0790
0781
0776
0774
0772
0772
0772
0772
0772
0774
0774
0776
0779
0776
0776
0774
0774
0772
0770
0770
0767
0767
0767
0770
0772
0772
0774
0776
0779
0781
0783
0788
0790
0792
0794
0797
0799
0801
0804
0806
0806
0808
0813
0815
0817
0819
0822
0822
0824
0824
0824
0822
0819
0819
0817
0815
0815
0815
0815
0815
0815
0815
0813
0813
0810
0808
0804
0799
0794
0788
0783
0781
0776
0774
0772
0767
0767
0765
0763
0761
0756
0751
0745
0740
0736
0731
0727
0722
0720
0717
0715
0715
0713
0711
0711
0708
0708
0708
0708
0708
0706
0706
0704
0702
0699
0695
0693
0690
0693
0699
0708
0715
0720
0724
0729
0733
0738
0738
0738
0736
0736
0733
0733
0731
0731
0731
0731
0733
0733
0736
0738
0740
0742
0745
0747
0749
0751
0754
0758
0763
0767
0772
0776
0781
0785
0790
0794
0801
0806
0810
0815
0819
0826
0831
0838
0842
0847
0849
0851
0853
0856
0858
0862
0865
0867
0869
0874
0876
0878
0881
0883
0883
0885
0887
0890
0892
0894
0896
0896
0899
0899
0901
0903
0903
0903
0903
0903
0903
0903
0903
0903
0905
0908
0910
0912
0915
0917
0919
0921
0926
0933
0942
0971
1041
1161
1331
1542
1787
2045
2305
2550
2740
2808
2790
2631
2353
2038
1739
1492
1300
1134
0976
0828
0684
0638
0625
0616
0656
0684
0695
0704
0713
0720
0727
0733
0742
0751
0763
0770
0776
0781
0785
0790
0794
0799
0804
0806
0808
0808
0810
0815
0817
0819
0822
0824
0826
0828
0833
0835
0838
0840
0842
0847
0853
0860
0867
0874
0881
0890
0901
0912
0921
0933
0942
0949
0955
0964
0976
0989
1010
1048
1084
1105
1118
1127
1136
1143
1155
1164
1173
1184
1193
1207
1227
1261
1279
1288
1293
1297
1302
1304
1306
1309
1309
1311
1311
1311
1306
1302
1293
1284
1272
1261
1234
1186
1148
1103
1064
1041
1026
1010
0996
0987
0978
0969
0958
0946
0933
0912
0881
0842
0824
0810
0799
0790
0781
0776
0772
0772
0774
0774
0776
0779
0779
0781
0781
0783
0783
0783
0783
0783
0785
0788
0792
0797
0804
0810
0819
0826
0833
0838
0844
0851
0856
0860
0862
0862
0860
0860
0860
0860
0860
0860
0858
0856
0853
0851
0851
0849
0849
0851
0853
0856
0860
0865
0869
0871
0874
0874
0876
0878
0878
0878
0881
0881
0883
0885
0887
0887
0887
0885
0885
0881
0876
0871
0867
0862
0858
0853
0851
0847
0844
0842
0840
0838
0838
0835
0833
0831
0828
0828
0826
0826
0824
0824
0824
0824
0824
0826
0826
0828
0831
0833
0833
0835
0835
0835
0835
0835
0833
0831
0828
0826
0826
0824
0822
0819
0817
0815
0813
0810
0808
0804
0801
0797
0794
0790
0788
0785
0781
0779
0776
0774
0772
0772
0772
0772
0774
0776
0779
0783
0785
0790
0794
0797
0801
0801
0804
0806
0806
0808
0810
0810
0815
0819
0824
0828
0828
0826
0819
0813
0806
0799
0792
0785
0779
0774
0779
0785
0794
0804
0810
0813
0817
0819
0822
0824
0826
0828
0828
0831
0833
0835
0838
0842
0844
0847
0849
0853
0858
0862
0867
0871
0874
0876
0881
0883
0887
0892
0896
0901
0905
0912
0919
0921
0926
0926
0928
0930
0933
0937
0944
0955
1014
1089
1195
1343
1542
1780
2052
2337
2606
2819
2890
2869
2697
2400
2061
1753
1510
1345
1241
1157
1064
0962
0862
0822
0808
0799
0792
0790
0790
0799
0813
0826
0833
0840
0844
0849
0856
0860
0865
0869
0871
0876
0878
0881
0883
0887
0890
0890
0892
0894
0896
0901
0903
0908
0910
0912
0917
0919
0924
0928
0933
0939
0944
0949
0955
0962
0971
0980
0992
1012
1032
1050
1066
1082
1096
1109
1121
1134
1146
1159
1175
1189
1207
1223
1243
1266
1286
1302
1315
1329
1343
1361
1381
1399
1420
1433
1438
1440
1440
1442
1445
1445
1445
1433
1422
1413
1406
1401
1395
1386
1377
1368
1356
1340
1318
1281
1254
1229
1200
1170
1141
1109
1080
1048
1019
0994
0962
0919
0896
0885
0878
0874
0869
0862
0856
0849
0844
0838
0831
0826
0824
0819
0817
0815
0813
0810
0808
0806
0804
0801
0799
0797
0794
0792
0790
0790
0790
0790
0790
0790
0790
0792
0790
0790
0790
0790
0788
0788
0785
0785
0783
0783
0783
0783
0781
0781
0781
0779
0779
0776
0774
0772
0770
0767
0767
0767
0767
0767
0770
0770
0772
0774
0776
0779
0781
0783
0783
0783
0783
0785
0785
0783
0783
0783
0783
0783
0783
0783
0781
0781
0781
0781
0779
0779
0776
0772
0770
0767
0765
0763
0761
0758
0758
0758
0758
0758
0761
0763
0763
0765
0765
0767
0767
0767
0767
0770
0770
0772
0774
0779
0783
0788
0792
0799
0804
0808
0810
0815
0817
0819
0824
0826
0831
0835
0840
0844
0847
0849
0849
0849
0847
0844
0842
0838
0833
0828
0822
0817
0815
0810
0808
0806
0801
0797
0792
0790
0785
0785
0783
0783
0785
0788
0790
0794
0799
0806
0810
0815
0822
0828
0835
0844
0851
0860
0867
0874
0881
0887
0892
0894
0896
0899
0901
0905
0908
0910
0912
0917
0919
0919
0919
0919
0917
0915
0912
0910
0908
0903
0901
0899
0896
0896
0894
0892
0890
0887
0885
0883
0878
0874
0869
0867
0865
0862
0865
0865
0867
0869
0874
0881
0892
0926
0998
1103
1236
1395
1578
1787
2006
2208
2362
2394
2366
2194
1925
1626
1358
1164
1062
1016
0960
0887
0785
0684
0636
0618
0620
0650
0684
0715
0738
0749
0754
0758
0763
0765
0770
0774
0781
0785
0790
0797
0801
0806
0810
0813
0817
0819
0824
0828
0833
0840
0847
0851
0858
0860
0865
0869
0874
0876
0881
0887
0894
0908
0921
0939
0955
0969
0978
0987
0996
1003
1010
1016
1023
1028
1035
1044
1053
1064
1075
1089
1103
1118
1141
1157
1173
1186
1202
1223
1250
1270
1284
1297
1306
1313
1320
1324
1327
1329
1334
1336
1338
1340
1343
1343
1343
1343
1343
1340
1338
1331
1327
1318
1311
1291
1250
1209
1168
1127
1087
1057
1032
1007
0985
0964
0949
0933
0917
0901
0883
0865
0847
0833
0819
0810
0804
0799
0797
0794
0792
0792
0790
0788
0785
0785
0785
0785
0785
0788
0790
0792
0797
0801
0806
0810
0815
0817
0822
0824
0828
0833
0838
0840
0842
0844
0847
0847
0849
0851
0851
0853
0856
0860
0865
0862
0851
0835
0822
0808
0794
0783
0774
0767
0763
0758
0756
0754
0751
0749
0747
0745
0742
0740
0738
0738
0738
0740
0745
0749
0754
0761
0767
0772
0776
0781
0783
0785
0788
0788
0790
0790
0792
0797
0799
0804
0806
0808
0810
0813
0813
0813
0813
0810
0810
0810
0810
0813
0813
0815
0817
0817
0819
0822
0824
0824
0824
0824
0824
0824
0826
0826
0828
0831
0833
0838
0840
0844
0847
0849
0851
0851
0853
0856
0856
0858
0860
0860
0862
0865
0865
0867
0867
0867
0869
0869
0869
0869
0869
0871
0874
0876
0878
0881
0883
0885
0887
0887
0887
0890
0890
0892
0894
0899
0905
0910
0910
0908
0903
0896
0892
0885
0878
0874
0878
0892
0903
0910
0917
0919
0924
0926
0930
0935
0939
0942
0944
0949
0951
0955
0960
0962
0964
0969
0969
0971
0973
0978
0980
0985
0989
0996
1001
1003
1003
1001
0998
0994
0989
0985
0978
0973
0971
0980
0992
0998
1005
1012
1019
1028
1032
1039
1053
1093
1168
1277
1422
1610
1839
2101
2371
2613
2794
2835
2810
2636
2348
2015
1707
1467
1306
1195
1100
1007
0928
0869
0851
0842
0835
0831
0826
0824
0819
0815
0810
0808
0808
0813
0822
0828
0833
0838
0840
0842
0844
0847
0851
0853
0856
0858
0860
0862
0865
0867
0871
0874
0878
0883
0887
0890
0894
0899
0903
0910
0915
0919
0921
0926
0928
0930
0935
0937
0939
0942
0946
0953
0962
0973
0985
0998
1012
1030
1050
1069
1091
1116
1136
1155
1170
1189
1207
1223
1236
1252
1266
1279
1300
1324
1340
1349
1354
1358
1363
1365
1368
1370
1370
1370
1368
1363
1358
1352
1343
1331
1318
1288
1261
1225
1184
1150
1116
1084
1048
1016
0992
0971
0953
0933
0910
0885
0862
0828
0813
0804
0797
0790
0783
0781
0776
0774
0770
0767
0765
0763
0761
0758
0756
0754
0754
0754
0751
0751
0751
0749
0747
0747
0747
0745
0747
0747
0747
0749
0754
0756
0761
0765
0767
0770
0774
0776
0779
0781
0783
0785
0788
0790
0792
0797
0797
0799
0799
0799
0797
0794
0790
0788
0783
0779
0776
0774
0770
0767
0765
0763
0761
0756
0754
0751
0749
0749
0751
0754
0756
0761
0767
0774
0781
0788
0792
0794
0797
0799
0804
0806
0810
0813
0815
0817
0822
0826
0831
0835
0842
0844
0849
0853
0856
0858
0860
0862
0862
0865
0867
0869
0871
0874
0876
0881
0883
0885
0887
0890
0890
0890
0890
0887
0887
0887
0887
0890
0892
0892
0894
0899
0901
0905
0908
0910
0912
0915
0917
0919
0919
0921
0924
0926
0928
0930
0933
0935
0937
0937
0939
0939
0939
0942
0942
0942
0942
0939
0939
0939
0942
0942
0942
0942
0942
0942
0942
0942
0944
0944
0946
0949
0951
0953
0958
0960
0964
0967
0969
0973
0978
0980
0985
0989
0994
1001
1005
1010
1012
1012
1010
1005
1001
0994
0989
0982
0978
0973
0967
0960
0955
0953
0949
0949
0949
0949
0951
0953
0958
0960
0962
0967
0971
0976
0980
0985
0992
0996
1003
1012
1016
1026
1037
1055
1114
1243
1417
1630
1877
2144
2407
2631
2760
2806
2760
2618
2346
2027
1714
1460
1288
1182
1107
1064
0989
0908
0853
0844
0838
0831
0826
0822
0817
0813
0808
0806
0804
0801
0801
0804
0806
0808
0810
0813
0817
0817
0819
0822
0822
0824
0824
0826
0826
0828
0831
0833
0838
0842
0847
0853
0858
0862
0867
0869
0871
0878
0883
0896
0919
0935
0946
0953
0960
0969
0976
0985
0994
1003
1016
1035
1057
1082
1103
1118
1132
1146
1157
1168
1177
1191
1209
1225
1241
1261
1281
1295
1300
1304
1306
1309
1313
1313
1315
1315
1315
1315
1313
1309
1304
1300
1293
1288
1281
1275
1268
1261
1254
1247
1241
1232
1216
1189
1166
1134
1096
1057
1019
0994
0980
0969
0955
0942
0926
0910
0896
0883
0869
0853
0838
0819
0808
0804
0797
0792
0788
0783
0781
0781
0781
0781
0783
0785
0788
0790
0794
0797
0799
0799
0801
0801
0804
0806
0808
0813
0815
0819
0822
0824
0824
0824
0824
0822
0817
0813
0810
0806
0804
0801
0799
0797
0794
0792
0790
0783
0781
0776
0776
0779
0785
0792
0799
0808
0817
0826
0835
0844
0856
0865
0867
0869
0869
0871
0874
0874
0876
0878
0878
0881
0883
0885
0887
0887
0887
0890
0890
0892
0892
0894
0896
0896
0899
0899
0901
0901
0901
0901
0901
0903
0903
0903
0905
0905
0905
0905
0905
0903
0903
0901
0901
0899
0899
0896
0894
0892
0892
0890
0890
0887
0885
0883
0878
0876
0874
0871
0867
0865
0862
0860
0858
0853
0851
0844
0840
0835
0831
0828
0826
0826
0826
0828
0831
0831
0833
0835
0835
0835
0835
0835
0838
0838
0840
0840
0840
0842
0844
0844
0844
0844
0844
0844
0847
0849
0851
0853
0856
0858
0862
0867
0871
0876
0878
0881
0885
0890
0892
0894
0894
0892
0890
0887
0885
0883
0881
0878
0874
0869
0867
0865
0862
0862
0860
0860
0860
0862
0865
0867
0869
0871
0871
0871
0871
0871
0874
0876
0876
0876
0878
0881
0885
0890
0892
0896
0901
0912
0949
1010
1103
1229
1388
1574
1775
1988
2196
2366
2443
2434
2323
2095
1816
1535
1297
1121
1003
0924
0878
0824
0790
0781
0779
0776
0774
0772
0772
0772
0770
0770
0770
0767
0767
0767
0767
0770
0770
0770
0770
0770
0772
0774
0776
0779
0781
0785
0788
0790
0794
0804
0815
0828
0842
0851
0858
0865
0871
0876
0883
0890
0894
0899
0901
0908
0915
0921
0939
0953
0964
0976
0982
0992
1003
1016
1032
1048
1069
1084
1098
1112
1121
1130
1136
1146
1155
1164
1173
1186
1204
1232
1245
1252
1257
1259
1261
1263
1263
1266
1266
1263
1259
1254
1247
1241
1234
1225
1218
1209
1200
1191
1182
1170
1152
1125
1100
1069
1032
0994
0953
0921
0905
0885
0869
0842
0804
0765
0731
0706
0686
0663
0650
0640
0634
0629
0625
0620
0616
0613
0609
0604
0600
0591
0584
0584
0593
0604
0616
0629
0643
0659
0672
0686
0693
0693
0688
0686
0681
0679
0679
0679
0686
0697
0706
0717
0729
0742
0747
0742
0731
0720
0713
0706
0699
0693
0688
0684
0679
0674
0672
0672
0670
0670
0670
0670
0672
0672
0672
0672
0672
0672
0672
0672
0674
0674
0674
0677
0679
0681
0684
0686
0688
0690
0695
0702
0706
0706
0693
0672
0654
0634
0622
0629
0650
0708
0826
0987
1186
1411
1639
1839
1986
2031
2018
1900
1678
1390
1089
0822
0616
0482
0398
0330
0271
0201
0126
0052
0013
0000
0002
0027
0067
0110
0147
0183
0219
0249
0294
0346
0412
0484
0561
0643
0724
0792
0831
0869
0903
0924
0939
0951
0962
0973
0985
0996
1007
1014
1019
1023
1030
1037
1044
1050
1059
1069
1082
1096
1107
1118
1127
1134
1143
1152
1159
1166
1175
1193
1232
1266
1293
1315
1334
1349
1365
1379
1395
1408
1422
1433
1451
1481
1515
1549
1580
1617
1642
1655
1664
1671
1671
1671
1671
1671
1669
1669
1669
1669
1660
1646
1630
1605
1580
1546
1508
1467
1431
1399
1363
1320
1279
1234
1191
1148
1105
1057
1010
0962
0919
0894
0871
0849
0824
0801
0783
0770
0761
0751
0742
0736
0729
0724
0722
0720
0717
0717
0715
0713
0708
0706
0704
0702
0699
0697
0697
0695
0693
0690
0688
0684
0681
0677
0670
0663
0656
0652
0647
0643
0638
0634
0627
0620
0611
0609
0613
0625
0634
0638
0643
0647
0652
0659
0663
0665
0668
0668
0668
0668
0668
0665
0663
0661
0659
0656
0654
0654
0652
0647
0645
0640
0640
0640
0645
0652
0661
0670
0681
0695
0708
0715
0720
0722
0722
0722
0722
0722
0724
0724
0727
0727
0729
0731
0736
0738
0740
0742
0745
0749
0758
0767
0774
0779
0788
0797
0799
0790
0785
0783
0779
0774
0770
0767
0767
0765
0765
0765
0765
0767
0772
0779
0785
0794
0808
0858
0955
1098
1281
1499
1741
1993
2233
2432
2541
2548
2471
2264
2004
1734
1503
1336
1232
1157
1084
0998
0915
0840
0806
0781
0763
0754
0747
0738
0761
0797
0840
0865
0881
0890
0896
0896
0894
0892
0890
0885
0881
0878
0887
0908
0919
0933
0944
0953
0962
0971
0978
0985
0992
0996
1001
1005
1010
1014
1019
1023
1028
1032
1037
1041
1050
1057
1066
1078
1087
1096
1107
1118
1127
1136
1148
1159
1180
1198
1216
1229
1238
1245
1254
1261
1270
1277
1284
1295
1309
1322
1338
1356
1374
1379
1381
1381
1383
1386
1386
1388
1388
1386
1383
1377
1370
1358
1345
1324
1291
1266
1232
1193
1157
1114
1075
1046
1019
0994
0967
0935
0915
0899
0883
0869
0856
0844
0831
0817
0806
0801
0799
0799
0799
0799
0799
0799
0797
0797
0794
0790
0788
0783
0779
0776
0772
0770
0767
0767
0767
0765
0763
0761
0758
0754
0751
0749
0745
0745
0745
0745
0749
0754
0758
0763
0767
0772
0776
0779
0781
0783
0783
0783
0783
0783
0783
0783
0783
0785
0785
0785
0785
0785
0783
0781
0776
0774
0770
0767
0765
0763
0761
0758
0758
0758
0758
0756
0756
0754
0754
0751
0751
0749
0749
0749
0751
0754
0758
0763
0770
0774
0779
0785
0790
0794
0797
0797
0799
0799
0801
0804
0804
0804
0804
0804
0804
0806
0806
0806
0804
0804
0804
0804
0804
0804
0804
0806
0806
0808
0808
0808
0808
0808
0810
0813
0815
0815
0817
0817
0819
0824
0826
0828
0831
0831
0833
0833
0835
0838
0838
0838
0840
0840
0842
0847
0849
0849
0849
0851
0853
0853
0856
0856
0856
0858
0860
0862
0867
0871
0876
0881
0883
0885
0890
0892
0896
0901
0905
0910
0917
0919
0926
0930
0937
0944
0949
0951
0953
0955
0955
0955
0955
0958
0958
0958
0960
0960
0962
0964
0964
0964
0964
0964
0964
0962
0962
0960
0958
0958
0958
0958
0958
0960
0960
0962
0962
0967
0969
0971
0971
0973
0973
0973
0976
0976
0978
0980
0982
0987
0994
1003
1010
1016
1028
1044
1096
1195
1338
1526
1762
2031
2305
2557
2756
2856
2853
2738
2486
2163
1836
1560
1365
1238
1143
1057
0967
0881
0801
0779
0772
0767
0772
0797
0806
0810
0815
0817
0819
0822
0824
0826
0831
0833
0835
0838
0840
0840
0842
0844
0847
0847
0847
0849
0851
0853
0858
0862
0867
0871
0881
0905
0919
0933
0939
0944
0949
0953
0958
0962
0969
0976
0982
0992
1001
1010
1019
1028
1037
1046
1055
1062
1071
1078
1091
1114
1134
1157
1177
1202
1216
1223
1229
1236
1243
1250
1254
1259
1266
1272
1281
1300
1320
1343
1354
1363
1372
1381
1388
1392
1395
1397
1397
1395
1392
1388
1383
1377
1368
1358
1345
1313
1286
1254
1225
1200
1166
1125
1087
1048
1007
0969
0930
0890
0862
0849
0840
0828
0815
0804
0792
0783
0772
0761
0751
0747
0742
0740
0740
0740
0738
0736
0733
0733
0733
0733
0733
0733
0733
0733
0733
0736
0736
0738
0738
0738
0738
0738
0738
0738
0738
0738
0736
0736
0736
0738
0738
0738
0738
0740
0740
0740
0740
0742
0742
0745
0745
0747
0749
0751
0751
0754
0754
0754
0754
0756
0756
0756
0756
0756
0754
0754
0751
0751
0742
0729
0715
0702
0681
0668
0665
0670
0681
0715
0810
0942
1109
1309
1524
1730
1893
1968
1968
1879
1689
1433
1155
0885
0656
0496
0389
0326
0262
0192
0115
0058
0031
0011
0002
0013
0036
0061
0090
0122
0151
0183
0219
0267
0326
0416
0505
0588
0665
0747
0801
0862
0917
0949
0967
0982
0998
1014
1023
1030
1035
1039
1041
1046
1048
1053
1057
1059
1064
1066
1071
1075
1080
1084
1091
1098
1109
1125
1136
1150
1164
1177
1189
1200
1211
1223
1232
1243
1261
1288
1315
1343
1370
1399
1424
1447
1467
1488
1499
1508
1517
1522
1526
1528
1531
1528
1528
1526
1526
1524
1522
1519
1512
1499
1479
1442
1399
1361
1327
1291
1259
1225
1173
1112
1075
1044
1019
0994
0969
0944
0921
0899
0874
0856
0838
0817
0797
0781
0765
0749
0733
0713
0690
0663
0650
0640
0631
0625
0620
0613
0609
0604
0600
0597
0593
0584
0570
0568
0568
0568
0568
0568
0566
0566
0566
0563
0561
0559
0557
0552
0550
0550
0548
0545
0541
0536
0534
0529
0527
0527
0525
0525
0525
0525
0527
0529
0532
0534
0536
0539
0541
0541
0543
0545
0548
0552
0554
0557
0561
0566
0570
0575
0577
0579
0584
0588
0595
0607
0613
0620
0627
0631
0638
0645
0652
0659
0663
0668
0674
0681
0693
0706
0717
0727
0733
0740
0745
0745
0742
0740
0740
0738
0738
0736
0736
0733
0733
0731
0731
0729
0729
0731
0731
0731
0733
0736
0738
0742
0745
0749
0751
0754
0756
0758
0763
0765
0770
0774
0781
0788
0792
0799
0804
0808
0815
0824
0842
0883
0969
1089
1241
1429
1642
1864
2065
2215
2271
2215
2049
1802
1533
1288
1114
1021
0973
0930
0892
0822
0747
0722
0713
0706
0727
0745
0756
0765
0774
0783
0794
0808
0828
0853
0869
0876
0883
0887
0892
0899
0903
0908
0915
0917
0919
0924
0926
0928
0933
0935
0937
0942
0946
0951
0955
0960
0962
0967
0971
0976
0980
0992
1016
1037
1048
1055
1059
1064
1069
1075
1080
1084
1091
1096
1105
1116
1134
1150
1166
1184
1207
1229
1247
1259
1268
1277
1284
1288
1291
1293
1295
1297
1302
1304
1306
1309
1309
1309
1309
1306
1304
1300
1295
1288
1281
1275
1268
1259
1247
1220
1198
1180
1157
1132
1107
1082
1057
1035
1007
0967
0928
0901
0871
0858
0847
0840
0833
0826
0822
0819
0817
0815
0813
0813
0813
0813
0810
0808
0808
0806
0806
0806
0806
0808
0810
0813
0813
0813
0815
0817
0819
0822
0822
0824
0824
0822
0822
0819
0817
0815
0813
0813
0810
0810
0810
0810
0810
0813
0810
0810
0808
0808
0806
0806
0806
0806
0806
0806
0806
0806
0808
0808
0810
0810
0813
0813
0815
0817
0819
0822
0824
0826
0828
0831
0833
0835
0840
0842
0844
0849
0851
0853
0858
0860
0862
0865
0865
0867
0869
0869
0871
0874
0878
0881
0883
0885
0887
0892
0894
0894
0896
0899
0899
0901
0903
0905
0910
0915
0917
0919
0921
0924
0926
0926
0926
0926
0924
0924
0921
0921
0921
0924
0924
0924
0924
0926
0926
0924
0924
0924
0924
0924
0926
0926
0928
0930
0930
0933
0935
0935
0935
0935
0933
0933
0930
0928
0928
0926
0926
0924
0924
0921
0919
0919
0919
0919
0917
0917
0917
0917
0917
0919
0919
0919
0919
0921
0921
0921
0924
0926
0928
0930
0935
0942
0949
0955
0962
0969
0973
0978
0980
0982
0985
0987
0989
0992
0994
0998
1001
1003
1003
1003
1003
1003
1001
1001
0998
0998
0996
0996
0996
0996
0994
0992
0992
0989
0987
0987
0985
0985
0985
0985
0985
0987
0987
0987
0987
0987
0989
0992
0994
0998
1001
1005
1010
1016
1023
1066
1143
1252
1401
1589
1811
2056
2301
2518
2681
2724
2702
2543
2273
1965
1687
1474
1329
1220
1109
0989
0871
0794
0767
0756
0765
0776
0783
0785
0790
0792
0794
0797
0799
0804
0804
0804
0801
0799
0799
0799
0801
0804
0806
0810
0815
0819
0826
0828
0833
0835
0838
0842
0847
0853
0862
0874
0883
0894
0903
0912
0917
0921
0926
0930
0935
0939
0944
0951
0958
0962
0969
0973
0980
0987
1001
1023
1050
1075
1096
1116
1136
1150
1164
1173
1184
1195
1207
1220
1229
1236
1243
1247
1254
1261
1266
1270
1275
1279
1281
1284
1281
1281
1277
1275
1270
1266
1259
1252
1245
1236
1223
1189
1161
1134
1107
1080
1062
1048
1037
1026
1012
0998
0971
0928
0901
0876
0849
0835
0826
0822
0815
0810
0806
0804
0801
0799
0794
0792
0790
0788
0788
0788
0788
0788
0790
0790
0788
0788
0788
0788
0788
0785
0785
0785
0785
0785
0785
0788
0790
0792
0797
0799
0804
0804
0806
0806
0806
0806
0806
0804
0804
0804
0804
0804
0806
0806
0806
0808
0808
0806
0806
0804
0801
0799
0799
0799
0799
0799
0799
0801
0804
0806
0810
0813
0815
0815
0817
0819
0822
0824
0824
0826
0826
0828
0831
0835
0838
0840
0844
0847
0849
0853
0853
0856
0856
0856
0853
0853
0851
0851
0849
0844
0842
0842
0840
0838
0835
0833
0831
0828
0826
0824
0822
0819
0817
0815
0813
0810
0810
0808
0808
0808
0808
0808
0810
0813
0817
0819
0822
0824
0826
0828
0828
0831
0831
0831
0831
0831
0833
0835
0838
0838
0838
0838
0838
0835
0835
0835
0833
0833
0831
0833
0835
0840
0844
0847
0851
0853
0856
0858
0860
0862
0865
0867
0869
0876
0883
0890
0896
0901
0905
0910
0915
0919
0921
0926
0928
0930
0933
0937
0942
0946
0949
0951
0951
0949
0949
0949
0949
0949
0946
0946
0946
0946
0944
0942
0939
0937
0935
0933
0933
0933
0933
0935
0937
0939
0944
0949
0951
0953
0953
0955
0955
0955
0958
0960
0964
0967
0971
0978
0982
0985
0989
0996
1005
1021
1080
1189
1340
1535
1768
2024
2285
2525
2708
2792
2790
2690
2486
2224
1936
1664
1440
1275
1157
1055
0962
0876
0842
0833
0828
0824
0824
0824
0824
0831
0840
0849
0856
0860
0865
0869
0871
0876
0881
0885
0890
0894
0899
0903
0905
0910
0910
0910
0910
0910
0912
0915
0917
0919
0921
0926
0930
0937
0942
0946
0951
0955
0960
0964
0969
0976
0985
0994
1005
1014
1021
1030
1041
1055
1066
1080
1093
1114
1136
1157
1173
1184
1195
1209
1225
1238
1250
1261
1270
1281
1293
1302
1309
1315
1322
1329
1334
1338
1340
1340
1340
1338
1336
1331
1327
1320
1313
1306
1288
1275
1263
1245
1220
1191
1164
1143
1127
1107
1082
1046
1014
0992
0976
0960
0942
0921
0905
0892
0878
0869
0856
0842
0822
0790
0767
0761
0756
0751
0749
0749
0749
0754
0758
0765
0770
0774
0779
0785
0790
0794
0799
0799
0801
0801
0801
0801
0801
0801
0804
0806
0808
0810
0810
0808
0806
0806
0804
0804
0801
0801
0799
0801
0801
0804
0806
0808
0808
0810
0813
0813
0815
0813
0808
0801
0794
0788
0783
0776
0772
0767
0763
0761
0761
0761
0761
0765
0770
0774
0781
0785
0790
0792
0794
0799
0804
0808
0813
0815
0819
0822
0824
0824
0824
0824
0822
0822
0819
0819
0817
0815
0815
0815
0817
0817
0815
0813
0810
0813
0817
0822
0824
0824
0826
0828
0831
0833
0835
0835
0835
0835
0835
0835
0831
0828
0824
0822
0819
0817
0815
0813
0813
0810
0810
0808
0808
0806
0804
0801
0801
0801
0799
0799
0799
0799
0799
0799
0801
0801
0804
0804
0806
0808
0813
0815
0817
0819
0822
0824
0828
0831
0835
0838
0840
0842
0844
0847
0851
0851
0853
0856
0860
0862
0862
0865
0867
0869
0869
0874
0876
0878
0883
0887
0899
0908
0915
0919
0921
0926
0926
0919
0917
0915
0912
0912
0910
0908
0908
0905
0903
0903
0901
0901
0901
0903
0905
0908
0910
0912
0917
0919
0921
0924
0926
0928
0935
0942
0949
0953
0960
0964
0971
0978
0985
0994
1005
1028
1066
1143
1259
1417
1614
1841
2083
2317
2498
2582
2534
2351
2065
1748
1458
1247
1114
1037
0985
0946
0905
0869
0842
0826
0810
0794
0779
0774
0770
0765
0763
0770
0783
0790
0794
0797
0799
0804
0806
0808
0813
0815
0817
0822
0822
0824
0826
0826
0828
0831
0833
0840
0847
0856
0865
0874
0885
0896
0908
0919
0928
0937
0946
0953
0958
0964
0971
0978
0985
0996
1012
1032
1048
1059
1071
1082
1093
1100
1107
1114
1123
1132
1141
1150
1166
1189
1207
1223
1236
1250
1266
1275
1279
1286
1291
1295
1300
1302
1304
1304
1304
1304
1304
1302
1300
1295
1293
1286
1281
1275
1268
1254
1227
1202
1168
1130
1105
1089
1071
1055
1035
1010
0992
0978
0969
0958
0937
0917
0896
0874
0856
0844
0838
0831
0826
0824
0819
0815
0815
0815
0817
0819
0824
0826
0828
0831
0833
0838
0840
0842
0844
0847
0849
0849
0851
0851
0851
0851
0851
0851
0851
0851
0849
0849
0849
0849
0849
0849
0847
0847
0844
0844
0842
0842
0838
0835
0833
0831
0828
0828
0828
0826
0826
0826
0826
0826
0826
0826
0826
0826
0826
0824
0826
0826
0826
0826
0828
0828
0828
0828
0831
0831
0828
0828
0828
0828
0828
0828
0828
0828
0828
0826
0826
0826
0826
0828
0828
0828
0828
0828
0831
0831
0833
0835
0835
0835
0838
0840
0842
0842
0844
0844
0844
0847
0847
0849
0849
0849
0849
0851
0851
0851
0851
0851
0849
0849
0849
0847
0847
0847
0844
0844
0844
0842
0842
0840
0840
0838
0838
0838
0838
0835
0835
0835
0838
0838
0838
0838
0838
0838
0838
0835
0835
0835
0833
0833
0833
0835
0838
0840
0840
0842
0844
0847
0847
0847
0849
0849
0851
0853
0858
0862
0869
0876
0885
0896
0905
0915
0921
0926
0928
0930
0930
0933
0935
0935
0935
0935
0937
0937
0937
0939
0939
0937
0937
0933
0933
0930
0928
0928
0926
0924
0924
0924
0926
0928
0933
0935
0937
0939
0942
0946
0949
0953
0955
0960
0969
0980
0992
1001
1005
1010
1016
1030
1055
1096
1170
1272
1406
1562
1734
1907
2063
2165
2199
2163
2056
1857
1633
1413
1245
1139
1062
1016
0973
0937
0919
0903
0903
0912
0919
0924
0926
0930
0935
0939
0946
0953
0964
0978
0998
1010
1012
1019
1026
1005
0992
0982
0973
0969
0969
0978
0992
1003
1012
1021
1030
1039
1046
1055
1062
1066
1071
1078
1082
1089
1093
1098
1103
1109
1114
1121
1127
1132
1139
1146
1155
1164
1173
1180
1186
1193
1202
1211
1223
1234
1245
1257
1266
1275
1284
1291
1297
1304
1311
1318
1322
1329
1334
1338
1343
1345
1345
1343
1338
1331
1322
1313
1304
1291
1277
1263
1254
1241
1225
1200
1177
1148
1112
1078
1053
1026
1001
0978
0960
0944
0928
0917
0901
0887
0871
0849
0824
0801
0781
0765
0751
0740
0738
0733
0731
0729
0727
0724
0722
0722
0722
0720
0720
0720
0722
0722
0724
0724
0722
0722
0722
0722
0722
0722
0722
0724
0724
0727
0729
0731
0733
0736
0736
0736
0733
0733
0733
0733
0731
0731
0731
0731
0733
0736
0738
0738
0736
0731
0729
0729
0727
0722
0720
0715
0713
0713
0711
0711
0708
0711
0711
0713
0713
0715
0717
0722
0724
0727
0729
0729
0729
0729
0731
0731
0731
0733
0733
0738
0740
0742
0745
0747
0749
0749
0747
0747
0747
0745
0742
0742
0742
0745
0745
0747
0749
0749
0751
0754
0756
0758
0758
0758
0758
0758
0758
0758
0758
0761
0761
0763
0763
0763
0765
0765
0767
0770
0770
0770
0767
0765
0763
0761
0758
0756
0754
0751
0751
0751
0751
0754
0756
0761
0765
0770
0772
0774
0776
0779
0783
0785
0790
0792
0797
0801
0806
0810
0813
0815
0817
0817
0819
0819
0822
0822
0824
0826
0831
0833
0835
0838
0840
0840
0840
0840
0842
0844
0847
0851
0853
0856
0860
0862
0867
0871
0876
0878
0883
0890
0896
0901
0901
0896
0887
0876
0869
0865
0858
0853
0847
0838
0831
0826
0822
0817
0817
0815
0815
0817
0822
0824
0826
0828
0831
0835
0838
0842
0844
0849
0856
0862
0871
0881
0887
0899
0915
0967
1044
1148
1284
1447
1630
1821
1997
2140
2203
2196
2095
1877
1612
1363
1175
1062
0992
0949
0878
0799
0733
0708
0702
0706
0711
0717
0720
0724
0727
0733
0745
0754
0758
0763
0765
0767
0770
0767
0767
0770
0772
0774
0779
0781
0781
0781
0783
0783
0783
0783
0785
0785
0788
0792
0797
0801
0806
0810
0815
0822
0833
0858
0881
0899
0910
0919
0924
0933
0939
0949
0953
0955
0962
0978
1014
1048
1071
1091
1100
1107
1114
1123
1132
1143
1152
1164
1180
1204
1225
1245
1254
1261
1268
1272
1279
1284
1288
1291
1293
1295
1297
1297
1297
1295
1293
1288
1286
1284
1279
1275
1270
1266
1257
1247
1234
1207
1186
1168
1143
1107
1069
1028
1007
0998
0992
0987
0982
0980
0980
0980
0980
0985
0987
0994
0998
1005
1010
1016
1019
1021
1023
1028
1030
1030
1032
1032
1032
1032
1035
1035
1035
1035
1032
1030
1030
1028
1026
1026
1023
1021
1021
1019
1019
1021
1021
1021
1021
1021
1023
1023
1023
1023
1023
1023
1023
1023
1023
1026
1026
1026
1026
1026
1028
1028
1028
1028
1028
1026
1026
1026
1023
1023
1021
1021
1019
1016
1016
1016
1014
1014
1012
1012
1010
1007
1007
1005
1003
1001
0998
0998
0998
0998
0998
0996
0994
0994
0992
0992
0992
0992
0992
0992
0992
0994
0994
0994
0992
0992
0989
0989
0987
0987
0985
0985
0982
0982
0985
0985
0982
0980
0980
0978
0976
0973
0971
0969
0967
0964
0964
0962
0960
0958
0953
0949
0949
0949
0953
0958
0962
0964
0967
0969
0973
0976
0978
0980
0982
0985
0987
0989
0992
0994
0996
0998
1001
1005
1010
1012
1016
1019
1021
1023
1026
1028
1030
1032
1035
1037
1039
1044
1048
1050
1053
1053
1055
1055
1057
1057
1057
1055
1055
1055
1057
1057
1059
1057
1057
1055
1055
1055
1053
1048
1046
1041
1039
1039
1037
1035
1032
1028
1026
1023
1019
1014
1010
1003
0998
0994
0989
0987
0985
0985
0985
0985
0987
0989
0992
0994
0996
0998
1005
1012
1021
1066
1155
1279
1447
1660
1911
2178
2441
2663
2799
2810
2733
2511
2217
1911
1642
1431
1268
1123
0985
0862
0792
0781
0772
0765
0758
0754
0751
0749
0745
0742
0740
0738
0738
0738
0740
0740
0738
0738
0738
0740
0742
0747
0751
0756
0758
0763
0765
0767
0770
0774
0776
0779
0785
0792
0799
0808
0815
0824
0828
0835
0840
0847
0851
0856
0860
0865
0869
0876
0883
0887
0894
0903
0912
0919
0930
0944
0958
0971
0989
1014
1048
1073
1098
1123
1155
1180
1198
1214
1229
1245
1266
1291
1311
1331
1349
1358
1361
1363
1365
1365
1368
1368
1368
1365
1358
1352
1343
1334
1318
1302
1288
1272
1254
1238
1218
1193
1166
1136
1109
1080
1048
1019
0987
0955
0928
0910
0892
0878
0869
0858
0844
0828
0819
0810
0801
0794
0790
0785
0783
0781
0781
0779
0779
0779
0776
0774
0772
0770
0765
0763
0761
0756
0754
0749
0747
0742
0740
0740
0738
0733
0731
0727
0724
0722
0720
0715
0713
0711
0711
0713
0715
0720
0722
0724
0724
0727
0727
0729
0729
0727
0727
0727
0727
0729
0731
0733
0736
0738
0742
0745
0747
0751
0751
0754
0754
0756
0758
0761
0765
0767
0770
0770
0767
0767
0765
0761
0758
0754
0747
0742
0738
0733
0731
0727
0724
0724
0722
0722
0720
0720
0717
0713
0711
0708
0706
0706
0708
0708
0713
0715
0720
0722
0727
0729
0729
0729
0731
0731
0733
0733
0736
0738
0740
0742
0742
0745
0745
0747
0749
0749
0751
0758
0765
0758
0747
0742
0736
0731
0729
0727
0731
0738
0745
0751
0754
0756
0761
0763
0767
0770
0772
0774
0779
0781
0783
0783
0783
0783
0781
0781
0781
0781
0783
0785
0785
0788
0792
0794
0797
0799
0799
0799
0797
0797
0799
0799
0799
0801
0806
0808
0813
0817
0819
0819
0819
0817
0817
0815
0813
0810
0808
0804
0801
0799
0797
0788
0790
0813
0826
0838
0847
0853
0856
0858
0856
0853
0851
0847
0840
0828
0822
0828
0842
0851
0856
0860
0865
0869
0874
0878
0883
0892
0903
0944
1050
1209
1411
1655
1927
2203
2457
2647
2713
2702
2561
2317
2031
1766
1556
1404
1279
1139
0971
0813
0688
0652
0640
0670
0690
0699
0708
0717
0724
0729
0733
0738
0742
0745
0747
0749
0749
0747
0747
0749
0751
0754
0756
0761
0765
0770
0774
0779
0781
0783
0788
0792
0801
0813
0822
0828
0838
0842
0849
0856
0862
0869
0876
0883
0892
0903
0919
0939
0960
0978
0989
1001
1012
1021
1028
1035
1046
1059
1073
1091
1112
1134
1157
1177
1200
1223
1243
1259
1277
1291
1304
1320
1336
1354
1363
1370
1377
1381
1386
1388
1390
1390
1388
1386
1383
1379
1374
1368
1361
1349
1336
1320
1304
1272
1227
1191
1161
1132
1103
1073
1044
1021
1007
0994
0980
0967
0955
0944
0935
0924
0917
0908
0896
0890
0883
0878
0876
0874
0869
0867
0865
0865
0862
0862
0862
0862
0862
0862
0862
0865
0865
0865
0862
0862
0865
0865
0865
0867
0867
0869
0871
0871
0874
0874
0871
0871
0869
0867
0865
0865
0865
0865
0867
0867
0869
0871
0874
0876
0876
0876
0876
0876
0876
0883
0887
0887
0874
0860
0851
0847
0842
0838
0831
0824
0819
0815
0810
0808
0804
0801
0799
0799
0799
0799
0797
0797
0794
0792
0790
0785
0783
0779
0776
0774
0772
0770
0770
0770
0772
0772
0774
0774
0774
0774
0774
0774
0774
0774
0772
0772
0772
0772
0774
0774
0776
0776
0776
0779
0779
0779
0779
0776
0774
0772
0770
0767
0765
0763
0761
0756
0754
0749
0747
0745
0740
0738
0733
0731
0729
0727
0727
0729
0731
0733
0736
0740
0745
0749
0754
0758
0761
0765
0767
0772
0776
0779
0783
0785
0790
0792
0794
0797
0799
0801
0804
0806
0808
0810
0813
0815
0817
0822
0826
0831
0835
0840
0849
0860
0867
0874
0881
0883
0885
0885
0885
0885
0885
0885
0885
0885
0885
0885
0887
0887
0890
0890
0892
0892
0894
0896
0899
0901
0903
0905
0908
0912
0917
0919
0924
0926
0930
0935
0942
0946
0951
0953
0955
0960
0962
0967
0973
0982
1005
1055
1157
1306
1508
1759
2045
2344
2613
2813
2860
2835
2654
2364
2038
1741
1503
1324
1184
1066
0953
0853
0756
0727
0711
0724
0767
0792
0804
0808
0810
0810
0813
0813
0815
0817
0822
0824
0828
0833
0838
0842
0849
0853
0858
0862
0867
0871
0878
0883
0887
0892
0896
0901
0903
0908
0910
0910
0912
0915
0919
0921
0926
0930
0937
0944
0951
0960
0969
0978
0989
1003
1026
1046
1064
1078
1089
1098
1109
1116
1125
1134
1146
1161
1180
1200
1218
1234
1250
1268
1284
1295
1306
1315
1324
1329
1334
1336
1338
1340
1340
1343
1343
1345
1347
1349
1352
1349
1343
1327
1309
1284
1247
1211
1175
1139
1116
1093
1071
1044
1016
0989
0964
0939
0915
0878
0858
0844
0833
0824
0817
0808
0801
0794
0790
0785
0781
0776
0772
0770
0765
0763
0761
0758
0756
0754
0754
0756
0758
0761
0765
0770
0776
0783
0790
0794
0801
0806
0810
0815
0819
0822
0826
0831
0833
0835
0838
0840
0842
0844
0847
0849
0851
0853
0853
0856
0856
0858
0858
0858
0858
0858
0858
0858
0858
0856
0856
0856
0856
0853
0853
0851
0851
0851
0851
0851
0851
0851
0853
0853
0853
0853
0853
0851
0851
0851
0851
0851
0851
0851
0851
0851
0851
0851
0851
0849
0847
0844
0842
0842
0842
0842
0842
0844
0847
0849
0851
0853
0856
0858
0860
0860
0862
0865
0867
0869
0871
0876
0878
0883
0887
0890
0894
0896
0899
0903
0903
0905
0908
0908
0908
0908
0908
0908
0905
0905
0905
0905
0905
0905
0908
0910
0910
0912
0912
0912
0910
0910
0910
0908
0905
0903
0901
0901
0901
0901
0903
0903
0903
0903
0903
0903
0903
0903
0903
0903
0903
0903
0903
0905
0905
0908
0908
0910
0912
0915
0915
0917
0919
0919
0919
0919
0919
0921
0921
0919
0919
0919
0919
0917
0917
0917
0915
0915
0915
0912
0910
0908
0908
0905
0903
0901
0899
0896
0896
0899
0901
0903
0905
0908
0910
0910
0912
0915
0917
0919
0921
0926
0930
0937
0944
0949
0955
0964
0980
1032
1132
1275
1465
1691
1938
2185
2400
2554
2577
2541
2341
2047
1725
1445
1243
1118
1037
0982
0924
0862
0817
0792
0774
0767
0772
0781
0790
0797
0801
0806
0810
0815
0819
0824
0831
0833
0838
0840
0842
0844
0847
0849
0849
0851
0856
0858
0865
0869
0874
0878
0885
0892
0899
0903
0910
0917
0921
0928
0937
0946
0953
0962
0971
0978
0985
0992
1001
1010
1021
1039
1057
1071
1084
1096
1105
1114
1123
1134
1143
1157
1170
1189
1209
1232
1250
1266
1279
1293
1306
1318
1327
1336
1345
1352
1356
1361
1365
1370
1372
1374
1377
1381
1386
1390
1392
1395
1392
1386
1374
1358
1331
1281
1241
1211
1182
1155
1127
1103
1080
1062
1044
1028
1007
0985
0953
0933
0919
0910
0899
0885
0871
0862
0856
0849
0844
0840
0835
0831
0828
0826
0824
0824
0822
0822
0822
0822
0824
0826
0828
0831
0833
0838
0840
0842
0844
0847
0847
0847
0849
0851
0853
0853
0853
0851
0849
0847
0844
0840
0835
0828
0824
0819
0817
0815
0813
0810
0808
0806
0804
0804
0801
0801
0799
0799
0799
0799
0801
0801
0804
0806
0810
0813
0815
0819
0822
0824
0828
0828
0831
0833
0833
0833
0835
0835
0838
0840
0842
0844
0849
0853
0856
0858
0860
0860
0862
0862
0862
0865
0865
0867
0869
0871
0874
0876
0878
0881
0881
0883
0883
0883
0885
0885
0885
0885
0885
0883
0883
0883
0883
0883
0881
0881
0878
0876
0876
0874
0874
0871
0871
0869
0869
0867
0867
0867
0865
0862
0862
0860
0858
0858
0856
0853
0851
0849
0849
0849
0851
0851
0849
0849
0847
0847
0844
0844
0842
0840
0840
0840
0840
0840
0842
0842
0842
0844
0844
0844
0847
0849
0849
0853
0856
0860
0867
0871
0878
0883
0890
0894
0896
0901
0905
0910
0917
0921
0926
0930
0933
0930
0930
0926
0924
0919
0917
0915
0910
0905
0903
0899
0896
0894
0894
0892
0892
0890
0890
0890
0890
0890
0892
0892
0892
0894
0896
0899
0901
0903
0908
0912
0917
0919
0926
0933
0953
0998
1071
1166
1295
1456
1642
1839
2036
2208
2314
2326
2269
2086
1832
1569
1336
1164
1048
0969
0896
0813
0779
0761
0747
0747
0756
0761
0765
0765
0767
0770
0774
0779
0785
0794
0804
0813
0824
0840
0856
0869
0881
0887
0894
0899
0903
0908
0912
0915
0919
0919
0924
0928
0933
0937
0942
0949
0958
0967
0978
0989
1003
1014
1023
1030
1039
1046
1050
1055
1062
1069
1073
1080
1084
1091
1098
1114
1146
1175
1193
1207
1216
1225
1236
1245
1254
1263
1275
1293
1309
1324
1334
1338
1345
1349
1354
1356
1358
1361
1361
1361
1358
1356
1354
1349
1345
1338
1331
1320
1300
1275
1257
1245
1232
1216
1198
1164
1118
1082
1055
1035
1012
0978
0942
0912
0894
0883
0874
0858
0842
0833
0824
0815
0808
0799
0794
0788
0783
0779
0774
0772
0770
0767
0765
0765
0763
0761
0756
0754
0754
0751
0751
0751
0751
0754
0756
0761
0763
0765
0770
0770
0772
0774
0774
0774
0774
0776
0776
0779
0781
0783
0781
0776
0767
0761
0754
0751
0747
0742
0740
0736
0733
0731
0729
0727
0724
0722
0722
0722
0722
0720
0720
0720
0722
0722
0722
0722
0722
0722
0724
0724
0724
0724
0724
0724
0724
0727
0727
0729
0729
0731
0733
0736
0738
0740
0742
0742
0745
0745
0747
0747
0749
0749
0751
0754
0756
0758
0761
0763
0763
0763
0763
0763
0763
0763
0763
0763
0763
0763
0765
0765
0767
0767
0767
0770
0770
0770
0772
0772
0772
0772
0772
0772
0774
0774
0774
0774
0774
0774
0776
0776
0779
0779
0779
0781
0783
0788
0790
0794
0797
0799
0804
0806
0808
0810
0815
0819
0822
0824
0826
0828
0831
0831
0833
0835
0835
0838
0838
0838
0840
0844
0847
0849
0851
0851
0856
0858
0862
0867
0871
0874
0885
0896
0903
0908
0912
0915
0917
0919
0921
0924
0924
0919
0912
0905
0903
0899
0894
0892
0887
0883
0881
0878
0876
0876
0876
0878
0883
0887
0892
0896
0901
0905
0910
0915
0919
0924
0930
0937
0946
0955
0962
0969
0973
0978
0985
0996
1041
1141
1288
1479
1707
1963
2235
2493
2695
2763
2745
2577
2301
1984
1689
1469
1324
1225
1132
1028
0928
0847
0808
0794
0792
0801
0819
0826
0831
0835
0838
0838
0838
0838
0840
0842
0844
0849
0853
0856
0858
0862
0865
0869
0871
0874
0876
0878
0881
0885
0890
0896
0901
0908
0915
0919
0926
0933
0939
0946
0953
0960
0967
0976
0982
0992
0998
1005
1012
1023
1032
1044
1057
1069
1078
1089
1098
1107
1116
1123
1132
1146
1168
1191
1211
1227
1245
1263
1281
1302
1313
1320
1324
1329
1331
1334
1336
1336
1338
1338
1338
1336
1334
1329
1322
1318
1309
1300
1284
1266
1247
1232
1220
1211
1200
1191
1182
1161
1130
1100
1069
1037
1001
0969
0946
0921
0908
0894
0885
0871
0860
0847
0835
0822
0810
0804
0804
0804
0804
0801
0801
0801
0801
0799
0799
0799
0799
0799
0799
0799
0799
0801
0801
0804
0808
0810
0813
0817
0819
0822
0824
0826
0828
0831
0833
0833
0835
0835
0838
0840
0840
0842
0842
0842
0844
0844
0844
0844
0844
0842
0842
0842
0840
0840
0838
0835
0835
0833
0833
0833
0831
0831
0828
0826
0824
0822
0819
0817
0817
0815
0813
0813
0810
0810
0810
0808
0808
0808
0808
0806
0806
0804
0804
0804
0804
0806
0808
0810
0815
0817
0819
0822
0824
0824
0826
0824
0824
0824
0826
0828
0831
0835
0840
0844
0847
0849
0851
0851
0849
0847
0844
0840
0838
0835
0831
0826
0822
0813
0804
0806
0813
0824
0828
0833
0840
0842
0847
0847
0847
0844
0840
0838
0831
0819
0819
0835
0847
0853
0862
0867
0871
0871
0869
0869
0867
0862
0858
0849
0842
0851
0869
0876
0881
0883
0885
0887
0890
0892
0896
0899
0901
0903
0905
0910
0912
0915
0917
0919
0919
0921
0924
0926
0928
0928
0930
0933
0935
0937
0939
0942
0944
0949
0951
0953
0951
0951
0949
0946
0946
0944
0942
0939
0939
0939
0939
0942
0942
0944
0944
0946
0946
0946
0946
0946
0944
0944
0946
0949
0953
0955
0962
0967
0973
0980
0987
0998
1014
1071
1166
1302
1485
1705
1952
2210
2452
2652
2760
2765
2683
2457
2158
1836
1551
1334
1180
1073
0989
0908
0826
0792
0781
0774
0770
0767
0767
0770
0779
0788
0794
0799
0804
0808
0815
0817
0819
0822
0824
0828
0833
0838
0840
0842
0842
0844
0844
0844
0847
0849
0851
0856
0865
0878
0890
0901
0908
0912
0917
0919
0924
0928
0933
0937
0942
0949
0955
0962
0969
0978
0987
0998
1007
1014
1023
1032
1044
1062
1075
1089
1103
1121
1143
1166
1182
1200
1218
1232
1241
1247
1257
1263
1272
1281
1291
1297
1302
1309
1313
1318
1322
1324
1324
1322
1322
1320
1315
1311
1304
1297
1286
1263
1241
1209
1166
1125
1096
1066
1039
1010
0980
0958
0939
0926
0917
0908
0899
0890
0881
0869
0858
0844
0833
0819
0808
0797
0788
0781
0776
0774
0772
0767
0765
0763
0761
0758
0754
0754
0751
0754
0754
0758
0761
0765
0770
0772
0776
0779
0781
0783
0783
0783
0783
0783
0785
0788
0790
0792
0794
0799
0799
0801
0801
0799
0799
0797
0794
0792
0792
0790
0788
0788
0788
0785
0783
0781
0779
0776
0774
0772
0770
0767
0765
0765
0765
0765
0763
0763
0761
0758
0761
0765
0772
0779
0785
0788
0790
0794
0797
0801
0806
0810
0815
0819
0822
0826
0831
0833
0835
0835
0838
0838
0840
0840
0844
0847
0849
0853
0858
0862
0867
0871
0874
0876
0878
0881
0881
0883
0887
0890
0892
0894
0896
0901
0905
0912
0919
0921
0924
0924
0924
0921
0921
0921
0919
0919
0917
0915
0915
0912
0915
0917
0919
0921
0926
0930
0935
0937
0939
0939
0939
0942
0944
0944
0946
0949
0951
0953
0958
0964
0969
0971
0976
0976
0978
0980
0982
0985
0987
0989
0994
0996
1001
1005
1007
1010
1012
1012
1014
1014
1014
1014
1012
1012
1012
1012
1012
1012
1010
1007
1005
1003
1001
0998
0994
0992
0987
0985
0985
0982
0980
0980
0978
0976
0976
0973
0971
0969
0969
0967
0964
0964
0964
0962
0964
0967
0967
0969
0971
0976
0980
0985
0989
0996
1003
1014
1066
1164
1306
1492
1714
1968
2233
2482
2688
2781
2776
2659
2409
2104
1793
1531
1329
1204
1112
1028
0937
0853
0810
0790
0781
0772
0767
0765
0767
0776
0788
0799
0806
0813
0819
0826
0835
0840
0847
0851
0856
0858
0862
0865
0867
0869
0871
0874
0876
0878
0883
0885
0890
0894
0899
0901
0905
0908
0910
0915
0919
0921
0926
0933
0939
0946
0953
0960
0967
0973
0978
0985
0992
0998
1007
1023
1039
1053
1066
1082
1096
1109
1123
1139
1157
1182
1209
1229
1243
1257
1275
1293
1302
1309
1318
1324
1331
1336
1340
1343
1343
1343
1343
1340
1338
1331
1327
1318
1309
1300
1284
1247
1229
1207
1170
1141
1123
1105
1084
1064
1037
1010
0980
0951
0924
0903
0883
0862
0844
0828
0815
0804
0797
0788
0783
0781
0779
0776
0776
0774
0774
0772
0772
0772
0772
0772
0772
0774
0774
0776
0781
0783
0785
0788
0790
0792
0794
0797
0799
0799
0801
0801
0801
0804
0806
0808
0810
0810
0813
0815
0815
0813
0813
0810
0808
0808
0808
0808
0810
0810
0810
0810
0813
0813
0810
0806
0804
0806
0808
0808
0810
0810
0813
0815
0817
0819
0822
0822
0819
0819
0817
0815
0815
0815
0815
0815
0815
0817
0822
0824
0826
0828
0828
0831
0831
0831
0831
0831
0831
0831
0833
0835
0838
0838
0840
0842
0844
0844
0844
0844
0844
0844
0842
0844
0844
0842
0842
0840
0840
0840
0840
0840
0838
0838
0838
0838
0838
0838
0838
0835
0835
0835
0838
0838
0838
0838
0838
0840
0842
0844
0847
0849
0849
0849
0851
0853
0856
0858
0858
0860
0860
0862
0862
0865
0865
0865
0867
0869
0871
0874
0876
0878
0881
0881
0883
0883
0885
0883
0883
0885
0885
0887
0890
0892
0894
0899
0903
0908
0912
0917
0919
0924
0930
0935
0937
0942
0949
0953
0958
0960
0964
0967
0967
0967
0964
0962
0958
0953
0949
0944
0942
0937
0933
0928
0921
0919
0915
0912
0910
0910
0910
0912
0915
0917
0919
0921
0924
0930
0935
0939
0946
0953
0962
0969
0973
0980
0989
1021
1098
1218
1383
1585
1809
2036
2237
2398
2475
2471
2360
2124
1830
1535
1291
1116
1014
0969
0937
0901
0862
0840
0833
0833
0833
0831
0828
0828
0826
0826
0824
0824
0824
0824
0824
0828
0833
0838
0842
0844
0849
0851
0853
0856
0858
0858
0860
0865
0869
0874
0881
0885
0890
0894
0899
0903
0908
0910
0912
0915
0919
0919
0924
0930
0935
0942
0949
0955
0960
0967
0973
0978
0985
0994
1003
1012
1021
1028
1035
1044
1055
1071
1089
1109
1136
1164
1193
1211
1223
1234
1243
1250
1254
1259
1266
1275
1291
1309
1320
1329
1336
1338
1334
1320
1304
1288
1266
1250
1238
1229
1220
1209
1200
1186
1166
1132
1098
1059
1016
0973
0930
0892
0862
0840
0817
0801
0790
0779
0767
0758
0745
0731
0720
0708
0704
0699
0695
0693
0688
0686
0686
0684
0684
0684
0684
0688
0690
0695
0697
0702
0704
0708
0713
0717
0722
0729
0733
0740
0745
0749
0751
0754
0754
0754
0754
0756
0758
0761
0763
0765
0765
0765
0763
0761
0758
0751
0747
0749
0754
0756
0761
0763
0767
0770
0770
0770
0770
0767
0767
0765
0763
0758
0756
0756
0754
0754
0754
0756
0761
0765
0772
0779
0783
0788
0790
0794
0799
0804
0810
0815
0819
0822
0824
0826
0828
0831
0831
0831
0831
0831
0831
0833
0833
0835
0838
0840
0842
0844
0849
0851
0856
0858
0860
0865
0869
0874
0878
0883
0887
0892
0896
0901
0905
0908
0910
0912
0912
0915
0917
0919
0919
0921
0921
0924
0924
0926
0926
0926
0928
0928
0928
0930
0933
0935
0935
0937
0937
0939
0939
0939
0939
0939
0939
0942
0942
0942
0944
0944
0946
0946
0949
0951
0953
0955
0955
0958
0962
0967
0971
0973
0976
0976
0973
0973
0973
0973
0971
0967
0964
0973
0989
0996
1003
1010
1014
1016
1021
1026
1030
1032
1032
1030
1028
1023
1019
1012
1007
1001
0996
0992
0987
0985
0982
