1535
1505
1474
1454
1454
1464
1481
1547
1704
1880
2009
2053
2031
1960
1811
1655
1483
1281
1070
0897
0843
0826
0880
1046
1219
1371
1447
1479
1493
1505
1515
1525
1532
1540
1547
1552
1559
1564
1569
1574
1579
1584
1591
1596
1603
1611
1618
1628
1635
1642
1650
1657
1664
1672
1682
1691
1704
1713
1723
1730
1740
1748
1755
1765
1772
1779
1792
1806
1823
1840
1858
1875
1889
1902
1914
1926
1938
1946
1953
1958
1960
1960
1958
1953
1948
1941
1933
1924
1914
1899
1875
1848
1818
1787
1752
1716
1682
1652
1642
1635
1630
1628
1623
1618
1615
1611
1608
1606
1606
1606
1608
1611
1615
1620
1623
1628
1630
1630
1630
1630
1630
1628
1628
1628
1628
1628
1630
1630
1633
1633
1630
1628
1625
1625
1625
1628
1630
1633
1635
1640
1645
1652
1660
1667
1674
1684
1704
1728
1740
1752
1760
1772
1784
1796
1801
1794
1777
1755
1728
1689
1640
1603
1574
1552
1540
1532
1530
1527
1525
1525
1520
1518
1515
1510
1510
1508
1508
1508
1508
1508
1508
1508
1510
1513
1515
1518
1523
1530
1540
1549
1559
1571
1601
1686
1838
2016
2173
2224
2202
2136
1968
1774
1576
1361
1144
0946
0843
0809
0855
0995
1168
1325
1435
1510
1549
1562
1571
1581
1589
1593
1596
1596
1601
1606
1611
1618
1623
1628
1630
1635
1640
1645
1650
1655
1660
1664
1669
1674
1679
1684
1691
1699
1706
1713
1718
1723
1730
1738
1743
1750
1757
1767
1779
1796
1814
1828
1840
1853
1862
1872
1880
1887
1894
1902
1906
1911
1914
1916
1914
1914
1911
1906
1902
1897
1887
1877
1862
1850
1831
1796
1760
1721
1689
1660
1635
1620
1611
1603
1598
1596
1596
1593
1591
1589
1589
1586
1586
1589
1589
1589
1589
1589
1591
1591
1593
1593
1591
1591
1591
1591
1593
1593
1596
1596
1596
1596
1596
1596
1596
1598
1598
1603
1608
1613
1618
1623
1630
1637
1645
1652
1657
1664
1672
1684
1699
1711
1721
1721
1716
1704
1691
1674
1657
1637
1611
1586
1562
1537
1518
1508
1498
1491
1486
1481
1476
1471
1469
1466
1466
1464
1464
1464
1466
1466
1466
1466
1464
1464
1466
1469
1474
1479
1483
1491
1496
1503
1510
1520
1581
1711
1853
1933
1958
1921
1811
1637
1439
1222
1002
0809
0677
0633
0652
0711
0875
1065
1239
1369
1442
1466
1474
1481
1486
1493
1498
1501
1503
1503
1505
1508
1508
1508
1508
1510
1513
1515
1518
1520
1525
1530
1535
1542
1547
1549
1554
1557
1562
1569
1576
1586
1598
1615
1635
1652
1669
1682
1694
1706
1718
1728
1738
1748
1757
1767
1779
1792
1801
1814
1823
1833
1843
1853
1862
1867
1870
1867
1860
1850
1838
1823
1804
1779
1738
1701
1672
1647
1623
1598
1569
1535
1520
1508
1498
1491
1483
1476
1471
1466
1464
1461
1457
1454
1452
1447
1444
1442
1439
1439
1437
1435
1435
1435
1435
1435
1435
1435
1435
1435
1432
1430
1427
1427
1427
1427
1432
1435
1442
1447
1457
1466
1476
1483
1491
1498
1505
1513
1520
1532
1542
1552
1559
1564
1564
1559
1552
1542
1530
1518
1501
1483
1459
1437
1425
1415
1408
1403
1398
1393
1391
1388
1386
1383
1381
1378
1381
1383
1388
1391
1393
1398
1400
1405
1410
1415
1420
1425
1432
1444
1457
1469
1481
1508
1596
1730
1909
2109
2249
2293
2214
1975
1547
1061
0655
0459
0452
0608
0867
1107
1285
1398
1444
1493
1525
1549
1569
1581
1589
1596
1596
1596
1598
1598
1598
1601
1603
1603
1606
1608
1611
1613
1618
1620
1623
1625
1628
1633
1635
1640
1647
1652
1662
1669
1679
1689
1699
1706
1718
1728
1738
1748
1757
1767
1777
1792
1804
1818
1828
1836
1840
1843
1845
1848
1850
1850
1855
1858
1862
1865
1867
1870
1872
1872
1867
1862
1853
1840
1826
1811
1792
1750
1708
1672
1640
1615
1596
1586
1581
1574
1569
1567
1564
1562
1557
1554
1552
1549
1549
1549
1549
1549
1552
1552
1554
1554
1557
1562
1562
1564
1564
1564
1564
1564
1564
1567
1567
1569
1571
1576
1579
1581
1584
1586
1589
1593
1596
1603
1608
1613
1618
1628
1655
1679
1691
1696
1701
1708
1716
1721
1723
1713
1689
1660
1635
1611
1586
1564
1542
1523
1513
1508
1501
1496
1488
1483
1479
1476
1471
1466
1464
1461
1459
1459
1457
1457
1457
1457
1459
1461
1464
1466
1469
1474
1481
1486
1491
1501
1508
1562
1679
1860
2085
2310
2410
2386
2148
1669
1105
0616
0386
0376
0557
0848
1100
1271
1354
1395
1422
1442
1464
1483
1496
1505
1513
1518
1523
1527
1532
1537
1542
1547
1552
1557
1562
1569
1576
1581
1586
1591
1596
1598
1603
1608
1613
1618
1623
1630
1637
1645
1650
1657
1667
1674
1682
1689
1694
1701
1708
1716
1726
1735
1745
1752
1760
1770
1774
1782
1787
1789
1794
1799
1806
1814
1818
1823
1821
1814
1801
1787
1770
1748
1711
1677
1645
1618
1596
1571
1549
1530
1515
1503
1496
1488
1481
1476
1469
1464
1459
1452
1447
1442
1442
1439
1437
1432
1430
1425
1422
1420
1417
1417
1413
1410
1408
1405
1405
1403
1403
1400
1398
1398
1398
1400
1403
1405
1408
1410
1415
1420
1427
1435
1442
1449
1459
1471
1501
1527
1549
1569
1584
1596
1611
1620
1625
1623
1615
1603
1593
1576
1547
1523
1496
1469
1442
1432
1427
1422
1417
1413
1410
1408
1405
1405
1403
1400
1400
1398
1398
1398
1395
1393
1393
1393
1393
1393
1395
1398
1400
1405
1410
1415
1422
1427
1474
1596
1782
2014
2251
2408
2408
2256
1845
1312
0809
0484
0405
0550
0806
1063
1256
1361
1400
1435
1452
1464
1471
1479
1486
1491
1498
1503
1508
1513
1518
1525
1532
1537
1545
1552
1557
1567
1576
1586
1596
1601
1608
1615
1625
1633
1640
1647
1655
1662
1674
1686
1708
1730
1755
1770
1779
1787
1794
1799
1806
1811
1816
1821
1826
1833
1843
1853
1870
1889
1911
1926
1941
1950
1960
1965
1960
1953
1941
1926
1911
1889
1862
1836
1801
1765
1730
1706
1689
1677
1664
1660
1655
1650
1645
1642
1637
1633
1628
1620
1615
1608
1606
1601
1596
1596
1593
1591
1589
1586
1586
1586
1589
1593
1598
1606
1613
1618
1625
1635
1645
1652
1655
1655
1655
1652
1655
1655
1655
1657
1657
1660
1660
1664
1672
1679
1689
1701
1726
1750
1765
1777
1787
1794
1794
1789
1779
1765
1743
1706
1669
1625
1601
1593
1584
1576
1571
1567
1562
1557
1552
1547
1542
1537
1532
1525
1518
1510
1508
1505
1503
1498
1496
1491
1486
1483
1483
1481
1483
1483
1486
1491
1496
1503
1535
1615
1757
1958
2192
2405
2503
2386
2016
1469
0880
0413
0195
0261
0542
0865
1131
1303
1376
1398
1413
1430
1444
1459
1479
1498
1515
1530
1537
1547
1552
1554
1554
1557
1557
1559
1559
1559
1562
1562
1564
1567
1569
1569
1574
1576
1581
1589
1596
1601
1608
1618
1628
1637
1647
1657
1667
1674
1684
1691
1699
1706
1713
1716
1721
1726
1730
1738
1748
1760
1770
1779
1787
1799
1806
1806
1796
1779
1767
1750
1735
1726
1716
1696
1662
1633
1611
1589
1562
1537
1508
1488
1471
1457
1442
1430
1425
1420
1417
1413
1410
1408
1405
1403
1403
1400
1400
1398
1395
1395
1393
1393
1393
1391
1393
1395
1398
1400
1405
1408
1410
1413
1417
1420
1425
1427
1430
1437
1444
1452
1459
1464
1469
1474
1479
1483
1491
1501
1513
1530
1552
1579
1598
1613
1625
1633
1633
1623
1611
1593
1562
1527
1493
1459
1439
1435
1432
1430
1430
1427
1427
1425
1425
1425
1425
1425
1425
1427
1430
1435
1437
1437
1439
1442
1442
1444
1447
1449
1454
1459
1466
1483
1501
1549
1630
1748
1894
2063
2217
2298
2224
1941
1469
0921
0459
0244
0237
0403
0711
1024
1266
1408
1461
1479
1491
1501
1510
1532
1567
1591
1601
1608
1615
1620
1623
1625
1630
1633
1635
1637
1640
1642
1645
1650
1652
1660
1664
1669
1677
1682
1691
1699
1708
1713
1718
1723
1730
1738
1750
1765
1779
1794
1811
1831
1845
1860
1870
1877
1880
1884
1887
1889
1894
1899
1904
1911
1919
1931
1948
1960
1968
1975
1985
1982
1960
1931
1889
1848
1811
1782
1750
1721
1691
1667
1650
1633
1613
1581
1554
1540
1530
1527
1527
1527
1527
1527
1527
1527
1527
1527
1527
1530
1535
1540
1545
1549
1557
1564
1567
1562
1549
1540
1532
1525
1518
1510
1505
1503
1505
1510
1520
1530
1540
1549
1567
1581
1593
1601
1608
1615
1625
1633
1637
1642
1645
1645
1647
1650
1652
1633
1598
1567
1540
1508
1483
1464
1439
1427
1420
1413
1408
1405
1403
1400
1400
1403
1405
1408
1410
1415
1417
1420
1422
1427
1430
1432
1435
1439
1442
1444
1449
1452
1454
1461
1491
1564
1686
1862
2075
2273
2386
2332
2063
1606
1073
0608
0405
0403
0591
0870
1107
1251
1317
1354
1408
1464
1520
1540
1549
1552
1554
1554
1557
1557
1559
1559
1562
1564
1567
1569
1574
1579
1584
1589
1601
1615
1635
1645
1652
1657
1662
1667
1669
1674
1677
1682
1684
1686
1689
1691
1694
1696
1701
1704
1711
1728
1740
1752
1760
1765
1770
1774
1782
1787
1794
1799
1806
1811
1818
1826
1831
1833
1833
1833
1828
1823
1814
1799
1770
1740
1708
1684
1667
1647
1630
1613
1591
1584
1579
1576
1571
1569
1569
1567
1567
1564
1564
1562
1559
1557
1557
1554
1554
1552
1549
1547
1542
1540
1537
1532
1520
1508
1503
1498
1496
1493
1491
1486
1483
1483
1488
1493
1503
1510
1520
1530
1545
1557
1569
1581
1593
1601
1611
1618
1623
1625
1628
1633
1637
1642
1635
1620
1598
1567
1535
1498
1466
1447
1435
1427
1422
1420
1417
1413
1410
1403
1393
1386
1376
1371
1364
1359
1354
1351
1347
1342
1337
1334
1332
1329
1327
1325
1322
1320
1312
1307
1315
1332
1381
1498
1682
1916
2161
2324
2322
2151
1708
1156
0642
0305
0210
0334
0584
0833
1034
1161
1227
1266
1288
1300
1310
1322
1334
1349
1371
1400
1417
1427
1432
1437
1439
1442
1442
1442
1439
1435
1430
1425
1420
1410
1403
1398
1400
1410
1425
1452
1486
1496
1503
1505
1510
1513
1518
1523
1525
1530
1535
1545
1562
1596
1615
1623
1630
1637
1642
1650
1657
1662
1669
1679
1691
1701
1708
1711
1716
1723
1728
1730
1726
1716
1704
1686
1662
1645
1620
1589
1557
1532
1513
1493
1479
1466
1454
1444
1437
1432
1427
1422
1420
1417
1415
1413
1408
1405
1408
1413
1417
1422
1427
1432
1435
1435
1435
1430
1425
1417
1410
1403
1403
1413
1425
1437
1452
1466
1479
1498
1520
1542
1564
1586
1601
1623
1650
1677
1694
1701
1704
1708
1711
1711
1706
1696
1682
1660
1620
1586
1545
1510
1488
1476
1471
1469
1466
1466
1466
1464
1464
1461
1461
1459
1459
1459
1459
1459
1461
1464
1464
1466
1466
1469
1471
1474
1476
1479
1483
1488
1493
1503
1515
1540
1615
1772
1992
2246
2459
2537
2393
2002
1449
0889
0496
0381
0540
0831
1100
1281
1369
1410
1439
1476
1518
1559
1579
1589
1596
1598
1603
1608
1613
1618
1623
1630
1635
1640
1647
1652
1662
1672
1679
1686
1691
1699
1704
1708
1713
1718
1721
1723
1726
1728
1733
1738
1748
1779
1806
1818
1826
1833
1838
1843
1848
1853
1860
1865
1872
1882
1894
1911
1933
1955
1980
1999
2009
2016
2024
2021
2004
1980
1946
1914
1872
1845
1831
1821
1811
1804
1799
1792
1779
1750
1726
1708
1696
1686
1679
1674
1672
1667
1664
1660
1657
1655
1652
1652
1652
1652
1650
1650
1652
1650
1650
1647
1645
1642
1640
1637
1637
1637
1635
1635
1633
1630
1628
1623
1618
1615
1613
1618
1625
1637
1652
1672
1689
1699
1708
1713
1721
1726
1728
1728
1726
1721
1713
1706
1691
1660
1625
1593
1557
1510
1479
1461
1447
1437
1430
1425
1422
1422
1420
1417
1417
1415
1415
1415
1415
1415
1413
1413
1413
1413
1413
1415
1417
1420
1425
1432
1437
1444
1452
1469
1513
1596
1733
1904
2078
2200
2202
2087
1730
1227
0694
0278
0090
0158
0422
0760
1070
1281
1356
1381
1395
1408
1417
1425
1430
1435
1439
1442
1447
1449
1454
1457
1461
1464
1466
1471
1476
1483
1488
1493
1501
1508
1513
1518
1525
1530
1535
1540
1542
1545
1552
1559
1574
1603
1623
1630
1635
1640
1645
1647
1652
1655
1660
1664
1672
1686
1716
1738
1750
1760
1767
1774
1782
1787
1792
1796
1799
1796
1789
1777
1760
1728
1682
1642
1611
1589
1557
1527
1505
1481
1469
1464
1459
1454
1449
1447
1444
1444
1442
1442
1439
1437
1437
1437
1437
1435
1435
1435
1435
1435
1435
1435
1435
1432
1432
1432
1430
1432
1435
1439
1444
1452
1457
1461
1469
1474
1481
1488
1498
1510
1523
1535
1549
1562
1569
1569
1569
1571
1571
1571
1571
1574
1574
1569
1562
1552
1535
1501
1471
1457
1447
1437
1432
1430
1427
1425
1425
1422
1420
1417
1415
1413
1415
1415
1417
1417
1420
1422
1425
1430
1435
1439
1444
1449
1461
1474
1483
1491
1501
1540
1623
1745
1884
2024
2114
2107
1987
1655
1185
0701
0337
0195
0317
0611
0933
1193
1361
1432
1459
1479
1503
1540
1559
1569
1576
1581
1586
1591
1596
1598
1603
1608
1615
1620
1625
1630
1635
1640
1645
1650
1652
1657
1664
1669
1677
1682
1689
1694
1699
1704
1706
1711
1716
1718
1723
1726
1730
1738
1743
1752
1770
1782
1794
1804
1816
1831
1850
1870
1887
1897
1899
1902
1902
1904
1904
1904
1906
1904
1902
1897
1889
1880
1858
1826
1799
1767
1733
1696
1669
1652
1637
1628
1625
1620
1618
1615
1613
1613
1611
1611
1611
1608
1608
1606
1603
1601
1598
1596
1596
1593
1591
1591
1589
1586
1584
1581
1579
1576
1574
1576
1579
1584
1591
1596
1598
1606
1611
1618
1625
1633
1637
1642
1647
1655
1662
1669
1677
1682
1682
1677
1667
1655
1637
1613
1591
1569
1547
1527
1520
1515
1513
1508
1505
1503
1503
1501
1498
1493
1491
1488
1486
1483
1479
1474
1469
1461
1449
1439
1435
1430
1425
1420
1415
1413
1415
1425
1444
1503
1613
1772
1968
2170
2334
2390
2258
1914
1415
0899
0515
0352
0422
0657
0931
1136
1259
1320
1359
1391
1415
1432
1442
1452
1461
1471
1481
1491
1496
1503
1508
1513
1518
1523
1527
1530
1532
1535
1540
1542
1545
1547
1549
1554
1559
1562
1567
1571
1574
1576
1584
1593
1603
1615
1623
1630
1637
1645
1655
1664
1674
1684
1689
1694
1699
1704
1708
1713
1718
1723
1728
1733
1738
1743
1748
1752
1760
1765
1770
1767
1765
1757
1748
1730
1701
1679
1660
1642
1618
1589
1567
1554
1547
1540
1535
1530
1525
1518
1510
1503
1501
1503
1510
1518
1523
1527
1535
1540
1542
1542
1542
1540
1537
1535
1532
1530
1525
1520
1518
1518
1520
1525
1530
1535
1540
1549
1559
1576
1593
1603
1615
1625
1633
1640
1645
1650
1657
1662
1669
1672
1672
1667
1657
1642
1618
1584
1557
1537
1515
1496
1474
1457
1447
1442
1437
1435
1432
1430
1427
1425
1422
1420
1417
1417
1415
1410
1408
1405
1403
1400
1395
1393
1391
1388
1388
1393
1400
1413
1427
1486
1611
1799
2034
2258
2390
2337
2053
1584
1043
0589
0374
0359
0503
0772
1014
1178
1263
1317
1369
1425
1452
1461
1469
1471
1474
1476
1479
1483
1488
1491
1496
1501
1503
1505
1508
1513
1515
1523
1527
1535
1540
1545
1549
1552
1557
1562
1567
1571
1576
1581
1589
1593
1601
1615
1628
1637
1647
1652
1660
1669
1677
1686
1706
1735
1757
1772
1787
1804
1814
1818
1826
1831
1836
1838
1838
1838
1836
1833
1828
1823
1816
1806
1789
1767
1735
1696
1672
1660
1650
1640
1633
1625
1620
1613
1606
1598
1591
1576
1559
1540
1535
1535
1535
1532
1532
1532
1532
1537
1542
1549
1557
1559
1562
1564
1569
1574
1576
1581
1584
1586
1589
1593
1596
1601
1606
1611
1615
1628
1642
1657
1672
1682
1689
1699
1706
1713
1716
1716
1711
1704
1696
1684
1664
1628
1601
1581
1557
1532
1510
1508
1505
1505
1503
1503
1503
1503
1503
1501
1501
1498
1498
1498
1498
1496
1493
1491
1488
1486
1483
1481
1476
1469
1464
1464
1469
1476
1488
1527
1613
1750
1933
2139
2315
2388
2276
1946
1452
0916
0488
0330
0339
0554
0860
1134
1322
1410
1449
1471
1483
1498
1515
1545
1574
1591
1598
1598
1581
1569
1557
1549
1545
1545
1552
1564
1574
1581
1589
1596
1601
1608
1613
1618
1620
1625
1630
1635
1640
1642
1647
1650
1655
1660
1664
1669
1674
1679
1686
1694
1706
1716
1726
1738
1748
1757
1770
1777
1779
1782
1784
1789
1794
1796
1796
1787
1772
1757
1738
1723
1711
1699
1679
1655
1625
1589
1562
1545
1527
1515
1491
1457
1435
1422
1415
1410
1408
1405
1403
1403
1400
1398
1398
1395
1393
1391
1391
1393
1393
1393
1395
1400
1403
1408
1413
1417
1420
1422
1425
1430
1437
1442
1447
1452
1454
1461
1466
1474
1481
1488
1496
1505
1515
1523
1532
1540
1549
1559
1569
1569
1562
1549
1537
1518
1493
1459
1417
1371
1354
1351
1349
1347
1344
1344
1344
1344
1347
1347
1349
1349
1354
1359
1364
1366
1369
1373
1376
1381
1383
1388
1393
1400
1403
1408
1415
1427
1469
1576
1713
1860
1990
2060
2051
1941
1652
1227
0750
0356
0158
0215
0466
0799
1100
1298
1366
1388
1410
1432
1459
1488
1510
1530
1552
1574
1596
1618
1615
1615
1615
1618
1618
1615
1615
1613
1613
1613
1611
1611
1611
1608
1606
1608
1613
1620
1628
1637
1652
1677
1696
1713
1730
1750
1760
1767
1772
1777
1782
1789
1794
1801
1809
1821
1838
1855
1872
1887
1899
1909
1916
1924
1928
1936
1943
1948
1943
1931
1911
1882
1853
1821
1784
1750
1718
1696
1672
1657
1650
1645
1637
1633
1625
1618
1613
1606
1598
1593
1584
1574
1564
1557
1552
1547
1542
1537
1535
1532
1532
1532
1535
1537
1542
1547
1552
1559
1567
1574
1579
1586
1593
1598
1606
1611
1615
1620
1625
1633
1637
1645
1650
1655
1662
1669
1677
1682
1679
1672
1660
1642
1611
1567
1525
1488
1464
1444
1427
1417
1415
1410
1405
1403
1403
1400
1400
1400
1400
1400
1398
1398
1395
1393
1393
1393
1391
1391
1388
1386
1386
1383
1381
1371
1356
1378
1442
1569
1762
2002
2234
2334
2310
2090
1645
1109
0630
0366
0339
0466
0748
1021
1217
1307
1342
1364
1378
1391
1400
1413
1425
1447
1483
1505
1518
1527
1530
1530
1527
1523
1518
1515
1510
1510
1513
1520
1527
1535
1540
1545
1552
1559
1567
1574
1581
1591
1598
1608
1615
1623
1630
1637
1647
1655
1664
1672
1679
1689
1696
1706
1716
1726
1738
1750
1765
1777
1784
1789
1794
1796
1799
1804
1804
1806
1806
1801
1794
1787
1779
1765
1743
1721
1699
1677
1650
1630
1615
1603
1596
1589
1584
1579
1574
1569
1567
1562
1562
1562
1567
1569
1571
1574
1576
1579
1581
1584
1584
1586
1586
1586
1589
1591
1591
1593
1596
1596
1596
1598
1603
1608
1613
1618
1625
1635
1657
1677
1694
1701
1708
1716
1721
1726
1728
1730
1728
1721
1713
1706
1694
1672
1630
1601
1579
1552
1537
1525
1518
1510
1505
1503
1501
1501
1501
1498
1498
1498
1498
1496
1496
1493
1493
1491
1488
1486
1483
1481
1479
1476
1474
1466
1454
1454
1471
1525
1625
1792
2016
2266
2464
2520
2361
1985
1476
0973
0616
0486
0564
0784
1026
1217
1325
1369
1400
1435
1466
1491
1510
1525
1535
1542
1547
1554
1562
1569
1574
1579
1581
1584
1586
1589
1591
1593
1596
1596
1598
1601
1603
1606
1608
1611
1611
1615
1620
1633
1647
1667
1679
1689
1699
1708
1718
1728
1738
1748
1757
1765
1774
1784
1794
1804
1814
1823
1836
1840
1843
1843
1845
1845
1845
1848
1850
1848
1838
1823
1804
1779
1760
1740
1718
1699
1672
1637
1615
1603
1596
1586
1576
1567
1557
1549
1542
1535
1530
1523
1518
1515
1513
1508
1503
1501
1496
1493
1493
1493
1493
1496
1498
1503
1508
1513
1518
1523
1527
1532
1540
1545
1552
1559
1567
1571
1579
1586
1596
1603
1615
1625
1635
1645
1652
1660
1667
1669
1664
1655
1640
1625
1606
1586
1569
1537
1498
1459
1430
1415
1408
1400
1398
1398
1398
1400
1403
1408
1410
1415
1417
1420
1420
1417
1410
1403
1395
1388
1378
1369
1361
1356
1356
1351
1347
1342
1364
1437
1559
1733
1950
2170
2300
2290
2122
1718
1205
0716
0391
0310
0449
0701
0958
1153
1276
1344
1378
1395
1405
1420
1437
1449
1464
1474
1476
1469
1459
1447
1432
1425
1432
1447
1469
1498
1508
1510
1513
1515
1518
1520
1525
1527
1530
1532
1537
1542
1547
1562
1591
1601
1608
1611
1615
1620
1625
1633
1637
1645
1655
1664
1682
1696
1706
1716
1721
1726
1730
1738
1745
1755
1765
1774
1789
1801
1806
1801
1794
1784
1767
1735
1699
1664
1633
1598
1574
1554
1535
1520
1510
1503
1498
1496
1496
1496
1493
1488
1488
1496
1501
1505
1510
1513
1513
1513
1513
1510
1510
1510
1508
1501
1503
1515
1525
1530
1535
1540
1542
1545
1547
1552
1559
1567
1576
1593
1598
1603
1606
1611
1613
1618
1620
1625
1630
1635
1640
1645
1642
1635
1623
1608
1581
1537
1510
1491
1476
1461
1444
1425
1408
1400
1393
1388
1386
1383
1381
1383
1386
1388
1391
1395
1398
1405
1410
1413
1410
1400
1388
1373
1354
1339
1322
1307
1317
1351
1430
1554
1730
1943
2153
2251
2227
1997
1525
0936
0400
0107
0083
0251
0608
0968
1229
1344
1388
1403
1408
1413
1417
1422
1427
1432
1437
1442
1447
1452
1461
1479
1501
1510
1515
1520
1523
1525
1527
1530
1535
1540
1542
1545
1547
1549
1552
1554
1559
1567
1586
1606
1620
1630
1637
1645
1652
1660
1667
1677
1686
1704
1718
1733
1757
1794
1811
1821
1828
1833
1838
1840
1843
1843
1843
1843
1840
1838
1833
1826
1818
1809
1796
1767
1745
1718
1682
1642
1606
1579
1559
1545
1535
1530
1527
1523
1520
1518
1515
1518
1520
1525
1527
1532
1535
1537
1542
1545
1549
1552
1554
1557
1562
1564
1567
1569
1571
1574
1576
1579
1586
1591
1596
1603
1611
1620
1628
1637
1652
1669
1689
1708
1723
1735
1748
1752
1750
1743
1730
1711
1679
1645
1611
1581
1557
1540
1530
1525
1520
1515
1510
1508
1505
1503
1503
1501
1501
1498
1498
1498
1498
1496
1488
1481
1481
1486
1493
1498
1503
1505
1510
1515
1520
1523
1530
1549
1655
1794
1941
2080
2163
2158
2053
1755
1327
0863
0491
0330
0410
0662
0977
1256
1427
1461
1474
1491
1515
1557
1601
1613
1615
1620
1620
1623
1625
1625
1625
1625
1628
1628
1628
1630
1630
1633
1633
1633
1633
1633
1635
1637
1637
1642
1645
1650
1660
1684
1706
1716
1723
1730
1733
1738
1743
1750
1755
1760
1765
1772
1779
1789
1806
1821
1833
1845
1850
1858
1862
1867
1870
1872
1875
1872
1867
1862
1855
1845
1826
1789
1760
1728
1699
1667
1635
1601
1581
1569
1557
1547
1535
1530
1523
1518
1513
1508
1505
1503
1498
1496
1491
1488
1486
1483
1481
1476
1469
1464
1461
1464
1469
1476
1481
1486
1491
1496
1501
1508
1513
1518
1525
1530
1537
1547
1557
1571
1584
1593
1596
1603
1611
1615
1618
1618
1613
1606
1596
1576
1545
1510
1476
1447
1427
1413
1408
1403
1398
1395
1391
1388
1386
1383
1381
1378
1376
1376
1376
1373
1371
1369
1366
1364
1361
1359
1356
1354
1354
1354
1351
1351
1347
1354
1410
1527
1704
1921
2129
2236
2219
2036
1625
1119
0662
0413
0391
0520
0784
1021
1190
1283
1344
1386
1415
1427
1437
1447
1457
1464
1469
1474
1479
1481
1486
1488
1491
1493
1496
1498
1503
1508
1510
1515
1518
1520
1523
1527
1535
1547
1562
1574
1589
1598
1611
1620
1630
1637
1645
1650
1652
1655
1660
1664
1667
1672
1677
1682
1689
1696
1716
1755
1789
1814
1833
1843
1853
1860
1865
1865
1860
1850
1840
1831
1818
1804
1792
1779
1767
1755
1740
1728
1713
1699
1682
1669
1657
1652
1647
1645
1640
1637
1635
1633
1633
1630
1630
1633
1633
1633
1635
1635
1637
1640
1640
1642
1642
1642
1645
1645
1647
1650
1652
1657
1662
1667
1674
1682
1694
1711
1728
1748
1767
1787
1801
1811
1818
1826
1833
1836
1836
1831
1823
1811
1799
1779
1760
1740
1721
1696
1664
1633
1620
1615
1613
1611
1608
1608
1606
1606
1603
1603
1603
1601
1601
1601
1598
1598
1598
1598
1598
1598
1596
1596
1596
1593
1589
1584
1571
1586
1633
1733
1899
2122
2371
2574
2637
2476
2082
1547
1009
0633
0501
0608
0858
1119
1307
1354
1342
1305
1288
1276
1268
1268
1273
1278
1283
1288
1290
1293
1295
1300
1305
1310
1315
1320
1325
1329
1334
1339
1344
1347
1351
1356
1361
1366
1371
1373
1378
1383
1388
1393
1398
1403
1413
1422
1437
1452
1466
1476
1488
1496
1503
1510
1515
1523
1530
1540
1549
1564
1584
1606
1618
1625
1633
1637
1640
1640
1633
1623
1613
1598
1584
1567
1552
1527
1491
1459
1437
1420
1405
1391
1378
1373
1371
1366
1364
1364
1361
1361
1359
1359
1359
1359
1361
1364
1369
1373
1378
1383
1391
1395
1400
1403
1408
1413
1420
1425
1432
1435
1439
1442
1444
1447
1452
1454
1461
1469
1479
1491
1503
1515
1530
1540
1547
1554
1559
1564
1569
1571
1571
1564
1554
1542
1527
1501
1474
1447
1420
1393
1383
1376
1371
1366
1361
1359
1359
1356
1356
1356
1356
1356
1359
1359
1359
1359
1361
1364
1366
1369
1371
1373
1378
1383
1391
1403
1422
1483
1596
1762
1970
2183
2307
2293
2097
1652
1114
0640
0400
0386
0545
0828
1090
1268
1351
1393
1427
1466
1486
1493
1501
1508
1510
1515
1518
1520
1525
1527
1530
1532
1535
1537
1540
1545
1554
1567
1574
1586
1601
1630
1642
1650
1655
1660
1662
1664
1667
1672
1677
1682
1686
1694
1701
1708
1726
1740
1752
1762
1774
1787
1804
1826
1843
1860
1875
1884
1892
1897
1902
1906
1909
1914
1914
1914
1914
1909
1904
1897
1887
1867
1833
1806
1787
1767
1750
1735
1718
1699
1672
1647
1637
1633
1628
1623
1615
1611
1603
1598
1596
1591
1589
1586
1586
1584
1584
1579
1576
1574
1574
1581
1586
1589
1589
1589
1591
1593
1596
1598
1603
1606
1608
1613
1618
1625
1633
1640
1655
1669
1679
1689
1701
1713
1721
1723
1728
1733
1730
1711
1694
1679
1662
1647
1630
1608
1589
1571
1557
1545
1532
1520
1513
1508
1505
1501
1496
1493
1491
1488
1486
1486
1483
1483
1483
1483
1486
1488
1491
1493
1498
1503
1508
1513
1520
1530
1576
1674
1821
2004
2188
2283
2261
2053
1606
1046
0532
0215
0166
0349
0647
0943
1173
1315
1393
1452
1486
1498
1505
1510
1513
1518
1520
1525
1527
1532
1537
1540
1545
1547
1552
1554
1559
1564
1571
1576
1581
1586
1589
1593
1596
1598
1601
1603
1606
1611
1615
1620
1628
1633
1640
1645
1652
1662
1677
1696
1716
1733
1745
1757
1767
1777
1784
1794
1801
1814
1823
1831
1838
1843
1850
1853
1853
1843
1828
1809
1784
1765
1743
1721
1699
1672
1633
1603
1586
1571
1559
1547
1532
1508
1491
1481
1469
1459
1449
1439
1427
1413
1405
1415
1432
1442
1447
1452
1457
1459
1461
1461
1466
1469
1474
1476
1479
1481
1483
1486
1488
1491
1496
1501
1505
1513
1520
1527
1535
1545
1557
1571
1584
1589
1596
1598
1601
1596
1584
1564
1532
1501
1464
1439
1430
1420
1413
1408
1403
1398
1393
1391
1386
1383
1378
1376
1371
1371
1369
1369
1371
1373
1378
1383
1388
1391
1398
1403
1408
1417
1422
1427
1432
1439
1452
1501
1596
1740
1916
2085
2168
2148
1972
1576
1051
0540
0188
0090
0244
0562
0897
1163
1320
1386
1425
1461
1501
1532
1552
1564
1576
1586
1596
1603
1615
1628
1635
1642
1647
1652
1655
1660
1664
1669
1672
1677
1679
1684
1689
1696
1711
1723
1735
1743
1748
1752
1755
1760
1765
1770
1774
1779
1787
1794
1809
1836
1850
1860
1867
1872
1877
1882
1889
1897
1904
1914
1921
1933
1943
1948
1948
1946
1938
1928
1909
1880
1850
1821
1789
1760
1733
1704
1669
1633
1601
1586
1571
1559
1552
1547
1542
1537
1532
1527
1523
1518
1513
1510
1505
1503
1501
1498
1493
1488
1483
1479
1471
1461
1454
1461
1476
1488
1498
1508
1518
1527
1537
1547
1559
1569
1581
1591
1598
1608
1620
1635
1645
1657
1667
1679
1684
1684
1677
1664
1645
1613
1581
1542
1493
1457
1444
1437
1432
1427
1422
1422
1420
1417
1415
1415
1413
1410
1408
1408
1405
1400
1398
1393
1391
1388
1383
1378
1373
1371
1366
1359
1354
1359
1369
1400
1466
1574
1738
1955
2175
2285
2263
2046
1593
1051
0567
0310
0286
0413
0669
0911
1100
1215
1278
1334
1356
1366
1373
1366
1364
1361
1359
1359
1356
1356
1356
1356
1356
1356
1356
1359
1359
1361
1361
1364
1364
1366
1366
1369
1369
1371
1371
1373
1376
1381
1386
1391
1395
1403
1410
1417
1425
1432
1439
1449
1457
1466
1476
1486
1496
1510
1532
1557
1574
1584
1593
1601
1611
1620
1630
1640
1650
1647
1637
1623
1608
1596
1584
1567
1549
1537
1525
1513
1503
1496
1488
1479
1466
1447
1442
1437
1432
1430
1427
1430
1435
1444
1459
1483
1518
1530
1537
1542
1547
1549
1552
1557
1562
1567
1571
1579
1586
1596
1603
1618
1630
1642
1655
1672
1696
1721
1748
1772
1799
1831
1865
1889
1906
1926
1953
1985
2004
2019
2029
2038
2043
2046
2048
2051
2053
2058
2060
2065
2070
2078
2095
2131
2173
2212
2249
2290
2337
2386
2425
2457
2486
2523
2567
2633
2699
2769
2833
2889
2955
3033
3114
3151
3170
3183
3195
3209
3249
3320
3434
3601
3806
3999
4094
4021
3708
3205
2640
2168
1926
1906
2038
2283
2501
2659
2706
2718
2728
2733
2733
2733
2728
2721
2708
2689
2650
2613
2574
2530
2486
2459
2447
2437
2427
2417
2408
2398
2381
2356
2334
2312
2288
2258
2246
2239
2232
2227
2224
2222
2217
2214
2212
2210
2207
2205
2202
2200
2200
2197
2197
2192
2188
2180
2168
2158
2146
2134
2119
2107
2092
2075
2056
2034
2014
1992
1970
1941
1904
1843
1779
1738
1696
1652
1611
1571
1532
1496
1466
1437
1408
1376
1337
1303
1273
1251
1224
1207
1195
1183
1173
1163
1151
1139
1122
1107
1095
1087
1080
1075
1070
1068
1065
1063
1061
1061
1061
1063
1065
1068
1073
1078
1083
1090
1097
1107
1119
1134
1144
1153
1163
1171
1180
1190
1195
1190
1183
1171
1156
1139
1119
1097
1070
1039
1012
0997
0985
0977
0970
0968
0968
0968
0968
0968
0970
0970
0970
0970
0970
0970
0975
0982
0990
0995
0999
1004
1009
1017
1021
1026
1031
1034
1041
1048
1087
1158
1271
1430
1623
1826
1941
1926
1730
1295
0755
0273
0034
0024
0212
0550
0860
1056
1117
1141
1173
1207
1239
1256
1266
1271
1276
1281
1288
1295
1305
1315
1320
1325
1327
1329
1332
1337
1339
1344
1347
1351
1356
1359
1364
1366
1371
1376
1381
1388
1395
1413
1427
1437
1444
1452
1461
1471
1481
1493
1508
1523
1540
1554
1567
1581
1591
1596
1603
1608
1613
1618
1620
1623
1625
1628
1633
1635
1640
1642
1642
1640
1635
1623
1611
1596
1571
1552
1535
1513
1491
1464
1439
1420
1413
1413
1413
1413
1413
1410
1410
1410
1410
1410
1410
1410
1413
1417
1425
1432
1439
1444
1449
1457
1464
1469
1476
1481
1486
1491
1496
1501
1508
1515
1523
1532
1545
1554
1564
1574
1581
1591
1603
1625
1637
1647
1655
1660
1662
1660
1647
1625
1601
1571
1540
1505
1476
1464
1459
1457
1452
1449
1447
1447
1444
1444
1447
1447
1447
1447
1447
1449
1449
1449
1449
1452
1454
1457
1459
1461
1466
1471
1476
1481
1488
1496
1542
1633
1762
1916
2065
2173
2180
2104
1833
1413
0914
0469
0249
0242
0422
0755
1087
1329
1427
1457
1476
1493
1503
1520
1540
1554
1567
1571
1574
1576
1581
1584
1584
1586
1589
1593
1596
1598
1601
1603
1606
1606
1608
1613
1618
1623
1628
1633
1637
1645
1650
1657
1662
1667
1674
1684
1696
1711
1726
1743
1757
1770
1784
1796
1804
1811
1818
1823
1831
1836
1838
1843
1845
1848
1848
1850
1850
1853
1855
1860
1862
1853
1831
1796
1752
1718
1679
1642
1601
1571
1554
1542
1527
1515
1505
1491
1476
1466
1459
1457
1452
1447
1442
1439
1439
1442
1447
1452
1454
1459
1461
1464
1466
1471
1476
1481
1488
1496
1501
1503
1508
1513
1520
1525
1532
1537
1542
1549
1559
1574
1596
1608
1618
1625
1633
1633
1625
1615
1601
1569
1542
1527
1518
1505
1493
1476
1459
1449
1447
1442
1439
1435
1432
1432
1432
1432
1432
1435
1435
1437
1439
1442
1442
1442
1439
1439
1439
1439
1437
1444
1457
1466
1479
1496
1518
1586
1689
1836
2004
2166
2232
2197
1965
1515
0958
0454
0200
0185
0364
0699
1031
1278
1415
1483
1518
1535
1545
1549
1559
1567
1574
1586
1606
1640
1650
1657
1660
1662
1664
1667
1672
1677
1682
1686
1691
1696
1701
1704
1708
1713
1718
1726
1730
1738
1743
1748
1752
1760
1765
1774
1787
1799
1809
1818
1828
1836
1843
1850
1858
1867
1877
1889
1911
1933
1948
1960
1970
1975
1977
1980
1985
1990
1987
1970
1953
1938
1924
1909
1887
1848
1814
1787
1765
1740
1706
1669
1630
1601
1586
1576
1574
1571
1571
1571
1569
1569
1569
1569
1569
1571
1571
1571
1574
1576
1576
1579
1581
1581
1584
1584
1586
1589
1589
1591
1593
1596
1596
1598
1603
1608
1613
1625
1645
1672
1689
1699
1708
1716
1721
1723
1718
1711
1699
1686
1660
1618
1589
1554
1525
1493
1479
1471
1466
1461
1457
1454
1449
1449
1447
1447
1444
1444
1444
1447
1447
1447
1447
1444
1444
1442
1442
1442
1442
1442
1444
1444
1449
1452
1469
1518
1625
1801
2016
2227
2349
2295
2014
1545
1014
0586
0430
0440
0638
0897
1119
1266
1342
1391
1444
1505
1530
1545
1554
1557
1545
1535
1527
1520
1518
1523
1527
1535
1542
1547
1549
1557
1564
1571
1579
1589
1596
1608
1620
1623
1625
1625
1628
1628
1630
1635
1640
1647
1652
1660
1667
1672
1674
1679
1684
1689
1694
1699
1706
1716
1723
1740
1765
1782
1789
1794
1799
1801
1804
1806
1806
1806
1804
1801
1796
1792
1784
1767
1738
1713
1696
1677
1657
1625
1596
1574
1552
1535
1523
1513
1510
1508
1503
1501
1498
1503
1515
1525
1535
1540
1532
1520
1513
1508
1503
1498
1493
1493
1493
1496
1501
1505
1510
1515
1523
1530
1537
1547
1559
1569
1576
1586
1593
1596
1601
1603
1606
1606
1606
1603
1601
1596
1593
1586
1574
1545
1515
1479
1457
1447
1439
1435
1430
1425
1417
1413
1408
1403
1398
1393
1386
1376
1366
1364
1359
1356
1351
1347
1342
1339
1344
1349
1359
1364
1371
1376
1386
1395
1408
1427
1501
1635
1826
2043
2236
2332
2244
1938
1459
0929
0508
0347
0349
0525
0794
1046
1219
1307
1351
1391
1427
1447
1457
1464
1471
1476
1483
1488
1496
1501
1505
1510
1518
1523
1527
1530
1535
1540
1545
1547
1552
1557
1562
1569
1576
1586
1593
1598
1606
1613
1618
1625
1633
1640
1650
1657
1667
1677
1686
1696
1706
1716
1726
1738
1748
1760
1772
1789
1809
1831
1843
1853
1860
1867
1870
1875
1877
1882
1889
1892
1887
1872
1855
1836
1814
1784
1745
1711
1689
1672
1660
1645
1630
1611
1603
1598
1596
1596
1591
1589
1586
1584
1584
1581
1579
1576
1576
1579
1579
1581
1581
1584
1586
1589
1593
1596
1596
1598
1601
1606
1611
1620
1633
1642
1655
1664
1677
1689
1699
1706
1713
1718
1723
1728
1730
1730
1728
1718
1706
1684
1652
1623
1596
1567
1545
1523
1503
1491
1481
1474
1466
1464
1464
1461
1459
1459
1457
1457
1454
1454
1452
1452
1452
1452
1454
1454
1457
1459
1461
1466
1469
1471
1474
1488
1557
1667
1828
2026
2227
2361
2359
2222
1836
1322
0811
0454
0344
0469
0726
0999
1222
1361
1437
1476
1488
1493
1501
1508
1515
1523
1537
1559
1576
1584
1589
1591
1593
1593
1596
1596
1598
1598
1601
1601
1603
1606
1608
1611
1611
1613
1615
1618
1623
1628
1630
1635
1640
1650
1662
1674
1686
1696
1708
1716
1726
1738
1750
1762
1777
1789
1806
1821
1828
1836
1838
1840
1845
1848
1853
1855
1855
1853
1848
1840
1831
1814
1779
1745
1713
1682
1650
1620
1593
1567
1547
1525
1508
1491
1476
1464
1452
1439
1430
1425
1420
1417
1415
1415
1413
1410
1410
1408
1408
1408
1408
1410
1413
1415
1417
1422
1427
1432
1439
1447
1454
1464
1479
1488
1498
1505
1513
1520
1530
1540
1552
1562
1571
1584
1591
1591
1584
1571
1552
1523
1496
1466
1439
1405
1381
1366
1356
1351
1349
1347
1347
1344
1344
1342
1342
1339
1339
1337
1337
1337
1337
1337
1337
1337
1339
1342
1342
1344
1347
1351
1356
1361
1366
1373
1415
1503
1635
1804
1980
2117
2119
1992
1618
1102
0559
0151
0000
0117
0413
0757
1056
1244
1322
1386
1405
1417
1427
1435
1439
1444
1449
1452
1457
1461
1466
1471
1476
1481
1483
1488
1493
1498
1503
1508
1513
1515
1523
1530
1540
1557
1569
1576
1581
1586
1591
1596
1608
1618
1630
1642
1657
1669
1684
1704
1728
1745
1757
1767
1779
1794
1806
1818
1828
1838
1845
1848
1850
1853
1855
1860
1862
1865
1862
1853
1840
1818
1784
1748
1708
1664
1628
1601
1579
1552
1535
1523
1513
1505
1503
1501
1498
1496
1496
1496
1493
1493
1491
1491
1488
1488
1486
1486
1488
1488
1491
1493
1496
1501
1505
1508
1513
1518
1523
1532
1545
1554
1564
1581
1606
1625
1635
1645
1650
1655
1657
1660
1664
1669
1672
1667
1655
1642
1628
1613
1591
1557
1510
1481
1461
1452
1447
1444
1442
1442
1442
1439
1439
1439
1439
1439
1439
1437
1437
1435
1432
1432
1435
1435
1437
1439
1442
1449
1454
1459
1466
1476
1488
1547
1669
1831
2004
2136
2146
2058
1735
1271
0765
0364
0229
0242
0449
0743
1024
1237
1364
1439
1483
1513
1525
1535
1549
1562
1571
1579
1584
1591
1596
1598
1603
1606
1606
1608
1611
1613
1615
1615
1618
1620
1623
1625
1630
1635
1642
1652
1660
1667
1674
1682
1689
1696
1701
1706
1713
1726
1745
1770
1796
1821
1838
1848
1855
1860
1865
1870
1875
1882
1887
1894
1902
1909
1916
1924
1924
1919
1911
1904
1887
1858
1826
1796
1770
1748
1726
1696
1662
1633
1598
1579
1567
1557
1554
1552
1549
1549
1549
1549
1547
1547
1547
1545
1545
1545
1545
1545
1547
1547
1549
1552
1554
1557
1559
1562
1567
1571
1574
1581
1593
1603
1618
1633
1645
1657
1669
1677
1682
1686
1691
1694
1694
1694
1691
1684
1677
1667
1647
1611
1581
1547
1513
1481
1459
1444
1437
1435
1432
1432
1432
1430
1427
1427
1427
1427
1427
1427
1427
1427
1430
1430
1432
1432
1432
1432
1435
1437
1439
1447
1452
1483
1545
1640
1777
1948
2136
2293
2344
2214
1880
1395
0889
0498
0322
0396
0638
0926
1183
1349
1425
1469
1488
1498
1505
1510
1515
1523
1530
1537
1542
1547
1552
1557
1559
1564
1567
1571
1574
1579
1581
1586
1591
1593
1596
1596
1598
1601
1606
1608
1611
1613
1615
1620
1625
1628
1633
1637
1642
1652
1674
1694
1713
1728
1738
1745
1750
1752
1757
1762
1770
1779
1789
1801
1818
1828
1833
1833
1836
1840
1838
1816
1794
1772
1755
1740
1728
1713
1696
1677
1652
1633
1608
1576
1547
1527
1515
1510
1510
1508
1505
1505
1505
1505
1503
1501
1501
1498
1498
1498
1498
1498
1501
1503
1505
1508
1510
1510
1513
1515
1518
1520
1523
1525
1530
1537
1549
1562
1574
1593
1623
1640
1652
1660
1664
1667
1667
1662
1655
1645
1633
1608
1571
1545
1523
1505
1481
1452
1437
1432
1427
1422
1420
1417
1417
1415
1415
1413
1413
1410
1410
1408
1408
1408
1408
1405
1403
1403
1400
1400
1400
1398
1393
1383
1398
1444
1525
1652
1838
2056
2258
2378
2324
2053
1593
1058
0606
0376
0356
0496
0762
1026
1232
1349
1417
1452
1464
1469
1474
1479
1481
1483
1486
1491
1493
1498
1501
1505
1508
1513
1518
1525
1542
1557
1571
1576
1581
1584
1586
1589
1589
1591
1593
1596
1596
1598
1601
1603
1603
1606
1608
1611
1615
1620
1628
1645
1662
1679
1696
1713
1728
1740
1752
1767
1779
1794
1801
1809
1816
1821
1823
1823
1823
1818
1814
1806
1794
1782
1755
1733
1704
1669
1635
1603
1574
1540
1523
1518
1513
1508
1505
1503
1501
1501
1498
1498
1498
1496
1496
1496
1496
1498
1501
1501
1503
1508
1510
1515
1518
1520
1525
1527
1532
1537
1545
1549
1557
1559
1564
1569
1574
1584
1596
1615
1635
1655
1669
1682
1691
1696
1696
1686
1669
1645
1608
1584
1562
1542
1518
1496
1474
1464
1457
1452
1447
1442
1439
1435
1432
1432
1432
1430
1430
1430
1432
1432
1432
1430
1430
1427
1427
1425
1425
1427
1430
1432
1437
1442
1464
1530
1642
1804
2002
2207
2339
2329
2156
1730
1183
0669
0349
0298
0479
0770
1056
1273
1378
1422
1452
1493
1520
1532
1542
1549
1552
1554
1557
1557
1557
1559
1559
1562
1562
1562
1564
1567
1569
1571
1576
1584
1591
1596
1601
1608
1615
1623
1630
1635
1640
1645
1650
1655
1662
1672
1679
1689
1699
1708
1716
1728
1738
1748
1757
1765
1772
1782
1789
1799
1809
1823
1836
1840
1845
1850
1855
1860
1860
1850
1838
1816
1782
1745
1711
1682
1652
1625
1596
1571
1557
1542
1530
1523
1518
1515
1510
1508
1505
1501
1498
1493
1491
1491
1488
1486
1486
1486
1483
1483
1479
1474
1471
1469
1471
1479
1488
1496
1505
1513
1523
1535
1542
1549
1554
1562
1571
1586
1596
1606
1615
1620
1625
1630
1633
1630
1625
1615
1606
1593
1571
1552
1535
1515
1488
1474
1464
1454
1449
1442
1437
1435
1430
1427
1425
1422
1420
1417
1415
1413
1410
1408
1405
1405
1405
1405
1408
1408
1413
1415
1420
1425
1432
1469
1552
1674
1823
1972
2090
2146
2095
1899
1554
1107
0662
0337
0215
0312
0552
0826
1053
1210
1295
1359
1413
1444
1479
1510
1532
1547
1559
1574
1581
1586
1591
1593
1596
1596
1598
1601
1603
1606
1608
1611
1613
1613
1615
1618
1623
1625
1630
1635
1642
1650
1657
1667
1674
1684
1699
1718
1735
1748
1762
1777
1789
1804
1816
1828
1843
1858
1872
1889
1902
1914
1924
1931
1936
1941
1941
1936
1928
1921
1909
1889
1870
1845
1811
1772
1735
1706
1682
1655
1630
1613
1598
1591
1581
1571
1562
1547
1535
1527
1520
1518
1513
1508
1505
1505
1503
1503
1503
1503
1505
1508
1510
1515
1520
1525
1532
1537
1542
1549
1557
1564
1571
1579
1589
1601
1620
1635
1647
1655
1662
1669
1674
1677
1674
1669
1660
1650
1630
1598
1574
1542
1518
1501
1488
1479
1474
1471
1469
1466
1466
1464
1464
1461
1461
1461
1461
1459
1459
1459
1459
1461
1461
1461
1461
1464
1466
1469
1471
1474
1476
1481
1483
1510
1581
1696
1855
2029
2183
2251
2163
1882
1437
0931
0506
0347
0356
0559
0836
1092
1281
1383
1447
1488
1515
1527
1537
1545
1552
1557
1564
1569
1576
1581
1586
1591
1593
1596
1596
1596
1596
1598
1598
1601
1603
1606
1608
1608
1611
1611
1611
1613
1615
1618
1620
1623
1625
1630
1642
1657
1674
1696
1721
1738
1748
1752
1760
1765
1767
1772
1774
1777
1782
1784
1787
1792
1796
1804
1816
1823
1818
1804
1787
1767
1752
1735
1711
1679
1642
1606
1584
1559
1542
1527
1510
1491
1481
1476
1471
1469
1466
1464
1461
1459
1454
1452
1449
1447
1444
1442
1439
1439
1437
1435
1432
1427
1422
1420
1417
1420
1427
1437
1449
1464
1493
1515
1532
1547
1557
1567
1574
1584
1591
1596
1601
1606
1608
1608
1606
1601
1596
1584
1564
1527
1493
1457
1437
1427
1420
1413
1408
1403
1398
1395
1393
1391
1388
1388
1386
1383
1383
1381
1378
1376
1373
1371
1371
1371
1373
1373
1376
1378
1386
1391
1398
1405
1415
1461
1579
1750
1963
2168
2293
2241
1970
1508
0980
0542
0354
0352
0523
0792
1041
1224
1317
1366
1400
1425
1444
1459
1469
1476
1483
1491
1498
1503
1508
1513
1515
1520
1523
1527
1532
1535
1540
1545
1552
1557
1559
1564
1571
1576
1581
1589
1593
1596
1598
1606
1613
1620
1630
1642
1652
1662
1672
1682
1691
1701
1706
1713
1721
1728
1738
1748
1760
1770
1779
1787
1794
1801
1806
1806
1806
1801
1794
1787
1777
1765
1738
1718
1699
1684
1664
1647
1625
1601
1584
1564
1545
1520
1513
1508
1503
1501
1498
1496
1493
1493
1491
1491
1491
1488
1486
1486
1486
1488
1488
1491
1493
1493
1496
1498
1501
1503
1505
1508
1508
1513
1515
1520
1532
1549
1569
1589
1601
1613
1623
1630
1635
1642
1650
1657
1655
1647
1635
1613
1584
1559
1540
1520
1498
1476
1464
1457
1454
1449
1447
1442
1439
1439
1439
1439
1439
1439
1439
1442
1442
1442
1439
1437
1437
1435
1439
1444
1449
1454
1459
1464
1471
1481
1501
1559
1674
1838
2024
2205
2280
2251
2026
1589
1068
0598
0361
0344
0496
0779
1043
1234
1322
1364
1422
1486
1525
1535
1542
1549
1552
1557
1562
1569
1574
1581
1586
1593
1598
1603
1608
1613
1620
1625
1633
1640
1645
1652
1660
1667
1672
1677
1682
1686
1691
1696
1701
1708
1713
1721
1728
1735
1745
1755
1762
1770
1779
1792
1814
1831
1845
1858
1870
1882
1892
1899
1904
1909
1914
1914
1909
1902
1892
1880
1867
1845
1831
1818
1799
1767
1723
1684
1655
1637
1618
1596
1586
1574
1564
1557
1549
1545
1540
1535
1532
1527
1525
1523
1518
1518
1518
1518
1518
1518
1518
1523
1525
1530
1535
1542
1547
1552
1559
1567
1576
1584
1591
1596
1603
1611
1620
1630
1640
1650
1655
1662
1667
1674
1679
1684
1686
1682
1674
1664
1652
1637
1611
1593
1574
1554
1530
1513
1503
1493
1486
1479
1474
1469
1464
1461
1459
1457
1454
1452
1449
1449
1449
1447
1447
1447
1449
1452
1454
1459
1464
1471
1476
1483
1501
1545
1618
1735
1897
2085
2249
2324
2239
1948
1481
0951
0506
0312
0312
0498
0818
1124
1334
1408
1430
1442
1457
1466
1481
1510
1547
1559
1562
1564
1567
1567
1567
1569
1571
1574
1576
1579
1581
1584
1584
1586
1586
1589
1591
1596
1596
1601
1608
1618
1625
1635
1645
1655
1667
1677
1689
1696
1704
1711
1718
1723
1730
1738
1745
1755
1765
1782
1804
1826
1845
1860
1875
1887
1899
1909
1916
1916
1906
1892
1875
1853
1828
1799
1760
1723
1686
1660
1637
1613
1591
1569
1549
1535
1520
1515
1513
1513
1513
1513
1510
1513
1513
1513
1513
1513
1513
1513
1510
1513
1513
1510
1510
1510
1510
1513
1515
1515
1515
1515
1518
1520
1520
1523
1525
1527
1530
1537
1547
1559
1576
1589
1601
1611
1620
1625
1630
1637
1647
1645
1628
1603
1571
1542
1520
1503
1476
1447
1432
1425
1417
1413
1410
1408
1405
1405
1405
1403
1403
1403
1403
1400
1400
1395
1393
1393
1393
1395
1400
1405
1410
1417
1425
1432
1444
1474
1571
1696
1831
1958
2060
2075
2046
1838
1481
1012
0547
0205
0068
0141
0369
0686
0990
1222
1354
1427
1469
1501
1523
1532
1540
1542
1547
1547
1549
1552
1552
1552
1552
1552
1552
1552
1552
1554
1554
1557
1559
1562
1564
1564
1569
1574
1579
1589
1611
1640
1662
1677
1691
1699
1706
1713
1721
1733
1743
1752
1765
1779
1801
1828
1867
1892
1906
1916
1926
1936
1943
1948
1955
1963
1968
1970
1970
1970
1963
1955
1943
1902
1850
1789
1755
1723
1689
1652
1608
1574
1554
1537
1525
1515
1505
1493
1486
1483
1483
1483
1483
1483
1481
1486
1491
1496
1498
1498
1501
1503
1505
1510
1513
1518
1520
1525
1527
1532
1535
1540
1545
1549
1557
1562
1567
1574
1581
1591
1601
1618
1630
1637
1645
1652
1657
1655
1645
1628
1598
1562
1525
1488
1461
1439
1420
1410
1405
1400
1398
1395
1393
1393
1393
1395
1395
1398
1400
1403
1405
1408
1413
1415
1417
1420
1417
1413
1408
1400
1393
1378
1371
1376
1398
1459
1576
1728
1897
2046
2097
2070
1872
1496
1021
0574
0290
0237
0398
0672
0955
1183
1317
1383
1420
1444
1459
1469
1479
1483
1491
1496
1498
1503
1508
1513
1518
1523
1527
1532
1535
1540
1542
1545
1547
1549
1552
1557
1562
1567
1571
1576
1581
1584
1591
1596
1603
1613
1620
1630
1645
1664
1684
1699
1711
1728
1748
1760
1772
1779
1787
1792
1794
1796
1799
1801
1801
1804
1806
1809
1811
1811
1811
1809
1806
1799
1792
1782
1762
1728
1704
1677
1652
1623
1596
1562
1537
1525
1518
1510
1505
1501
1496
1491
1486
1483
1481
1476
1474
1471
1469
1471
1471
1474
1476
1481
1486
1491
1496
1498
1503
1510
1515
1520
1527
1532
1537
1542
1549
1554
1564
1576
1591
1603
1613
1623
1630
1633
1630
1620
1608
1596
1576
1559
1542
1523
1491
1474
1466
1459
1452
1447
1442
1437
1435
1430
1425
1422
1417
1415
1415
1413
1413
1413
1410
1408
1405
1400
1398
1395
1395
1395
1395
1395
1398
1400
1408
1415
1444
1527
1657
1833
2031
2212
2295
2205
1906
1444
0931
0520
0334
0393
0630
0909
1134
1263
1320
1351
1400
1457
1488
1505
1515
1523
1530
1540
1549
1554
1559
1564
1567
1571
1576
1579
1584
1589
1593
1598
1603
1608
1613
1625
1635
1642
1645
1650
1652
1655
1660
1664
1669
1674
1684
1691
1704
1718
1735
1748
1765
1784
1799
1809
1818
1828
1840
1853
1860
1865
1872
1877
1882
1884
1882
1882
1877
1872
1867
1860
1850
1836
1818
1806
1784
1755
1723
1694
1667
1635
1606
1589
1569
1562
1557
1552
1547
1545
1540
1537
1535
1532
1530
1527
1525
1525
1527
1527
1530
1530
1532
1535
1537
1540
1545
1547
1549
1554
1564
1574
1586
1593
1601
1608
1620
1633
1645
1660
1672
1686
1701
1711
1716
1721
1726
1730
1733
1726
1711
1691
1669
1647
1618
1584
1552
1527
1508
1488
1471
1469
1469
1469
1469
1466
1466
1469
1471
1474
1474
1474
1474
1474
1474
1476
1476
1479
1479
1481
1481
1483
1488
1491
1496
1503
1510
1557
1669
1831
2031
2229
2324
2302
2087
1650
1122
0662
0440
0425
0567
0821
1068
1249
1344
1400
1461
1496
1508
1513
1518
1520
1523
1525
1525
1527
1530
1532
1537
1540
1542
1545
1547
1549
1554
1559
1562
1569
1574
1581
1586
1591
1596
1601
1608
1613
1618
1625
1633
1640
1650
1657
1667
1674
1682
1689
1699
1706
1713
1721
1733
1745
1757
1770
1782
1794
1811
1821
1828
1836
1840
1845
1848
1848
1843
1836
1823
1804
1770
1735
1699
1662
1630
1606
1576
1540
1501
1469
1452
1439
1427
1420
1415
1410
1405
1400
1398
1393
1391
1388
1388
1386
1383
1383
1383
1383
1383
1383
1381
1378
1376
1373
1373
1373
1376
1378
1386
1393
1400
1413
1430
1447
1464
1491
1525
1547
1562
1571
1579
1584
1591
1593
1586
1567
1537
1501
1476
1459
1439
1415
1381
1351
1332
1320
1317
1315
1315
1315
1315
1315
1315
1315
1315
1315
1312
1312
1312
1312
1312
1312
1312
1312
1315
1312
1312
1310
1307
1303
1293
1295
1347
1454
1615
1828
2058
2251
2332
2212
1872
1371
0833
0422
0246
0320
0567
0865
1119
1281
1337
1359
1376
1398
1432
1452
1459
1466
1471
1474
1479
1483
1486
1491
1493
1498
1503
1508
1513
1518
1523
1530
1537
1542
1547
1554
1562
1569
1576
1586
1596
1606
1618
1630
1645
1655
1662
1672
1684
1696
1711
1730
1762
1789
1809
1826
1843
1858
1882
1899
1911
1921
1926
1931
1936
1938
1943
1948
1953
1953
1946
1931
1911
1877
1843
1806
1762
1721
1686
1662
1642
1628
1615
1601
1586
1576
1571
1564
1559
1554
1552
1547
1545
1540
1537
1535
1532
1530
1527
1525
1520
1515
1515
1518
1527
1540
1552
1559
1567
1574
1581
1589
1596
1598
1603
1606
1611
1615
1620
1628
1642
1662
1677
1686
1694
1699
1699
1694
1686
1677
1662
1637
1618
1596
1564
1535
1515
1491
1481
1476
1471
1466
1464
1461
1459
1459
1457
1457
1457
1454
1452
1452
1449
1449
1449
1449
1449
1449
1449
1449
1452
1449
1447
1439
1454
1498
1591
1730
1914
2104
2249
2258
2156
1801
1293
0757
0354
0188
0271
0523
0831
1105
1300
1400
1449
1476
1493
1510
1525
1535
1545
1552
1557
1564
1571
1576
1579
1581
1586
1589
1591
1593
1596
1596
1598
1601
1606
1608
1613
1615
1620
1625
1633
1650
1664
1679
1691
1701
1711
1718
1728
1735
1745
1757
1779
1801
1821
1838
1855
1872
1882
1892
1902
1909
1914
1916
1921
1924
1928
1931
1933
1936
1933
1928
1919
1909
1889
1853
1818
1782
1748
1713
1682
1647
1625
1611
1596
1584
1576
1569
1562
1557
1552
1549
1547
1547
1545
1545
1542
1542
1540
1537
1535
1532
1530
1535
1545
1557
1564
1571
1581
1589
1596
1598
1606
1613
1623
1637
1652
1667
1677
1684
1689
1694
1696
1699
1701
1699
1696
1691
1684
1677
1667
1647
1611
1586
1571
1562
1559
1554
