1124
1168
1222
1264
1288
1305
1311
1302
1285
1272
1260
1249
1242
1238
1234
1231
1229
1227
1227
1227
1225
1225
1225
1225
1224
1224
1225
1225
1227
1227
1228
1229
1230
1231
1233
1234
1236
1238
1239
1240
1241
1242
1244
1245
1246
1249
1251
1255
1258
1261
1261
1257
1250
1241
1231
1222
1211
1200
1190
1181
1173
1165
1159
1152
1146
1141
1136
1133
1130
1128
1126
1124
1123
1122
1122
1122
1122
1122
1120
1120
1119
1119
1119
1119
1119
1120
1122
1124
1125
1128
1131
1134
1137
1144
1150
1176
1238
1335
1462
1610
1756
1886
1984
2020
2032
2005
1927
1809
1661
1506
1362
1241
1153
1093
1060
1048
1045
1042
1040
1037
1036
1034
1032
1031
1030
1029
1029
1028
1028
1026
1026
1026
1026
1026
1028
1030
1031
1032
1035
1035
1036
1037
1037
1039
1039
1040
1040
1041
1043
1046
1048
1051
1053
1056
1058
1060
1062
1063
1064
1065
1068
1071
1075
1078
1080
1082
1082
1080
1078
1073
1067
1059
1052
1043
1029
1014
1003
0992
0979
0960
0942
0923
0904
0886
0868
0849
0826
0807
0789
0775
0760
0747
0732
0719
0704
0700
0698
0697
0694
0693
0691
0689
0688
0687
0686
0686
0684
0683
0683
0683
0683
0684
0684
0686
0686
0687
0687
0687
0687
0687
0687
0687
0687
0687
0687
0687
0687
0687
0686
0686
0684
0683
0682
0680
0678
0677
0676
0675
0675
0675
0675
0673
0673
0673
0673
0673
0675
0675
0676
0677
0678
0681
0682
0684
0687
0689
0692
0693
0695
0697
0699
0700
0703
0706
0709
0714
0722
0733
0744
0755
0766
0774
0780
0786
0791
0794
0796
0796
0794
0792
0788
0785
0780
0775
0771
0767
0765
0763
0760
0759
0759
0758
0756
0756
0755
0755
0755
0756
0756
0758
0758
0759
0761
0763
0765
0766
0767
0769
0769
0769
0767
0767
0766
0766
0767
0767
0769
0770
0771
0772
0774
0776
0778
0794
0852
0947
1075
1228
1388
1537
1656
1727
1752
1734
1683
1576
1434
1283
1141
1021
0931
0874
0840
0814
0797
0782
0769
0760
0754
0749
0744
0741
0739
0739
0742
0747
0753
0759
0765
0772
0782
0792
0800
0809
0815
0822
0831
0841
0850
0861
0875
0890
0907
0923
0940
0955
0973
0988
1007
1018
1026
1034
1039
1043
1050
1054
1059
1064
1068
1073
1078
1081
1085
1087
1089
1090
1089
1089
1086
1084
1080
1076
1071
1065
1056
1034
1012
0988
0966
0945
0924
0902
0880
0860
0847
0830
0813
0794
0777
0761
0749
0744
0742
0739
0737
0735
0732
0731
0728
0727
0725
0724
0722
0721
0721
0720
0720
0720
0719
0719
0719
0719
0720
0721
0722
0725
0727
0730
0733
0736
0738
0741
0743
0745
0748
0750
0752
0753
0754
0755
0758
0758
0759
0760
0760
0761
0761
0761
0760
0760
0760
0759
0759
0758
0758
0758
0756
0756
0756
0758
0759
0759
0760
0761
0763
0764
0765
0766
0769
0771
0774
0777
0783
0797
0811
0827
0843
0857
0872
0883
0887
0888
0888
0888
0890
0890
0890
0890
0883
0876
0869
0865
0863
0859
0855
0852
0849
0846
0842
0840
0837
0835
0833
0832
0832
0832
0832
0833
0836
0837
0838
0840
0841
0842
0843
0844
0847
0848
0850
0853
0857
0860
0865
0870
0875
0879
0882
0886
0893
0903
0942
1009
1112
1247
1421
1618
1816
1976
2036
2026
1911
1705
1468
1246
1075
0963
0905
0886
0876
0870
0865
0863
0861
0859
0857
0855
0854
0853
0852
0852
0850
0850
0850
0852
0852
0853
0853
0854
0855
0857
0859
0861
0864
0868
0871
0875
0880
0885
0890
0897
0916
0934
0947
0960
0971
0982
0995
1006
1017
1025
1034
1040
1047
1053
1058
1062
1065
1068
1071
1074
1075
1076
1078
1076
1075
1071
1068
1062
1054
1047
1035
1010
0990
0970
0951
0927
0903
0880
0857
0840
0825
0814
0802
0792
0783
0776
0769
0763
0756
0752
0745
0739
0735
0732
0730
0727
0725
0722
0721
0720
0719
0719
0717
0717
0717
0717
0719
0719
0719
0719
0719
0719
0719
0719
0720
0721
0721
0722
0724
0724
0725
0725
0726
0726
0726
0726
0726
0727
0728
0728
0730
0732
0733
0736
0738
0739
0742
0744
0745
0748
0749
0750
0753
0754
0756
0758
0761
0765
0770
0774
0778
0782
0785
0787
0789
0792
0793
0794
0796
0797
0798
0799
0800
0802
0802
0803
0803
0804
0805
0805
0805
0803
0798
0792
0786
0780
0775
0771
0767
0764
0760
0756
0753
0752
0749
0749
0750
0753
0756
0760
0764
0769
0772
0776
0778
0781
0783
0786
0788
0791
0792
0794
0796
0794
0793
0789
0785
0781
0776
0771
0766
0759
0752
0747
0745
0750
0760
0776
0826
0910
1032
1194
1384
1584
1756
1853
1859
1793
1620
1399
1180
1003
0875
0800
0776
0763
0752
0743
0735
0724
0716
0711
0708
0705
0704
0703
0702
0702
0702
0702
0704
0709
0715
0721
0728
0735
0742
0748
0755
0761
0767
0774
0778
0783
0789
0797
0804
0811
0819
0826
0835
0846
0860
0875
0891
0907
0923
0938
0954
0968
0980
0990
0996
1001
1004
1008
1010
1013
1015
1018
1019
1018
1015
1010
1004
0996
0986
0974
0954
0936
0919
0899
0876
0855
0838
0822
0807
0791
0777
0764
0753
0743
0736
0730
0726
0721
0719
0716
0715
0714
0715
0716
0719
0721
0724
0726
0728
0730
0732
0733
0735
0735
0735
0735
0735
0735
0735
0735
0735
0735
0736
0736
0738
0739
0742
0743
0745
0747
0749
0752
0754
0756
0759
0761
0765
0769
0772
0777
0782
0786
0789
0793
0796
0799
0802
0803
0805
0807
0808
0810
0811
0813
0814
0816
0818
0820
0821
0824
0826
0827
0829
0831
0833
0836
0841
0846
0853
0871
0886
0898
0909
0921
0932
0940
0945
0949
0953
0955
0957
0954
0948
0941
0934
0927
0925
0923
0919
0916
0914
0912
0909
0908
0905
0904
0903
0902
0901
0901
0899
0899
0898
0897
0897
0896
0894
0894
0893
0893
0893
0893
0892
0892
0891
0891
0890
0888
0888
0887
0886
0885
0885
0883
0881
0876
0876
0887
0915
0974
1070
1209
1390
1598
1804
1970
2035
2026
1916
1712
1482
1270
1108
1004
0952
0925
0909
0901
0891
0879
0868
0861
0857
0853
0850
0847
0844
0842
0841
0840
0838
0838
0838
0840
0841
0843
0846
0849
0852
0855
0859
0863
0866
0872
0879
0885
0891
0894
0899
0904
0909
0916
0925
0932
0941
0952
0965
0981
0993
1002
1010
1020
1029
1034
1039
1042
1046
1048
1051
1051
1052
1051
1048
1046
1042
1036
1031
1021
1003
0988
0969
0946
0925
0899
0877
0860
0842
0824
0805
0789
0776
0764
0756
0752
0749
0748
0745
0744
0743
0743
0742
0741
0741
0741
0741
0741
0742
0744
0745
0749
0752
0755
0758
0761
0764
0766
0770
0774
0777
0781
0783
0786
0788
0791
0793
0796
0797
0798
0798
0799
0800
0802
0803
0804
0805
0807
0808
0809
0809
0810
0810
0810
0810
0810
0810
0810
0810
0810
0811
0813
0813
0814
0815
0815
0815
0815
0815
0815
0816
0816
0818
0819
0822
0826
0831
0835
0840
0843
0848
0852
0858
0865
0872
0880
0887
0896
0905
0913
0919
0923
0927
0930
0932
0932
0927
0921
0915
0910
0904
0899
0893
0888
0885
0881
0877
0872
0868
0863
0860
0858
0857
0855
0854
0853
0852
0852
0852
0854
0858
0863
0866
0869
0872
0875
0879
0881
0883
0883
0883
0882
0881
0879
0875
0871
0866
0858
0858
0870
0907
0977
1085
1235
1424
1636
1838
1990
2051
1999
1847
1626
1389
1181
1026
0931
0892
0880
0872
0866
0863
0859
0852
0844
0831
0825
0821
0818
0815
0814
0813
0811
0811
0811
0814
0816
0819
0821
0825
0829
0832
0838
0843
0847
0850
0855
0860
0869
0877
0885
0894
0907
0918
0927
0935
0945
0954
0964
0974
0982
0990
0996
1003
1012
1024
1034
1045
1050
1051
1052
1053
1054
1054
1053
1047
1037
1028
1017
1007
0999
0991
0980
0968
0952
0934
0916
0899
0882
0865
0847
0827
0810
0797
0785
0774
0761
0747
0742
0739
0737
0736
0733
0732
0730
0728
0727
0726
0725
0724
0724
0724
0724
0724
0724
0724
0725
0725
0726
0726
0727
0727
0728
0730
0731
0732
0733
0736
0738
0739
0742
0744
0747
0750
0760
0766
0770
0772
0774
0776
0776
0777
0777
0777
0776
0774
0771
0769
0765
0763
0760
0756
0754
0752
0749
0748
0747
0747
0748
0752
0754
0758
0761
0764
0766
0769
0772
0775
0777
0780
0781
0783
0785
0787
0789
0792
0797
0803
0810
0816
0822
0830
0838
0842
0843
0844
0847
0848
0847
0842
0837
0835
0832
0831
0829
0826
0824
0821
0819
0815
0813
0809
0807
0803
0798
0788
0782
0781
0780
0778
0777
0777
0776
0776
0777
0781
0785
0787
0789
0791
0793
0796
0798
0799
0802
0803
0804
0805
0808
0810
0815
0832
0887
0979
1112
1286
1491
1703
1880
1962
1960
1869
1680
1451
1231
1053
0932
0865
0840
0832
0826
0820
0815
0810
0807
0804
0800
0798
0796
0796
0796
0797
0798
0800
0804
0808
0813
0821
0829
0836
0842
0849
0855
0864
0872
0881
0890
0896
0902
0908
0913
0918
0923
0927
0932
0938
0947
0959
0975
0990
1004
1019
1035
1051
1067
1079
1086
1091
1092
1093
1093
1095
1096
1096
1096
1093
1090
1084
1071
1054
1039
1023
1008
0992
0975
0957
0936
0918
0904
0893
0881
0870
0858
0847
0837
0829
0819
0809
0802
0796
0791
0787
0783
0782
0781
0780
0780
0778
0778
0777
0777
0776
0776
0775
0775
0775
0775
0776
0777
0780
0782
0785
0788
0791
0793
0796
0797
0798
0799
0802
0803
0804
0805
0808
0809
0811
0813
0813
0814
0814
0814
0815
0815
0815
0815
0816
0816
0818
0818
0819
0819
0819
0819
0818
0818
0818
0818
0819
0819
0820
0822
0824
0826
0829
0830
0832
0833
0836
0837
0838
0840
0842
0844
0848
0850
0855
0860
0865
0870
0874
0877
0881
0885
0888
0890
0886
0880
0874
0870
0868
0865
0864
0861
0860
0858
0855
0854
0852
0850
0848
0847
0846
0844
0843
0843
0842
0842
0841
0841
0840
0838
0837
0836
0835
0835
0833
0833
0832
0832
0832
0832
0833
0835
0835
0836
0837
0840
0841
0842
0844
0847
0860
0912
0997
1124
1289
1479
1666
1811
1874
1836
1703
1500
1281
1093
0959
0879
0850
0842
0836
0833
0830
0829
0826
0825
0824
0822
0821
0820
0819
0818
0818
0818
0818
0820
0822
0825
0829
0833
0837
0843
0850
0857
0864
0870
0877
0885
0891
0896
0902
0907
0913
0919
0925
0932
0941
0951
0960
0970
0977
0986
0993
0999
1009
1021
1032
1042
1050
1059
1070
1078
1084
1089
1092
1093
1093
1091
1086
1081
1070
1053
1036
1019
1002
0985
0965
0946
0924
0903
0883
0865
0849
0831
0816
0808
0804
0802
0802
0802
0802
0802
0803
0803
0803
0803
0804
0804
0805
0805
0807
0807
0807
0807
0807
0807
0805
0805
0804
0803
0802
0802
0800
0799
0798
0798
0797
0794
0793
0791
0789
0787
0785
0783
0781
0778
0776
0775
0772
0770
0767
0764
0760
0758
0755
0753
0750
0749
0748
0747
0745
0745
0745
0744
0743
0742
0742
0739
0738
0738
0737
0736
0736
0736
0736
0736
0737
0738
0739
0741
0742
0744
0747
0750
0754
0759
0766
0775
0781
0787
0794
0804
0811
0818
0821
0824
0824
0819
0810
0798
0780
0765
0754
0744
0739
0736
0732
0731
0728
0725
0722
0719
0715
0711
0706
0699
0693
0691
0688
0686
0684
0684
0683
0683
0683
0683
0683
0682
0682
0682
0682
0681
0681
0681
0681
0682
0683
0686
0688
0691
0695
0699
0705
0735
0804
0910
1059
1245
1445
1627
1752
1786
1717
1554
1340
1124
0945
0818
0738
0700
0687
0680
0673
0670
0664
0658
0654
0653
0651
0650
0650
0649
0649
0648
0648
0649
0651
0655
0659
0664
0667
0673
0680
0684
0689
0693
0698
0703
0709
0714
0717
0725
0733
0742
0755
0771
0788
0803
0814
0831
0847
0859
0890
0971
1075
1153
1209
1245
1256
1260
1253
1240
1198
1129
1087
1098
1196
1352
1474
1576
1660
1695
1697
1665
1593
1448
1268
1118
1059
1054
1071
1087
1101
1112
1111
1093
1046
0966
0855
0760
0675
0630
0588
0594
0661
0842
1198
1802
2589
3400
3987
4095
3631
2714
1590
0688
0266
0097
0272
0457
0488
0457
0411
0411
0428
0434
0441
0451
0462
0498
0527
0623
0767
0914
1034
1092
1097
1059
0986
0907
0825
0726
0581
0499
0470
0467
0478
0489
0499
0504
0507
0517
0545
0564
0599
0660
0750
0969
1211
1443
1666
1809
1869
1869
1805
1653
1587
1565
1579
1622
1722
1774
1797
1820
1815
1754
1628
1400
1045
0744
0554
0429
0411
0441
0457
0463
0476
0510
0649
0782
0898
0992
1025
1019
0949
0885
1002
1186
1318
1404
1489
1549
1554
1535
1506
1430
1252
0942
0593
0406
0299
0231
0404
0791
1191
1617
2076
2489
2730
2695
2339
1717
0968
0246
0000
0336
0672
1272
1943
2428
2662
2712
2541
2075
1380
0739
0404
0268
0368
0605
0776
0984
1150
1218
1175
1068
0925
0776
0640
0528
0438
0362
0308
0290
0283
0277
0263
0252
0242
0236
0234
0229
0225
0236
0250
0260
0267
0274
0285
0300
0311
0323
0346
0376
0405
0420
0428
0435
0446
0455
0460
0463
0470
0473
0481
0493
0512
0533
0554
0570
0581
0592
0606
0623
0639
0656
0686
0713
0741
0766
0783
0794
0802
0805
0807
0804
0800
0798
0797
0796
0794
0793
0792
0789
0788
0786
0782
0778
0772
0761
0752
0741
0730
0720
0709
0699
0686
0676
0667
0660
0653
0647
0640
0636
0631
0623
0616
0632
0678
0788
0941
1131
1317
1428
1432
1341
1125
0885
0678
0589
0632
0648
0648
0638
0622
0609
0597
0625
0634
0630
0623
0619
0630
0648
0665
0673
0682
0693
0708
0730
0749
0763
0770
0776
0780
0783
0783
0781
0778
0777
0776
0775
0774
0774
0774
0774
0774
0775
0776
0778
0781
0786
0794
0808
0815
0819
0821
0822
0822
0822
0820
0819
0815
0810
0804
0814
0825
0836
0847
0854
0859
0864
0869
0874
0880
0893
0916
0941
0958
0965
0970
0974
0974
0971
0966
0951
0926
0901
0893
0888
0886
0886
0888
0892
0896
0898
0902
0904
0905
0907
0907
0904
0901
0897
0892
0890
0887
0886
0883
0882
0880
0879
0876
0875
0872
0871
0870
0870
0869
0869
0869
0869
0868
0866
0864
0859
0860
0866
0883
0931
1015
1142
1312
1511
1715
1883
1959
1955
1858
1662
1433
1219
1052
0940
0877
0852
0846
0840
0832
0826
0818
0808
0803
0800
0799
0798
0797
0797
0797
0796
0796
0797
0798
0799
0803
0805
0809
0813
0820
0826
0833
0842
0854
0874
0885
0892
0897
0899
0902
0903
0904
0905
0908
0910
0913
0915
0919
0925
0934
0942
0952
0965
0979
0986
0988
0991
0993
0995
0995
0996
0996
0995
0993
0991
0988
0985
0980
0973
0965
0958
0949
0940
0931
0919
0905
0892
0879
0865
0852
0838
0822
0808
0797
0788
0780
0774
0767
0763
0760
0759
0756
0755
0754
0753
0753
0752
0752
0752
0750
0750
0750
0750
0750
0752
0752
0752
0753
0754
0756
0758
0760
0761
0765
0767
0785
0821
0887
0990
1133
1313
1516
1708
1841
1879
1797
1617
1375
1130
0946
0864
0838
0844
0855
0857
0836
0794
0752
0716
0702
0697
0694
0692
0692
0691
0691
0691
0693
0697
0702
0705
0710
0716
0724
0728
0732
0736
0739
0742
0745
0748
0752
0755
0760
0765
0772
0780
0787
0796
0805
0816
0827
0838
0848
0857
0868
0879
0888
0897
0902
0904
0905
0907
0907
0908
0908
0909
0909
0909
0909
0908
0905
0903
0899
0896
0891
0882
0874
0865
0858
0850
0843
0835
0830
0825
0822
0819
0818
0816
0816
0815
0815
0814
0814
0813
0813
0811
0811
0810
0810
0811
0814
0818
0822
0829
0840
0857
0866
0871
0875
0877
0879
0877
0875
0872
0871
0870
0868
0865
0864
0863
0861
0861
0861
0861
0861
0861
0861
0863
0863
0864
0864
0864
0864
0863
0863
0864
0864
0864
0864
0864
0864
0864
0864
0864
0864
0864
0864
0864
0864
0865
0865
0865
0866
0866
0866
0866
0865
0865
0865
0865
0865
0865
0866
0866
0868
0869
0869
0870
0870
0871
0871
0871
0871
0871
0872
0874
0875
0875
0876
0876
0876
0876
0875
0874
0871
0870
0869
0866
0865
0863
0861
0861
0860
0861
0863
0864
0866
0870
0875
0883
0901
0912
0916
0920
0924
0925
0925
0923
0919
0914
0910
0907
0902
0897
0893
0891
0890
0891
0894
0897
0901
0904
0908
0913
0918
0923
0926
0931
0934
0936
0938
0941
0943
0945
0945
0945
0942
0940
0938
0937
0936
0935
0934
0932
0930
0929
0927
0926
0925
0925
0925
0926
0927
0930
0931
0935
0937
0941
0946
0955
0966
0977
0987
0998
1010
1021
1029
1034
1036
1040
1041
1042
1042
1041
1040
1037
1035
1031
1026
1026
1039
1070
1133
1228
1360
1523
1703
1870
1992
2034
1976
1828
1620
1400
1202
1048
0976
0966
0987
1029
1047
1053
1041
1009
0973
0941
0930
0929
0927
0927
0926
0926
0925
0925
0925
0925
0925
0925
0925
0925
0925
0926
0926
0926
0926
0927
0929
0929
0930
0931
0932
0935
0936
0938
0940
0942
0947
0960
0970
0977
0985
0992
1001
1008
1015
1023
1030
1034
1037
1041
1042
1043
1043
1042
1040
1036
1031
1026
1018
1010
1004
0997
0991
0984
0976
0964
0948
0934
0920
0907
0892
0874
0857
0841
0825
0813
0802
0787
0777
0770
0765
0761
0759
0759
0759
0759
0758
0756
0755
0755
0759
0766
0775
0780
0786
0792
0797
0798
0797
0793
0788
0785
0783
0782
0781
0778
0777
0776
0774
0772
0772
0771
0770
0769
0769
0769
0770
0770
0771
0771
0772
0772
0772
0774
0775
0775
0776
0776
0777
0777
0778
0778
0778
0780
0780
0780
0781
0782
0782
0783
0783
0783
0785
0786
0786
0787
0788
0789
0791
0792
0793
0794
0796
0798
0800
0803
0807
0811
0819
0824
0827
0832
0838
0844
0850
0855
0859
0861
0865
0868
0868
0866
0861
0855
0850
0847
0842
0837
0833
0830
0829
0827
0827
0826
0826
0825
0825
0825
0824
0824
0824
0822
0821
0820
0818
0815
0811
0807
0794
0780
0776
0774
0772
0770
0769
0767
0765
0763
0760
0756
0754
0749
0742
0738
0742
0754
0787
0853
0959
1107
1289
1487
1670
1794
1828
1754
1590
1371
1147
0965
0842
0786
0766
0756
0750
0747
0744
0742
0739
0738
0737
0737
0736
0736
0737
0738
0739
0742
0743
0745
0748
0752
0758
0764
0771
0777
0783
0787
0792
0796
0798
0802
0804
0807
0811
0818
0824
0832
0840
0848
0854
0861
0869
0875
0882
0888
0896
0902
0908
0913
0918
0920
0925
0934
0948
0958
0963
0966
0969
0966
0963
0958
0948
0934
0913
0881
0865
0853
0846
0833
0821
0809
0798
0782
0765
0752
0742
0730
0719
0711
0705
0699
0694
0692
0689
0688
0686
0684
0683
0683
0682
0682
0682
0682
0683
0684
0686
0688
0691
0693
0695
0698
0703
0706
0711
0715
0720
0725
0727
0730
0732
0733
0735
0737
0738
0741
0742
0744
0745
0745
0747
0748
0748
0748
0749
0749
0750
0750
0752
0753
0754
0756
0758
0759
0760
0761
0763
0763
0764
0765
0766
0769
0771
0775
0778
0781
0785
0788
0793
0797
0799
0802
0803
0805
0807
0809
0810
0813
0814
0815
0818
0820
0821
0822
0825
0829
0836
0844
0850
0858
0861
0864
0866
0870
0874
0872
0866
0859
0855
0853
0852
0850
0849
0847
0844
0843
0842
0840
0838
0837
0836
0835
0835
0835
0835
0835
0835
0835
0835
0833
0832
0832
0831
0830
0830
0829
0827
0827
0827
0827
0827
0829
0830
0832
0833
0836
0840
0843
0848
0852
0876
0935
1028
1161
1332
1527
1721
1872
1926
1916
1808
1618
1404
1207
1051
0946
0885
0860
0853
0850
0847
0844
0843
0842
0840
0836
0831
0843
0864
0879
0885
0890
0892
0888
0881
0872
0863
0861
0859
0858
0868
0875
0879
0882
0886
0891
0894
0899
0905
0912
0919
0925
0932
0945
0962
0974
0981
0988
0996
1003
1013
1021
1030
1036
1040
1043
1046
1047
1048
1050
1051
1052
1052
1052
1052
1050
1046
1043
1039
1034
1024
1015
1007
0993
0976
0959
0943
0927
0914
0901
0887
0872
0858
0848
0841
0833
0824
0818
0814
0811
0809
0807
0804
0803
0802
0800
0799
0798
0797
0796
0794
0793
0792
0791
0791
0791
0791
0791
0793
0797
0802
0807
0816
0835
0843
0847
0850
0852
0852
0850
0844
0837
0831
0830
0827
0826
0824
0822
0820
0819
0818
0816
0815
0813
0811
0811
0811
0813
0813
0813
0813
0813
0813
0813
0813
0813
0813
0811
0811
0811
0813
0813
0814
0814
0814
0815
0816
0818
0819
0820
0821
0825
0831
0840
0846
0850
0855
0860
0865
0870
0876
0881
0885
0890
0893
0894
0894
0893
0890
0885
0877
0861
0853
0850
0849
0848
0846
0844
0843
0841
0840
0837
0836
0833
0832
0831
0830
0829
0826
0822
0819
0816
0813
0811
0809
0807
0802
0804
0820
0837
0847
0852
0857
0859
0859
0857
0853
0848
0826
0805
0798
0799
0809
0835
0885
0968
1096
1269
1473
1677
1839
1905
1899
1800
1605
1378
1174
1020
0924
0869
0843
0835
0827
0820
0811
0802
0791
0786
0782
0780
0777
0776
0774
0774
0774
0774
0775
0777
0778
0782
0786
0789
0793
0799
0805
0811
0815
0819
0826
0835
0846
0854
0860
0865
0870
0875
0882
0891
0901
0909
0916
0924
0932
0942
0954
0965
0974
0981
0990
0998
1006
1013
1018
1020
1023
1025
1028
1029
1026
1018
1007
0993
0987
0985
0982
0980
0976
0971
0965
0953
0936
0921
0907
0885
0853
0819
0799
0789
0783
0778
0776
0772
0770
0766
0764
0763
0761
0760
0759
0758
0756
0756
0755
0755
0755
0755
0756
0758
0759
0760
0763
0765
0766
0769
0771
0774
0777
0780
0783
0787
0791
0794
0798
0802
0805
0809
0810
0811
0813
0814
0815
0815
0816
0816
0818
0818
0819
0819
0820
0820
0821
0822
0822
0824
0825
0825
0826
0827
0827
0829
0830
0831
0832
0833
0835
0837
0840
0841
0843
0846
0847
0849
0850
0852
0853
0854
0857
0860
0865
0875
0899
0929
0955
0969
0977
0984
0987
0986
0981
0973
0962
0947
0925
0914
0910
0908
0907
0905
0903
0902
0899
0897
0894
0892
0890
0887
0885
0882
0881
0879
0879
0877
0876
0875
0872
0871
0870
0869
0868
0866
0864
0863
0863
0863
0863
0864
0865
0866
0868
0870
0872
0875
0879
0881
0885
0904
0949
1028
1145
1301
1485
1675
1833
1904
1899
1804
1615
1396
1196
1046
0954
0918
0908
0902
0897
0891
0886
0882
0880
0877
0875
0872
0871
0870
0869
0869
0869
0869
0871
0872
0876
0880
0885
0888
0894
0903
0913
0920
0927
0935
0942
0949
0957
0964
0970
0976
0982
0988
0993
0999
1007
1015
1025
1035
1046
1058
1063
1068
1073
1079
1095
1230
1479
1789
2071
2228
2186
1948
1601
1267
1023
0974
1014
1053
1065
1060
1042
1006
0991
0981
0969
0946
0926
0916
0910
0904
0899
0894
0891
0883
0874
0865
0853
0838
0809
0786
0780
0775
0772
0770
0769
0769
0770
0771
0774
0776
0781
0786
0792
0805
0814
0820
0825
0829
0831
0829
0824
0818
0803
0789
0787
0785
0783
0783
0786
0789
0792
0793
0796
0799
0803
0809
0820
0836
0844
0849
0850
0853
0853
0850
0848
0843
0825
0808
0803
0800
0798
0797
0797
0798
0800
0803
0807
0809
0815
0822
0832
0847
0860
0865
0868
0870
0871
0871
0869
0865
0860
0857
0850
0847
0850
0858
0866
0875
0882
0886
0888
0892
0894
0896
0897
0894
0891
0885
0877
0865
0857
0852
0850
0848
0846
0843
0842
0841
0840
0838
0837
0836
0836
0835
0833
0833
0832
0832
0832
0832
0832
0832
0831
0831
0831
0830
0829
0829
0829
0830
0830
0831
0831
0832
0833
0836
0838
0841
0843
0853
0891
0965
1082
1240
1429
1631
1806
1894
1894
1803
1600
1356
1131
0980
0892
0859
0850
0844
0841
0838
0836
0835
0835
0833
0833
0832
0831
0831
0831
0830
0830
0831
0832
0835
0837
0841
0843
0847
0850
0855
0859
0864
0868
0871
0876
0881
0887
0894
0902
0909
0919
0926
0932
0937
0942
0947
0952
0958
0965
0976
0984
0995
1008
1023
1040
1053
1060
1067
1070
1073
1075
1076
1078
1078
1075
1071
1065
1058
1047
1035
1020
1002
0982
0964
0946
0929
0913
0897
0881
0866
0852
0838
0825
0815
0804
0794
0786
0786
0792
0797
0802
0804
0807
0805
0802
0798
0792
0777
0760
0754
0753
0753
0752
0750
0750
0749
0749
0749
0750
0752
0754
0758
0761
0764
0767
0769
0770
0771
0772
0774
0775
0776
0777
0778
0780
0781
0782
0783
0783
0785
0786
0787
0788
0788
0789
0791
0791
0792
0792
0793
0793
0793
0794
0794
0796
0796
0797
0797
0798
0799
0800
0800
0802
0802
0803
0803
0803
0804
0805
0807
0808
0810
0814
0819
0826
0831
0837
0846
0854
0864
0870
0875
0879
0881
0881
0879
0875
0870
0859
0844
0831
0822
0820
0818
0831
0842
0849
0853
0857
0859
0858
0854
0850
0844
0831
0813
0807
0803
0800
0798
0797
0794
0793
0792
0792
0791
0789
0788
0788
0788
0789
0789
0789
0789
0789
0791
0792
0793
0793
0796
0803
0843
0915
1028
1181
1371
1573
1753
1870
1897
1819
1647
1426
1211
1037
0916
0850
0824
0818
0813
0809
0804
0800
0796
0783
0770
0765
0763
0761
0760
0760
0761
0764
0767
0771
0775
0778
0783
0787
0792
0797
0800
0807
0811
0819
0825
0832
0840
0847
0852
0858
0863
0869
0876
0882
0887
0892
0899
0907
0923
0953
0982
1001
1018
1030
1040
1047
1053
1057
1052
1045
1039
1034
1029
1025
1021
1018
1013
1002
0985
0971
0962
0949
0935
0918
0902
0887
0874
0859
0846
0830
0816
0805
0793
0783
0775
0766
0755
0747
0739
0733
0731
0732
0733
0735
0735
0735
0735
0736
0736
0736
0736
0737
0737
0738
0738
0739
0741
0741
0742
0743
0743
0744
0745
0745
0747
0748
0749
0752
0753
0755
0758
0761
0766
0771
0775
0780
0783
0786
0787
0789
0791
0791
0791
0791
0792
0794
0796
0798
0800
0803
0804
0807
0809
0810
0813
0814
0816
0820
0825
0830
0833
0833
0832
0829
0825
0821
0818
0809
0803
0808
0815
0821
0826
0830
0833
0837
0840
0843
0848
0854
0864
0872
0877
0882
0886
0887
0883
0875
0866
0861
0858
0855
0852
0850
0847
0844
0842
0840
0837
0835
0832
0830
0829
0827
0826
0825
0825
0824
0822
0821
0821
0820
0819
0818
0816
0815
0814
0813
0811
0811
0811
0811
0813
0814
0815
0816
0818
0819
0821
0825
0827
0842
0893
0980
1107
1274
1473
1683
1863
1952
1954
1872
1686
1460
1249
1076
0959
0892
0863
0841
0827
0819
0821
0843
0855
0863
0868
0866
0853
0840
0826
0824
0822
0822
0821
0821
0821
0821
0824
0829
0833
0837
0842
0847
0850
0855
0860
0865
0870
0876
0882
0888
0896
0903
0909
0915
0923
0930
0940
0948
0959
0970
0982
0997
1010
1021
1031
1037
1042
1045
1047
1048
1051
1052
1052
1052
1051
1048
1045
1041
1035
1026
1012
0999
0984
0964
0946
0934
0919
0905
0891
0879
0865
0852
0840
0827
0818
0808
0798
0793
0789
0786
0782
0780
0777
0775
0774
0772
0774
0775
0776
0777
0780
0782
0786
0788
0791
0793
0796
0799
0804
0809
0813
0814
0813
0811
0809
0808
0805
0803
0800
0797
0794
0794
0796
0799
0802
0804
0805
0807
0809
0811
0813
0814
0814
0814
0814
0814
0814
0815
0815
0815
0815
0815
0816
0818
0818
0819
0819
0820
0821
0821
0822
0824
0824
0825
0826
0827
0829
0830
0832
0833
0836
0840
0843
0849
0855
0863
0868
0874
0879
0885
0890
0894
0897
0898
0896
0892
0886
0880
0870
0855
0846
0842
0840
0837
0835
0833
0831
0830
0827
0825
0824
0822
0822
0822
0822
0822
0821
0820
0816
0810
0807
0808
0814
0818
0821
0825
0827
0826
0821
0815
0809
0804
0799
0794
0789
0786
0785
0785
0787
0791
0796
0811
0864
0953
1082
1253
1455
1659
1824
1899
1897
1808
1621
1400
1194
1032
0929
0875
0850
0833
0820
0804
0796
0792
0789
0786
0783
0781
0780
0778
0777
0777
0777
0777
0778
0780
0782
0785
0788
0792
0796
0799
0803
0808
0814
0821
0829
0833
0837
0842
0848
0857
0865
0872
0883
0894
0907
0920
0932
0947
0959
0970
0981
0992
1003
1014
1025
1036
1045
1051
1056
1059
1063
1067
1068
1070
1074
1078
1084
1087
1084
1074
1059
1040
1021
1004
0979
0943
0899
0876
0858
0844
0831
0818
0804
0788
0782
0778
0776
0774
0771
0770
0769
0766
0765
0764
0763
0761
0761
0761
0761
0761
0761
0761
0763
0763
0764
0764
0765
0765
0766
0767
0769
0770
0771
0772
0775
0776
0778
0781
0782
0785
0787
0788
0791
0792
0794
0796
0797
0799
0800
0803
0804
0807
0809
0810
0811
0814
0815
0816
0818
0819
0820
0820
0820
0821
0821
0821
0821
0821
0821
0821
0822
0824
0825
0826
0827
0829
0832
0837
0842
0849
0858
0874
0898
0909
0916
0921
0925
0926
0926
0923
0918
0913
0908
0904
0901
0896
0892
0888
0886
0882
0879
0875
0872
0869
0866
0864
0861
0858
0855
0852
0850
0848
0846
0844
0842
0840
0837
0836
0833
0832
0830
0827
0826
0824
0822
0821
0819
0819
0818
0819
0819
0820
0821
0822
0825
0827
0831
0836
0840
0846
0872
0931
1028
1162
1333
1522
1697
1809
1822
1777
1616
1402
1189
1015
0898
0852
0841
0833
0827
0824
0820
0818
0816
0815
0814
0811
0810
0809
0809
0808
0805
0805
0804
0807
0811
0818
0825
0832
0844
0864
0879
0886
0891
0893
0896
0898
0901
0903
0907
0909
0910
0913
0916
0920
0925
0935
0946
0958
0969
0981
0993
1007
1018
1028
1036
1045
1052
1057
1060
1065
1068
1070
1073
1073
1073
1070
1068
1063
1058
1052
1042
1024
1009
0990
0969
0948
0927
0907
0883
0863
0849
0835
0821
0808
0794
0785
0776
0770
0764
0759
0756
0755
0753
0752
0750
0749
0748
0747
0745
0744
0744
0744
0744
0744
0745
0745
0747
0749
0750
0752
0753
0754
0755
0758
0760
0764
0766
0769
0774
0780
0786
0793
0800
0807
0811
0816
0821
0825
0827
0827
0824
0819
0814
0809
0808
0805
0803
0799
0797
0794
0792
0791
0789
0788
0787
0786
0786
0787
0788
0789
0791
0792
0793
0794
0797
0799
0802
0804
0807
0810
0820
0829
0836
0844
0854
0866
0877
0890
0904
0919
0931
0942
0947
0952
0957
0959
0958
0954
0949
0942
0937
0931
0925
0919
0915
0910
0907
0904
0901
0898
0894
0892
0890
0887
0885
0882
0880
0877
0875
0872
0870
0868
0865
0864
0861
0859
0855
0853
0850
0849
0847
0844
0843
0842
0842
0843
0846
0849
0853
0860
0888
0946
1037
1165
1323
1495
1660
1787
1842
1808
1694
1512
1296
1098
0954
0860
0835
0827
0822
0819
0814
0810
0807
0800
0792
0788
0787
0786
0786
0785
0785
0785
0787
0791
0796
0799
0803
0807
0810
0814
0818
0821
0824
0827
0833
0841
0849
0855
0861
0866
0871
0875
0880
0883
0888
0897
0908
0919
0930
0940
0952
0965
0977
0990
1001
1009
1017
1023
1026
1029
1031
1034
1035
1036
1035
1032
1030
1025
1020
1012
0998
0987
0973
0954
0937
0921
0907
0892
0876
0858
0841
0820
0807
0800
0797
0793
0789
0787
0785
0783
0781
0778
0775
0767
0756
0742
0730
0727
0726
0725
0724
0722
0722
0721
0721
0721
0721
0722
0724
0725
0727
0730
0732
0735
0737
0738
0741
0743
0745
0748
0749
0752
0754
0756
0759
0761
0764
0766
0767
0769
0770
0772
0774
0775
0776
0777
0778
0780
0781
0781
0782
0782
0782
0782
0783
0783
0783
0783
0783
0785
0785
0785
0785
0785
0786
0786
0786
0786
0787
0788
0792
0797
0802
0809
0815
0820
0825
0830
0835
0840
0847
0853
0857
0860
0861
0864
0865
0866
0865
0861
0855
0850
0847
0843
0840
0837
0833
0831
0829
0826
0824
0822
0821
0820
0818
0816
0813
0807
0802
0797
0789
0782
0772
0747
0791
0937
1086
1209
1305
1341
1355
1346
1321
1275
1195
1071
0885
0744
0728
0722
0722
0731
0755
0794
0863
0974
1122
1280
1473
1761
1977
2179
2352
2496
2543
2522
2372
2056
1648
1227
0957
0765
0537
0659
0691
0693
0684
0677
0670
0660
0653
0662
0671
0676
0680
0684
0687
0691
0695
0700
0708
0715
0724
0731
0737
0743
0748
0753
0759
0765
0771
0776
0783
0791
0800
0809
0818
0826
0837
0847
0854
0866
0882
0896
0907
0916
0930
0947
0960
0969
0974
0977
0979
0981
0982
0984
0984
0985
0985
0984
0981
0979
0974
0969
0963
0949
0938
0924
0907
0892
0875
0857
0841
0824
0807
0794
0785
0772
0761
0754
0748
0745
0743
0742
0742
0741
0741
0739
0739
0738
0738
0738
0738
0738
0738
0738
0739
0741
0742
0743
0744
0745
0748
0749
0750
0752
0753
0755
0756
0759
0763
0766
0769
0774
0777
0781
0782
0785
0786
0787
0788
0789
0789
0791
0792
0792
0793
0794
0796
0797
0797
0798
0799
0800
0800
0802
0802
0802
0802
0803
0803
0804
0804
0805
0807
0808
0810
0813
0814
0815
0816
0818
0819
0821
0822
0825
0827
0831
0836
0844
0853
0861
0869
0875
0880
0883
0887
0890
0891
0891
0888
0885
0881
0877
0874
0871
0869
0866
0864
0861
0859
0857
0854
0850
0849
0847
0844
0842
0840
0837
0835
0830
0825
0822
0822
0824
0824
0824
0825
0825
0824
0824
0824
0822
0824
0824
0825
0826
0827
0829
0831
0832
0833
0837
0841
0846
0864
0921
1017
1153
1329
1529
1728
1888
1953
1946
1843
1648
1418
1208
1045
0938
0892
0876
0868
0861
0850
0835
0819
0804
0797
0793
0791
0788
0788
0788
0791
0794
0799
0804
0808
0813
0818
0824
0829
0832
0836
0841
0844
0848
0850
0855
0859
0864
0869
0876
0882
0890
0897
0905
0915
0924
0932
0941
0949
0958
0966
0980
0999
1013
1023
1026
1026
1028
1028
1028
1028
1028
1028
1028
1028
1025
1021
1018
1013
1007
0997
0987
0979
0969
0957
0943
0930
0916
0903
0890
0876
0864
0853
0842
0830
0816
0804
0794
0789
0787
0785
0783
0781
0780
0778
0778
0778
0778
0778
0780
0780
0781
0782
0783
0785
0787
0789
0791
0793
0796
0798
0800
0804
0807
0809
0814
0833
0886
0975
1108
1281
1484
1693
1859
1941
1908
1761
1538
1294
1087
0946
0876
0850
0837
0819
0800
0787
0776
0767
0760
0754
0749
0748
0745
0744
0743
0742
0741
0741
0741
0741
0743
0745
0749
0753
0756
0760
0764
0767
0771
0775
0778
0782
0783
0786
0787
0789
0792
0794
0798
0805
0814
0824
0832
0842
0850
0863
0871
0877
0883
0887
0891
0893
0894
0896
0898
0899
0901
0902
0903
0904
0903
0902
0899
0896
0891
0886
0880
0868
0858
0850
0842
0833
0825
0815
0808
0800
0796
0794
0793
0793
0793
0793
0793
0793
0793
0793
0792
0792
0792
0792
0793
0793
0794
0796
0796
0797
0797
0797
0797
0797
0797
0797
0797
0797
0797
0797
0797
0797
0797
0797
0797
0797
0797
0797
0797
0797
0797
0798
0798
0799
0799
0800
0800
0802
0803
0803
0804
0805
0805
0805
0807
0807
0808
0808
0809
0809
0810
0810
0810
0811
0811
0811
0811
0813
0813
0813
0813
0813
0813
0813
0813
0813
0813
0813
0814
0814
0815
0815
0816
0818
0818
0819
0819
0820
0820
0820
0820
0821
0821
0822
0822
0824
0824
0825
0826
0827
0829
0829
0830
0831
0832
0833
0835
0836
0837
0838
0840
0841
0842
0843
0844
0846
0847
0848
0849
0850
0850
0852
0852
0853
0853
0854
0854
0854
0855
0855
0857
0857
0859
0860
0863
0868
0874
0879
0885
0891
0897
0904
0912
0916
0921
0925
0927
0927
0926
0924
0920
0914
0908
0896
0883
0877
0875
0871
0869
0866
0864
0863
0860
0859
0858
0857
0857
0855
0855
0855
0854
0854
0854
0853
0853
0852
0852
0852
0850
0850
0850
0850
0850
0850
0850
0850
0852
0853
0854
0855
0858
0861
0865
0879
0904
0953
1034
1148
1297
1473
1654
1806
1880
1879
1798
1625
1412
1208
1046
0937
0901
0894
0888
0883
0880
0875
0872
0870
0869
0868
0866
0865
0866
0866
0868
0869
0869
0870
0870
0871
0872
0875
0876
0879
0881
0883
0886
0890
0894
0899
0904
0909
0914
0920
0929
0937
0943
0952
0962
0973
0982
0988
0995
0999
1004
1010
1018
1024
1030
1036
1042
1047
1052
1057
1059
1063
1065
1068
1069
1069
1068
1065
1060
1057
1050
1039
1029
1018
1008
0997
0984
0969
0955
0942
0927
0913
0898
0882
0869
0858
0848
0841
0835
0830
0827
0825
0822
0820
0820
0819
0818
0816
0815
0814
0814
0814
0813
0814
0814
0815
0818
0820
0822
0825
0827
0829
0831
0832
0832
0833
0833
0833
0835
0835
0836
0837
0837
0838
0838
0840
0840
0840
0840
0840
0838
0838
0837
0837
0837
0838
0838
0840
0841
0842
0843
0843
0844
0846
0846
0846
0846
0846
0846
0846
0847
0847
0848
0849
0850
0850
0852
0853
0853
0854
0854
0855
0855
0857
0858
0860
0861
0864
0869
0874
0879
0883
0890
0893
0898
0902
0904
0905
0905
0902
0898
0893
0887
0876
0866
0860
0858
0854
0853
0850
0849
0847
0846
0843
0841
0840
0836
0833
0831
0827
0824
0820
0815
0811
0808
0805
0803
0800
0798
0796
0794
0793
0792
0791
0789
0789
0788
0787
0787
0786
0783
0780
0780
0788
0810
0858
0940
1059
1213
1390
1565
1699
1761
1733
1614
1427
1219
1036
0898
0811
0786
0778
0774
0771
0770
0770
0769
0769
0769
0767
0767
0766
0767
0767
0769
0771
0775
0778
0781
0786
0791
0796
0802
0807
0811
0816
0821
0825
0829
0831
0835
0838
0843
0848
0852
0859
0868
0879
0890
0898
0905
0913
0920
0929
0938
0947
0955
0965
0975
0985
0993
0999
1003
1006
1008
1009
1012
1012
1013
1012
1010
1008
1004
0999
0990
0973
0958
0942
0927
0910
0894
0877
0859
0844
0831
0815
0802
0792
0781
0771
0763
0755
0748
0744
0742
0739
0737
0736
0735
0733
0733
0733
0733
0735
0737
0739
0742
0744
0747
0749
0752
0753
0755
0758
0759
0761
0763
0765
0766
0769
0771
0772
0774
0775
0776
0776
0777
0778
0780
0781
0783
0785
0787
0788
0791
0793
0794
0797
0798
0799
0800
0802
0803
0803
0804
0804
0805
0807
0808
0809
0810
0811
0811
0813
0814
0814
0815
0815
0816
0816
0818
0819
0820
0821
0822
0825
0827
0830
0835
0840
0846
0850
0855
0859
0863
0866
0869
0871
0872
0874
0874
0872
0871
0870
0868
0865
0861
0855
0846
0837
0832
0829
0826
0825
0822
0820
0818
0815
0813
0809
0807
0803
0799
0793
0788
0783
0780
0777
0776
0775
0774
0771
0770
0769
0767
0765
0764
0763
0763
0763
0764
0764
0765
0766
0769
0771
0775
0778
0783
0809
0881
0996
1152
1341
1544
1723
1842
1870
1791
1620
1399
1178
0998
0876
0808
0782
0775
0771
0767
0763
0759
0755
0753
0749
0745
0743
0741
0741
0742
0743
0745
0749
0752
0756
0761
0769
0775
0781
0787
0792
0797
0800
0805
0809
0815
0822
0830
0838
0849
0859
0869
0879
0888
0897
0905
0912
0918
0925
0934
0945
0955
0966
0977
0987
0996
1003
1007
1010
1013
1015
1017
1018
1018
1017
1014
1009
1003
0996
0982
0973
0964
0954
0942
0926
0908
0890
0874
0858
0843
0829
0810
0797
0789
0783
0777
0771
0766
0763
0759
0756
0754
0753
0752
0750
0749
0749
0748
0748
0747
0747
0745
0745
0745
0749
0753
0758
0761
0765
0767
0771
0774
0777
0780
0782
0785
0787
0788
0791
0792
0792
0793
0794
0796
0796
0797
0797
0798
0799
0800
0802
0803
0803
0804
0804
0805
0807
0808
0809
0810
0813
0814
0816
0818
0818
0819
0819
0819
0820
0820
0820
0821
0821
0822
0822
0824
0825
0825
0826
0827
0830
0831
0833
0837
0844
0852
0857
0863
0870
0879
0891
0897
0902
0905
0907
0908
0905
0903
0899
0894
0885
0871
0865
0863
0861
0860
0859
0858
0858
0857
0855
0854
0852
0850
0849
0848
0846
0844
0842
0838
0836
0833
0831
0829
0826
0825
0824
0824
0824
0824
0824
0825
0825
0824
0825
0825
0826
0826
0827
0829
0831
0835
0840
0858
0915
1009
1146
1325
1535
1749
1926
1997
1990
1881
1673
1433
1216
1048
0943
0894
0874
0863
0854
0847
0836
0824
0814
0810
0809
0809
0808
0807
0805
0805
0807
0809
0813
0816
0820
0822
0826
0831
0833
0838
0842
0848
0854
0863
0869
0876
0883
0891
0897
0903
0910
0916
0924
0930
0937
0945
0953
0962
0970
0977
0984
0992
1002
1013
1023
1031
1039
1047
1052
1057
1060
1063
1064
1063
1060
1057
1052
1045
1034
1023
1007
0990
0973
0955
0937
0919
0903
0888
0875
0861
0850
0836
0824
0815
0808
0799
0793
0788
0785
0781
0778
0776
0774
0772
0771
0770
0767
0766
0766
0765
0765
0765
0765
0765
0766
0767
0767
0769
0770
0770
0771
0772
0775
0776
0778
0781
0783
0786
0787
0789
0791
0793
0794
0796
0798
0799
0800
0803
0804
0807
0808
0809
0810
0811
0811
0813
0813
0813
0811
0811
0811
0811
0811
0813
0813
0814
0815
0816
0818
0819
0819
0819
0820
0820
0821
0821
0822
0824
0826
0827
0830
0831
0833
0836
0840
0844
0849
0854
0859
0864
0868
0871
0874
0875
0875
0874
0870
0866
0863
0858
0852
0847
0841
0836
0832
0830
0829
0826
0825
0824
0822
0821
0821
0820
0820
0819
0819
0818
0816
0815
0814
0813
0811
0811
0811
0811
0811
0811
0811
0810
0809
0808
0807
0805
0804
0804
0804
0805
0808
0811
0816
0822
0846
0903
0996
1126
1295
1489
1681
1826
1891
1853
1717
1517
1301
1112
0973
0890
0853
0843
0836
0830
0825
0822
0818
0811
0807
0802
0799
0797
0796
0793
0792
0792
0792
0794
0797
0802
0805
0811
0820
0829
0836
0843
0850
0857
0864
0870
0877
0883
0892
0898
0903
0908
0912
0916
0921
0926
0934
0941
0948
0959
0975
0990
1004
1019
1036
1051
1062
1071
1076
1079
1082
1085
1086
1086
1086
1085
1082
1079
1074
1064
1047
1031
1013
0995
0976
0958
0938
0918
0899
0881
0863
0850
0842
0830
0819
0810
0802
0793
0791
0788
0787
0785
0783
0782
0781
0780
0778
0777
0776
0775
0775
0775
0775
0775
0775
0776
0776
0776
0777
0778
0780
0781
0782
0783
0786
0788
0789
0792
0794
0797
0798
0800
0803
0807
0809
0811
0814
0816
0818
0820
0821
0824
0825
0826
0829
0830
0831
0832
0832
0833
0835
0835
0836
0837
0838
0840
0840
0841
0842
0842
0843
0843
0844
0844
0846
0847
0847
0849
0850
0850
0853
0855
0860
0866
0872
0877
0883
0890
0898
0904
0910
0915
0919
0921
0921
0916
0910
0902
0892
0880
0875
0871
0869
0866
0864
0863
0860
0859
0857
0854
0852
0850
0849
0848
0848
0847
0846
0843
0842
0841
0840
0838
0836
0835
0835
0833
0833
0833
0833
0833
0833
0833
0833
0835
0835
0835
0836
0837
0840
0842
0846
0861
0916
1007
1137
1305
1494
1669
1785
1813
1742
1581
1371
1165
1001
0891
0852
0846
0840
0833
0830
0826
0822
0821
0819
0818
0818
0818
0818
0818
0818
0818
0818
0819
0820
0822
0824
0826
0829
0831
0833
0838
0847
0854
0863
0870
0876
0882
0890
0897
0904
0910
0918
0924
0929
0935
0941
0947
0952
0958
0966
0977
0988
1003
1020
1035
1045
1056
1065
1075
1081
1086
1089
1091
1093
1093
1091
1086
1080
1070
1052
1034
1014
0995
0976
0958
0941
0924
0905
0886
0868
0852
0841
0830
0820
0809
0797
0788
0782
0777
0774
0771
0769
0766
0764
0763
0761
0760
0759
0759
0758
0756
0755
0754
0754
0754
0754
0755
0755
0755
0756
0756
0756
0758
0759
0760
0761
0764
0766
0769
0771
0774
0776
0777
0778
0780
0781
0782
0783
0785
0787
0788
0789
0792
0793
0794
0796
0797
0797
0798
0798
0798
0798
0799
0798
0799
0799
0799
0799
0799
0800
0800
0800
0800
0802
0802
0803
0803
0804
0805
0807
0809
0811
0815
0818
0821
0825
0829
0833
0837
0841
0846
0850
0853
0855
0855
0852
0849
0844
0841
0838
0835
0832
0830
0826
0824
0821
0818
0815
0813
0810
0808
0807
0804
0802
0798
0793
0788
0786
0783
0781
0780
0778
0777
0776
0776
0776
0776
0776
0775
0775
0774
0774
0772
0772
0774
0774
0775
0776
0778
0781
0783
0788
0808
0860
0951
1082
1256
1456
1654
1811
1869
1858
1745
1545
1316
1111
0960
0869
0832
0819
0808
0799
0792
0783
0777
0772
0769
0766
0765
0764
0763
0761
0761
0761
0764
0766
0770
0775
0780
0785
0791
0798
0804
0810
0816
0821
0827
0833
0838
0843
0848
0854
0863
0870
0877
0885
0891
0899
0909
0918
0927
0936
0945
0954
0966
0981
0993
1003
1014
1024
1030
1035
1040
1043
1046
1046
1046
1043
1040
1035
1029
1019
1004
0993
0980
0964
0948
0932
0915
0901
0886
0871
0854
0838
0824
0811
0802
0792
0782
0775
0771
0770
0769
0767
0767
0766
0766
0765
0765
0765
0765
0765
0765
0764
0764
0764
0764
0764
0764
0765
0765
0766
0767
0769
0771
0772
0774
0776
0777
0778
0781
0783
0786
0788
0791
0794
0798
0800
0803
0805
0807
0809
0809
0810
0811
0811
0813
0813
0814
0814
0815
0816
0818
0819
0820
0821
0822
0822
0824
0825
0826
0826
0827
0829
0830
0831
0831
0832
0833
0833
0835
0835
0836
0836
0837
0840
0843
0849
0852
0857
0861
0868
0875
0881
0886
0890
0892
0894
0896
0896
0892
0887
0880
0874
0865
0858
0852
0847
0843
0840
0837
0835
0832
0830
0827
0825
0822
0820
0818
0816
0815
0814
0813
0811
0810
0809
0809
0808
0808
0808
0808
0808
0809
0808
0808
0808
0809
0809
0809
0810
0811
0813
0814
0816
0820
0835
0886
0974
1107
1280
1487
1699
1880
1971
1973
1887
1698
1467
1246
1069
0949
0882
0854
0844
0836
0827
0819
0808
0799
0794
0792
0789
0788
0787
0786
0786
0785
0786
0786
0787
0789
0792
0794
0798
0802
0807
0815
0824
0831
0838
0846
0852
0859
0869
0879
0888
0896
0902
0908
0915
0921
0929
0935
0942
0951
0962
0971
0982
0992
1003
1014
1026
1039
1046
1051
1054
1057
1059
1060
1060
1059
1058
1056
1052
1048
1040
1024
1009
0991
0970
0948
0925
0903
0885
0872
0860
0849
0838
0826
0816
0809
0803
0796
0789
0787
0785
0783
0781
0780
0778
0777
0776
0775
0774
0774
0774
0774
0774
0774
0774
0775
0775
0775
0776
0776
0777
0778
0778
0780
0781
0782
0783
0785
0786
0787
0788
0789
0791
0792
0793
0796
0797
0798
0800
0803
0804
0805
0808
0809
0810
0811
0813
0814
0815
0815
0816
0818
0818
0818
0818
0819
0819
0819
0819
0819
0819
0819
0819
0819
0819
0820
0821
0822
0824
0825
0826
0827
0829
0831
0833
0837
0840
0844
0850
0854
0859
0863
0865
0869
0871
0874
0876
0876
0875
0871
0866
0861
0853
0841
0836
0833
0832
0831
0830
0829
0827
0826
0825
0822
0820
0816
0813
0809
0804
0797
0789
0786
0786
0786
0785
0785
0785
0785
0785
0786
0786
0786
0786
0785
0785
0786
0786
0786
0786
0787
0788
0791
0794
0799
0816
0869
0959
1095
1273
1483
1698
1879
1962
1960
1865
1670
1440
1224
1051
0936
0874
0850
0837
0826
0818
0808
0792
0778
0770
0766
0763
0761
0759
0756
0756
0758
0763
0770
0777
0787
0794
0802
0805
0809
0813
0816
0820
0824
0829
0835
0846
0854
0863
0869
0876
0882
0890
0896
0903
0909
0918
0926
0937
0948
0959
0969
0984
0999
1017
1035
1047
1056
1059
1060
1060
1060
1060
1062
1060
1057
1051
1045
1036
1029
1021
1009
0995
0980
0965
0952
0938
0925
0912
0897
0881
0868
0858
0849
0840
0830
0819
0811
0807
0802
0799
0796
0793
0791
0789
0788
0787
0786
0785
0783
0783
0782
0782
0782
0783
0785
0786
0787
0789
0791
0793
0794
0797
0799
0803
0809
0814
0821
0844
0880
0943
1041
1179
1357
1559
1750
1887
1927
1848
1658
1406
1161
0973
0861
0825
0813
0804
0797
0791
0786
0780
0775
0771
0766
0764
0761
0760
0758
0756
0756
0755
0754
0754
0754
0755
0756
0758
0760
0763
0765
0766
0769
0771
0774
0777
0780
0783
0787
0791
0798
0808
0816
0824
0831
0837
0846
0853
0861
0869
0876
0883
0892
0898
0903
0907
0909
0912
0913
0914
0915
0915
0914
0912
0908
0904
0899
0893
0883
0874
0866
0858
0848
0836
0822
0810
0800
0792
0783
0774
0770
0769
0766
0765
0763
0761
0760
0759
0758
0756
0756
0756
0756
0756
0756
0758
0758
0758
0759
0760
0761
0763
0764
0765
0766
0767
0767
0769
0770
0771
0772
0772
0774
0774
0774
0775
0775
0776
0776
0777
0780
0781
0782
0783
0783
0785
0786
0786
0787
0788
0788
0791
0792
0793
0793
0794
0794
0796
0796
0797
0798
0798
0799
0802
0803
0804
0805
0807
0808
0808
0809
0809
0810
0810
0810
0810
0810
0810
0810
0810
0810
0810
0811
0811
0811
0813
0813
0814
0814
0815
0816
0818
0818
0819
0820
0820
0820
0820
0820
0820
0820
0821
0821
0822
0824
0825
0826
0827
0829
0830
0832
0835
0838
0842
0847
0850
0854
0858
0861
0866
0870
0876
0882
0887
0892
0899
0908
0919
0929
0940
0951
0960
0971
0982
0992
1004
1014
1023
1030
1037
1045
1050
1053
1057
1059
1060
1062
1062
1062
1059
1056
1052
1047
1040
1028
1014
1007
1002
0998
0996
0992
0990
0987
0986
0984
0981
0977
0974
0968
0962
0954
0951
0948
0946
0943
0942
0941
0940
0938
0937
0936
0935
0934
0932
0931
0930
0929
0927
0925
0923
0918
0913
0910
0910
0914
0920
0938
0985
1060
1168
1308
1472
1642
1791
1868
1869
1803
1644
1443
1240
1074
0955
0908
0893
0883
0877
0872
0869
0866
0864
0861
0860
0860
0860
0859
0858
0855
0853
0852
0852
0853
0855
0858
0860
0864
0868
0870
0872
0875
0879
0881
0883
0885
0887
0888
0891
0894
0899
0905
0912
0919
0926
0935
0942
0949
0957
0965
0975
0986
0996
1004
1012
1019
1025
1030
1034
1036
1039
1041
1042
1042
1042
1040
1036
1031
1025
1017
1002
0992
0980
0966
0953
0938
0924
0908
0893
0879
0865
0850
0838
0827
0815
0805
0797
0787
0777
0774
0772
0770
0767
0766
0764
0763
0760
0759
0758
0756
0755
0755
0755
0755
0756
0756
0758
0759
0759
0760
0760
0761
0763
0764
0764
0765
0765
0766
0767
0767
0767
0769
0769
0769
0769
0769
0770
0770
0770
0771
0772
0774
0776
0777
0778
0780
0782
0783
0785
0786
0787
0789
0791
0793
0794
0796
0797
0797
0798
0798
0799
0799
0799
0800
0802
0803
0803
0803
0804
0804
0805
0807
0809
0811
0815
0818
0820
0822
0826
0830
0833
0838
0847
0853
0859
0864
0866
0869
0871
0872
0872
0871
0868
0863
0857
0849
0836
0827
0824
0821
0819
0816
0815
0814
0813
0813
0811
0809
0807
0803
0793
0775
0760
0748
0737
0722
0705
0691
0673
0659
0648
0637
0626
0616
0604
0594
0584
0576
0568
0560
0550
0543
0535
0528
0520
0520
0529
0556
0615
0708
0840
1010
1208
1405
1566
1639
1634
1538
1351
1136
0940
0789
0694
0667
0659
0654
0651
0650
0650
0651
0653
0656
0661
0666
0670
0675
0681
0687
0694
0702
0710
0717
0725
0732
0742
0752
0761
0770
0780
0788
0798
0809
0820
0829
0836
0843
0849
0855
0863
0871
0882
0894
0905
0918
0929
0940
0954
0970
0982
0993
1003
1012
1019
1026
1032
1037
1041
1045
1047
1047
1047
1047
1045
1041
1036
1030
1021
1007
0996
0981
0965
0949
0932
0918
0907
0896
0882
0865
0852
0842
0830
0819
0810
0800
0791
0785
0778
0772
0769
0765
0763
0761
0759
0758
0755
0754
0753
0752
0752
0750
0750
0750
0750
0750
0750
0750
0752
0752
0753
0753
0754
0755
0756
0758
0759
0760
0760
0761
0761
0761
0763
0763
0764
0764
0763
0763
0763
0761
0761
0761
0761
0761
0763
0763
0764
0765
0766
0767
0769
0770
0771
0771
0772
0774
0775
0777
0778
0780
0782
0783
0785
0787
0788
0789
0789
0791
0791
0792
0793
0793
0794
0797
0798
0799
0802
0804
0808
0814
0821
0827
0835
0844
0853
0860
0865
0869
0872
0874
0874
0869
0859
0850
0846
0842
0838
0835
0833
0831
0831
0830
0830
0830
0830
0830
0830
0829
0827
0826
0825
0825
0824
0822
0822
0821
0821
0821
0822
0822
0824
0825
0826
0829
0830
0830
0830
0830
0830
0831
0831
0830
0829
0827
0826
0825
0840
0891
0979
1103
1268
1463
1672
1860
1988
2024
1952
1785
1561
1333
1141
1006
0929
0894
0883
0875
0869
0859
0849
0842
0838
0835
0832
0830
0829
0827
0829
0831
0836
0841
0846
0850
0855
0864
0874
0881
0888
0892
0896
0898
0901
0904
0907
0909
0912
0915
0919
0924
0930
0937
0943
0951
0960
0973
0985
0996
1008
1020
1030
1039
1050
1063
1070
1076
1081
1085
1089
1091
1093
1095
1093
1091
1089
1085
1081
1078
1071
1059
1048
1032
1013
0996
0976
0962
0951
0936
0921
0907
0893
0879
0866
0855
0847
0838
0832
0829
0827
0827
0826
0825
0824
0824
0822
0822
0821
0821
0820
0820
0820
0819
0818
0818
0818
0818
0819
0820
0821
0822
0825
0826
0827
0829
0831
0832
0835
0836
0837
0838
0840
0841
0843
0844
0844
0844
0844
0844
0843
0842
0842
0841
0840
0840
0838
0837
0836
0836
0837
0838
0840
0841
0842
0843
0844
0846
0846
0846
0846
0844
0844
0844
0844
0846
0846
0847
0846
0844
0843
0841
0841
0841
0842
0843
0843
0843
0842
0842
0843
0852
0864
0875
0885
0893
0899
0903
0905
0907
0907
0905
0902
0897
0891
0881
0865
0853
0848
0844
0842
0842
0842
0842
0842
0841
0840
0837
0835
0832
0830
0827
0825
0822
0820
0818
0815
0814
0813
0811
0811
0811
0813
0815
0818
0819
0820
0819
0818
0818
0818
0818
0818
0819
0822
0830
0830
0832
0835
0838
0843
0848
0850
