1018
1110
1202
1294
1343
1368
1389
1400
1403
1403
1396
1379
1354
1333
1315
1301
1290
1280
1273
1265
1255
1248
1241
1234
1227
1220
1212
1209
1205
1202
1198
1195
1191
1188
1181
1177
1170
1166
1159
1152
1142
1135
1128
1120
1113
1106
1096
1085
1078
1071
1060
1053
1043
1036
1032
1025
1021
1014
1011
1007
1004
1004
1004
1004
1000
0993
0990
0983
0979
0976
0979
0979
0983
0990
1000
1011
1021
1032
1043
1053
1060
1071
1078
1089
1096
1106
1117
1124
1128
1131
1131
1124
1113
1103
1089
1075
1057
1039
1014
0965
0915
0873
0831
0799
0763
0721
0682
0664
0654
0640
0629
0618
0611
0601
0597
0590
0583
0576
0569
0565
0558
0558
0555
0551
0544
0541
0533
0526
0505
0491
0516
0583
0767
1029
1365
1757
2167
2560
2871
3023
3027
2896
2588
2188
1757
1319
0905
0572
0325
0251
0222
0201
0244
0265
0268
0275
0279
0279
0282
0282
0286
0289
0289
0293
0289
0289
0289
0293
0293
0297
0304
0307
0311
0318
0325
0332
0339
0350
0357
0364
0371
0381
0392
0399
0413
0424
0438
0456
0473
0488
0505
0519
0533
0548
0562
0576
0594
0618
0643
0664
0682
0700
0717
0739
0756
0774
0792
0813
0834
0859
0884
0912
0951
1004
1053
1092
1113
1131
1149
1163
1174
1177
1174
1159
1138
1117
1096
1078
1057
1036
1011
0990
0972
0954
0937
0912
0880
0820
0756
0686
0625
0565
0541
0530
0519
0509
0502
0491
0488
0480
0473
0463
0456
0449
0445
0445
0442
0438
0438
0434
0431
0427
0424
0420
0413
0413
0410
0413
0417
0424
0431
0438
0449
0459
0466
0477
0491
0505
0516
0516
0505
0491
0477
0466
0456
0449
0442
0438
0434
0431
0434
0442
0452
0463
0473
0484
0491
0495
0498
0502
0505
0509
0509
0505
0505
0505
0505
0502
0502
0495
0491
0480
0473
0466
0456
0449
0442
0438
0434
0431
0427
0427
0427
0424
0424
0424
0420
0417
0413
0413
0413
0417
0417
0420
0424
0427
0431
0431
0434
0434
0438
0438
0438
0438
0442
0445
0445
0449
0452
0456
0459
0459
0463
0463
0463
0463
0463
0466
0466
0466
0466
0466
0470
0473
0477
0480
0488
0491
0495
0495
0498
0502
0502
0502
0505
0512
0519
0530
0544
0562
0583
0601
0618
0629
0643
0650
0657
0664
0675
0682
0689
0696
0707
0717
0724
0728
0732
0732
0728
0717
0707
0693
0682
0671
0661
0650
0640
0632
0625
0618
0608
0601
0590
0576
0565
0555
0548
0541
0537
0533
0530
0530
0526
0526
0530
0530
0533
0537
0544
0551
0562
0569
0579
0594
0636
0724
0862
1078
1400
1807
2241
2634
2917
3009
2977
2882
2585
2220
1814
1386
0986
0671
0498
0434
0413
0420
0445
0452
0456
0459
0459
0463
0466
0470
0477
0480
0484
0480
0480
0477
0473
0473
0470
0470
0470
0470
0470
0473
0477
0480
0484
0488
0491
0498
0502
0509
0512
0519
0526
0530
0537
0548
0558
0576
0604
0629
0654
0675
0693
0710
0732
0749
0767
0781
0795
0813
0827
0845
0862
0880
0901
0926
0954
0986
1011
1032
1053
1071
1089
1103
1117
1120
1110
1089
1060
1032
1011
0986
0961
0937
0915
0898
0884
0866
0852
0838
0823
0809
0792
0774
0756
0732
0710
0686
0657
0625
0590
0562
0533
0505
0480
0452
0431
0424
0420
0417
0413
0413
0410
0406
0406
0406
0406
0410
0410
0413
0417
0420
0424
0431
0434
0438
0445
0449
0452
0459
0463
0463
0466
0470
0473
0473
0473
0470
0470
0463
0459
0456
0452
0452
0449
0449
0449
0452
0452
0456
0456
0456
0456
0459
0459
0459
0459
0459
0459
0463
0466
0473
0477
0480
0484
0488
0488
0488
0484
0484
0480
0480
0480
0480
0477
0477
0480
0480
0484
0484
0484
0484
0488
0495
0505
0523
0555
0594
0632
0671
0703
0728
0749
0760
0767
0774
0781
0788
0792
0795
0799
0802
0802
0799
0795
0785
0770
0760
0746
0728
0710
0696
0671
0643
0611
0583
0569
0558
0551
0544
0537
0530
0523
0516
0509
0505
0502
0502
0498
0498
0498
0498
0502
0502
0509
0512
0519
0526
0533
0544
0551
0565
0579
0601
0643
0767
1011
1354
1817
2369
2949
3490
3840
3872
3663
3005
2135
1262
0583
0265
0162
0244
0325
0388
0413
0413
0406
0403
0396
0396
0417
0452
0470
0477
0477
0477
0477
0480
0491
0502
0516
0526
0537
0551
0562
0572
0583
0590
0594
0601
0608
0615
0625
0636
0650
0664
0682
0693
0707
0714
0721
0724
0728
0735
0742
0753
0767
0788
0816
0841
0866
0894
0919
0940
0958
0976
0993
1011
1029
1043
1060
1075
1096
1124
1152
1177
1198
1212
1227
1241
1255
1262
1265
1262
1251
1237
1220
1198
1174
1138
1099
1060
1018
0979
0944
0912
0884
0859
0834
0806
0777
0742
0700
0664
0650
0643
0636
0629
0618
0611
0604
0597
0594
0590
0583
0579
0576
0576
0572
0572
0572
0576
0576
0576
0579
0583
0587
0594
0597
0604
0611
0615
0618
0622
0622
0622
0622
0622
0625
0625
0629
0629
0629
0629
0632
0632
0632
0629
0629
0625
0622
0622
0618
0618
0615
0611
0608
0608
0604
0604
0601
0601
0597
0594
0594
0590
0587
0583
0579
0579
0576
0576
0576
0572
0572
0569
0565
0562
0558
0548
0541
0544
0548
0551
0555
0558
0562
0565
0569
0569
0569
0569
0569
0565
0565
0562
0562
0558
0555
0555
0555
0558
0562
0565
0569
0572
0576
0576
0579
0583
0583
0587
0587
0590
0594
0594
0597
0597
0601
0601
0604
0604
0608
0611
0615
0618
0622
0622
0625
0625
0629
0629
0629
0629
0629
0629
0632
0636
0640
0643
0647
0654
0657
0661
0664
0664
0664
0664
0664
0664
0661
0661
0661
0661
0657
0657
0657
0657
0657
0661
0661
0664
0668
0671
0678
0682
0682
0686
0689
0693
0693
0696
0700
0703
0707
0714
0721
0732
0742
0753
0760
0767
0774
0781
0785
0788
0788
0788
0792
0799
0806
0813
0823
0831
0841
0848
0855
0866
0869
0873
0876
0876
0880
0887
0891
0898
0901
0905
0912
0915
0922
0930
0933
0937
0937
0944
0954
0965
0968
0965
0947
0919
0891
0862
0841
0816
0792
0770
0749
0735
0728
0724
0717
0714
0710
0707
0707
0703
0703
0700
0696
0689
0689
0689
0689
0689
0689
0693
0696
0703
0714
0728
0742
0760
0834
1011
1287
1686
2199
2790
3362
3812
3957
3911
3515
2818
1987
1209
0636
0371
0282
0346
0456
0530
0544
0555
0562
0565
0565
0558
0544
0530
0516
0509
0505
0495
0488
0477
0473
0466
0459
0456
0449
0445
0445
0445
0449
0452
0459
0466
0473
0484
0495
0502
0509
0516
0523
0530
0541
0548
0555
0565
0579
0597
0615
0632
0647
0661
0675
0686
0703
0724
0749
0788
0827
0859
0887
0908
0930
0951
0968
0983
0997
1007
1018
1029
1039
1046
1057
1064
1071
1078
1082
1082
1075
1067
1053
1039
1025
1007
0990
0961
0933
0905
0880
0855
0831
0806
0781
0756
0728
0707
0686
0671
0650
0629
0604
0583
0565
0551
0537
0526
0512
0502
0498
0495
0495
0495
0498
0502
0505
0512
0523
0526
0533
0533
0537
0541
0544
0551
0555
0558
0562
0565
0572
0579
0587
0594
0601
0608
0615
0622
0629
0636
0643
0647
0657
0668
0682
0689
0703
0710
0717
0721
0717
0714
0707
0700
0686
0682
0671
0668
0661
0657
0654
0650
0650
0647
0647
0643
0636
0629
0622
0618
0615
0611
0608
0604
0604
0604
0608
0608
0611
0608
0608
0601
0597
0590
0587
0583
0579
0576
0576
0576
0576
0576
0579
0579
0576
0576
0572
0569
0565
0562
0562
0558
0558
0555
0555
0555
0555
0555
0555
0555
0555
0551
0551
0555
0555
0558
0558
0562
0562
0569
0572
0576
0583
0587
0587
0590
0594
0594
0594
0594
0594
0597
0601
0604
0608
0615
0618
0622
0629
0636
0647
0657
0668
0682
0689
0700
0717
0732
0749
0763
0770
0781
0788
0795
0802
0809
0820
0827
0834
0834
0827
0813
0795
0774
0756
0735
0714
0693
0678
0657
0643
0632
0625
0618
0611
0604
0601
0597
0597
0597
0597
0601
0604
0608
0615
0625
0632
0643
0650
0661
0671
0682
0689
0700
0714
0732
0763
0880
1078
1365
1746
2210
2719
3193
3525
3568
3440
2931
2178
1357
0657
0212
0106
0113
0265
0396
0424
0442
0456
0470
0477
0484
0491
0498
0505
0509
0512
0516
0516
0519
0523
0530
0541
0548
0558
0565
0576
0583
0594
0604
0611
0622
0625
0629
0636
0640
0647
0654
0661
0668
0675
0682
0689
0696
0703
0710
0721
0732
0742
0760
0781
0809
0831
0848
0866
0884
0898
0915
0930
0947
0968
0990
1014
1036
1057
1078
1096
1113
1124
1135
1145
1156
1170
1177
1184
1188
1184
1177
1166
1149
1135
1113
1078
1046
1025
1000
0983
0961
0940
0912
0866
0809
0756
0707
0661
0608
0558
0502
0473
0463
0456
0449
0442
0434
0431
0427
0424
0420
0420
0417
0417
0413
0417
0417
0424
0427
0431
0438
0442
0449
0459
0466
0473
0480
0484
0488
0495
0502
0509
0512
0519
0526
0533
0541
0548
0555
0562
0562
0562
0565
0565
0569
0572
0576
0579
0587
0597
0608
0615
0618
0622
0622
0625
0625
0629
0632
0636
0636
0632
0632
0629
0629
0629
0629
0625
0625
0622
0622
0622
0622
0618
0618
0615
0615
0618
0618
0618
0618
0622
0622
0618
0618
0615
0611
0608
0608
0604
0601
0597
0594
0594
0590
0590
0590
0587
0583
0583
0576
0565
0565
0569
0583
0601
0615
0636
0654
0664
0671
0682
0686
0693
0693
0682
0664
0657
0650
0647
0643
0640
0636
0629
0625
0622
0622
0622
0622
0625
0632
0636
0643
0647
0657
0664
0671
0682
0696
0714
0732
0749
0770
0802
0823
0841
0862
0859
0827
0809
0795
0781
0774
0767
0767
0770
0774
0781
0785
0795
0809
0816
0806
0777
0742
0703
0668
0654
0643
0632
0625
0618
0611
0608
0608
0608
0608
0611
0615
0622
0632
0640
0650
0657
0668
0675
0682
0693
0703
0710
0721
0735
0763
0823
0947
1138
1432
1835
2326
2878
3401
3808
4006
3882
3419
2676
1838
1078
0544
0325
0300
0403
0562
0643
0671
0668
0640
0615
0601
0587
0576
0569
0562
0555
0551
0541
0533
0526
0526
0530
0541
0555
0569
0583
0594
0608
0618
0629
0636
0643
0650
0654
0654
0657
0661
0664
0668
0671
0675
0678
0682
0689
0696
0707
0721
0732
0746
0770
0795
0813
0827
0848
0873
0894
0919
0944
0965
0997
1039
1078
1117
1138
1142
1145
1145
1145
1145
1149
1149
1149
1149
1152
1149
1149
1145
1142
1135
1128
1117
1103
1089
1071
1025
0990
0940
0880
0831
0795
0746
0703
0675
0640
0608
0594
0583
0576
0572
0565
0558
0555
0548
0541
0533
0530
0526
0519
0516
0512
0509
0505
0502
0495
0488
0477
0473
0477
0488
0502
0516
0526
0533
0544
0555
0565
0576
0587
0597
0608
0615
0625
0636
0643
0650
0654
0654
0661
0664
0671
0678
0682
0682
0686
0689
0689
0693
0693
0693
0693
0693
0689
0689
0689
0689
0689
0689
0686
0686
0689
0689
0689
0689
0682
0668
0654
0640
0629
0618
0608
0594
0587
0579
0579
0579
0583
0587
0594
0601
0611
0622
0647
0678
0678
0678
0682
0682
0682
0686
0682
0678
0671
0668
0664
0661
0657
0650
0643
0640
0636
0632
0629
0629
0625
0625
0622
0618
0618
0615
0611
0608
0604
0601
0597
0594
0590
0590
0587
0587
0590
0597
0604
0611
0618
0625
0632
0643
0654
0668
0678
0689
0707
0735
0774
0785
0795
0802
0809
0802
0788
0781
0774
0770
0767
0763
0756
0749
0739
0724
0714
0700
0686
0671
0650
0632
0618
0604
0594
0583
0572
0562
0555
0551
0548
0551
0551
0558
0562
0569
0572
0579
0587
0594
0601
0608
0615
0622
0629
0636
0643
0650
0664
0710
0813
0986
1262
1665
2181
2765
3345
3797
4013
3875
3362
2567
1690
0926
0434
0261
0251
0378
0548
0601
0622
0632
0629
0615
0590
0544
0498
0484
0473
0466
0459
0459
0463
0470
0477
0484
0491
0498
0509
0519
0537
0558
0572
0583
0590
0597
0604
0608
0611
0618
0625
0632
0643
0650
0654
0657
0661
0668
0671
0678
0682
0693
0707
0724
0739
0753
0770
0799
0834
0862
0884
0901
0919
0944
0972
0997
1018
1039
1053
1064
1071
1078
1085
1096
1103
1110
1113
1110
1103
1092
1078
1060
1043
1018
0990
0958
0930
0901
0876
0852
0827
0802
0777
0753
0721
0693
0678
0661
0640
0611
0565
0541
0530
0516
0505
0498
0491
0484
0480
0473
0470
0466
0466
0466
0466
0466
0466
0466
0466
0466
0466
0463
0459
0456
0452
0452
0452
0456
0459
0463
0470
0480
0488
0495
0502
0509
0512
0516
0519
0523
0526
0526
0530
0530
0533
0537
0537
0541
0537
0537
0533
0533
0530
0526
0523
0516
0512
0505
0502
0498
0495
0495
0491
0488
0488
0488
0480
0473
0466
0463
0470
0477
0484
0488
0495
0502
0509
0512
0516
0512
0509
0502
0495
0488
0477
0466
0466
0484
0505
0530
0555
0576
0587
0590
0594
0597
0601
0601
0601
0604
0604
0611
0615
0618
0625
0636
0643
0650
0657
0664
0675
0682
0696
0710
0721
0732
0739
0742
0749
0753
0756
0756
0760
0760
0763
0767
0767
0753
0732
0703
0678
0650
0625
0611
0601
0597
0590
0587
0583
0579
0576
0576
0572
0572
0572
0572
0572
0572
0572
0572
0572
0576
0579
0583
0587
0594
0597
0604
0611
0622
0632
0647
0724
0919
1220
1619
2100
2627
3111
3476
3596
3412
2903
2188
1407
0735
0282
0141
0095
0141
0272
0396
0477
0516
0533
0548
0562
0569
0576
0587
0594
0597
0597
0597
0597
0594
0594
0590
0590
0594
0594
0594
0597
0601
0604
0608
0622
0636
0650
0668
0678
0686
0696
0707
0717
0724
0732
0739
0746
0753
0756
0763
0767
0770
0777
0785
0795
0809
0827
0852
0873
0894
0919
0944
0968
0990
1018
1046
1075
1099
1120
1145
1174
1191
1205
1212
1223
1230
1237
1241
1244
1241
1230
1216
1198
1159
1099
1053
1018
0979
0922
0859
0823
0802
0785
0770
0756
0742
0724
0707
0689
0668
0632
0569
0523
0495
0477
0456
0442
0431
0420
0410
0403
0396
0396
0399
0406
0413
0420
0424
0424
0427
0434
0442
0445
0452
0456
0459
0466
0470
0477
0484
0488
0491
0498
0509
0523
0537
0551
0562
0569
0579
0587
0597
0604
0608
0611
0618
0622
0629
0636
0640
0643
0643
0650
0654
0661
0668
0675
0682
0686
0693
0703
0714
0724
0735
0746
0763
0785
0795
0802
0809
0820
0834
0834
0809
0799
0795
0788
0781
0777
0770
0767
0760
0749
0742
0735
0724
0714
0703
0682
0650
0618
0597
0587
0583
0576
0569
0562
0555
0551
0551
0548
0548
0544
0544
0544
0544
0544
0544
0544
0548
0548
0551
0555
0562
0565
0569
0576
0587
0594
0618
0668
0753
0901
1128
1449
1877
2390
2928
3401
3681
3691
3458
2814
1955
1092
0434
0120
0070
0137
0328
0505
0601
0632
0643
0629
0601
0572
0541
0523
0509
0502
0491
0484
0480
0480
0491
0509
0526
0541
0558
0572
0587
0601
0611
0622
0632
0636
0643
0647
0654
0661
0664
0671
0675
0682
0686
0693
0707
0717
0746
0795
0823
0838
0852
0873
0891
0905
0919
0933
0944
0958
0968
0976
0986
1000
1021
1046
1071
1110
1170
1202
1220
1234
1248
1255
1258
1258
1251
1244
1230
1216
1202
1177
1138
1106
1085
1057
1021
0990
0961
0940
0922
0901
0880
0845
0785
0735
0703
0682
0654
0625
0590
0562
0555
0551
0548
0541
0537
0533
0533
0530
0526
0523
0519
0519
0516
0516
0516
0519
0519
0523
0523
0530
0533
0537
0541
0541
0544
0548
0551
0555
0558
0562
0565
0569
0576
0579
0587
0594
0597
0601
0604
0608
0611
0615
0615
0615
0611
0608
0604
0601
0597
0594
0590
0587
0587
0583
0579
0576
0572
0572
0569
0569
0565
0565
0562
0558
0558
0562
0562
0562
0562
0565
0565
0569
0569
0565
0562
0558
0555
0551
0551
0548
0544
0541
0541
0537
0533
0519
0505
0498
0502
0516
0526
0533
0541
0548
0555
0562
0565
0569
0569
0569
0565
0565
0565
0562
0558
0555
0555
0555
0558
0565
0572
0579
0583
0587
0594
0597
0601
0604
0604
0604
0604
0601
0597
0594
0590
0583
0572
0562
0569
0587
0597
0611
0622
0629
0632
0632
0625
0618
0611
0608
0601
0594
0587
0579
0576
0572
0569
0569
0569
0572
0579
0583
0590
0597
0604
0608
0615
0618
0622
0625
0629
0632
0640
0647
0650
0657
0664
0671
0678
0682
0686
0686
0689
0689
0693
0696
0700
0703
0707
0710
0714
0717
0724
0728
0735
0742
0749
0753
0760
0763
0770
0777
0788
0795
0806
0827
0848
0862
0873
0880
0887
0894
0901
0908
0915
0919
0922
0922
0922
0922
0919
0915
0912
0905
0894
0884
0873
0866
0852
0838
0823
0806
0785
0753
0714
0707
0700
0693
0689
0686
0686
0686
0689
0696
0703
0710
0721
0732
0735
0735
0728
0721
0714
0703
0700
0714
0746
0841
1007
1262
1612
2075
2623
3193
3698
3960
3953
3642
2938
2065
1234
0636
0374
0343
0438
0583
0632
0604
0562
0530
0523
0519
0519
0519
0519
0519
0516
0512
0509
0502
0498
0498
0502
0509
0512
0519
0526
0533
0541
0548
0555
0562
0565
0572
0576
0583
0590
0601
0608
0618
0625
0632
0640
0647
0654
0657
0664
0668
0675
0682
0689
0700
0707
0717
0732
0756
0806
0838
0855
0873
0891
0908
0926
0937
0951
0965
0979
0990
1004
1021
1043
1078
1092
1099
1103
1110
1110
1113
1106
1089
1071
1053
1029
1007
0983
0961
0940
0922
0905
0884
0859
0831
0806
0774
0749
0728
0710
0686
0657
0629
0615
0608
0601
0594
0587
0583
0579
0579
0579
0579
0579
0583
0587
0590
0594
0594
0597
0597
0597
0597
0597
0601
0601
0601
0601
0604
0608
0611
0618
0622
0629
0636
0643
0654
0661
0668
0671
0675
0678
0682
0682
0689
0693
0700
0703
0710
0714
0721
0721
0721
0721
0721
0721
0721
0721
0721
0724
0724
0724
0728
0732
0735
0735
0739
0739
0739
0739
0735
0735
0732
0732
0732
0735
0735
0735
0735
0735
0739
0739
0739
0735
0735
0732
0728
0724
0721
0714
0710
0710
0710
0710
0710
0710
0710
0714
0714
0710
0710
0703
0696
0689
0689
0689
0693
0696
0707
0717
0714
0678
0661
0654
0640
0629
0622
0615
0611
0608
0608
0608
0608
0608
0611
0615
0618
0625
0625
0629
0632
0640
0643
0647
0643
0632
0622
0611
0601
0590
0576
0579
0597
0622
0643
0664
0682
0689
0700
0707
0710
0714
0717
0721
0724
0728
0732
0735
0735
0739
0739
0735
0735
0728
0721
0710
0700
0689
0678
0668
0654
0625
0594
0562
0544
0533
0526
0516
0509
0502
0495
0484
0480
0473
0470
0466
0466
0463
0463
0463
0463
0459
0456
0449
0442
0434
0431
0434
0438
0449
0463
0480
0512
0579
0703
0926
1283
1764
2344
2956
3486
3759
3751
3433
2708
1803
0954
0353
0127
0106
0226
0403
0452
0473
0449
0392
0364
0346
0325
0307
0293
0282
0272
0261
0251
0240
0236
0236
0244
0254
0268
0282
0297
0307
0318
0332
0343
0353
0364
0374
0381
0385
0392
0396
0403
0406
0413
0420
0431
0442
0456
0473
0491
0516
0544
0583
0615
0643
0664
0682
0696
0717
0735
0756
0767
0777
0785
0795
0802
0813
0823
0834
0841
0852
0862
0876
0908
0951
0961
0965
0972
0976
0979
0979
0972
0961
0944
0922
0905
0876
0848
0823
0795
0763
0717
0682
0643
0604
0558
0512
0470
0445
0438
0431
0427
0424
0420
0417
0413
0410
0406
0403
0403
0399
0399
0396
0396
0396
0396
0399
0399
0403
0406
0410
0413
0417
0424
0431
0438
0445
0452
0459
0466
0470
0477
0480
0484
0488
0491
0495
0498
0502
0509
0512
0519
0523
0530
0533
0537
0537
0537
0541
0537
0537
0537
0537
0537
0537
0537
0541
0544
0548
0551
0551
0551
0551
0551
0551
0551
0551
0551
0548
0548
0551
0558
0562
0569
0569
0565
0565
0562
0558
0558
0551
0541
0533
0530
0533
0541
0544
0548
0551
0555
0558
0565
0569
0572
0572
0572
0572
0569
0569
0565
0565
0565
0565
0565
0565
0565
0569
0569
0569
0569
0569
0565
0565
0562
0562
0562
0562
0562
0565
0569
0576
0579
0587
0590
0597
0601
0604
0608
0615
0618
0622
0625
0629
0636
0640
0643
0650
0654
0661
0664
0668
0671
0678
0682
0686
0689
0700
0707
0717
0732
0767
0799
0827
0838
0845
0852
0859
0869
0876
0884
0891
0894
0894
0898
0898
0898
0894
0891
0884
0876
0866
0859
0855
0848
0845
0838
0831
0823
0816
0809
0802
0792
0781
0774
0770
0770
0774
0774
0777
0777
0777
0777
0781
0785
0788
0788
0792
0792
0799
0802
0813
0827
0841
0859
0937
1113
1382
1761
2256
2832
3408
3875
4038
3995
3599
2903
2068
1269
0696
0466
0392
0434
0565
0647
0657
0664
0675
0678
0682
0682
0689
0693
0700
0707
0714
0717
0717
0717
0717
0717
0717
0717
0717
0717
0717
0717
0721
0724
0732
0735
0742
0746
0753
0760
0767
0774
0781
0788
0792
0799
0802
0813
0820
0831
0841
0852
0862
0873
0880
0887
0894
0905
0912
0926
0944
0965
0979
0993
1007
1039
1103
1166
1212
1258
1287
1308
1326
1333
1333
1319
1301
1283
1269
1255
1241
1227
1216
1209
1202
1195
1181
1170
1156
1138
1120
1096
1046
0979
0922
0866
0813
0760
0717
0689
0664
0650
0643
0636
0632
0629
0622
0615
0611
0604
0597
0594
0587
0583
0579
0579
0576
0576
0576
0572
0569
0565
0562
0555
0551
0548
0541
0541
0541
0541
0548
0555
0562
0569
0576
0587
0594
0601
0611
0615
0622
0632
0647
0661
0671
0671
0668
0664
0657
0654
0654
0650
0647
0640
0632
0629
0629
0629
0632
0640
0647
0654
0661
0671
0682
0686
0682
0671
0654
0640
0632
0629
0622
0618
0615
0611
0608
0604
0601
0597
0597
0597
0594
0594
0594
0594
0594
0594
0597
0597
0594
0594
0594
0597
0597
0601
0601
0604
0604
0608
0608
0611
0615
0618
0622
0625
0629
0632
0643
0654
0668
0675
0678
0675
0675
0671
0668
0664
0661
0654
0650
0647
0643
0643
0643
0650
0657
0668
0678
0689
0714
0742
0774
0809
0848
0862
0873
0884
0891
0876
0848
0816
0777
0739
0717
0707
0696
0689
0682
0671
0664
0661
0654
0647
0640
0629
0601
0569
0562
0558
0555
0551
0544
0541
0541
0533
0530
0523
0519
0512
0509
0505
0502
0491
0480
0473
0470
0473
0484
0495
0512
0537
0576
0604
0671
0770
0947
1223
1598
2061
2567
3055
3426
3553
3341
2779
2026
1248
0594
0166
0014
0000
0091
0236
0367
0434
0463
0477
0484
0491
0495
0498
0505
0512
0519
0526
0533
0537
0541
0541
0544
0551
0555
0562
0569
0572
0579
0587
0590
0597
0604
0611
0618
0625
0636
0640
0647
0654
0657
0668
0678
0682
0693
0703
0714
0721
0732
0742
0756
0767
0788
0809
0820
0827
0834
0852
0894
0933
0954
0972
0990
1007
1021
1039
1053
1067
1085
1103
1117
1131
1142
1156
1166
1170
1166
1152
1135
1113
1096
1075
1050
1032
1018
1000
0972
0937
0898
0859
0820
0781
0746
0710
0678
0647
0611
0565
0530
0502
0484
0470
0459
0452
0449
0445
0438
0434
0431
0427
0424
0420
0417
0413
0413
0410
0413
0417
0424
0427
0434
0442
0452
0459
0470
0477
0488
0495
0498
0509
0516
0523
0533
0541
0548
0555
0562
0565
0572
0572
0576
0576
0579
0579
0583
0583
0587
0590
0594
0597
0601
0601
0601
0601
0604
0604
0604
0604
0604
0608
0608
0611
0615
0618
0618
0622
0622
0625
0625
0625
0622
0618
0618
0615
0615
0615
0615
0615
0615
0615
0618
0618
0622
0622
0622
0622
0622
0622
0618
0615
0611
0608
0608
0608
0604
0604
0604
0604
0604
0604
0604
0604
0601
0601
0601
0601
0597
0597
0594
0594
0594
0597
0601
0604
0608
0615
0622
0632
0640
0647
0650
0654
0654
0657
0657
0657
0657
0661
0661
0664
0664
0664
0664
0664
0664
0664
0664
0668
0668
0668
0668
0668
0671
0675
0678
0682
0682
0689
0696
0703
0710
0717
0724
0735
0746
0756
0763
0774
0781
0792
0802
0813
0827
0838
0848
0859
0866
0869
0873
0873
0869
0862
0855
0845
0834
0827
0816
0809
0802
0795
0788
0781
0770
0760
0749
0739
0732
0724
0717
0714
0714
0710
0710
0710
0710
0707
0703
0700
0696
0696
0693
0693
0693
0696
0700
0707
0717
0728
0746
0809
0954
1191
1520
1955
2464
3002
3497
3868
4010
3815
3249
2418
1531
0799
0364
0293
0311
0473
0537
0555
0565
0572
0572
0569
0555
0537
0516
0488
0445
0431
0420
0413
0403
0410
0456
0477
0495
0509
0519
0530
0537
0548
0555
0565
0576
0583
0590
0597
0601
0608
0615
0622
0629
0636
0640
0647
0654
0661
0668
0675
0682
0686
0696
0707
0721
0739
0756
0774
0795
0820
0855
0887
0908
0930
0951
0976
1000
1029
1064
1103
1131
1149
1163
1174
1181
1184
1181
1170
1156
1142
1131
1120
1110
1096
1082
1067
1053
1036
0997
0937
0887
0834
0792
0760
0732
0703
0678
0647
0618
0597
0576
0551
0541
0530
0519
0512
0505
0498
0491
0484
0480
0473
0470
0463
0459
0452
0449
0442
0438
0438
0438
0438
0445
0452
0463
0473
0488
0502
0502
0498
0491
0484
0480
0473
0470
0470
0473
0491
0509
0526
0541
0565
0587
0597
0597
0597
0597
0597
0597
0601
0604
0601
0594
0583
0576
0565
0558
0555
0562
0569
0572
0579
0590
0597
0601
0601
0597
0594
0587
0583
0579
0576
0572
0569
0565
0565
0569
0576
0583
0594
0604
0615
0625
0636
0643
0650
0657
0657
0654
0650
0640
0629
0611
0587
0551
0544
0541
0541
0537
0537
0537
0537
0544
0551
0558
0562
0562
0565
0569
0572
0576
0576
0576
0579
0579
0583
0583
0583
0579
0579
0579
0583
0583
0587
0587
0587
0590
0590
0594
0597
0601
0604
0604
0608
0611
0618
0625
0632
0636
0643
0650
0657
0664
0671
0678
0682
0686
0689
0696
0703
0710
0717
0724
0732
0735
0742
0753
0763
0788
0831
0848
0859
0869
0876
0876
0876
0869
0855
0841
0827
0809
0788
0767
0749
0735
0728
0721
0717
0714
0710
0707
0703
0700
0696
0696
0693
0689
0686
0682
0682
0682
0682
0682
0682
0678
0675
0671
0668
0657
0640
0640
0682
0806
1011
1315
1736
2270
2860
3408
3805
3950
3776
3271
2507
1644
0866
0350
0190
0183
0307
0449
0533
0562
0576
0583
0590
0601
0604
0590
0569
0558
0548
0537
0526
0519
0516
0512
0509
0509
0509
0512
0516
0523
0533
0544
0555
0565
0572
0587
0597
0611
0618
0625
0632
0640
0647
0650
0657
0661
0664
0668
0671
0675
0682
0686
0693
0703
0714
0728
0760
0785
0802
0820
0841
0862
0884
0912
0944
0979
1011
1036
1060
1085
1096
1106
1113
1120
1128
1131
1131
1124
1117
1106
1092
1078
1067
1050
1032
1014
1000
0983
0965
0944
0912
0880
0852
0816
0777
0735
0689
0650
0604
0572
0551
0533
0519
0509
0498
0495
0495
0491
0484
0480
0477
0470
0466
0466
0463
0459
0456
0456
0456
0456
0456
0456
0452
0452
0452
0452
0452
0456
0456
0459
0466
0473
0480
0491
0498
0509
0519
0533
0565
0587
0601
0608
0611
0611
0615
0615
0618
0622
0622
0625
0625
0629
0629
0629
0629
0629
0625
0622
0618
0615
0611
0608
0608
0604
0601
0601
0601
0601
0601
0601
0597
0597
0594
0590
0587
0579
0576
0569
0565
0562
0562
0562
0562
0565
0565
0565
0565
0562
0551
0544
0558
0583
0594
0601
0608
0615
0618
0625
0629
0632
0632
0632
0632
0629
0629
0625
0618
0615
0615
0611
0608
0608
0604
0604
0601
0604
0604
0604
0604
0608
0608
0611
0615
0618
0622
0622
0625
0625
0625
0629
0632
0632
0636
0640
0643
0650
0657
0668
0678
0689
0700
0717
0749
0767
0781
0788
0799
0809
0816
0816
0813
0809
0806
0802
0795
0792
0788
0792
0795
0799
0809
0816
0834
0845
0834
0809
0777
0735
0703
0689
0682
0675
0668
0661
0654
0647
0643
0640
0636
0632
0629
0625
0618
0615
0608
0604
0597
0587
0579
0576
0576
0579
0583
0590
0601
0615
0664
0781
0968
1248
1633
2097
2595
3062
3412
3546
3394
2938
2259
1485
0777
0275
0081
0063
0166
0311
0353
0381
0403
0424
0456
0495
0519
0533
0551
0558
0551
0533
0519
0505
0495
0488
0488
0498
0516
0533
0544
0555
0569
0579
0594
0608
0622
0629
0640
0647
0657
0664
0675
0682
0686
0689
0700
0707
0717
0724
0735
0742
0749
0760
0770
0781
0792
0802
0813
0827
0845
0869
0915
0951
0986
1021
1060
1085
1103
1120
1131
1142
1149
1152
1159
1163
1170
1174
1181
1184
1184
1184
1181
1177
1166
1152
1138
1113
1071
1032
0993
0954
0912
0873
0845
0816
0788
0763
0742
0717
0686
0657
0618
0576
0551
0537
0530
0526
0523
0516
0512
0509
0505
0502
0498
0495
0491
0491
0488
0488
0484
0488
0488
0491
0491
0495
0498
0505
0509
0516
0523
0530
0541
0548
0558
0565
0579
0594
0615
0632
0647
0657
0668
0675
0682
0686
0689
0693
0696
0700
0703
0707
0710
0714
0714
0714
0710
0703
0696
0689
0682
0664
0654
0654
0664
0671
0682
0682
0686
0682
0664
0647
0640
0632
0629
0622
0618
0615
0611
0608
0604
0604
0601
0601
0597
0597
0597
0597
0594
0594
0594
0594
0594
0594
0594
0594
0590
0590
0587
0576
0565
0562
0569
0576
0576
0576
0579
0579
0583
0583
0583
0587
0590
0594
0597
0601
0601
0604
0604
0604
0608
0608
0608
0608
0611
0622
0632
0640
0643
0640
0629
0611
0597
0583
0565
0548
0533
0533
0548
0565
0587
0604
0629
0654
0675
0696
0746
0785
0792
0799
0806
0813
0816
0816
0809
0806
0802
0795
0795
0788
0785
0777
0770
0763
0756
0749
0735
0721
0710
0693
0678
0657
0643
0629
0611
0601
0594
0587
0583
0576
0569
0565
0558
0555
0551
0551
0551
0551
0551
0555
0562
0569
0576
0587
0597
0611
0629
0664
0753
0919
1177
1538
2012
2570
3140
3603
3762
3713
3295
2581
1768
1050
0548
0265
0187
0201
0293
0371
0406
0420
0434
0445
0452
0463
0470
0473
0480
0484
0495
0509
0523
0526
0512
0480
0449
0424
0396
0371
0360
0364
0374
0385
0403
0431
0488
0530
0558
0587
0608
0625
0640
0650
0657
0664
0671
0678
0682
0686
0693
0696
0703
0710
0717
0724
0739
0753
0767
0785
0806
0831
0862
0898
0933
0968
0997
1021
1043
1060
1075
1089
1099
1113
1131
1145
1152
1159
1163
1170
1177
1184
1184
1174
1149
1113
1071
1007
0947
0894
0848
0799
0753
0710
0678
0647
0615
0587
0572
0562
0555
0548
0541
0537
0530
0523
0519
0516
0509
0502
0495
0491
0488
0484
0484
0480
0477
0473
0470
0463
0456
0449
0438
0431
0427
0431
0445
0463
0484
0502
0512
0519
0530
0541
0548
0558
0565
0572
0576
0583
0587
0590
0594
0597
0597
0601
0601
0608
0611
0615
0622
0622
0625
0625
0629
0629
0632
0632
0632
0632
0632
0632
0632
0636
0636
0640
0636
0636
0636
0632
0629
0622
0618
0611
0608
0604
0601
0601
0597
0601
0601
0604
0608
0608
0608
0611
0611
0608
0608
0608
0608
0608
0611
0611
0615
0615
0618
0622
0625
0629
0629
0629
0629
0625
0625
0625
0625
0625
0625
0625
0625
0625
0625
0625
0625
0622
0622
0625
0625
0629
0632
0632
0632
0636
0636
0640
0640
0640
0640
0640
0643
0650
0657
0664
0671
0678
0686
0703
0721
0739
0753
0763
0770
0781
0792
0802
0809
0820
0827
0838
0848
0859
0866
0869
0869
0866
0862
0859
0852
0845
0834
0823
0813
0802
0792
0785
0774
0763
0753
0746
0735
0724
0717
0707
0696
0686
0678
0671
0664
0657
0654
0654
0650
0650
0650
0650
0654
0657
0661
0664
0668
0671
0675
0682
0686
0696
0707
0721
0781
0951
1212
1591
2082
2641
3196
3660
3900
3900
3645
3009
2178
1336
0650
0307
0190
0229
0353
0519
0562
0565
0572
0572
0555
0533
0523
0519
0519
0516
0512
0512
0509
0505
0502
0498
0495
0495
0495
0498
0505
0512
0519
0526
0533
0541
0551
0558
0565
0572
0576
0579
0583
0590
0597
0604
0615
0622
0632
0647
0661
0675
0682
0696
0714
0735
0756
0785
0809
0834
0859
0887
0919
0954
0986
1018
1046
1071
1092
1110
1128
1142
1152
1159
1163
1166
1170
1177
1188
1195
1202
1202
1195
1177
1156
1113
1046
0993
0961
0930
0905
0876
0841
0799
0763
0735
0703
0675
0632
0587
0569
0555
0548
0544
0537
0526
0516
0509
0502
0498
0491
0488
0484
0484
0480
0480
0480
0477
0477
0477
0480
0484
0488
0491
0495
0498
0502
0505
0509
0512
0512
0516
0519
0523
0530
0537
0541
0548
0551
0555
0558
0562
0562
0565
0569
0569
0576
0579
0583
0587
0590
0590
0594
0590
0590
0590
0590
0587
0587
0583
0583
0587
0590
0590
0594
0597
0597
0597
0597
0597
0594
0594
0590
0590
0590
0594
0594
0597
0597
0597
0597
0597
0597
0597
0597
0597
0594
0597
0597
0601
0604
0608
0611
0611
0615
0618
0625
0629
0636
0640
0647
0657
0664
0671
0675
0671
0664
0657
0647
0640
0632
0622
0608
0594
0587
0583
0590
0604
0622
0632
0647
0661
0682
0693
0700
0696
0689
0686
0682
0678
0671
0664
0661
0657
0661
0675
0689
0703
0721
0746
0770
0792
0809
0823
0838
0848
0859
0866
0866
0866
0866
0862
0862
0859
0859
0855
0848
0845
0838
0827
0816
0802
0792
0770
0732
0714
0707
0703
0696
0693
0689
0682
0678
0675
0671
0671
0671
0671
0671
0671
0675
0675
0678
0682
0682
0682
0686
0689
0693
0703
0714
0724
0781
0901
1092
1382
1782
2273
2807
3309
3645
3684
3522
2966
2199
1382
0696
0300
0190
0293
0470
0541
0565
0562
0548
0541
0533
0530
0526
0523
0519
0516
0516
0512
0509
0509
0512
0519
0526
0530
0537
0544
0551
0562
0572
0587
0618
0643
0650
0657
0661
0664
0671
0675
0675
0678
0678
0682
0682
0686
0689
0693
0696
0703
0710
0721
0732
0742
0753
0774
0795
0816
0834
0848
0866
0887
0915
0944
0968
1004
1043
1089
1113
1128
1142
1152
1159
1166
1170
1170
1166
1159
1152
1142
1128
1113
1096
1067
1043
1021
1007
0986
0965
0944
0922
0887
0838
0785
0732
0686
0654
0615
0590
0572
0555
0541
0530
0519
0509
0491
0473
0452
0431
0413
0403
0396
0385
0378
0371
0371
0371
0374
0381
0388
0396
0399
0406
0410
0417
0424
0427
0431
0438
0445
0456
0463
0470
0477
0484
0491
0498
0505
0512
0523
0530
0537
0544
0551
0562
0569
0572
0576
0579
0583
0587
0590
0590
0594
0594
0597
0597
0601
0601
0604
0604
0604
0608
0611
0615
0615
0618
0625
0629
0636
0643
0650
0661
0675
0696
0724
0742
0760
0774
0788
0802
0809
0809
0799
0785
0774
0767
0760
0756
0749
0742
0735
0732
0721
0714
0703
0693
0682
0678
0671
0664
0654
0643
0636
0629
0622
0615
0608
0601
0590
0583
0576
0572
0562
0551
0537
0526
0516
0509
0498
0491
0484
0473
0466
0463
0466
0477
0495
0519
0608
0724
0901
1163
1531
2001
2535
3065
3493
3649
3610
3242
2531
1669
0880
0332
0127
0109
0219
0360
0417
0434
0438
0434
0434
0431
0431
0431
0434
0434
0434
0434
0438
0442
0452
0463
0473
0484
0488
0495
0505
0512
0519
0526
0530
0537
0541
0548
0551
0555
0558
0565
0572
0587
0604
0625
0647
0664
0675
0686
0700
0714
0728
0742
0756
0774
0795
0820
0845
0869
0898
0926
0951
0965
0976
0990
1004
1018
1043
1067
1082
1096
1106
1117
1128
1135
1138
1142
1142
1138
1138
1135
1131
1120
1113
1103
1085
1036
0986
0951
0922
0884
0838
0788
0732
0682
0643
0608
0587
0576
0565
0558
0548
0537
0530
0519
0512
0502
0488
0459
0449
0442
0442
0438
0434
0431
0431
0431
0427
0427
0427
0427
0431
0438
0445
0452
0459
0463
0470
0477
0495
0509
0516
0523
0526
0530
0537
0541
0548
0551
0555
0558
0562
0569
0572
0576
0579
0583
0587
0590
0594
0597
0601
0597
0594
0590
0583
0579
0572
0569
0565
0562
0558
0555
0555
0555
0555
0555
0551
0551
0548
0548
0548
0548
0548
0548
0548
0548
0548
0548
0551
0555
0555
0555
0555
0555
0555
0551
0551
0551
0551
0551
0551
0555
0558
0558
0562
0562
0565
0569
0572
0576
0579
0579
0583
0587
0590
0594
0597
0604
0608
0615
0618
0625
0629
0632
0636
0640
0643
0647
0647
0647
0643
0643
0647
0647
0647
0647
0643
0643
0643
0643
0647
0647
0647
0650
0650
0650
0650
0654
0654
0657
0661
0664
0668
0675
0678
0682
0682
0682
0686
0689
0689
0689
0686
0686
0682
0682
0682
0682
0682
0678
0678
0678
0678
0678
0678
0675
0671
0671
0675
0686
0703
0714
0721
0728
0732
0739
0746
0749
0753
0753
0756
0756
0763
0767
0770
0770
0770
0774
0774
0777
0781
0785
0788
0795
0799
0813
0841
0866
0891
0933
0979
1000
1014
1025
1032
1036
1032
1018
1007
0997
0986
0979
0972
0961
0954
0947
0940
0930
0922
0915
0905
0894
0884
0866
0823
0792
0767
0742
0732
0728
0724
0724
0721
0717
0717
0717
0717
0714
0714
0710
0707
0707
0710
0710
0714
0717
0721
0724
0732
0735
0746
0756
0802
0954
1177
1481
1895
2408
2970
3518
3925
4077
3882
3348
2570
1697
0926
0427
0272
0272
0427
0632
0724
0732
0664
0565
0523
0509
0502
0498
0495
0495
0495
0498
0505
0516
0530
0544
0562
0594
0611
0625
0632
0636
0640
0640
0643
0643
0640
0640
0640
0640
0643
0643
0647
0647
0647
0650
0650
0654
0657
0661
0668
0671
0682
0693
0710
0724
0739
0756
0777
0799
0823
0848
0894
0958
0990
1004
1011
1018
1025
1032
1039
1050
1057
1064
1071
1078
1085
1092
1103
1110
1117
1117
1117
1113
1110
1103
1092
1078
1053
1014
0976
0933
0898
0859
0823
0785
0749
0714
0678
0636
0601
0572
0555
0544
0537
0533
0530
0526
0523
0519
0512
0509
0505
0502
0495
0480
0477
0488
0495
0502
0505
0512
0509
0498
0484
0466
0438
0410
0403
0392
0420
0442
0456
0470
0491
0516
0533
0548
0558
0569
0579
0590
0601
0604
0611
0611
0615
0618
0622
0625
0629
0629
0632
0636
0636
0636
0636
0632
0632
0632
0632
0636
0636
0640
0640
0640
0640
0640
0640
0640
0643
0643
0643
0647
0650
0664
0664
0640
0629
0625
0618
0615
0611
0608
0608
0608
0608
0608
0608
0608
0611
0615
0615
0618
0622
0625
0629
0632
0640
0640
0636
0629
0625
0625
0622
0622
0622
0618
0615
0611
0611
0608
0608
0608
0608
0608
0608
0604
0604
0608
0608
0608
0611
0611
0611
0611
0615
0615
0618
0618
0622
0622
0622
0625
0629
0632
0636
0640
0647
0654
0661
0668
0675
0682
0686
0693
0703
0710
0721
0728
0735
0742
0749
0760
0770
0781
0788
0792
0792
0792
0792
0788
0781
0774
0763
0749
0739
0728
0710
0682
0654
0622
0608
0601
0594
0587
0583
0576
0572
0572
0569
0565
0562
0555
0555
0551
0551
0551
0555
0555
0551
0551
0548
0541
0530
0530
0537
0555
0590
0696
0887
1188
1605
2135
2744
3302
3635
3656
3426
2814
2022
1241
0622
0240
0134
0130
0222
0297
0318
0328
0335
0332
0328
0318
0307
0300
0297
0289
0286
0279
0275
0275
0282
0293
0304
0314
0321
0332
0339
0350
0360
0367
0378
0385
0396
0403
0406
0413
0417
0424
0431
0438
0445
0452
0459
0470
0477
0484
0491
0502
0512
0530
0562
0594
0625
0657
0686
0724
0770
0799
0813
0823
0838
0852
0866
0884
0905
0937
0961
0986
1014
1043
1046
1050
1057
1057
1060
1050
1036
1018
1004
0990
0979
0965
0947
0930
0912
0891
0862
0834
0809
0770
0717
0661
0601
0562
0533
0502
0470
0438
0410
0381
0360
0350
0339
0328
0321
0318
0314
0314
0314
0318
0325
0332
0343
0353
0364
0371
0381
0388
0399
0406
0417
0424
0434
0442
0449
0459
0466
0477
0484
0491
0498
0505
0516
0526
0533
0544
0551
0555
0562
0565
0572
0576
0579
0583
0587
0587
0590
0594
0597
0601
0604
0604
0608
0611
0611
0611
0611
0608
0608
0608
0604
0601
0597
0594
0587
0583
0579
0576
0572
0572
0569
0569
0565
0562
0555
0551
0548
0544
0541
0541
0544
0548
0558
0569
0583
0597
0608
0625
0647
0661
0678
0693
0710
0728
0742
0746
0739
0721
0700
0686
0675
0661
0650
0650
0654
0668
0682
0693
0700
0707
0710
0717
0721
0724
0728
0732
0735
0739
0739
0739
0739
0739
0739
0739
0739
0739
0739
0739
0742
0746
0749
0753
0756
0760
0763
0770
0777
0785
0788
0795
0806
0816
0827
0841
0855
0869
0880
0891
0898
0905
0905
0908
0912
0915
0915
0919
0926
0930
0908
0873
0848
0823
0802
0788
0774
0760
0756
0749
0746
0739
0728
0721
0717
0714
0710
0707
0703
0700
0696
0696
0696
0693
0689
0682
0678
0671
0671
0671
0675
0678
0689
0710
0774
0884
1046
1283
1605
2033
2535
3073
3561
3850
3858
3606
2942
2097
1255
0622
0367
0282
0332
0488
0565
0587
0548
0495
0456
0456
0452
0449
0459
0498
0541
0587
0629
0654
0678
0689
0696
0693
0686
0675
0664
0650
0636
0625
0625
0632
0643
0657
0668
0678
0682
0693
0707
0721
0735
0749
0760
0770
0777
0788
0795
0802
0809
0816
0823
0834
0841
0852
0866
0876
0901
0944
0976
1000
1021
1046
1075
1096
1113
1131
1149
1166
1181
1195
1205
1216
1227
1237
1244
1248
1248
1244
1237
1227
1216
1202
1188
1166
1142
1120
1092
1057
1011
0972
0915
0852
0806
0777
0742
0703
0678
0657
0640
0625
0615
0611
0604
0601
0594
0590
0583
0576
0569
0558
0548
0537
0526
0516
0505
0498
0491
0491
0498
0505
0516
0530
0541
0555
0572
0594
0608
0622
0632
0636
0640
0643
0650
0650
0650
0654
0654
0657
0664
0664
0668
0668
0668
0668
0671
0671
0671
0671
0675
0675
0682
0682
0686
0693
0696
0700
0703
0707
0710
0710
0710
0707
0707
0703
0703
0700
0696
0693
0693
0693
0696
0700
0700
0703
0703
0700
0700
0700
0700
0696
0693
0693
0693
0696
0703
0707
0707
0700
0689
0682
0682
0682
0678
0678
0675
0671
0668
0664
0664
0664
0661
0661
0661
0661
0661
0661
0661
0661
0661
0657
0654
0650
0650
0650
0647
0647
0647
0640
0636
0636
0636
0632
0629
0622
0618
0615
0611
0611
0608
0604
0601
0597
0597
0601
0604
0608
0608
0611
0618
0625
0636
0643
0654
0661
0675
0707
0732
0749
0760
0770
0781
0788
0792
0792
0792
0788
0781
0777
0774
0767
0760
0749
0739
0721
0707
0689
0682
0675
0668
0661
0654
0647
0640
0632
0625
0618
0611
0604
0601
0601
0597
0601
0601
0604
0608
0615
0618
0625
0629
0636
0647
0657
0668
0682
0696
0735
0834
0993
1212
1520
1952
2482
3041
3546
3840
3850
3592
2942
2142
1354
0746
0406
0328
0346
0452
0491
0495
0491
0491
0477
0456
0449
0442
0438
0438
0434
0431
0427
0420
0417
0413
0413
0413
0413
0417
0420
0427
0431
0438
0445
0452
0463
0470
0477
0484
0491
0498
0505
0519
0530
0541
0551
0558
0569
0579
0594
0625
0689
0728
0739
0749
0760
0767
0774
0781
0788
0795
0802
0809
0816
0827
0841
0876
0912
0951
0986
1036
1067
1092
1110
1124
1131
1135
1135
1135
1135
1135
1135
1138
1138
1138
1124
1103
1071
1014
0930
0884
0855
0831
0806
0781
0742
0671
0618
0590
0572
0558
0544
0537
0530
0523
0516
0505
0502
0495
0488
0484
0477
0470
0463
0459
0452
0449
0445
0438
0427
0420
0413
0410
0406
0410
0413
0417
0427
0438
0449
0463
0473
0484
0495
0502
0509
0519
0526
0533
0544
0551
0555
0562
0569
0579
0587
0590
0594
0597
0601
0604
0608
0615
0618
0622
0625
0632
0636
0643
0650
0657
0664
0671
0675
0675
0675
0671
0668
0664
0654
0647
0636
0625
0618
0611
0608
0604
0601
0597
0597
0597
0594
0594
0590
0587
0583
0587
0587
0587
0587
0587
0587
0587
0587
0590
0590
0590
0590
0590
0590
0594
0594
0590
0590
0587
0587
0583
0583
0579
0576
0576
0572
0572
0572
0569
0569
0572
0576
0579
0587
0590
0597
0601
0604
0608
0611
0618
0622
0629
0632
0640
0650
0657
0668
0678
0686
0696
0707
0717
0724
0732
0735
0739
0742
0746
0749
0749
0749
0753
0756
0760
0763
0770
0774
0781
0785
0792
0799
0802
0802
0802
0799
0788
0774
0756
0735
0714
0700
0689
0686
0682
0675
0668
0657
0647
0640
0632
0625
0615
0611
0608
0608
0608
0611
0611
0611
0615
0618
0622
0629
0632
0636
0640
0643
0654
0664
0678
0686
0700
0788
0990
1311
1753
2298
2889
3416
3730
3741
3476
2811
1948
1103
0502
0258
0233
0335
0434
0459
0473
0480
0484
0488
0488
0488
0491
0495
0495
0495
0495
0495
0495
0498
0502
0502
0502
0502
0502
0505
0509
0512
0519
0526
0530
0537
0544
0551
0555
0562
0565
0572
0583
0590
0597
0604
0611
0618
0625
0636
0643
0650
0661
0671
0686
0710
0735
0760
0777
0799
0816
0841
0862
0887
0912
0937
0961
0990
1014
1043
1071
1092
1110
1128
1145
1159
1170
1174
1170
1159
1145
1131
1117
1099
1071
1039
1021
1004
0979
0947
0908
0876
0848
0820
0795
0756
0700
0654
0597
0548
0512
0480
0463
0452
0445
0438
0431
0427
0424
0420
0417
0413
0410
0406
0399
0392
0378
0378
0410
0431
0445
0459
0473
0488
0498
0509
0519
0533
0544
0551
0558
0562
0562
0565
0569
0576
0579
0583
0587
0590
0594
0601
0608
0615
0622
0625
0632
0640
0650
0661
0671
0678
0671
0664
0650
0643
0636
0632
0629
0625
0622
0618
0615
0615
0615
0615
0615
0615
0615
0615
0615
0615
0615
0611
0611
0611
0608
0608
0608
0608
0608
0604
0601
0601
0597
0594
0590
0583
0576
0569
0569
0572
0583
0590
0597
0601
0608
0618
0625
0629
0629
0625
0615
0608
0601
0597
0594
0590
0583
0579
0576
0572
0569
0569
0565
0569
0569
0576
0587
0597
0608
0618
0629
0636
0643
0650
0661
0668
0671
0675
0678
0682
0686
0693
0696
0703
0707
0707
0710
0717
0721
0728
0732
0739
0753
0770
0788
0806
0823
0838
0848
0859
0869
0880
0884
0887
0887
0887
0887
0884
0880
0873
0862
0852
0845
0834
0820
0806
0788
0770
0753
0735
0724
0714
0703
0693
0682
0678
0675
0671
0671
0668
0668
0664
0664
0664
0664
0664
0664
0664
0661
0664
0693
0724
0760
0788
0855
0951
1106
1340
1672
2121
2669
3246
3730
3953
3928
3578
2839
1923
1060
0456
0254
0251
0413
0625
0714
0739
0686
0643
0615
0594
0576
0562
0551
0541
0530
0523
0516
0505
0502
0498
0495
0495
0498
0498
0505
0509
0519
0526
0537
0548
0558
0569
0583
0594
0604
0615
0622
0629
0632
0640
0647
0650
0657
0664
0671
0678
0686
0696
0710
0724
0746
0781
0813
0841
0873
0905
0930
0951
0972
0986
1007
1036
1067
1089
1103
1120
1135
1145
1152
1156
1159
1159
1159
1156
1152
1145
1135
1128
1113
1096
1057
1021
0983
0944
0908
0884
0862
0841
0816
0792
0756
0717
0675
0647
0622
0604
0594
0583
0572
0569
0565
0565
0562
0558
0555
0551
0548
0544
0544
0541
0541
0537
0541
0541
0544
0548
0548
0551
0558
0562
0565
0569
0572
0572
0576
0579
0583
0583
0587
0590
0594
0597
0604
0608
0611
0618
0618
0625
0629
0632
0636
0636
0636
0632
0636
0636
0636
0636
0632
0632
0629
0629
0625
0622
0618
0615
0611
0611
0608
0608
0604
0604
0601
0601
0601
0601
0597
0594
0587
0587
0583
0583
0579
0579
0579
0579
0583
0587
0587
0590
0590
0594
0594
0590
0590
0587
0583
0583
0579
0579
0583
0587
0587
0590
0590
0590
0590
0590
0587
0583
0579
0572
0576
0615
0650
0682
0710
0735
0770
0802
0813
0823
0831
0827
0802
0777
0760
0739
0721
0707
0696
0689
0682
0678
0671
0664
0657
0650
0647
0643
0632
0625
0615
0590
0537
0512
0502
0488
0480
0477
0477
0484
0491
0502
0509
0516
0519
0530
0537
0548
0551
0551
0548
0548
0544
0537
0530
0516
0498
0537
0650
0845
1142
1548
2065
2659
3246
3716
3889
3847
3451
2705
1803
0968
0378
0106
0067
0137
0304
0445
0491
0495
0498
0498
0495
0495
0491
0495
0495
0495
0491
0491
0491
0488
0488
0484
0484
0484
0484
0488
0491
0495
0498
0502
0505
0509
0516
0523
0530
0537
0544
0555
0569
0579
0594
0604
0611
0622
0629
0640
0650
0668
0682
0703
0728
0749
0763
0777
0792
0806
0816
0831
0845
0866
0898
0922
0947
0986
1053
1103
1135
1152
1159
1159
1159
1159
1159
1159
1159
1159
1152
1138
1117
1092
1053
1007
0958
0912
0873
0838
0813
0781
0749
0728
0707
0689
0678
0664
0654
0640
0625
0604
0587
0565
0548
0526
0502
0484
0473
0463
0456
0452
0445
0442
0438
0438
0442
0449
0452
0459
0466
0470
0473
0477
0484
0488
0488
0495
0502
0509
0516
0519
0523
0523
0526
0530
0530
0533
0533
0537
0541
0548
0555
0565
0572
0576
0583
0590
0594
0601
0601
0604
0604
0604
0604
0608
0611
0615
0615
0618
0622
0625
0629
0632
0632
0629
0625
0622
0618
0615
0611
0608
0604
0601
0597
0597
0594
0590
0590
0587
0583
0579
0572
0569
0569
0572
0579
0587
0597
0608
0629
0640
0632
0615
0604
0594
0583
0572
0565
0565
0572
0579
0587
0597
0601
0608
0615
0622
0632
0640
0647
0650
0657
0661
0668
0671
0671
0671
0675
0678
0689
0700
0710
0714
0707
0700
0696
0696
0693
0689
0686
0682
0678
0675
0671
0671
0668
0668
0671
0675
0678
0682
0682
0686
0686
0686
0686
0686
0689
0689
0693
0693
0696
0703
0707
0710
0714
0717
0721
0721
0724
0732
0735
0742
0749
0756
0767
0777
0799
0820
0841
0862
0873
0884
0894
0901
0912
0915
0919
0922
0922
0926
0926
0930
0930
0930
0933
0937
0937
0933
0915
0891
0869
0845
0820
0792
0767
0756
0746
0735
0728
0721
0717
0714
0710
0710
0710
0710
0710
0707
0707
0707
0707
0710
0710
0714
0717
0721
0724
0732
0735
0742
0753
0760
0799
0954
1205
1545
1987
2514
3065
3546
3776
3762
3458
2818
2043
1304
0735
0413
0378
0364
0360
0360
0371
0388
0424
0488
0519
0530
0537
0544
0551
0555
0555
0555
0558
0558
0558
0562
0565
0565
0565
0569
0572
0576
0579
0583
0587
0590
0597
0601
0604
0611
0615
0622
0629
0640
0650
0661
0671
0678
0682
0689
0696
0703
0714
0721
0732
0746
0760
0777
0795
0813
0827
0845
0866
0884
0905
0922
0933
0947
0972
1025
1067
1085
1099
1113
1120
1128
1131
1135
1145
1159
1124
1092
1078
1064
1046
1025
1004
0979
0947
0901
0869
0852
0827
0767
0717
0693
0675
0650
0632
0611
0594
0572
0551
0523
0502
0491
0480
0473
0466
0459
0452
0445
0442
0438
0438
0434
0434
0438
0442
0445
0452
0456
0459
0463
0466
0470
0473
0477
0480
0480
0480
0480
0484
0484
0488
0491
0495
0495
0498
0502
0505
0512
0516
0516
0519
0523
0526
0530
0537
0551
0565
0579
0579
0576
0572
0569
0565
0562
0558
0555
0551
0548
0544
0541
0541
0541
0548
0555
0562
0572
0579
0587
0594
0601
0604
0604
0608
0608
0604
0604
0604
0604
0608
0608
0608
0608
0604
0601
0601
0597
0594
0594
0590
0587
0587
0590
0590
0594
0597
0601
0604
0611
0615
0618
0622
0622
0625
0625
0625
0625
0629
0629
0632
0636
0636
0640
0647
0650
0650
0650
0654
0654
0657
0657
0661
0661
0664
0664
0664
0668
0675
0678
0678
0682
0682
0686
0693
0700
0703
0710
0717
0724
0735
0746
0760
0770
0788
0827
0855
0869
0876
0884
0891
0898
0905
0908
0912
0915
0915
0912
0908
0901
0891
0880
0862
0845
0827
0799
0742
0724
0717
0714
0714
0710
0710
0710
0707
0707
0707
0707
0707
0703
0700
0696
0696
0693
0689
0689
0682
0682
0675
0664
0654
0625
0611
0618
0647
0721
0869
1106
1442
1891
2411
2974
3507
3918
4095
3950
3440
2638
1739
0940
0420
0254
0254
0406
0516
0541
0558
0569
0576
0583
0583
0583
0583
0583
0579
0579
0576
0569
0562
0558
0555
0551
0551
0548
0548
0544
0544
0541
0544
0551
0558
0569
0579
0587
0597
0604
0611
0622
0629
0640
0647
0657
0668
0678
0686
0693
0700
0707
0717
0735
0767
0795
0823
0841
0855
0869
0884
0901
0919
0937
0954
0972
0993
1018
1039
1067
1089
1103
1117
1128
1142
1152
1159
1163
1159
1152
1145
1135
1124
1106
1085
1050
1014
0983
0951
0919
0887
0852
0823
0802
0785
0770
0753
0742
0724
0700
0668
0625
0590
0562
0533
0512
0495
0473
0459
0459
0477
0498
0512
0530
0544
0555
0558
0555
0548
0537
0530
0519
0509
0495
0488
0488
0495
0505
0516
0523
0526
0530
0533
0537
0541
0544
0548
0551
0551
0555
0555
0555
0555
0558
0558
0562
0565
0569
0572
0576
0579
0587
0590
0594
0597
0604
0608
0615
0625
0632
0640
0643
0643
0636
0625
0615
0604
0594
0583
0576
0569
0562
0558
0551
0551
0551
0551
0551
0555
0562
0565
0569
0572
0583
0590
0597
0590
0576
0562
0548
0530
0519
0512
0516
0519
0526
0533
0544
0555
0569
0587
0604
0615
0625
0640
0647
0654
0661
0661
0664
0668
0671
0675
0678
0682
0686
0700
0664
0636
0618
0604
0590
0583
0579
0583
0590
0597
0601
0608
0618
0629
0643
0657
0664
0675
0678
0682
0689
0693
0696
0696
0696
0700
0703
0707
0707
0710
0710
0714
0717
0721
0724
0728
0732
0732
0739
0742
0746
0749
0760
0767
0767
0753
0735
0717
0700
0682
0657
0636
0622
0608
0597
0587
0576
0569
0565
0562
0562
0558
0555
0551
0548
0541
0530
0537
0572
0597
0611
0625
0640
0650
0661
0671
0686
0749
0905
1159
1527
1994
2517
3041
3462
3603
3553
3164
2468
1612
0802
0226
0021
0017
0205
0459
0565
0601
0558
0530
0512
0498
0491
0491
0498
0512
0530
0551
0579
0622
