1109
0848
0580
0319
0101
0027
0000
0002
0031
0047
0058
0065
0069
0076
0081
0087
0099
0103
0105
0112
0117
0123
0132
0162
0222
0267
0294
0326
0360
0405
0450
0484
0502
0513
0524
0533
0540
0542
0547
0551
0556
0558
0562
0565
0571
0578
0583
0578
0562
0542
0522
0493
0472
0457
0441
0425
0409
0382
0353
0326
0299
0279
0272
0267
0267
0263
0258
0306
0337
0353
0366
0378
0387
0396
0405
0414
0420
0427
0436
0447
0475
0533
0583
0621
0659
0700
0738
0778
0805
0823
0837
0853
0871
0891
0914
0934
0961
0983
1004
1022
1037
1067
1109
1150
1190
1231
1262
1341
1440
1564
1688
1800
1864
1931
1992
2048
2098
2120
2131
2140
2152
2170
2190
2210
2226
2244
2262
2276
2280
2273
2262
2248
2230
2203
2161
2120
2080
2039
2001
1954
1884
1805
1733
1668
1591
1546
1521
1503
1492
1485
1488
1492
1503
1517
1533
1560
1611
1656
1688
1713
1726
1735
1744
1753
1764
1776
1787
1803
1818
1843
1886
1927
1949
1960
1972
1981
1992
2005
2014
2023
2032
2046
2075
2131
2174
2206
2237
2269
2300
2339
2379
2420
2460
2510
2568
2660
2760
2865
2937
2978
2996
3007
3016
3023
3030
3039
3045
3054
3061
3068
3075
3081
3090
3102
3115
3129
3142
3149
3153
3160
3165
3167
3171
3176
3178
3178
3176
3169
3153
3138
3115
3086
3036
2996
2980
2973
2969
2967
2962
2960
2955
2953
2949
2946
2944
2940
2935
2931
2928
2928
2926
2926
2924
2922
2917
2915
2910
2906
2904
2899
2895
2890
2886
2881
2877
2872
2870
2868
2863
2859
2854
2847
2838
2827
2814
2787
2757
2730
2701
2669
2636
2609
2584
2575
2570
2566
2564
2561
2559
2555
2552
2548
2546
2543
2539
2534
2530
2528
2523
2521
2516
2514
2510
2503
2498
2492
2483
2476
2469
2462
2458
2453
2449
2447
2444
2442
2442
2442
2442
2440
2438
2435
2433
2433
2435
2438
2444
2451
2456
2462
2467
2474
2480
2487
2494
2498
2503
2512
2521
2532
2546
2557
2566
2573
2579
2586
2591
2597
2604
2613
2624
2638
2651
2665
2681
2696
2721
2757
2775
2784
2789
2791
2796
2798
2800
2805
2805
2805
2802
2798
2789
2780
2771
2760
2751
2737
2708
2687
2678
2672
2665
2660
2658
2656
2658
2660
2667
2674
2681
2687
2694
2701
2705
2710
2710
2705
2696
2681
2663
2642
2618
2579
2546
2514
2496
2480
2465
2456
2444
2438
2435
2433
2431
2429
2426
2424
2417
2415
2433
2462
2492
2521
2550
2582
2595
2606
2615
2624
2629
2633
2638
2642
2647
2654
2660
2667
2672
2676
2678
2681
2683
2683
2685
2687
2690
2694
2696
2701
2703
2705
2708
2705
2703
2699
2694
2685
2678
2672
2663
2658
2651
2638
2629
2631
2656
2687
2719
2760
2780
2789
2800
2811
2818
2816
2791
2762
2739
2719
2701
2685
2672
2658
2645
2633
2622
2613
2600
2588
2579
2573
2566
2559
2550
2546
2539
2537
2532
2532
2532
2534
2541
2550
2564
2579
2604
2663
2773
2915
3079
3237
3352
3394
3394
3352
3230
3007
2692
2354
2041
1809
1726
1697
1733
1791
1848
1893
1945
2003
2064
2120
2163
2212
2237
2251
2260
2266
2271
2278
2282
2291
2300
2305
2312
2318
2325
2332
2341
2352
2368
2386
2399
2411
2422
2433
2440
2447
2453
2460
2467
2474
2478
2485
2487
2492
2496
2501
2505
2512
2516
2525
2534
2543
2552
2564
2579
2606
2633
2651
2669
2692
2726
2782
2823
2856
2879
2888
2888
2883
2881
2879
2879
2879
2879
2879
2879
2874
2868
2861
2854
2847
2838
2829
2820
2809
2793
2773
2742
2694
2656
2606
2548
2487
2431
2384
2348
2307
2287
2273
2264
2255
2248
2244
2244
2246
2251
2260
2266
2271
2278
2287
2294
2300
2305
2309
2314
2318
2323
2330
2332
2334
2336
2343
2348
2352
2357
2359
2359
2359
2361
2361
2361
2359
2357
2352
2350
2345
2341
2332
2325
2316
2307
2298
2287
2264
2242
2226
2215
2206
2197
2188
2183
2183
2192
2203
2215
2221
2228
2233
2239
2246
2251
2253
2255
2255
2255
2253
2253
2251
2248
2242
2237
2233
2224
2203
2203
2226
2235
2239
2242
2244
2246
2246
2248
2248
2251
2255
2260
2262
2264
2269
2271
2273
2278
2282
2287
2291
2298
2316
2354
2379
2393
2404
2413
2420
2426
2433
2442
2449
2456
2460
2462
2465
2469
2476
2480
2485
2485
2483
2478
2469
2462
2458
2449
2438
2426
2415
2408
2402
2397
2393
2388
2384
2379
2377
2372
2368
2363
2361
2359
2361
2368
2377
2390
2411
2444
2510
2584
2656
2780
2942
3135
3329
3491
3615
3658
3628
3547
3334
3039
2699
2420
2294
2251
2289
2352
2422
2485
2557
2638
2717
2760
2782
2798
2814
2827
2836
2845
2854
2870
2890
2917
2951
2971
2982
2991
3000
3007
3016
3023
3027
3034
3039
3043
3048
3052
3054
3054
3057
3059
3061
3066
3068
3072
3077
3079
3081
3084
3084
3081
3079
3077
3072
3070
3068
3066
3066
3063
3061
3059
3057
3054
3045
3039
3034
3034
3039
3045
3052
3059
3068
3070
3063
3045
3021
2996
2960
2933
2910
2881
2847
2798
2730
2654
2591
2543
2498
2442
2363
2307
2278
2255
2235
2212
2197
2183
2170
2158
2147
2143
2138
2143
2152
2167
2181
2192
2201
2212
2221
2233
2244
2255
2266
2276
2282
2291
2303
2316
2339
2381
2415
2447
2478
2519
2557
2597
2640
2669
2687
2699
2712
2726
2739
2753
2773
2816
2879
2964
3081
3217
3354
3482
3601
3644
3662
3676
3683
3692
3714
3741
3761
3779
3797
3809
3809
3802
3784
3757
3674
3556
3478
3383
3298
3219
3142
3070
3003
2951
2913
2872
2818
2753
2692
2631
2523
2420
2312
2199
2089
2041
2021
2008
1996
1990
1992
2005
2023
2044
2062
2077
2093
2109
2129
2149
2167
2176
2183
2188
2192
2199
2206
2210
2215
2221
2228
2235
2242
2246
2251
2255
2262
2276
2291
2309
2330
2352
2379
2417
2451
2476
2505
2532
2566
2606
2640
2667
2692
2708
2717
2726
2746
2771
2787
2793
2800
2805
2809
2811
2811
2809
2805
2796
2789
2780
2766
2757
2760
2769
2780
2793
2755
2694
2642
2615
2600
2579
2552
2507
2456
2431
2417
2408
2404
2397
2393
2388
2384
2377
2366
2343
2314
2298
2285
2287
2309
2323
2334
2345
2354
2357
2354
2348
2341
2334
2332
2330
2327
2323
2318
2316
2312
2307
2300
2294
2289
2285
2280
2276
2271
2260
2239
2201
2181
2172
2165
2158
2152
2147
2145
2145
2152
2161
2172
2181
2190
2199
2208
2217
2224
2228
2230
2233
2233
2233
2233
2233
2233
2235
2244
2242
2219
2212
2208
2203
2201
2199
2197
2194
2192
2188
2183
2179
2174
2174
2172
2172
2170
2167
2165
2165
2163
2158
2149
2138
2127
2125
2136
2149
2163
2172
2179
2185
2194
2203
2210
2210
2208
2203
2199
2194
2192
2190
2183
2176
2170
2167
2170
2181
2194
2206
2217
2224
2233
2244
2255
2264
2271
2273
2278
2280
2280
2282
2282
2280
2276
2271
2266
2264
2260
2246
2246
2262
2273
2282
2291
2300
2305
2305
2305
2307
2314
2323
2307
2291
2282
2273
2262
2251
2244
2237
2233
2226
2219
2215
2212
2215
2219
2226
2233
2237
2242
2251
2260
2269
2273
2271
2264
2257
2251
2246
2239
2233
2224
2219
2217
2221
2226
2233
2242
2248
2257
2273
2291
2303
2314
2318
2323
2327
2332
2334
2336
2336
2336
2334
2334
2332
2330
2323
2316
2309
2303
2296
2282
2273
2289
2316
2336
2354
2370
2386
2399
2411
2424
2442
2462
2485
2507
2541
2591
2615
2629
2638
2645
2649
2651
2651
2649
2647
2640
2633
2624
2618
2611
2602
2595
2586
2579
2573
2570
2568
2566
2568
2570
2573
2577
2584
2593
2602
2615
2642
2699
2757
2807
2883
2967
3072
3190
3309
3419
3460
3496
3412
3210
2906
2555
2266
2091
2044
2032
2026
2030
2064
2113
2190
2244
2273
2296
2312
2325
2336
2354
2377
2402
2429
2456
2478
2498
2514
2537
2561
2593
2606
2613
2618
2622
2624
2627
2629
2631
2631
2636
2638
2642
2645
2647
2647
2649
2651
2654
2658
2660
2665
2669
2676
2687
2699
2712
2721
2735
2751
2780
2841
2881
2904
2919
2935
2949
2960
2976
2994
3014
3030
3057
3111
3160
3190
3208
3208
3190
3162
3147
3133
3120
3108
3099
3088
3077
3063
3050
3032
3005
2955
2917
2879
2841
2789
2748
2719
2696
2681
2667
2658
2649
2642
2638
2636
2633
2629
2627
2622
2618
2615
2611
2609
2602
2595
2591
2588
2586
2584
2579
2575
2570
2568
2570
2586
2606
2627
2649
2678
2696
2681
2651
2615
2573
2523
2480
2444
2433
2431
2429
2426
2422
2422
2435
2458
2471
2489
2505
2514
2514
2505
2492
2478
2467
2460
2449
2440
2431
2424
2415
2411
2404
2395
2388
2381
2370
2348
2334
2345
2368
2381
2395
2408
2417
2422
2415
2404
2388
2370
2354
2330
2309
2298
2298
2305
2312
2314
2318
2321
2325
2330
2334
2341
2350
2361
2372
2384
2393
2404
2420
2447
2471
2496
2516
2528
2539
2552
2564
2575
2582
2586
2588
2586
2584
2582
2575
2566
2555
2541
2530
2514
2485
2460
2433
2420
2408
2402
2393
2386
2377
2370
2366
2363
2363
2363
2366
2370
2377
2384
2395
2411
2429
2447
2485
2570
2701
2850
3018
3203
3379
3484
3523
3460
3271
2928
2521
2120
1814
1715
1681
1735
1830
1909
1956
1992
2035
2091
2156
2197
2221
2244
2266
2287
2309
2332
2354
2375
2393
2408
2420
2431
2442
2456
2469
2480
2489
2496
2503
2507
2514
2521
2528
2537
2541
2548
2557
2566
2575
2584
2595
2611
2627
2645
2660
2678
2694
2712
2733
2755
2771
2784
2798
2820
2852
2888
2922
2951
2980
3005
3045
3120
3171
3203
3223
3232
3235
3232
3232
3235
3235
3235
3226
3199
3162
3104
3048
2989
2931
2859
2791
2739
2685
2647
2618
2593
2566
2539
2514
2487
2465
2451
2442
2433
2426
2420
2413
2404
2395
2384
2370
2357
2345
2334
2323
2314
2305
2298
2291
2287
2285
2287
2291
2303
2314
2330
2343
2357
2370
2388
2404
2422
2435
2449
2456
2462
2467
2476
2487
2498
2514
2534
2557
2586
2638
2719
2807
2897
2996
3093
3174
3232
3271
3289
3300
3311
3318
3325
3327
3327
3322
3313
3298
3280
3257
3223
3162
3120
3066
2998
2933
2861
2793
2744
2687
2613
2525
2442
2354
2271
2176
2075
1965
1841
1728
1654
1602
1578
1564
1557
1555
1553
1548
1546
1544
1542
1542
1546
1553
1562
1573
1589
1609
1627
1627
1620
1611
1607
1602
1598
1596
1598
1609
1625
1638
1650
1659
1668
1677
1688
1697
1706
1715
1724
1731
1737
1746
1755
1771
1796
1850
1900
1947
1999
2057
2118
2174
2233
2260
2278
2291
2303
2309
2314
2318
2318
2318
2316
2309
2305
2298
2294
2289
2287
2280
2273
2266
2260
2257
2255
2253
2248
2246
2242
2239
2237
2237
2239
2239
2242
2244
2246
2251
2257
2262
2269
2278
2285
2294
2300
2309
2316
2323
2330
2336
2343
2348
2354
2359
2363
2368
2372
2377
2384
2390
2399
2406
2411
2415
2417
2422
2426
2431
2435
2440
2442
2447
2451
2458
2462
2467
2471
2474
2474
2474
2474
2474
2476
2476
2476
2478
2478
2478
2480
2480
2480
2480
2476
2474
2471
2469
2467
2467
2465
2465
2465
2465
2465
2467
2467
2467
2465
2465
2465
2467
2467
2469
2471
2471
2474
2476
2480
2483
2485
2485
2483
2480
2478
2478
2478
2478
2476
2476
2476
2476
2478
2478
2478
2478
2476
2476
2476
2476
2476
2474
2471
2469
2469
2469
2471
2474
2476
2483
2483
2485
2489
2489
2492
2489
2487
2487
2489
2494
2507
2498
2375
2212
2014
1818
1751
1791
1906
2156
2429
2636
2631
2413
2467
2483
2489
2498
2510
2521
2534
2543
2543
2521
2494
2485
2471
2465
2460
2453
2444
2438
2431
2429
2424
2417
2411
2411
2411
2413
2415
2413
2408
2408
2406
2408
2406
2404
2399
2395
2393
2393
2390
2388
2379
2370
2359
2350
2341
2334
2323
2309
2296
2280
2266
2255
2244
2233
2221
2210
2201
2192
2188
2183
2176
2172
2167
2163
2158
2156
2156
2154
2152
2152
2154
2158
2163
2165
2167
2170
2172
2172
2174
2176
2181
2183
2183
2183
2181
2176
2174
2170
2167
2163
2158
2152
2143
2134
2125
2104
2082
2057
2037
2017
1996
1981
1969
1956
1942
1931
1922
1915
1911
1909
1906
1904
1900
1897
1893
1893
1888
1882
1875
1873
1884
1911
1951
2017
2116
2206
2291
2433
2579
2735
2782
2805
2775
2582
2330
2044
1778
1582
1506
1481
1467
1470
1488
1512
1546
1591
1638
1679
1713
1746
1778
1805
1825
1846
1868
1897
1927
1947
1963
1978
1992
2005
2017
2026
2030
2035
2037
2039
2041
2046
2053
2059
2068
2075
2075
2068
2059
2053
2046
2037
2028
2026
2030
2044
2066
2102
2174
2233
2266
2305
2343
2375
2404
2431
2451
2471
2492
2512
2534
2557
2584
2620
2667
2728
2791
2850
2888
2906
2922
2933
2942
2949
2949
2942
2933
2922
2906
2888
2854
2814
2773
2733
2690
2665
2647
2633
2622
2611
2600
2591
2582
2568
2539
2485
2442
2408
2379
2363
2357
2350
2343
2339
2336
2336
2343
2350
2359
2368
2375
2381
2388
2397
2406
2415
2422
2429
2435
2440
2447
2451
2458
2462
2467
2474
2485
2496
2507
2519
2532
2548
2561
2573
2584
2593
2600
2606
2613
2620
2624
2629
2633
2636
2636
2636
2636
2633
2631
2629
2629
2627
2627
2624
2624
2624
2627
2629
2631
2636
2638
2642
2645
2647
2651
2658
2663
2667
2674
2678
2685
2692
2699
2705
2708
2708
2703
2696
2690
2681
2672
2665
2658
2651
2645
2640
2636
2633
2633
2633
2638
2642
2649
2656
2660
2665
2667
2669
2672
2676
2681
2683
2685
2685
2685
2683
2683
2678
2674
2669
2663
2656
2647
2642
2633
2624
2613
2604
2593
2582
2570
2561
2552
2543
2534
2530
2525
2523
2523
2523
2525
2528
2532
2543
2555
2566
2591
2642
2739
2856
2996
3135
3259
3349
3381
3354
3259
3027
2733
2411
2122
2014
1981
1960
1951
1954
1960
1974
1990
2017
2077
2161
2237
2300
2345
2359
2363
2363
2366
2366
2368
2368
2370
2370
2370
2368
2368
2366
2366
2361
2359
2354
2352
2350
2348
2363
2395
2433
2471
2489
2498
2505
2507
2512
2516
2521
2528
2537
2546
2559
2573
2591
2620
2647
2672
2703
2739
2771
2800
2823
2850
2879
2908
2935
2960
2987
3018
3054
3088
3113
3133
3149
3147
3133
3106
3066
3000
2935
2872
2823
2784
2748
2719
2696
2676
2654
2631
2591
2532
2487
2453
2408
2359
2318
2316
2316
2314
2314
2314
2314
2316
2314
2314
2314
2312
2312
2312
2316
2318
2323
2325
2327
2332
2336
2341
2348
2352
2357
2361
2370
2381
2393
2404
2413
2426
2442
2462
2492
2523
2555
2579
2602
2620
2636
2649
2660
2687
2730
2809
2910
3023
3138
3253
3363
3430
3475
3498
3516
3534
3550
3565
3581
3601
3617
3615
3595
3561
3520
3466
3419
3354
3273
3185
3104
3027
2951
2877
2809
2753
2690
2577
2447
2321
2206
2134
2073
2028
1985
1963
1947
1933
1922
1913
1911
1909
1909
1909
1906
1906
1906
1904
1904
1902
1900
1897
1897
1904
1913
1922
1931
1936
1940
1947
1954
1958
1963
1967
1967
1972
1974
1981
1985
1990
1992
1999
2005
2014
2032
2073
2127
2174
2212
2242
2262
2291
2345
2408
2471
2521
2546
2566
2586
2604
2627
2654
2667
2649
2618
2602
2593
2584
2575
2570
2566
2559
2552
2541
2530
2519
2510
2501
2494
2489
2485
2480
2478
2476
2471
2467
2462
2460
2453
2447
2440
2433
2429
2424
2420
2417
2415
2413
2413
2411
2411
2408
2406
2404
2402
2399
2393
2384
2377
2370
2366
2366
2372
2381
2390
2395
2399
2404
2408
2415
2422
2429
2433
2435
2438
2438
2435
2431
2424
2417
2411
2404
2397
2393
2388
2381
2375
2368
2361
2352
2345
2339
2334
2334
2336
2343
2350
2357
2361
2363
2368
2370
2375
2379
2384
2386
2388
2393
2395
2399
2402
2404
2404
2406
2411
2415
2417
2420
2420
2422
2429
2435
2442
2449
2453
2456
2453
2449
2444
2435
2426
2415
2404
2386
2372
2375
2397
2426
2453
2480
2510
2532
2550
2564
2573
2582
2591
2597
2600
2597
2591
2579
2568
2559
2552
2550
2546
2539
2534
2530
2525
2523
2521
2516
2514
2512
2510
2512
2514
2516
2516
2519
2519
2519
2516
2514
2512
2510
2505
2501
2498
2498
2498
2498
2501
2498
2498
2496
2494
2494
2494
2492
2487
2483
2480
2480
2480
2483
2485
2487
2487
2492
2494
2496
2494
2494
2492
2492
2489
2489
2487
2485
2485
2485
2485
2487
2489
2489
2489
2492
2492
2492
2492
2489
2489
2489
2492
2494
2494
2496
2498
2503
2505
2507
2510
2512
2516
2523
2530
2537
2543
2550
2555
2561
2566
2573
2575
2577
2582
2584
2588
2593
2597
2597
2597
2597
2597
2597
2593
2586
2575
2566
2559
2552
2546
2537
2528
2519
2510
2505
2501
2501
2498
2498
2503
2507
2514
2528
2541
2559
2577
2622
2701
2798
2915
3052
3190
3325
3390
3444
3444
3338
3138
2874
2568
2273
2055
2001
1992
1987
2012
2055
2113
2154
2172
2183
2194
2208
2221
2237
2255
2276
2309
2361
2397
2408
2413
2417
2422
2424
2426
2431
2433
2438
2440
2444
2447
2449
2451
2453
2456
2458
2462
2467
2476
2485
2496
2516
2557
2595
2627
2656
2672
2683
2690
2692
2696
2699
2701
2705
2712
2721
2733
2746
2762
2787
2834
2870
2917
2985
3032
3059
3077
3095
3111
3124
3140
3156
3167
3165
3149
3124
3104
3084
3059
3032
3003
2964
2915
2872
2838
2814
2791
2762
2733
2708
2683
2658
2638
2622
2604
2568
2501
2440
2395
2348
2325
2312
2300
2294
2287
2285
2282
2282
2285
2287
2289
2294
2298
2303
2309
2316
2332
2345
2354
2352
2339
2325
2312
2291
2278
2280
2303
2325
2339
2348
2359
2368
2379
2388
2395
2399
2404
2406
2404
2399
2393
2384
2375
2366
2359
2348
2336
2316
2276
2257
2248
2242
2233
2226
2221
2221
2228
2235
2242
2246
2251
2257
2266
2276
2282
2287
2289
2289
2291
2291
2287
2282
2278
2273
2271
2269
2269
2269
2269
2266
2264
2260
2251
2237
2228
2228
2230
2235
2235
2237
2242
2246
2251
2257
2262
2264
2266
2269
2271
2273
2273
2271
2273
2276
2280
2285
2291
2296
2298
2300
2303
2305
2305
2300
2291
2282
2273
2262
2253
2244
2233
2212
2185
2154
2120
2098
2077
2057
2041
2028
2026
2028
2037
2050
2066
2084
2107
2147
2188
2233
2303
2395
2532
2669
2807
2942
3068
3111
3084
3007
2764
2429
2068
1758
1582
1526
1555
1650
1771
1837
1870
1886
1895
1909
1924
1945
1969
1992
2017
2044
2073
2095
2113
2131
2143
2154
2163
2172
2181
2190
2199
2210
2221
2235
2248
2266
2282
2303
2330
2359
2384
2404
2420
2435
2451
2462
2476
2489
2503
2512
2523
2534
2548
2573
2615
2656
2696
2739
2789
2843
2892
2931
2960
2982
3005
3034
3066
3095
3126
3153
3176
3194
3212
3232
3246
3253
3244
3226
3199
3165
3113
3070
3014
2933
2863
2809
2755
2723
2705
2690
2678
2667
2654
2640
2627
2613
2595
2573
2541
2510
2485
2465
2453
2444
2438
2431
2424
2420
2415
2413
2411
2413
2415
2422
2429
2438
2447
2456
2462
2467
2476
2483
2492
2501
2512
2521
2530
2539
2550
2559
2568
2577
2586
2597
2613
2636
2681
2719
2755
2811
2886
3003
3131
3282
3388
3473
3529
3552
3529
3487
3453
3424
3397
3374
3354
3336
3316
3298
3275
3250
3226
3196
3156
3099
3054
3009
2962
2917
2872
2825
2782
2726
2649
2566
2480
2390
2307
2230
2136
2071
2037
2012
1994
1976
1960
1949
1942
1936
1929
1924
1918
1913
1911
1909
1906
1906
1906
1906
1911
1915
1922
1929
1933
1940
1949
1958
1969
1978
1987
1994
2003
2010
2019
2028
2035
2041
2046
2050
2057
2062
2068
2075
2086
2102
2136
2165
2190
2228
2287
2352
2426
2485
2523
2543
2555
2559
2564
2568
2573
2577
2579
2579
2577
2568
2557
2541
2523
2505
2476
2451
2426
2406
2384
2363
2343
2325
2309
2298
2287
2278
2273
2269
2266
2266
2271
2278
2287
2300
2314
2332
2361
2379
2395
2402
2406
2411
2413
2415
2413
2413
2413
2413
2415
2420
2422
2426
2429
2431
2433
2438
2442
2449
2453
2462
2474
2494
2514
2532
2548
2561
2568
2575
2582
2586
2591
2591
2591
2593
2597
2602
2609
2613
2615
2620
2624
2629
2633
2638
2640
2645
2649
2654
2660
2665
2669
2674
2678
2683
2687
2692
2694
2694
2696
2701
2703
2705
2708
2708
2708
2708
2708
2708
2705
2703
2701
2701
2701
2701
2703
2703
2705
2708
2710
2712
2714
2714
2714
2714
2714
2717
2717
2717
2717
2719
2721
2723
2726
2728
2728
2728
2726
2721
2719
2712
2705
2701
2696
2694
2692
2690
2690
2687
2683
2678
2676
2672
2667
2660
2654
2649
2642
2638
2633
2624
2604
2564
2546
2537
2528
2521
2514
2507
2498
2489
2480
2474
2467
2462
2462
2460
2460
2458
2456
2456
2453
2449
2444
2440
2435
2433
2431
2431
2429
2426
2422
2420
2417
2413
2406
2397
2388
2379
2370
2357
2341
2327
2321
2314
2312
2307
2300
2291
2321
2341
2354
2366
2377
2384
2388
2386
2379
2370
2359
2345
2325
2314
2318
2327
2330
2332
2334
2334
2336
2339
2341
2343
2345
2345
2348
2348
2345
2345
2345
2345
2345
2348
2348
2350
2352
2352
2354
2354
2352
2350
2350
2350
2348
2348
2345
2343
2341
2336
2334
2327
2321
2307
2291
2269
2246
2228
2210
2192
2179
2174
2176
2188
2208
2230
2271
2343
2415
2476
2570
2676
2798
2919
3034
3075
3057
3000
2820
2577
2312
2071
1886
1825
1805
1866
1922
1958
1983
2003
2017
2030
2053
2084
2122
2154
2176
2199
2226
2253
2269
2282
2296
2305
2316
2325
2332
2336
2339
2343
2345
2348
2350
2352
2354
2357
2357
2359
2361
2366
2370
2377
2384
2390
2397
2404
2411
2422
2433
2451
2485
2510
2528
2546
2564
2591
2629
2660
2692
2717
2735
2748
2775
2827
2888
2953
2987
3003
3018
3030
3036
3039
3036
3032
3025
3018
3007
2998
2989
2978
2967
2955
2940
2924
2901
2877
2838
2780
2730
2678
2629
2584
2559
2543
2532
2521
2510
2496
2483
2471
2462
2447
2424
2388
2359
2332
2314
2300
2289
2278
2271
2271
2280
2294
2312
2330
2345
2361
2379
2397
2415
2431
2449
2462
2474
2485
2496
2510
2519
2525
2528
2528
2521
2514
2503
2492
2480
2469
2462
2451
2440
2431
2422
2413
2404
2399
2397
2397
2399
2402
2402
2404
2406
2411
2413
2413
2411
2411
2417
2431
2395
2375
2368
2361
2357
2357
2357
2357
2354
2350
2345
2341
2339
2336
2332
2327
2323
2318
2318
2316
2316
2312
2307
2303
2300
2296
2289
2276
2262
2251
2251
2269
2294
2318
2334
2350
2368
2386
2399
2404
2402
2388
2372
2352
2332
2314
2291
2266
2246
2228
2215
2203
2192
2183
2174
2165
2156
2149
2143
2138
2134
2131
2131
2131
2134
2138
2145
2152
2161
2174
2190
2206
2244
2330
2469
2624
2791
2955
3113
3217
3253
3199
3027
2705
2321
1965
1708
1575
1533
1566
1672
1803
1852
1897
1927
1945
1960
1976
1996
2017
2039
2066
2100
2129
2156
2185
2215
2237
2260
2266
2271
2276
2280
2282
2287
2291
2296
2300
2307
2314
2318
2323
2325
2332
2339
2348
2359
2370
2381
2397
2413
2431
2447
2462
2480
2496
2516
2534
2555
2573
2591
2609
2629
2651
2674
2701
2726
2755
2787
2818
2845
2865
2881
2895
2908
2924
2935
2944
2944
2933
2915
2892
2868
2836
2789
2751
2717
2665
2595
2528
2462
2411
2372
2332
2280
2208
2161
2136
2118
2102
2089
2077
2071
2064
2057
2053
2048
2044
2041
2039
2041
2044
2050
2059
2073
2086
2100
2109
2118
2122
2127
2131
2138
2143
2147
2149
2154
2161
2167
2172
2176
2181
2183
2188
2192
2199
2206
2212
2221
2237
2278
2314
2345
2397
2467
2591
2703
2778
2854
2931
3007
3075
3106
3122
3133
3140
3147
3153
3160
3165
3169
3176
3187
3205
3201
3158
3099
3027
2917
2807
2687
2559
2471
2372
2282
2203
2127
1996
1857
1719
1571
1521
1501
1485
1485
1501
1510
1517
1521
1526
1530
1537
1544
1557
1578
1600
1634
1686
1710
1724
1735
1744
1753
1767
1782
1805
1834
1877
1918
1947
1972
1985
1985
1974
1960
1949
1938
1929
1922
1922
1931
1949
1974
2017
2095
2156
2192
2230
2264
2298
2334
2361
2381
2404
2420
2440
2467
2501
2532
2566
2593
2600
2600
2600
2602
2602
2606
2609
2606
2593
2573
2552
2537
2523
2507
2494
2478
2467
2460
2451
2447
2440
2433
2429
2422
2413
2402
2395
2397
2411
2433
2453
2462
2471
2476
2483
2489
2498
2507
2516
2523
2530
2537
2541
2548
2552
2557
2561
2564
2570
2579
2591
2606
2624
2640
2656
2669
2685
2696
2708
2717
2723
2730
2737
2744
2751
2757
2766
2775
2787
2793
2802
2809
2816
2820
2825
2827
2827
2829
2834
2838
2843
2847
2852
2856
2861
2868
2872
2877
2877
2874
2870
2865
2861
2854
2847
2838
2832
2823
2816
2811
2807
2800
2793
2789
2784
2778
2773
2766
2760
2753
2748
2742
2735
2728
2721
2712
2705
2699
2692
2685
2678
2669
2660
2649
2642
2633
2627
2618
2609
2597
2586
2577
2570
2566
2561
2555
2546
2539
2532
2525
2519
2507
2494
2478
2462
2453
2447
2440
2431
2422
2413
2408
2408
2408
2411
2411
2413
2417
2426
2438
2447
2453
2458
2460
2462
2469
2476
2480
2485
2487
2492
2494
2498
2498
2498
2496
2494
2492
2489
2489
2487
2487
2489
2494
2498
2503
2505
2507
2510
2512
2516
2521
2523
2530
2537
2550
2568
2586
2604
2618
2627
2633
2642
2649
2654
2658
2658
2663
2667
2674
2683
2690
2696
2701
2708
2714
2721
2726
2728
2730
2730
2733
2737
2744
2753
2760
2764
2766
2771
2773
2775
2773
2771
2764
2757
2751
2744
2739
2730
2714
2714
2737
2751
2762
2771
2778
2784
2793
2805
2816
2832
2845
2865
2890
2917
2944
2971
2996
3016
3039
3063
3093
3117
3129
3138
3147
3156
3165
3169
3174
3178
3185
3192
3199
3203
3205
3208
3208
3210
3212
3214
3219
3228
3244
3271
3307
3349
3415
3500
3633
3759
3890
4027
4072
4094
4067
3883
3588
3226
2856
2514
2244
2080
2021
1999
1978
1983
2023
2077
2167
2221
2248
2269
2282
2289
2291
2287
2280
2269
2257
2244
2226
2210
2197
2192
2194
2199
2208
2215
2226
2237
2242
2235
2219
2199
2181
2161
2140
2129
2134
2149
2165
2174
2185
2194
2201
2210
2219
2230
2239
2248
2257
2266
2280
2296
2321
2368
2411
2453
2496
2559
2584
2597
2609
2620
2629
2638
2647
2654
2660
2667
2674
2681
2683
2683
2681
2676
2672
2665
2658
2651
2640
2631
2620
2609
2597
2582
2548
2465
2408
2350
2291
2230
2181
2143
2109
2073
2044
2028
2014
2001
1992
1983
1976
1972
1969
1969
1972
1978
1987
1996
2008
2017
2026
2035
2044
2053
2059
2068
2073
2075
2077
2082
2084
2084
2084
2080
2075
2066
2057
2044
2030
2017
2001
1985
1963
1927
1893
1875
1864
1857
1850
1843
1839
1834
1834
1837
1839
1843
1846
1850
1857
1864
1873
1877
1882
1884
1888
1891
1893
1897
1897
1900
1900
1900
1904
1906
1911
1913
1918
1922
1929
1936
1945
1951
1958
1965
1972
1976
1983
1987
1992
1996
2001
2005
2010
2014
2017
2021
2023
2026
2023
2021
2017
2012
2008
2005
2003
2001
1999
1999
2001
2003
2008
2008
2005
2003
2001
2001
2001
2001
2001
2001
2001
2003
2005
2008
2005
2003
1999
1996
1994
1990
1985
1976
1969
1963
1956
1951
1945
1936
1924
1915
1906
1897
1884
1861
1834
1816
1812
1825
1846
1875
1927
2008
2138
2287
2453
2624
2796
2964
3036
3095
3093
2978
2714
2352
1956
1593
1359
1280
1328
1404
1517
1611
1665
1706
1733
1758
1791
1837
1920
1967
1999
2019
2037
2048
2059
2068
2077
2084
2091
2098
2104
2116
2131
2147
2170
2197
2226
2246
2262
2278
2294
2307
2318
2332
2345
2359
2375
2388
2402
2415
2429
2444
2458
2469
2485
2496
2507
2516
2528
2543
2564
2597
2663
2714
2760
2798
2838
2879
2922
2964
2996
3018
3032
3045
3057
3066
3068
3059
3039
3012
2982
2955
2926
2895
2868
2850
2836
2818
2789
2746
2701
2645
2573
2521
2496
2469
2435
2402
2381
2363
2350
2334
2323
2312
2305
2300
2298
2296
2294
2289
2287
2285
2282
2273
2266
2282
2312
2332
2345
2359
2370
2381
2393
2404
2417
2431
2444
2458
2469
2483
2498
2514
2528
2541
2561
2606
2678
2733
2773
2816
2856
2897
2933
3027
3138
3280
3412
3460
3457
3419
3399
3390
3381
3374
3367
3361
3354
3345
3340
3334
3327
3320
3311
3300
3275
3201
3111
3025
2942
2865
2809
2764
2712
2647
2566
2487
2420
2359
2294
2221
2136
2095
2080
2068
2055
2046
2037
2032
2026
2021
2019
2014
2012
2010
2012
2014
2017
2019
2019
2023
2028
2035
2041
2046
2050
2055
2059
2068
2084
2104
2120
2136
2154
2170
2188
2203
2219
2233
2244
2253
2269
2287
2307
2339
2372
2402
2431
2458
2480
2498
2514
2532
2550
2573
2593
2618
2658
2710
2733
2744
2755
2764
2766
2766
2760
2746
2733
2717
2703
2683
2660
2640
2620
2602
2582
2561
2543
2528
2514
2503
2496
2489
2483
2476
2469
2462
2462
2458
2458
2456
2456
2456
2456
2456
2456
2453
2447
2442
2440
2449
2460
2462
2465
2469
2471
2474
2478
2480
2483
2483
2483
2483
2480
2480
2480
2483
2483
2483
2483
2483
2485
2485
2485
2485
2485
2485
2485
2489
2494
2496
2498
2496
2494
2489
2485
2483
2478
2471
2465
2462
2460
2458
2458
2458
2460
2462
2467
2474
2478
2485
2492
2498
2505
2519
2532
2539
2532
2521
2505
2487
2465
2451
2442
2431
2417
2411
2420
2438
2447
2453
2458
2462
2462
2467
2469
2474
2478
2483
2485
2487
2485
2485
2485
2485
2483
2483
2480
2480
2480
2483
2487
2492
2489
2485
2476
2469
2462
2451
2444
2458
2483
2505
2528
2546
2552
2557
2559
2559
2564
2566
2570
2573
2575
2573
2573
2570
2570
2568
2566
2564
2559
2555
2550
2548
2546
2543
2534
2528
2548
2582
2600
2613
2627
2636
2645
2651
2656
2658
2658
2654
2649
2642
2638
2629
2620
2611
2597
2575
2555
2546
2550
2564
2577
2586
2593
2602
2613
2624
2633
2645
2656
2663
2672
2681
2687
2692
2696
2701
2705
2710
2712
2714
2712
2712
2710
2708
2705
2703
2696
2690
2685
2681
2676
2672
2665
2658
2651
2649
2647
2645
2642
2640
2638
2633
2627
2633
2674
2696
2712
2726
2739
2746
2748
2746
2739
2730
2717
2703
2692
2674
2656
2645
2640
2636
2636
2633
2631
2627
2624
2622
2620
2615
2611
2602
2593
2586
2577
2566
2550
2532
2512
2492
2478
2467
2456
2444
2435
2429
2429
2431
2438
2444
2456
2465
2485
2521
2548
2615
2703
2809
2926
3052
3185
3282
3313
3275
3153
2904
2604
2314
2082
1938
1888
1870
1879
1902
1931
1985
2050
2116
2145
2154
2163
2170
2174
2181
2185
2190
2197
2203
2208
2212
2212
2212
2215
2217
2224
2244
2289
2309
2316
2323
2330
2336
2343
2350
2357
2361
2363
2366
2370
2375
2377
2381
2386
2393
2399
2408
2417
2426
2435
2447
2460
2476
2494
2512
2530
2555
2591
2627
2665
2703
2742
2789
2845
2886
2917
2953
3003
3045
3068
3084
3079
3048
3016
2980
2953
2919
2863
2827
2811
2800
2789
2778
2769
2760
2746
2730
2699
2640
2582
2514
2453
2408
2372
2323
2278
2260
2251
2246
2242
2239
2239
2244
2253
2266
2280
2291
2303
2314
2330
2343
2354
2363
2370
2375
2379
2384
2388
2388
2388
2388
2390
2395
2404
2411
2413
2411
2408
2404
2404
2402
2397
2390
2384
2379
2377
2379
2381
2384
2384
2386
2390
2397
2404
2408
2408
2404
2399
2395
2388
2384
2379
2375
2368
2359
2352
2343
2332
2321
2307
2291
2276
2244
2224
2215
2210
2206
2199
2194
2190
2190
2197
2212
2233
2253
2262
2271
2280
2289
2294
2298
2303
2307
2309
2314
2318
2325
2330
2334
2339
2343
2345
2348
2348
2350
2352
2354
2357
2361
2368
2375
2384
2390
2399
2406
2411
2415
2417
2420
2417
2415
2411
2406
2404
2399
2393
2386
2377
2370
2359
2345
2318
2289
2253
2217
2194
2176
2158
2145
2134
2125
2118
2118
2118
2122
2127
2136
2147
2161
2179
2206
2255
2294
2345
2408
2514
2656
2829
3018
3210
3365
3383
3313
3018
2597
2154
1796
1654
1602
1600
1629
1654
1677
1704
1737
1841
1990
2113
2152
2176
2199
2215
2224
2230
2237
2246
2253
2262
2269
2280
2289
2298
2309
2321
2332
2343
2354
2363
2372
2379
2386
2390
2395
2397
2402
2406
2408
2413
2415
2420
2424
2431
2438
2444
2453
2462
2474
2501
2548
2584
2620
2656
2699
2755
2829
2883
2919
2949
2976
3018
3090
3135
3160
3178
3190
3194
3196
3190
3178
3162
3140
3097
3018
2955
2906
2863
2809
2735
2665
2613
2557
2510
2467
2438
2408
2397
2388
2381
2377
2372
2366
2361
2359
2357
2354
2354
2352
2350
2348
2345
2345
2345
2348
2352
2354
2357
2359
2366
2375
2384
2393
2399
2408
2415
2424
2433
2444
2453
2462
2485
2516
2548
2573
2595
2613
2633
2656
2683
2710
2737
2760
2787
2841
2931
3018
3104
3192
3268
3331
3410
3480
3525
3559
3588
3622
3662
3712
3743
3768
3786
3797
3797
3784
3757
3719
3651
3536
3419
3307
3201
3093
2985
2886
2820
2780
2737
2694
2559
2375
2170
1992
1900
1837
1798
1767
1737
1719
1706
1697
1686
1677
1668
1656
1645
1634
1623
1611
1602
1596
1589
1582
1575
1566
1560
1551
1544
1535
1530
1526
1526
1526
1530
1535
1539
1544
1548
1555
1562
1571
1580
1589
1602
1627
1659
1688
1719
1760
1814
1864
1906
1942
1978
2012
2053
2098
2156
2183
2199
2212
2224
2235
2242
2248
2253
2257
2260
2260
2257
2255
2248
2242
2233
2221
2208
2194
2181
2170
2158
2152
2143
2129
2118
2104
2095
2086
2082
2082
2080
2082
2084
2093
2102
2111
2122
2134
2143
2154
2165
2181
2194
2210
2226
2244
2260
2273
2287
2298
2309
2318
2327
2336
2345
2352
2359
2363
2368
2372
2379
2388
2397
2406
2415
2422
2429
2433
2440
2444
2449
2451
2453
2453
2453
2456
2456
2458
2460
2462
2465
2467
2471
2476
2480
2483
2487
2492
2496
2503
2510
2516
2523
2528
2532
2541
2548
2557
2564
2568
2568
2561
2552
2543
2532
2521
2514
2507
2501
2494
2487
2483
2478
2474
2469
2469
2467
2465
2465
2465
2469
2471
2478
2483
2487
2489
2492
2494
2494
2496
2496
2496
2496
2496
2496
2498
2501
2505
2507
2512
2514
2519
2519
2519
2516
2512
2507
2503
2501
2496
2492
2485
2480
2476
2474
2469
2467
2462
2458
2453
2447
2442
2435
2431
2426
2424
2422
2420
2417
2415
2415
2413
2413
2411
2411
2411
2411
2411
2415
2417
2422
2424
2426
2426
2424
2422
2417
2413
2408
2402
2397
2395
2393
2393
2393
2390
2393
2393
2390
2388
2386
2384
2379
2377
2375
2375
2372
2372
2372
2377
2381
2386
2388
2390
2390
2390
2390
2393
2395
2395
2395
2395
2399
2402
2404
2408
2408
2411
2413
2415
2415
2415
2413
2411
2411
2413
2415
2417
2417
2420
2422
2426
2433
2440
2447
2453
2458
2462
2469
2476
2483
2489
2498
2507
2516
2528
2534
2541
2550
2557
2566
2570
2573
2570
2564
2555
2541
2528
2514
2498
2487
2476
2465
2453
2440
2426
2415
2406
2399
2397
2395
2397
2402
2406
2415
2426
2444
2462
2478
2519
2615
2714
2834
2971
3108
3212
3284
3291
3250
3133
2890
2597
2309
2066
1936
1888
1873
1893
1940
2012
2118
2174
2201
2221
2239
2262
2289
2316
2343
2368
2397
2422
2440
2447
2447
2447
2447
2447
2444
2444
2442
2442
2442
2444
2447
2449
2451
2458
2465
2478
2489
2503
2514
2525
2534
2548
2561
2575
2588
2604
2618
2631
2642
2654
2660
2665
2672
2676
2685
2696
2712
2744
2778
2816
2850
2881
2913
2949
2985
3007
3027
3043
3057
3068
3072
3072
3063
3048
3030
3009
2989
2971
2951
2928
2908
2888
2877
2865
2854
2843
2829
2811
2789
2760
2723
2685
2638
2573
2548
2537
2528
2521
2514
2507
2503
2498
2496
2494
2492
2487
2485
2485
2485
2485
2485
2485
2483
2483
2483
2480
2480
2478
2474
2471
2469
2465
2462
2458
2451
2447
2444
2449
2458
2471
2489
2510
2532
2559
2586
2609
2627
2645
2667
2699
2717
2730
2742
2755
2760
2744
2712
2690
2669
2647
2629
2609
2591
2568
2546
2521
2494
2469
2462
2453
2447
2440
2433
2426
2422
2417
2413
2411
2411
2408
2408
2411
2411
2413
2413
2411
2408
2406
2404
2402
2402
2399
2399
2397
2397
2397
2399
2399
2399
2399
2397
2395
2393
2390
2386
2379
2372
2368
2368
2375
2386
2399
2413
2426
2449
2465
2465
2447
2420
2399
2384
2366
2350
2332
2316
2300
2285
2269
2251
2235
2221
2212
2208
2201
2192
2179
2172
2183
2201
2215
2224
2230
2239
2253
2264
2278
2303
2386
2507
2678
2863
3034
3158
3203
3201
3140
2971
2703
2386
2098
1954
1906
1882
1870
1859
1841
1821
1855
1956
2093
2156
2183
2197
2208
2215
2226
2237
2251
2271
2303
2348
2368
2377
2381
2384
2390
2395
2402
2408
2413
2417
2422
2431
2438
2444
2453
2460
2467
2478
2487
2496
2505
2512
2519
2523
2530
2534
2539
2541
2546
2555
2564
2573
2586
2600
2615
2651
2721
2778
2818
2868
2892
2906
2919
2931
2937
2944
2951
2951
2951
2949
2946
2940
2931
2919
2908
2892
2868
2820
2782
2744
2708
2669
2631
2593
2557
2519
2483
2438
2404
2379
2361
2345
2334
2325
2321
2316
2312
2305
2300
2294
2289
2282
2278
2273
2266
2260
2255
2251
2244
2235
2224
2212
2208
2212
2226
2244
2262
2278
2294
2312
2330
2343
2354
2366
2381
2402
2438
2476
2501
2516
2528
2543
2559
2577
2600
2636
2690
2739
2802
2881
2960
3041
3126
3203
3259
3304
3347
3403
3466
3498
3514
3525
3534
3536
3532
3523
3505
3484
3442
3370
3253
3126
3061
3007
2953
2874
2748
2631
2525
2469
2420
2368
2276
2118
1960
1873
1841
1832
1839
1857
1870
1891
1900
1895
1886
1879
1873
1866
1866
1882
1900
1906
1911
1913
1918
1920
1924
1931
1938
1945
1951
1956
1960
1965
1969
1976
1983
1990
2001
2021
2046
2066
2084
2102
2120
2138
2154
2174
2194
2217
2239
2264
2285
2300
2318
2348
2411
2460
2483
2503
2523
2539
2557
2593
2656
2696
2719
2735
2746
2751
2755
2764
2775
2769
2728
2694
2665
2638
2618
2600
2579
2559
2537
2514
2494
2487
2480
2476
2469
2462
2460
2453
2451
2447
2444
2442
2440
2440
2442
2447
2449
2451
2453
2456
2460
2462
2465
2465
2465
2462
2462
2462
2462
2465
2467
2469
2471
2474
2478
2480
2485
2487
2487
2487
2487
2487
2485
2485
2483
2483
2480
2480
2480
2478
2476
2471
2467
2462
2458
2449
2440
2429
2420
2408
2397
2366
2334
2321
2316
2312
2307
2300
2294
2298
2307
2314
2323
2332
2336
2334
2318
2296
2276
2262
2251
2242
2230
2219
2210
2206
2203
2206
2206
2206
2206
2208
2210
2215
2217
2217
2217
2224
2233
2239
2242
2235
2221
2210
2203
2197
2190
2183
2174
2167
2163
2163
2163
2167
2172
2181
2190
2203
2217
2228
2242
2251
2262
2276
2294
2307
2318
2327
2334
2341
2345
2352
2359
2366
2372
2375
2381
2388
2399
2413
2426
2440
2453
2465
2483
2503
2516
2523
2523
2514
2501
2483
2460
2413
2339
2280
2217
2181
2163
2147
2136
2127
2125
2131
2143
2158
2172
2185
2199
2215
2233
2253
2276
2296
2314
2325
2334
2343
2350
2357
2361
2366
2375
2381
2390
2397
2404
2408
2411
2415
2420
2426
2435
2458
2512
2537
2543
2552
2557
2561
2564
2566
2566
2568
2570
2573
2577
2579
2582
2584
2586
2591
2593
2593
2593
2595
2600
2606
2618
2638
2656
2656
2642
2627
2620
2611
2604
2595
2591
2591
2595
2604
2618
2631
2647
2660
2678
2696
2710
2717
2721
2723
2726
2728
2728
2728
2728
2726
2723
2714
2701
2683
2663
2629
2591
2573
2564
2555
2546
2539
2534
2530
2528
2523
2523
2521
2523
2525
2530
2534
2539
2546
2557
2566
2577
2588
2649
2748
2892
3075
3280
3473
3615
3628
3550
3239
2807
2357
2003
1832
1771
1771
1818
1888
1958
2003
2055
2109
2172
2244
2321
2368
2397
2420
2431
2431
2424
2417
2408
2404
2399
2393
2388
2386
2388
2402
2417
2433
2451
2469
2492
2505
2516
2528
2534
2543
2548
2548
2537
2523
2512
2501
2489
2483
2480
2485
2498
2516
2534
2555
2584
2611
2636
2658
2701
2766
2807
2829
2847
2870
2890
2910
2928
2949
2967
2982
2994
3005
3016
3027
3039
3045
3039
3023
3000
2971
2928
2890
2861
2836
2818
2802
2787
2771
2753
2735
2721
2699
2658
2620
2591
2559
2532
2510
2494
2478
2467
2458
2447
2435
2424
2411
2399
2388
2377
2368
2361
2357
2352
2348
2343
2341
2339
2336
2336
2334
2332
2330
2330
2332
2336
2339
2341
2343
2345
2350
2352
2357
2359
2361
2363
2363
2366
2368
2370
2370
2370
2370
2370
2370
2366
2363
2357
2352
2345
2341
2334
2327
2321
2312
2303
2296
2289
2282
2280
2276
2273
2273
2271
2269
2269
2269
2269
2269
2269
2266
2264
2262
2262
2260
2260
2260
2260
2260
2260
2262
2262
2262
2260
2255
2253
2248
2244
2239
2239
2248
2260
2271
2282
2294
2307
2327
2345
2361
2375
2388
2402
2411
2420
2429
2438
2444
2451
2460
2469
2483
2494
2510
2523
2543
2561
2573
2584
2591
2604
2620
2620
2597
2566
2514
2476
2458
2442
2429
2420
2413
2408
2402
2395
2388
2384
2381
2379
2379
2381
2384
2386
2393
2402
2413
2426
2451
2498
2586
2683
2800
2946
3117
3280
3374
3406
3361
3217
2971
2696
2411
2136
1933
1879
1861
1888
1974
2073
2147
2170
2183
2197
2203
2210
2244
2325
2372
2422
2465
2483
2494
2501
2505
2507
2510
2510
2510
2507
2507
2505
2501
2496
2507
2528
2555
2584
2606
2613
2620
2624
2629
2633
2638
2640
2645
2647
2649
2654
2656
2660
2665
2672
2714
2791
2838
2888
2935
2973
3003
3025
3041
3050
3057
3063
3072
3086
3097
3108
3124
3142
3156
3167
3174
3178
3185
3194
3201
3192
3169
3133
3075
3009
2946
2886
2814
2757
2726
2701
2683
2672
2647
2602
2555
2519
2485
2440
2386
2363
2354
2345
2336
2330
2325
2321
2318
2314
2312
2309
2309
2309
2314
2318
2323
2323
2327
2330
2336
2341
2343
2345
2348
2352
2357
2363
2370
2375
2381
2388
2395
2402
2406
2413
2417
2426
2438
2467
2525
2609
2708
2805
2897
2960
3030
3102
3228
3325
3356
3325
3268
3223
3205
3196
3192
3187
3180
3171
3162
3151
3135
3102
3039
2971
2897
2811
2733
2669
2624
2586
2550
2514
2478
2433
2377
2325
2271
2179
2082
2026
1972
1911
1879
1866
1855
1846
1837
1832
1828
1825
1823
1823
1821
1821
1818
1818
1821
1821
1816
1812
1830
1861
1879
1895
1909
1920
1931
1942
1954
1965
1976
1987
1999
2012
2026
2041
2057
2071
2082
2093
2102
2113
2125
2136
2149
2165
2188
2224
2257
2289
2323
2368
2429
2498
2543
2570
2593
2611
2627
2656
2692
2710
2721
2728
2719
2699
2678
2656
2633
2611
2573
2516
2478
2460
2447
2433
2424
2417
2411
2397
2390
2395
2406
2411
2413
2417
2422
2424
2426
2429
2433
2438
2442
2447
2451
2456
2458
2462
2467
2476
2485
2492
2498
2503
2507
2516
2525
2539
2548
2550
2552
2557
2564
2566
2555
2530
2512
2501
2489
2483
2474
2465
2458
2447
2433
2415
2408
2417
2431
2440
2449
2458
2462
2469
2469
2465
2458
2449
2442
2435
2426
2417
2408
2402
2397
2395
2393
2390
2390
2393
2397
2404
2411
2417
2422
2426
2431
2440
2449
2456
2458
2453
2444
2433
2424
2417
2406
2395
2386
2381
2384
2388
2393
2399
2404
2406
2411
2415
2417
2420
2422
2424
2426
2429
2431
2431
2431
2431
2429
2429
2429
2429
2426
2422
2417
2411
2404
2393
2393
2413
2426
2435
2444
2451
2453
2453
2447
2440
2429
2408
2375
2354
2339
2332
2339
2361
2386
2420
2447
2483
2512
2523
2530
2537
2539
2537
2523
2501
2462
2395
2330
2287
2289
2327
2372
2413
2397
2345
2221
2158
2161
2239
2357
2415
2435
2444
2444
2438
2429
2426
2422
2420
2415
2413
2413
2415
2415
2417
2420
2422
2426
2431
2438
2444
2447
2444
2440
2438
2435
2431
2426
2413
2411
2422
2429
2433
2438
2440
2440
2442
2447
2451
2458
2462
2465
2469
2476
2485
2494
2505
2516
2528
2539
2550
2561
2573
2586
2597
2611
2627
2642
2649
2640
2620
2595
2561
2514
2485
2467
2453
2440
2433
2435
2442
2449
2456
2462
2469
2458
2435
2422
2411
2402
2395
2390
2388
2388
2393
2399
2413
2429
2460
2514
2602
2744
2926
3108
3264
3367
3403
3381
3316
3147
2897
2602
2325
2102
1951
1904
1940
2001
2057
2082
2095
2107
2120
2138
2158
2183
2221
2278
2325
2348
2361
2372
2381
2388
2393
2395
2395
2395
2393
2390
2388
2386
2379
2370
2366
2368
2384
2404
2440
2480
2503
2519
2521
2514
2510
2505
2498
2494
2494
2501
2516
2539
2561
2582
2609
2638
2660
2674
2687
2714
2769
2807
2829
2847
2870
2890
2913
2940
2978
3007
3032
3045
3057
3068
3075
3081
3086
3084
3079
3072
3061
3052
3036
3014
2991
2969
2935
2881
2818
2751
2696
2660
2645
2638
2631
2624
2618
2609
2595
2575
2541
2489
2453
2424
2386
2363
2348
2334
2325
2323
2325
2330
2336
2341
2348
2354
2361
2368
2370
2368
2363
2357
2348
2336
2318
2309
2316
2336
2357
2379
2397
2413
2426
2440
2447
2431
2404
2390
2379
2368
2359
2350
2341
2336
2330
2325
2321
2316
2312
2309
2309
2307
2307
2305
2303
2300
2300
2298
2294
2291
2287
2282
2280
2276
2273
2269
2260
2244
2210
2176
2138
2107
2098
2086
2077
2098
2134
2179
2208
2224
2235
2237
2235
2230
2226
2226
2224
2219
2215
2210
2208
2206
2206
2206
2206
2208
2215
2224
2235
2246
2255
2262
2271
2282
2296
2309
2316
2316
2312
2309
2307
2305
2303
2298
2291
2285
2280
2282
2285
2287
2289
2289
2291
2294
2296
2298
2300
2300
2300
2296
2289
2282
2273
2264
2253
2244
2233
2219
2210
2212
2219
2233
2255
2325
2447
2591
2748
2910
3061
3185
3214
3221
3196
3057
2850
2618
2384
2161
1969
1855
1812
1809
1830
1861
1913
2021
2158
2280
2352
2368
2381
2388
2395
2402
2411
2417
2424
2431
2438
2447
2456
2467
2485
2510
2534
2548
2559
2568
2577
2586
2591
2591
2588
2584
2577
2573
2566
2557
2541
2532
2543
2568
2600
2638
2667
2703
2751
2778
2791
2800
2811
2823
2832
2843
2859
2895
2949
2982
3005
3025
3043
3066
3093
3122
3142
3158
3169
3176
3174
3169
3158
3144
3131
3113
3090
3066
3036
3000
2973
2944
2915
2879
2832
2769
2701
2638
2591
2555
2514
2492
2478
2465
2453
2444
2440
2438
2438
2438
2438
2438
2438
2438
2438
2438
2435
2433
2431
2429
2429
2429
2431
2433
2440
2447
2456
2465
2474
2480
2485
2489
2494
2498
2507
2512
2519
2525
2530
2534
2539
2546
2555
2566
2586
2631
2717
2811
2926
3054
3185
3316
3367
3388
3401
3412
3415
3408
3383
3349
3289
3221
3187
3165
3201
3316
3381
3403
3374
3284
3178
3115
3048
2987
2928
2879
2836
2782
2723
2654
2568
2485
2402
2318
2237
2156
2073
2028
2019
2014
2012
2010
2008
2008
2008
2010
2010
2012
2014
2017
2021
2026
2032
2035
2039
2039
2041
2044
2046
2048
2050
2050
2050
2050
2050
2053
2055
2055
2055
2057
2059
2066
2075
2089
2109
2131
2154
2181
2206
2219
2230
2271
2366
2422
2435
2447
2456
2462
2465
2465
2469
2474
2483
2492
2512
2537
2570
2609
2636
2656
2672
2683
2690
2694
2696
2701
2708
2703
2672
2638
2602
2575
2552
2534
2516
2501
2492
2483
2478
2471
2467
2462
2460
2458
2453
2453
2456
2460
2465
2471
2480
2487
2496
2505
2514
2523
2528
2534
2543
2550
2559
2566
2575
2582
2586
2591
2595
2595
2595
2595
2595
2595
2595
2595
2595
2597
2597
2600
2600
2595
2586
2573
2561
2555
2543
2532
2523
2516
2516
2519
2525
2534
2541
2546
2557
2566
2570
2568
2559
2546
2523
2489
2474
2462
2458
2458
2471
2492
2516
2548
2555
2552
2552
2555
2557
2559
2559
2561
2561
2561
2561
2566
2570
2573
2577
2586
2602
2570
2543
2525
2514
2505
2501
2496
2494
2489
2480
2480
2487
2492
2496
2501
2503
2510
2516
2530
2546
2570
2602
2615
2624
2631
2633
2624
2604
2582
2555
2530
2507
2487
2487
2514
2537
2555
2570
2582
2591
2600
2611
2618
2609
2593
2584
2577
2568
2564
2559
2555
2550
2546
2543
2541
2539
2537
2532
2528
2523
2519
2516
2514
2510
2505
2496
2487
2480
2474
2465
2458
2449
2444
2442
2442
2442
2442
2438
2435
2433
2435
2442
2456
2467
2480
2501
2501
2471
2431
2370
2334
2314
2298
2289
2289
2291
2296
2300
2303
2307
2312
2314
2318
2321
2323
2325
2330
2334
2336
2339
2339
2339
2341
2343
2345
2348
2348
2345
2341
2334
2330
2321
2312
2305
2305
2305
2309
2312
2318
2327
2309
2296
2289
2282
2278
2273
2278
2285
2296
2305
2314
2323
2334
2345
2357
2366
2377
2388
2408
2440
2471
2507
2537
2539
2541
2546
2521
2476
2431
2397
2375
2359
2348
2341
2336
2332
2325
2321
2314
2305
2296
2287
2278
2264
2253
2248
2255
2269
2289
2321
2372
2415
2462
2514
2564
2647
2757
2897
3045
3194
3300
3336
3289
3138
2854
2498
2167
1963
1922
1909
1960
2008
2035
2055
2071
2082
2091
2100
2116
2143
2174
2208
2239
2260
2271
2276
2280
2289
2298
2307
2314
2321
2330
2341
2352
2363
2377
2388
2399
2408
2420
2429
2440
2447
2453
2465
2483
2485
2474
2465
2460
2453
2449
2447
2449
2453
2460
2469
2485
2516
2573
2629
2674
2703
2728
2753
2789
2834
2868
2886
2899
2910
2924
2949
2998
3030
3045
3059
3066
3070
3068
3061
3050
3036
3018
2989
2960
2940
2924
2910
2892
2877
2854
2814
2755
2719
2696
2672
2649
2615
2557
2501
2462
2433
2402
2372
2341
2325
2316
2307
2300
2296
2294
2291
2291
2291
2294
2298
2305
2316
2327
2336
2345
2357
2370
2384
2399
2413
2426
2435
2447
2458
2465
2471
2469
2462
2453
2440
2429
2417
2406
2393
2379
2370
2361
2354
2348
2339
2327
2312
2303
2316
2343
2357
2370
2381
2390
2395
2386
2372
2359
2345
2341
2336
2332
2330
2325
2323
2323
2323
2321
2314
2305
2296
2289
2285
2280
2276
2269
2264
2260
2255
2251
2244
2235
2224
2212
2199
2188
2179
2172
2167
2163
2158
2158
2158
2156
2156
2154
2147
2140
2147
2158
2163
2165
2167
2170
2174
2176
2181
2188
2194
2201
2208
2217
2228
2239
2260
2294
2323
2348
2368
2388
2402
2411
2415
2417
2422
2429
2433
2438
2435
2431
2424
2420
2415
2413
2408
2404
2397
2388
2381
2375
2366
2354
2341
2325
2307
2291
2280
2269
2260
2248
2242
2239
2244
2253
2269
2291
2327
2404
2485
2559
2674
2805
2933
3050
3151
3190
3190
3156
3057
2832
2546
2282
2111
2030
1960
1911
1886
1868
1870
1904
1999
2104
2221
2345
2411
2444
2465
2480
2487
2485
2476
2462
2456
2440
2429
2429
2444
2462
2471
2480
2487
2496
2503
2514
2525
2539
2552
2564
2577
2588
2602
2615
2627
2636
2642
2647
2649
2651
2654
2658
2663
2667
2674
2681
2696
2719
2762
2823
2874
2935
2973
2991
3005
3016
3032
3048
3063
3077
3090
3108
3129
3142
3153
3162
3171
3187
3180
3142
3115
3097
3079
3061
3041
3021
2994
2953
2895
2856
2818
2778
2733
2674
2595
2537
2503
2476
2456
2440
2431
2424
2417
2408
2402
2395
2390
2388
2388
2388
2388
2390
2397
2408
2417
2426
2433
2442
2449
2453
2460
2465
2471
2476
2480
2487
2492
2494
2498
2503
2510
2514
2519
2521
2523
2525
2530
2537
2541
2550
2564
2647
2805
2985
3149
3286
3336
3356
3374
3376
3358
3347
3340
3336
3329
3322
3316
3307
3295
3282
3264
3241
3194
3102
3009
2931
2863
2787
2730
2701
2674
2645
2618
2579
2530
2476
2406
2332
2271
2199
2136
2100
2066
2035
2017
2003
1994
1985
1981
1974
1972
1974
1976
1983
1990
1994
1999
2003
2008
2014
2017
2019
2019
2019
2021
2028
2035
2041
2048
2050
2055
2059
2068
2077
2086
2093
2102
2116
2136
2154
2170
2183
2197
2212
2230
2253
2280
2305
2334
2381
2451
2503
2543
2575
2604
2633
2660
2674
2685
2694
2701
2705
2708
2705
2701
2694
2683
2674
2660
2638
2620
2602
2586
2568
2548
2521
2503
2487
2474
2462
2449
2440
2431
2422
2415
2406
2397
2388
2384
2381
2381
2384
2390
2397
2406
2417
2429
2440
2453
2465
2476
2480
2483
2483
2483
2483
2483
2483
2485
2487
2487
2485
2485
2487
2487
2489
2492
2492
2494
2496
2498
2503
2507
2510
2514
2519
2525
2530
2534
2532
2525
2514
2503
2492
2483
2474
2462
2456
2451
2447
2447
2449
2453
2462
2471
2480
2489
2494
2498
2501
2505
2510
2516
2521
2525
2530
2534
2541
2546
2548
2550
2548
2546
2543
2541
2539
2537
2532
2530
2528
2528
2528
