0540
0422
0312
0195
0134
0105
0081
0060
0044
0032
0024
0016
0008
0004
0000
0004
0012
0024
0036
0052
0065
0081
0093
0105
0121
0138
0150
0162
0182
0199
0219
0239
0260
0280
0296
0308
0316
0329
0345
0369
0434
0556
0755
0995
1291
1637
1990
2311
2575
2730
2790
2786
2721
2547
2291
1986
1653
1344
1076
0857
0715
0589
0499
0418
0377
0353
0333
0316
0304
0296
0288
0288
0284
0288
0296
0308
0325
0341
0361
0377
0394
0406
0422
0438
0455
0467
0479
0491
0503
0515
0524
0536
0548
0560
0580
0597
0621
0641
0662
0682
0706
0731
0747
0763
0775
0788
0800
0812
0824
0840
0853
0865
0877
0889
0901
0914
0926
0942
0958
0979
0999
1019
1035
1056
1072
1088
1105
1121
1137
1149
1165
1182
1202
1214
1226
1239
1243
1247
1247
1251
1251
1255
1251
1251
1255
1255
1259
1259
1259
1259
1259
1255
1251
1243
1230
1214
1194
1174
1153
1125
1084
1040
1007
0966
0930
0889
0849
0808
0759
0715
0666
0629
0601
0576
0564
0552
0544
0536
0532
0528
0532
0540
0548
0564
0576
0585
0593
0601
0609
0617
0625
0633
0637
0641
0641
0637
0637
0629
0621
0613
0601
0593
0580
0572
0568
0560
0556
0556
0552
0552
0548
0544
0540
0532
0532
0528
0528
0528
0528
0528
0536
0540
0544
0552
0552
0552
0552
0552
0548
0544
0544
0540
0536
0536
0536
0540
0540
0540
0544
0548
0552
0556
0560
0564
0572
0576
0580
0589
0593
0601
0605
0613
0625
0633
0641
0650
0658
0666
0670
0670
0670
0670
0666
0662
0658
0654
0650
0650
0645
0645
0645
0641
0641
0637
0637
0633
0633
0633
0629
0629
0633
0637
0645
0654
0662
0670
0678
0686
0690
0698
0710
0719
0727
0739
0747
0759
0767
0775
0788
0792
0800
0804
0804
0804
0804
0804
0800
0800
0800
0804
0804
0808
0812
0812
0816
0816
0816
0816
0816
0816
0816
0816
0820
0820
0824
0824
0824
0824
0828
0828
0828
0828
0828
0828
0832
0840
0845
0849
0857
0861
0865
0869
0873
0877
0881
0885
0889
0897
0901
0910
0918
0926
0938
0946
0950
0954
0954
0958
0962
0962
0962
0966
0966
0970
0975
0979
0983
0987
0991
0995
0999
1003
1003
1007
1011
1015
1019
1023
1027
1031
1031
1031
1031
1031
1031
1031
1023
1023
1019
1015
1007
1003
0999
0995
0991
0991
0987
0987
0987
0987
0991
0995
1003
1007
1011
1019
1031
1035
1044
1052
1056
1060
1068
1072
1076
1084
1092
1100
1109
1113
1121
1129
1145
1165
1194
1255
1389
1629
1901
2205
2518
2799
3046
3128
3168
3160
3022
2847
2620
2360
2092
1824
1596
1409
1300
1206
1137
1048
1015
0999
0983
0966
0958
0950
0942
0938
0934
0930
0926
0926
0926
0926
0922
0922
0918
0914
0914
0918
0926
0934
0942
0950
0958
0962
0966
0970
0975
0975
0975
0975
0979
0979
0983
0991
0999
1015
1027
1031
1044
1052
1064
1076
1088
1100
1117
1133
1145
1161
1178
1198
1222
1243
1263
1279
1295
1308
1316
1328
1340
1352
1365
1381
1397
1413
1430
1446
1462
1482
1495
1507
1519
1527
1539
1547
1560
1564
1568
1568
1564
1560
1547
1535
1519
1503
1486
1470
1446
1425
1397
1369
1340
1308
1275
1222
1178
1145
1113
1084
1060
1031
1003
0954
0914
0893
0877
0865
0853
0840
0828
0812
0804
0796
0788
0780
0780
0775
0771
0775
0775
0780
0784
0788
0788
0788
0788
0788
0792
0792
0792
0792
0796
0800
0808
0812
0820
0828
0840
0849
0857
0865
0869
0873
0873
0877
0877
0877
0873
0873
0873
0877
0877
0881
0881
0877
0873
0873
0869
0869
0869
0869
0869
0869
0869
0869
0873
0873
0873
0873
0873
0873
0873
0869
0873
0873
0877
0877
0881
0885
0889
0893
0897
0905
0914
0926
0934
0946
0954
0966
0979
0987
0995
1003
1011
1015
1023
1031
1035
1044
1048
1048
1052
1052
1048
1044
1040
1040
1035
1031
1035
1035
1040
1044
1048
1048
1048
1048
1048
1044
1044
1048
1052
1056
1060
1064
1068
1072
1068
1068
1060
1052
1044
1040
1035
1035
1035
1040
1044
1052
1060
1064
1072
1072
1076
1076
1084
1092
1096
1100
1109
1113
1121
1125
1129
1129
1129
1125
1125
1121
1113
1105
1096
1088
1084
1076
1072
1064
1060
1056
1052
1052
1048
1048
1044
1044
1040
1040
1040
1040
1040
1044
1048
1052
1056
1064
1068
1068
1072
1076
1076
1080
1080
1084
1084
1088
1092
1096
1100
1105
1105
1105
1105
1105
1100
1096
1092
1092
1092
1088
1088
1084
1084
1084
1084
1084
1084
1088
1084
1084
1084
1084
1084
1084
1088
1088
1088
1088
1088
1088
1088
1092
1096
1100
1105
1109
1113
1117
1121
1125
1129
1129
1133
1137
1145
1149
1161
1170
1186
1202
1218
1251
1324
1397
1592
1828
2116
2441
2774
3087
3282
3351
3347
3254
3002
2665
2327
2023
1742
1511
1360
1267
1222
1186
1161
1141
1125
1113
1100
1088
1076
1068
1060
1056
1052
1044
1040
1031
1027
1023
1019
1019
1019
1023
1023
1023
1023
1023
1023
1023
1023
1027
1031
1031
1040
1044
1048
1056
1064
1068
1076
1080
1084
1092
1096
1105
1113
1121
1129
1141
1149
1157
1170
1186
1202
1222
1243
1259
1271
1283
1295
1308
1320
1336
1352
1373
1393
1417
1438
1462
1486
1511
1531
1547
1568
1588
1600
1616
1625
1633
1637
1641
1645
1645
1645
1649
1649
1649
1657
1661
1665
1665
1657
1637
1608
1580
1551
1515
1478
1446
1413
1385
1344
1300
1251
1190
1129
1072
1027
0983
0954
0934
0918
0901
0885
0873
0861
0849
0836
0828
0820
0816
0812
0808
0804
0800
0800
0796
0796
0792
0788
0788
0792
0792
0796
0804
0808
0812
0816
0820
0824
0828
0828
0824
0824
0824
0820
0812
0808
0804
0800
0796
0796
0792
0788
0784
0780
0780
0780
0775
0771
0771
0771
0771
0771
0771
0771
0771
0767
0767
0771
0771
0771
0771
0771
0771
0775
0775
0775
0775
0771
0767
0763
0763
0763
0763
0763
0767
0771
0780
0788
0796
0804
0812
0816
0824
0828
0828
0832
0832
0832
0836
0840
0845
0849
0853
0857
0861
0865
0869
0873
0873
0877
0877
0877
0881
0885
0889
0893
0897
0901
0905
0914
0922
0926
0934
0946
0954
0962
0966
0970
0975
0975
0975
0975
0975
0975
0979
0979
0979
0983
0987
0995
1003
1007
1011
1015
1019
1019
1019
1023
1023
1023
1027
1031
1031
1035
1040
1044
1052
1056
1056
1060
1060
1060
1056
1052
1052
1048
1048
1044
1044
1044
1044
1044
1044
1048
1048
1048
1052
1048
1048
1048
1048
1048
1052
1052
1056
1056
1056
1060
1064
1068
1076
1080
1084
1088
1092
1096
1100
1100
1105
1109
1113
1117
1121
1125
1129
1133
1137
1141
1145
1149
1153
1153
1153
1153
1157
1157
1161
1161
1165
1165
1170
1170
1170
1174
1174
1174
1178
1178
1178
1178
1178
1178
1178
1178
1178
1178
1178
1178
1178
1178
1178
1178
1178
1178
1174
1170
1170
1170
1170
1170
1170
1170
1170
1170
1170
1170
1178
1202
1255
1401
1576
1820
2120
2478
2880
3286
3660
3895
3977
3904
3676
3250
2795
2400
2104
1889
1759
1620
1470
1308
1165
1105
1080
1056
1040
1027
1015
1007
0995
0987
0979
0975
0970
0966
0966
0962
0962
0958
0950
0942
0934
0930
0922
0918
0914
0914
0914
0914
0918
0926
0930
0938
0946
0954
0962
0975
0983
0991
0999
1007
1011
1019
1023
1031
1040
1052
1064
1080
1096
1113
1129
1145
1157
1165
1174
1186
1194
1206
1218
1235
1251
1267
1291
1312
1332
1352
1373
1389
1401
1417
1430
1446
1458
1474
1486
1499
1511
1519
1527
1531
1535
1539
1539
1539
1543
1543
1547
1551
1555
1551
1547
1531
1507
1482
1442
1381
1328
1279
1243
1202
1165
1133
1109
1088
1064
1040
1023
1007
0987
0970
0954
0934
0914
0893
0873
0849
0816
0792
0780
0767
0763
0763
0755
0751
0747
0739
0735
0731
0727
0727
0731
0735
0739
0743
0751
0755
0759
0759
0759
0755
0755
0751
0755
0755
0759
0763
0767
0780
0788
0796
0804
0808
0812
0812
0812
0812
0812
0808
0808
0808
0808
0812
0816
0820
0820
0820
0816
0816
0812
0808
0804
0800
0796
0796
0796
0796
0800
0800
0800
0800
0800
0800
0800
0804
0808
0812
0816
0816
0816
0820
0824
0828
0828
0832
0832
0836
0840
0849
0857
0857
0845
0832
0816
0804
0788
0775
0775
0808
0845
0857
0869
0881
0889
0897
0905
0914
0926
0934
0942
0946
0946
0946
0946
0946
0950
0950
0950
0950
0946
0946
0946
0946
0942
0942
0938
0938
0938
0938
0938
0938
0938
0938
0942
0942
0942
0946
0950
0950
0950
0950
0954
0954
0958
0962
0966
0966
0970
0975
0979
0983
0987
0987
0991
0991
0995
0999
1003
1007
1007
1011
1011
1011
1015
1019
1019
1023
1027
1031
1031
1035
1040
1044
1044
1044
1044
1048
1048
1044
1044
1044
1044
1044
1048
1048
1048
1048
1048
1048
1048
1048
1044
1044
1044
1044
1044
1044
1044
1044
1048
1048
1052
1052
1056
1056
1060
1060
1064
1068
1072
1076
1080
1084
1088
1088
1092
1092
1096
1096
1100
1105
1113
1117
1125
1137
1145
1153
1157
1157
1157
1157
1157
1153
1153
1153
1153
1153
1161
1165
1170
1165
1153
1137
1121
1100
1072
1052
1068
1113
1182
1275
1425
1608
1844
2132
2470
2827
3197
3546
3826
3932
3912
3700
3310
2855
2425
2063
1828
1645
1474
1312
1133
1068
1040
1023
1015
1019
1031
1040
1048
1060
1064
1052
1031
1015
1007
1003
0991
0983
0970
0958
0950
0942
0938
0934
0934
0934
0938
0946
0950
0958
0966
0975
0983
0991
0999
1007
1019
1031
1044
1060
1076
1092
1105
1117
1125
1133
1141
1149
1157
1165
1178
1186
1198
1214
1226
1243
1259
1275
1291
1308
1320
1336
1356
1373
1393
1413
1430
1446
1466
1482
1495
1507
1511
1519
1523
1531
1535
1543
1551
1560
1564
1572
1576
1580
1576
1576
1568
1564
1555
1551
1543
1535
1523
1515
1503
1486
1442
1393
1352
1316
1283
1251
1222
1194
1170
1141
1113
1076
1031
0987
0934
0889
0857
0845
0840
0836
0832
0828
0824
0824
0820
0820
0816
0812
0808
0808
0808
0808
0812
0812
0812
0812
0812
0812
0816
0816
0816
0820
0824
0824
0828
0828
0828
0828
0828
0828
0832
0832
0836
0836
0836
0836
0836
0840
0840
0840
0840
0840
0840
0840
0840
0840
0840
0840
0840
0840
0840
0840
0845
0845
0845
0845
0849
0853
0857
0861
0865
0869
0873
0877
0881
0889
0893
0897
0901
0922
0950
0966
0970
0975
0979
0979
0983
0983
0987
0987
0987
0983
0983
0983
0979
0979
0975
0970
0966
0962
0958
0954
0954
0958
0962
0966
0970
0975
0979
0979
0983
0987
0991
0991
0991
0987
0987
0987
0983
0983
0979
0975
0970
0966
0962
0962
0958
0954
0954
0950
0946
0946
0942
0938
0934
0934
0930
0930
0930
0926
0926
0922
0922
0922
0922
0922
0922
0918
0918
0918
0918
0918
0922
0926
0934
0942
0954
0962
0966
0970
0979
0987
0991
0991
0995
0995
0999
0999
1003
1003
1007
1003
1003
1003
1007
1007
1003
1003
0999
0995
0991
0987
0987
0983
0979
0979
0979
0979
0983
0987
0987
0991
0991
0995
0999
1003
1003
1007
1015
1019
1027
1035
1048
1060
1072
1084
1096
1105
1109
1113
1113
1109
1100
1092
1084
1076
1064
1060
1052
1048
1044
1040
1031
1027
1019
1011
0999
0987
0979
0970
0962
0958
0958
0958
0958
0954
0954
0950
0942
0938
0938
0962
1007
1068
1161
1300
1462
1673
1937
2250
2604
2957
3241
3380
3371
3205
2839
2400
1970
1608
1369
1210
1125
1056
1011
0987
0966
0946
0934
0954
0995
1023
1056
1080
1080
1052
1015
0987
0958
0930
0910
0905
0918
0930
0946
0954
0962
0975
0983
0999
1011
1023
1031
1040
1048
1056
1064
1072
1080
1088
1100
1113
1125
1141
1157
1170
1186
1198
1210
1218
1230
1243
1255
1263
1275
1287
1300
1308
1320
1332
1340
1352
1360
1373
1385
1397
1405
1417
1425
1434
1446
1462
1490
1535
1576
1604
1620
1637
1649
1657
1661
1661
1661
1665
1669
1669
1673
1673
1673
1669
1661
1649
1637
1625
1608
1584
1568
1547
1511
1446
1393
1360
1336
1316
1291
1263
1222
1182
1153
1125
1100
1064
1011
0975
0954
0938
0918
0901
0885
0877
0873
0869
0861
0857
0853
0853
0849
0845
0845
0840
0840
0840
0845
0845
0845
0845
0845
0849
0849
0853
0853
0853
0853
0849
0845
0845
0840
0840
0836
0832
0828
0824
0824
0820
0804
0788
0771
0763
0767
0775
0788
0800
0808
0816
0824
0836
0845
0849
0853
0857
0857
0861
0865
0869
0873
0881
0873
0828
0804
0784
0767
0751
0747
0751
0759
0767
0780
0792
0808
0824
0828
0816
0804
0792
0771
0763
0780
0812
0840
0869
0885
0893
0897
0905
0918
0910
0857
0824
0804
0784
0767
0755
0755
0759
0763
0771
0784
0792
0804
0812
0828
0840
0849
0861
0869
0877
0881
0885
0889
0893
0893
0897
0901
0901
0901
0901
0901
0905
0910
0910
0910
0910
0910
0914
0918
0918
0922
0922
0926
0930
0934
0938
0942
0946
0946
0950
0950
0950
0954
0954
0954
0958
0962
0966
0970
0970
0975
0979
0979
0979
0983
0987
0987
0991
0991
0991
0995
0995
0995
0999
1003
1003
1007
1011
1015
1019
1019
1023
1023
1023
1023
1023
1023
1031
1031
1035
1040
1035
1035
1031
1031
1027
1023
1015
1007
1003
1019
1035
1056
1088
1096
1100
1109
1113
1121
1117
1113
1109
1105
1100
1096
1092
1088
1084
1076
1072
1068
1068
1068
1068
1064
1064
1060
1056
1052
1048
1048
1048
1056
1068
1084
1109
1149
1182
1202
1218
1230
1239
1243
1243
1235
1226
1218
1206
1190
1170
1149
1129
1117
1100
1088
1088
1100
1121
1194
1287
1417
1600
1844
2149
2514
2920
3331
3680
3895
3916
3810
3481
3063
2636
2275
2006
1824
1661
1499
1356
1239
1129
1084
1068
1060
1052
1048
1048
1048
1052
1060
1064
1064
1068
1068
1072
1072
1072
1072
1072
1072
1068
1064
1064
1060
1056
1056
1056
1060
1064
1068
1068
1072
1076
1076
1080
1084
1084
1084
1088
1092
1096
1109
1117
1125
1133
1141
1149
1157
1170
1178
1182
1190
1202
1218
1239
1255
1271
1283
1295
1304
1316
1328
1336
1344
1352
1356
1365
1377
1397
1425
1450
1470
1486
1499
1507
1519
1527
1535
1543
1547
1555
1564
1576
1588
1608
1625
1625
1604
1572
1535
1495
1458
1434
1401
1365
1328
1304
1283
1267
1247
1222
1198
1170
1141
1113
1076
1044
1011
0975
0950
0934
0918
0905
0897
0889
0881
0877
0869
0861
0849
0840
0832
0824
0816
0808
0800
0792
0792
0796
0800
0808
0812
0816
0820
0828
0832
0840
0845
0845
0845
0845
0845
0840
0840
0836
0828
0824
0820
0812
0800
0792
0788
0788
0792
0800
0804
0812
0816
0820
0828
0832
0836
0840
0840
0840
0840
0840
0845
0845
0845
0849
0849
0853
0861
0865
0869
0869
0873
0873
0873
0873
0877
0877
0881
0885
0889
0897
0905
0914
0922
0926
0930
0934
0938
0942
0946
0950
0958
0966
0975
0987
0999
1011
1019
1023
1027
1031
1035
1040
1048
1064
1076
1072
1040
1003
0975
0950
0926
0905
0893
0889
0881
0877
0877
0873
0869
0861
0857
0853
0849
0849
0849
0849
0849
0849
0849
0853
0861
0869
0877
0893
0942
1084
1291
1564
1893
2283
2689
3075
3384
3554
3575
3497
3262
2953
2640
2368
2136
1921
1706
1466
1218
0991
0800
0747
0723
0739
0820
0869
0889
0905
0914
0893
0861
0845
0832
0820
0812
0804
0796
0792
0784
0780
0780
0780
0784
0792
0800
0808
0820
0832
0840
0853
0861
0877
0893
0910
0926
0938
0946
0954
0962
0970
0979
0987
0995
1003
1007
1015
1023
1031
1035
1044
1056
1068
1084
1117
1153
1190
1214
1230
1251
1267
1287
1304
1316
1336
1369
1421
1474
1511
1535
1551
1564
1576
1584
1588
1592
1596
1600
1604
1608
1616
1616
1616
1616
1608
1596
1584
1572
1560
1539
1519
1503
1486
1466
1425
1369
1316
1263
1222
1198
1178
1153
1125
1100
1076
1052
1011
0958
0914
0881
0845
0828
0816
0804
0800
0796
0792
0792
0792
0788
0788
0792
0796
0804
0812
0816
0824
0828
0840
0849
0857
0865
0869
0873
0881
0889
0897
0905
0910
0901
0881
0861
0845
0820
0800
0796
0812
0828
0845
0861
0877
0881
0877
0869
0861
0857
0849
0845
0840
0840
0845
0849
0857
0865
0869
0869
0869
0873
0877
0877
0881
0881
0885
0885
0885
0885
0885
0881
0881
0877
0877
0877
0873
0877
0877
0877
0881
0881
0881
0885
0889
0889
0893
0897
0897
0897
0901
0901
0905
0910
0914
0918
0926
0934
0946
0954
0958
0962
0966
0970
0975
0975
0975
0979
0983
0987
0991
0991
0983
0975
0966
0962
0958
0954
0954
0946
0942
0938
0934
0930
0926
0922
0922
0918
0918
0922
0922
0922
0926
0926
0926
0926
0926
0930
0930
0930
0934
0934
0938
0942
0946
0950
0954
0958
0962
0962
0966
0966
0970
0975
0979
0979
0983
0987
0991
0995
0999
0999
1003
1003
1007
1011
1015
1019
1023
1027
1031
1031
1035
1040
1044
1048
1052
1060
1068
1076
1080
1084
1088
1092
1088
1088
1088
1088
1084
1084
1080
1080
1076
1072
1068
1060
1052
1048
1056
1068
1072
1076
1080
1080
1084
1088
1096
1100
1109
1117
1125
1133
1141
1149
1157
1170
1182
1194
1202
1202
1198
1190
1178
1165
1149
1117
1088
1056
1031
1019
1011
1003
0995
0991
0999
1011
1031
1044
1060
1080
1096
1113
1121
1133
1141
1145
1149
1149
1145
1141
1129
1113
1076
1040
1031
1027
1023
1019
1015
1019
1023
1031
1052
1080
1137
1226
1360
1564
1860
2230
2640
3055
3428
3729
3900
3904
3774
3392
2929
2498
2169
1958
1824
1706
1547
1373
1182
1015
0914
0881
0881
0914
0930
0938
0942
0946
0950
0950
0954
0958
0962
0970
0975
0979
0983
0987
0987
0991
0991
0991
0991
0991
0995
0999
1003
1011
1019
1023
1031
1035
1044
1048
1052
1056
1064
1068
1076
1084
1092
1100
1113
1121
1133
1145
1157
1170
1182
1190
1202
1214
1222
1230
1239
1251
1259
1275
1295
1312
1328
1344
1356
1365
1377
1389
1401
1413
1430
1446
1470
1499
1523
1551
1564
1576
1588
1596
1600
1604
1600
1592
1576
1560
1543
1531
1515
1499
1482
1466
1454
1442
1430
1417
1397
1369
1340
1312
1271
1230
1190
1149
1109
1052
1023
0999
0979
0958
0938
0918
0905
0893
0885
0877
0869
0861
0857
0853
0853
0849
0840
0836
0832
0828
0824
0820
0816
0812
0812
0812
0812
0812
0812
0808
0800
0792
0788
0788
0792
0800
0804
0808
0808
0812
0816
0820
0824
0832
0836
0840
0840
0840
0840
0836
0832
0828
0824
0820
0816
0816
0812
0812
0816
0816
0816
0816
0816
0816
0816
0812
0812
0808
0808
0808
0808
0812
0812
0816
0816
0820
0824
0828
0832
0832
0832
0832
0832
0832
0832
0836
0836
0840
0840
0845
0849
0853
0857
0861
0865
0869
0873
0877
0881
0885
0889
0897
0901
0905
0910
0914
0914
0918
0918
0914
0914
0910
0910
0910
0910
0914
0914
0914
0918
0918
0918
0922
0926
0926
0930
0934
0934
0938
0938
0942
0946
0950
0954
0954
0958
0962
0966
0970
0975
0979
0983
0983
0987
0991
0995
0999
0999
0999
0999
0999
0999
0995
0995
0995
0991
0991
0991
0991
0991
0991
0991
0991
0991
0991
0991
0991
0991
0987
0987
0987
0987
0991
0991
0991
0995
0995
0995
0995
0999
0999
0999
0999
0999
1003
1003
1007
1015
1019
1023
1031
1031
1035
1044
1048
1052
1056
1060
1064
1072
1080
1088
1092
1100
1109
1117
1125
1129
1133
1133
1129
1125
1125
1121
1117
1113
1109
1105
1100
1096
1092
1088
1084
1080
1072
1064
1056
1044
1035
1031
1031
1031
1031
1040
1048
1052
1060
1068
1076
1088
1092
1092
1084
1072
1056
1040
1031
1015
1003
0987
0979
0975
0975
0979
0991
1003
1019
1040
1084
1129
1243
1413
1645
1921
2238
2583
2925
3209
3355
3351
3201
2876
2478
2059
1681
1393
1214
1129
1088
1068
1052
1040
1027
1011
0995
0983
0970
0962
0954
0950
0946
0938
0934
0926
0922
0914
0910
0905
0901
0901
0905
0905
0914
0918
0922
0930
0938
0942
0950
0958
0962
0966
0975
0979
0987
0999
1007
1019
1031
1035
1048
1056
1064
1072
1080
1088
1092
1100
1109
1117
1121
1129
1137
1145
1157
1165
1174
1182
1194
1206
1226
1275
1324
1352
1369
1381
1393
1401
1417
1430
1438
1446
1454
1466
1490
1531
1551
1560
1564
1572
1576
1580
1584
1588
1592
1592
1588
1588
1584
1576
1564
1551
1535
1515
1474
1401
1360
1332
1308
1283
1251
1214
1182
1161
1149
1137
1121
1105
1088
1068
1048
1019
0991
0962
0926
0889
0877
0873
0869
0865
0865
0861
0861
0861
0861
0861
0865
0869
0877
0889
0901
0914
0926
0930
0934
0938
0942
0946
0950
0954
0958
0958
0962
0962
0970
0975
0979
0979
0983
0983
0983
0987
0991
0991
0995
0995
0999
1003
1015
1023
1027
1027
1027
1027
1023
1023
1019
1019
1015
1011
1007
1007
1003
0999
0991
0987
0979
0975
0970
0966
0958
0954
0950
0942
0934
0926
0918
0914
0914
0914
0918
0926
0930
0934
0938
0942
0950
0954
0962
0970
0975
0983
0987
0991
0991
0995
0995
0995
0991
0991
0991
0991
0995
0999
0991
0979
0966
0962
0954
0946
0938
0930
0926
0930
0934
0942
0950
0954
0962
0970
0983
0991
0991
0987
0983
0975
0966
0958
0950
0942
0930
0926
0922
0922
0922
0922
0926
0926
0926
0930
0930
0934
0930
0926
0926
0922
0918
0918
0918
0918
0918
0918
0918
0922
0922
0922
0922
0918
0914
0910
0910
0905
0901
0897
0897
0893
0893
0893
0897
0897
0897
0897
0897
0901
0905
0910
0910
0914
0918
0922
0930
0934
0938
0942
0942
0946
0950
0950
0954
0958
0962
0966
0966
0970
0970
0975
0975
0975
0975
0975
0975
0975
0975
0975
0979
0979
0979
0979
0979
0983
0983
0983
0987
0987
0991
0995
0987
0975
0962
0954
0946
0938
0930
0922
0918
0918
0914
0914
0918
0922
0922
0926
0930
0930
0934
0938
0946
0950
0954
0954
0954
0950
0946
0942
0938
0930
0926
0918
0918
0914
0918
0926
0938
0958
1027
1125
1279
1507
1795
2140
2526
2925
3302
3603
3725
3709
3497
3111
2660
2242
1937
1742
1596
1458
1324
1194
1072
1003
0950
0914
0897
0889
0885
0881
0877
0873
0873
0869
0869
0873
0877
0885
0893
0905
0914
0926
0934
0946
0954
0962
0970
0975
0983
0991
0999
1011
1019
1027
1035
1048
1060
1072
1084
1096
1109
1125
1145
1170
1194
1210
1222
1235
1247
1259
1271
1287
1308
1332
1360
1389
1409
1421
1430
1438
1446
1458
1470
1486
1499
1511
1539
1584
1620
1657
1694
1710
1718
1722
1730
1738
1742
1746
1746
1746
1746
1742
1738
1734
1726
1722
1714
1710
1702
1698
1690
1685
1677
1665
1657
1645
1633
1616
1600
1576
1523
1442
1381
1316
1267
1235
1206
1182
1161
1145
1133
1113
1092
1064
1040
1011
0979
0958
0938
0926
0914
0905
0897
0889
0885
0885
0885
0885
0885
0889
0889
0889
0889
0889
0889
0889
0889
0893
0897
0901
0901
0897
0893
0889
0889
0889
0885
0881
0877
0873
0869
0869
0865
0865
0861
0861
0865
0865
0865
0865
0861
0857
0857
0853
0849
0845
0840
0836
0832
0828
0828
0824
0820
0820
0816
0812
0812
0808
0804
0804
0796
0796
0792
0792
0792
0792
0792
0788
0788
0788
0788
0788
0788
0788
0788
0788
0792
0796
0800
0800
0804
0808
0812
0816
0820
0820
0824
0824
0824
0824
0828
0832
0832
0836
0836
0840
0849
0857
0865
0869
0873
0877
0881
0885
0889
0893
0897
0901
0905
0910
0918
0922
0926
0926
0926
0926
0926
0922
0922
0918
0914
0910
0901
0897
0889
0881
0877
0889
0905
0922
0934
0942
0950
0958
0962
0970
0970
0975
0975
0970
0970
0966
0962
0958
0954
0950
0946
0942
0942
0938
0938
0934
0934
0934
0934
0934
0938
0942
0950
0954
0958
0966
0970
0970
0975
0979
0983
0987
0987
0987
0983
0979
0970
0966
0958
0950
0938
0934
0938
0954
0975
0991
1003
1019
1031
1040
1048
1056
1064
1068
1068
1072
1076
1080
1084
1088
1096
1096
1096
1092
1088
1084
1076
1068
1060
1052
1044
1035
1031
1031
1031
1031
1031
1040
1048
1056
1068
1076
1088
1096
1105
1117
1129
1133
1133
1125
1113
1096
1068
1031
1019
1011
1007
0999
0995
0991
0991
0991
0991
0991
0995
1003
1015
1031
1084
1243
1482
1803
2197
2652
3140
3591
3940
4074
4054
3826
3388
2892
2441
2075
1840
1702
1592
1482
1348
1198
1048
0938
0873
0836
0812
0796
0792
0812
0845
0889
0942
0954
0966
0979
0975
0946
0930
0914
0901
0893
0889
0889
0893
0897
0905
0910
0914
0918
0926
0934
0942
0950
0962
0970
0979
0991
0995
1003
1007
1015
1023
1031
1035
1044
1052
1060
1068
1076
1084
1092
1100
1113
1129
1145
1165
1182
1202
1222
1243
1263
1283
1300
1316
1328
1340
1348
1356
1365
1373
1385
1397
1409
1421
1434
1446
1458
1470
1482
1499
1511
1523
1535
1547
1568
1580
1584
1576
1555
1531
1503
1478
1454
1425
1397
1377
1360
1344
1328
1287
1214
1145
1096
1040
0991
0938
0910
0893
0885
0873
0869
0861
0849
0836
0824
0816
0804
0792
0780
0763
0747
0731
0727
0727
0723
0723
0723
0719
0719
0719
0723
0731
0735
0739
0747
0759
0767
0780
0784
0788
0788
0788
0784
0784
0788
0792
0796
0804
0808
0816
0824
0828
0832
0832
0832
0828
0828
0824
0824
0824
0824
0824
0824
0824
0828
0832
0836
0836
0836
0836
0832
0836
0832
0832
0832
0828
0824
0824
0824
0824
0824
0824
0828
0828
0832
0836
0840
0840
0840
0840
0840
0840
0840
0840
0840
0840
0840
0845
0845
0845
0849
0853
0853
0853
0853
0853
0857
0857
0861
0865
0869
0873
0877
0881
0885
0889
0897
0905
0910
0918
0926
0938
0950
0958
0966
0970
0975
0975
0975
0979
0979
0979
0979
0983
0983
0991
0995
0995
0995
0991
0991
0987
0983
0979
0979
0975
0975
0970
0970
0975
0970
0970
0970
0966
0966
0966
0966
0970
0975
0983
0991
1003
1011
1019
1023
1027
1027
1027
1031
1031
1031
1031
1031
1031
1031
1031
1031
1035
1040
1040
1044
1048
1052
1056
1060
1064
1068
1072
1076
1080
1084
1088
1092
1096
1096
1100
1105
1109
1113
1117
1117
1117
1117
1121
1125
1129
1133
1141
1145
1153
1157
1165
1170
1174
1174
1174
1174
1174
1174
1178
1182
1182
1190
1210
1202
1145
1109
1084
1060
1040
1031
1040
1060
1088
1113
1133
1161
1186
1210
1218
1214
1198
1182
1161
1149
1137
1121
1109
1092
1080
1072
1064
1064
1064
1068
1072
1080
1092
1109
1129
1165
1255
1430
1661
1962
2319
2713
3099
3432
3607
3664
3591
3355
3010
2620
2254
1933
1681
1495
1312
1210
1157
1125
1105
1092
1080
1072
1064
1056
1044
1031
1023
1023
1031
1035
1044
1048
1048
1052
1056
1060
1064
1072
1072
1076
1076
1076
1076
1072
1072
1072
1068
1072
1076
1080
1084
1088
1092
1096
1105
1109
1113
1113
1117
1121
1125
1129
1137
1145
1157
1170
1186
1198
1214
1226
1243
1255
1271
1287
1304
1320
1336
1352
1369
1385
1405
1417
1434
1450
1466
1486
1503
1519
1535
1543
1555
1564
1572
1580
1588
1596
1604
1608
1608
1608
1608
1608
1604
1596
1588
1576
1568
1555
1543
1527
1507
1466
1425
1385
1352
1328
1300
1271
1243
1214
1182
1141
1092
1040
1007
0979
0954
0938
0926
0918
0910
0910
0905
0901
0901
0901
0897
0897
0897
0897
0897
0897
0897
0897
0901
0901
0905
0905
0910
0910
0910
0914
0914
0918
0922
0922
0922
0922
0922
0926
0926
0930
0930
0934
0934
0938
0938
0938
0938
0934
0934
0934
0930
0930
0926
0926
0922
0922
0918
0918
0914
0914
0910
0905
0901
0893
0889
0881
0877
0873
0869
0865
0861
0861
0865
0865
0861
0857
0853
0845
0836
0832
0820
0812
0808
0804
0804
0804
0808
0808
0808
0808
0808
0804
0788
0771
0767
0780
0788
0796
0800
0804
0804
0808
0816
0820
0828
0828
0828
0824
0820
0816
0812
0808
0808
0808
0808
0808
0816
0820
0828
0836
0840
0845
0849
0849
0849
0853
0853
0853
0857
0861
0865
0869
0873
0877
0877
0877
0877
0877
0877
0881
0877
0877
0877
0877
0877
0877
0881
0885
0885
0889
0889
0889
0893
0893
0897
0897
0897
0897
0897
0901
0901
0905
0910
0910
0910
0905
0905
0901
0897
0897
0893
0889
0889
0889
0889
0889
0893
0893
0897
0901
0905
0910
0914
0922
0926
0930
0934
0942
0950
0958
0966
0975
0983
0995
1003
1011
1023
1035
1052
1064
1076
1084
1092
1096
1105
1109
1113
1117
1117
1117
1117
1117
1121
1121
1121
1121
1117
1109
1100
1092
1088
1080
1072
1068
1060
1056
1052
1048
1048
1044
1048
1052
1056
1064
1068
1076
1080
1088
1096
1109
1117
1121
1117
1109
1096
1084
1076
1064
1056
1048
1040
1031
1035
1044
1064
1092
1129
1194
1316
1527
1811
2177
2587
3018
3420
3721
3822
3798
3566
3152
2689
2295
1990
1771
1653
1547
1425
1287
1149
1092
1072
1056
1044
1031
1027
1023
1019
1015
1011
1007
1007
1003
1007
1011
1015
1023
1031
1040
1044
1052
1060
1072
1080
1088
1092
1096
1100
1100
1100
1100
1105
1109
1113
1121
1133
1141
1149
1157
1161
1161
1165
1170
1170
1174
1174
1178
1182
1190
1202
1210
1222
1235
1251
1271
1295
1320
1344
1369
1381
1393
1401
1413
1421
1430
1438
1446
1458
1470
1482
1495
1503
1515
1523
1535
1547
1564
1580
1596
1612
1625
1633
1641
1641
1637
1629
1620
1612
1596
1584
1564
1527
1495
1462
1434
1401
1369
1332
1291
1247
1206
1174
1145
1117
1084
1064
1048
1031
1019
0999
0975
0954
0938
0926
0910
0897
0885
0873
0865
0861
0857
0853
0849
0845
0840
0840
0836
0836
0836
0832
0832
0832
0832
0832
0832
0836
0836
0840
0845
0845
0849
0849
0849
0849
0849
0849
0849
0849
0853
0853
0857
0861
0865
0865
0869
0869
0865
0865
0861
0861
0857
0853
0849
0849
0849
0849
0849
0849
0849
0849
0849
0845
0845
0840
0836
0832
0832
0828
0828
0832
0832
0832
0832
0832
0832
0832
0832
0832
0832
0832
0836
0836
0836
0836
0840
0840
0845
0845
0845
0849
0853
0857
0861
0865
0869
0869
0873
0877
0881
0885
0889
0893
0893
0897
0897
0897
0901
0901
0901
0901
0901
0905
0910
0910
0914
0914
0914
0914
0918
0918
0914
0914
0910
0910
0910
0914
0914
0918
0922
0922
0926
0926
0930
0930
0930
0930
0934
0946
0958
0966
0970
0966
0958
0950
0946
0938
0926
0918
0918
0926
0942
0958
0966
0975
0983
0991
0999
1007
1011
1011
1007
1003
0999
0995
0991
0987
0979
0970
0962
0954
0954
0954
0962
0966
0975
0987
1007
1023
1019
1011
0999
0987
0979
0979
1003
1031
1040
1048
1056
1064
1072
1084
1092
1100
1109
1113
1117
1121
1125
1125
1121
1117
1109
1105
1096
1092
1088
1088
1084
1084
1080
1076
1072
1068
1060
1056
1048
1044
1035
1031
1031
1031
1035
1044
1052
1060
1068
1072
1080
1092
1100
1105
1105
1092
1076
1056
1040
1031
1019
1003
0991
0979
0970
0966
0966
0970
0975
0983
0999
1023
1100
1226
1425
1694
2035
2441
2880
3315
3684
3891
3960
3904
3733
3396
2994
2587
2205
1876
1612
1405
1255
1129
1044
0995
0970
0950
0938
0934
0930
0930
0926
0926
0922
0922
0922
0922
0922
0922
0922
0926
0926
0926
0930
0934
0938
0942
0946
0950
0950
0954
0954
0958
0962
0970
0975
0979
0987
0995
1003
1011
1019
1023
1031
1035
1044
1056
1068
1076
1088
1100
1109
1121
1133
1141
1149
1157
1174
1194
1210
1222
1235
1243
1255
1267
1279
1295
1316
1340
1365
1385
1405
1430
1450
1470
1486
1503
1519
1531
1547
1564
1576
1584
1580
1568
1555
1543
1531
1519
1507
1495
1482
1474
1466
1458
1450
1442
1434
1421
1405
1381
1344
1300
1230
1149
1088
1064
1052
1044
1035
1031
1023
1011
0995
0979
0962
0942
0922
0901
0881
0865
0857
0849
0840
0832
0824
0816
0808
0804
0804
0808
0816
0824
0828
0832
0836
0840
0840
0845
0845
0849
0849
0853
0853
0853
0853
0853
0853
0853
0853
0849
0849
0849
0845
0840
0840
0836
0832
0832
0832
0832
0832
0832
0832
0836
0836
0836
0836
0836
0832
0832
0828
0828
0828
0824
0828
0832
0836
0840
0845
0849
0853
0857
0865
0869
0873
0877
0877
0877
0881
0885
0889
0893
0893
0897
0897
0901
0905
0905
0910
0914
0918
0918
0922
0922
0922
0926
0926
0930
0930
0934
0934
0938
0938
0942
0942
0946
0946
0946
0946
0942
0942
0938
0938
0934
0934
0934
0934
0934
0934
0934
0934
0934
0934
0934
0930
0930
0930
0934
0934
0938
0942
0946
0950
0954
0958
0962
0966
0966
0970
0970
0975
0979
0983
0983
0987
0991
0991
0995
0995
0999
0995
0995
0995
0995
0999
0999
1003
1003
1007
1007
1011
1011
1015
1015
1015
1015
1019
1019
1019
1019
1023
1027
1027
1031
1031
1031
1035
1035
1040
1044
1044
1044
1044
1044
1044
1048
1048
1048
1052
1052
1056
1064
1072
1076
1084
1088
1096
1105
1113
1121
1133
1145
1170
1194
1194
1178
1153
1141
1133
1121
1113
1109
1100
1092
1084
1080
1076
1076
1076
1076
1076
1072
1064
1056
1060
1105
1149
1190
1202
1206
1214
1222
1222
1210
1186
1153
1113
1109
1105
1100
1096
1092
1084
1076
1064
1048
1035
1019
1003
1003
1015
1035
1092
1251
1486
1787
2140
2530
2929
3315
3635
3814
3830
3737
3445
3046
2632
2279
1998
1775
1572
1385
1222
1076
1023
1007
0999
0991
0991
0987
0987
0987
0987
0987
0987
0983
0983
0987
0987
0987
0987
0987
0987
0991
0995
0999
1007
1011
1015
1015
1019
1019
1023
1027
1031
1031
1035
1040
1048
1052
1060
1064
1064
1068
1076
1080
1084
1092
1100
1109
1117
1125
1137
1145
1157
1165
1178
1194
1214
1235
1255
1275
1295
1308
1324
1336
1348
1360
1373
1381
1393
1405
1421
1446
1470
1490
1515
1527
1543
1551
1564
1572
1576
1580
1588
1592
1596
1604
1612
1620
1625
1620
1600
1576
1551
1519
1486
1458
1425
1389
1340
1291
1247
1202
1161
1121
1080
1052
1031
1015
0991
0975
0954
0926
0885
0849
0820
0796
0780
0780
0780
0775
0775
0771
0771
0767
0767
0767
0767
0771
0771
0771
0775
0775
0780
0780
0780
0780
0780
0780
0780
0784
0784
0788
0788
0788
0792
0796
0800
0800
0804
0808
0812
0816
0820
0824
0828
0836
0840
0845
0849
0857
0865
0873
0873
0873
0873
0869
0869
0865
0857
0849
0840
0836
0840
0845
0849
0853
0861
0865
0869
0869
0865
0865
0861
0857
0853
0849
0845
0840
0840
0845
0849
0853
0857
0865
0873
0881
0889
0893
0897
0901
0905
0910
0914
0918
0922
0926
0926
0926
0926
0926
0926
0926
0922
0918
0914
0910
0910
0910
0901
0897
0910
0930
0938
0942
0946
0950
0950
0950
0954
0954
0958
0958
0958
0958
0954
0954
0954
0954
0954
0950
0950
0946
0946
0950
0954
0954
0954
0950
0950
0950
0954
0954
0958
0958
0962
0962
0966
0970
0975
0979
0979
0979
0979
0979
0975
0970
0962
0954
0946
0934
0930
0922
0910
0889
0881
0877
0885
0901
0922
0946
0983
1011
1031
1048
1060
1048
1023
1015
1003
0995
0987
0979
0975
0966
0962
0958
0958
0962
0966
0975
0987
0999
1011
1023
1031
1048
1064
1084
1100
1109
1113
1117
1117
1121
1121
1125
1129
1133
1133
1133
1129
1121
1113
1100
1080
1048
0991
0954
0934
0922
0914
0922
0938
0962
0991
1031
1072
1105
1125
1141
1149
1145
1125
1105
1084
1064
1044
1031
1019
1007
0999
0991
0983
0975
0970
0970
0970
0979
0987
1003
1019
1052
1121
1222
1373
1572
1795
2055
2348
2669
2985
3262
3404
3400
3237
2916
2539
2169
1856
1637
1511
1401
1247
1056
0881
0832
0820
0849
0958
1023
1048
1068
1076
1060
1031
0999
0966
0950
0966
0991
1011
1027
1035
1044
1044
1035
1019
0995
0946
0901
0889
0877
0930
0979
1019
1040
1052
1060
1068
1072
1076
1084
1092
1096
1109
1117
1129
1141
1149
1161
1170
1178
1190
1198
1210
1218
1230
1243
1251
1263
1271
1283
1300
1324
1352
1373
1389
1405
1413
1421
1430
1442
1454
1466
1478
1490
1503
1515
1535
1564
1584
1596
1604
1612
1620
1629
1637
1641
1641
1633
1620
1604
1584
1564
1535
1507
1470
1438
1409
1381
1356
1336
1312
1291
1267
1239
1210
1190
1161
1129
1084
1031
0991
0962
0938
0914
0885
0861
0845
0832
0824
0816
0804
0796
0792
0788
0784
0784
0784
0788
0792
0796
0804
0808
0816
0820
0824
0828
0828
0832
0836
0836
0840
0840
0836
0836
0836
0836
0836
0836
0840
0840
0840
0840
0845
0845
0845
0845
0840
0840
0840
0845
0845
0849
0857
0865
0881
0893
0885
0861
0836
0812
0796
0812
0840
0861
0881
0897
0910
0918
0914
0901
0889
0877
0861
0845
0824
0808
0804
0808
0820
0828
0836
0845
0853
0861
0869
0881
0889
0893
0897
0901
0905
0918
0926
0930
0934
0934
0930
0926
0922
0918
0914
0905
0897
0893
0893
0897
0905
0918
0926
0934
0938
0942
0946
0946
0950
0950
0950
0950
0950
0954
0954
0958
0958
0958
0958
0958
0962
0962
0962
0966
0966
0970
0975
0979
0987
0995
0999
1003
1007
1011
1015
1015
1019
1019
1019
1019
1023
1031
1031
1035
1035
1035
1035
1035
1035
1035
1035
1031
1031
1035
1035
1040
1044
1044
1048
1048
1048
1048
1048
1048
1048
1048
1048
1052
1052
1052
1052
1056
1056
1056
1056
1052
1052
1052
1052
1052
1052
1048
1048
1048
1044
1048
1048
1060
1076
1092
1100
1113
1125
1137
1149
1157
1165
1170
1174
1174
1174
1174
1165
1161
1153
1145
1137
1125
1117
1105
1088
1056
1035
1027
1023
1015
1007
0999
0995
0999
1019
1044
1072
1092
1121
1149
1170
1182
1178
1161
1145
1125
1109
1092
1076
1064
1052
1040
1031
1023
1015
1011
1003
0995
0983
0958
0962
1007
1121
1287
1519
1799
2136
2510
2900
3270
3566
3733
3745
3640
3339
2937
2526
2177
1937
1783
1645
1462
1247
1048
0954
0918
0901
0918
0946
0975
0999
1019
1019
0999
0975
0958
0942
0930
0922
0918
0918
0922
0930
0938
0946
0950
0950
0954
0958
0966
0970
0979
0987
0991
0999
1003
1011
1015
1019
1023
1027
1031
1035
1040
1048
1056
1064
1072
1080
1088
1092
1100
1109
1117
1125
1133
1137
1145
1153
1161
1174
1186
1198
1210
1235
1259
1283
1300
1316
1328
1340
1356
1373
1393
1409
1430
1450
1470
1482
1490
1503
1511
1523
1531
1539
1543
1547
1547
1547
1543
1539
1531
1523
1511
1499
1486
1470
1454
1434
1389
1340
1304
1263
1222
1186
1145
1105
1060
1031
1007
0983
0958
0938
0918
0893
0877
0865
0857
0849
0840
0836
0828
0824
0820
0816
0812
0808
0804
0804
0800
0796
0796
0800
0804
0808
0812
0816
0820
0828
0828
0832
0836
0836
0836
0836
0840
0845
0849
0853
0853
0857
0861
0865
0865
0865
0865
0865
0865
0865
0865
0865
0865
0869
0869
0873
0877
0877
0877
0877
0877
0873
0873
0869
0869
0865
0865
0869
0869
0873
0873
0873
0873
0869
0869
0865
0865
0861
0861
0861
0865
0869
0877
0881
0881
0881
0881
0881
0881
0877
0873
0869
0865
0865
0865
0865
0865
0869
0873
0877
0877
0881
0881
0885
0885
0885
0885
0885
0885
0885
0885
0889
0893
0897
0897
0901
0901
0905
0910
0918
0922
0922
0926
0934
0938
0946
0958
0966
0970
0979
0987
1003
1023
1040
1060
1076
1088
1096
1100
1105
1109
1109
1109
1109
1113
1125
1113
1052
1027
1011
0995
0979
0966
0954
0942
0930
0918
0910
0905
0901
0897
0901
0901
0910
0914
0922
0930
0938
0946
0958
0966
0979
1007
1068
1141
1324
1568
1889
2275
2697
3115
3485
3709
3786
3709
3469
3059
2632
2262
2002
1820
1718
1555
1389
1214
1019
0946
0934
0930
0926
0926
0922
0918
0918
0914
0910
0905
0901
0897
0901
0905
0910
0910
0914
0914
0914
0918
0922
0922
0926
0930
0934
0938
0938
0942
0946
0950
0954
0962
0970
0975
0983
0991
1003
1015
1023
1031
1040
1048
1056
1068
1080
1096
1105
1117
1129
1145
1165
1182
1202
1218
1239
1255
1275
1291
1312
1328
1348
1365
1389
1409
1430
1442
1454
1466
1474
1486
1507
1535
1555
1568
1576
1580
1588
1592
1600
1604
1608
1612
1612
1608
1608
1600
1592
1580
1560
1543
1507
1425
1373
1340
1300
1251
1210
1170
1137
1109
1080
1060
1040
1023
1003
0987
0962
0934
0889
0861
0849
0845
0840
0832
0828
0824
0824
0820
0820
0820
0816
0816
0816
0816
0820
0820
0820
0824
0824
0828
0828
0832
0832
0832
0832
0832
0828
0828
0828
0828
0828
0832
0832
0836
0836
0840
0840
0840
0832
0832
0836
0845
0845
0840
0840
0845
0845
0845
0849
0853
0857
0861
0857
0857
0853
0853
0849
0840
0836
0828
0824
0820
0824
0824
0824
0824
0824
0824
0828
0828
0824
0820
0816
0808
0812
0820
0832
0840
0849
0849
0853
0861
0865
0869
0873
0873
0873
0873
0873
0873
0877
0877
0877
0881
0885
0885
0889
0889
0893
0893
0897
0901
0905
0910
0910
0914
0918
0922
0926
0930
0930
0934
0934
0930
0930
0930
0926
0926
0930
0930
0934
0938
0938
0942
0942
0942
0946
0942
0942
0938
0934
0934
0930
0930
0934
0938
0942
0946
0950
0954
0958
0962
0966
0966
0966
0970
0970
0970
0970
0970
0975
0979
0979
0983
0991
0995
0999
1003
1003
1007
1007
1011
1007
1007
1007
1007
1007
1011
1011
1015
1019
1019
1023
1027
1027
1031
1031
1031
1031
1035
1035
1035
1040
1040
1044
1048
1052
1052
1056
1056
1060
1060
1064
1068
1072
1076
1080
1080
1084
1092
1096
1100
1105
1109
1113
1121
1125
1133
1141
1145
1149
1157
1161
1165
1178
1190
1198
1202
1198
1182
1161
1145
1129
1113
1100
1088
1076
1068
1060
1056
1056
1064
1072
1084
1092
1105
1117
1125
1141
1161
1174
1178
1170
1157
1141
1129
1121
1109
1096
1084
1076
1072
1068
1064
1064
1064
1068
1080
1100
1129
1157
1287
1495
1771
2108
2498
2908
3298
3619
3786
3798
3672
3335
2868
2372
1990
1746
1600
1511
1417
1328
1190
1060
1019
0995
0983
0979
0975
0970
0970
0966
0966
0966
0966
0966
0966
0970
0970
0970
0966
0970
0970
0975
0979
0983
0983
0987
0991
0995
0999
0999
1003
1007
1007
1015
1019
1023
1027
1031
1035
1044
1052
1068
1080
1088
1100
1109
1117
1125
1133
1141
1145
1153
1157
1165
1178
1186
1198
1206
1218
1230
1247
1271
1300
1328
1352
1373
1389
1405
1417
1430
1442
1450
1458
1466
1474
1478
1486
1495
1503
1507
1515
1523
1531
1535
1539
1539
1535
1531
1527
1523
1515
1503
1490
1478
1450
1421
1397
1365
1328
1291
1255
1218
1178
1141
1113
1088
1068
1044
1031
1011
0991
0966
0946
0926
0910
0893
0881
0877
0873
0869
0865
0857
0853
0849
0845
0840
0840
0836
0836
0840
0840
0845
0845
0845
0836
0832
0828
0832
0836
0845
0849
0849
0853
0857
0861
0865
0869
0869
0873
0873
0869
0869
0865
0865
0861
0861
0861
0857
0857
0857
0861
0861
0861
0861
0861
0857
0857
0853
0853
0849
0849
0845
0840
0840
0845
0845
0845
0845
0845
0845
0840
0840
0836
0836
0832
0828
0824
0824
0824
0828
0828
0832
0836
0840
0845
0849
0853
0853
0853
0853
0857
0857
0857
0857
0861
0865
0869
0873
0881
0885
0889
0893
0901
0905
0910
0914
0918
0922
0930
0934
0938
0942
0946
0950
0950
0954
0954
0958
0958
0954
0954
0954
0950
0950
0950
0950
0950
0950
0950
0954
0954
0958
0962
0962
0966
0966
0970
0970
0975
0975
0975
0975
0975
0979
0979
0979
0979
0979
0979
0983
0983
0979
0979
0975
0970
0970
0966
0962
0958
0958
0958
0958
0962
0966
0970
0979
0979
0983
0987
0987
0991
0995
0995
0999
1003
1011
1027
1035
1035
1031
1023
1011
1003
0987
0975
0966
0970
0987
1003
1015
1023
1031
1035
1040
1048
1056
1064
1072
1080
1084
1088
1092
1096
1100
1105
1113
1117
1121
1129
1137
1145
1145
1141
1133
1121
1109
1096
1084
1072
1056
1044
1035
1031
1035
1040
1052
1060
1072
1092
1129
1161
1178
1194
1210
1214
1210
1194
1174
1149
1117
1096
1084
1072
1056
1052
1064
1076
1088
1092
1088
1076
1064
1052
1088
1178
1332
1560
1864
2230
2620
3006
3351
3562
3635
3558
3327
2888
2400
1986
1730
1616
1564
1490
1348
1186
1133
1109
1117
1157
1178
1137
1072
1015
0995
0983
0975
0966
0966
0962
0962
0966
0975
0987
0995
1007
1019
1035
1056
1068
1080
1088
1096
1109
1117
1109
1092
1084
1072
1060
1056
1060
1076
1092
1117
1153
1170
1182
1194
1202
1186
1161
1141
1121
1105
1096
1105
1125
1149
1186
1235
1271
1295
1312
1324
1332
1348
1360
1377
1393
1405
1417
1434
1454
1466
1474
1478
1482
1486
1490
1499
1507
1519
1531
1543
1555
1568
1584
1596
1608
1612
1604
1592
1580
1560
1539
1507
1482
1458
1434
1405
1360
1324
1291
1263
1230
1182
1121
1068
1031
0991
0962
0946
0930
0918
0901
0889
0877
0869
0853
0832
0804
0788
0780
0775
0771
0767
0763
0759
0759
0767
0771
0784
0788
0796
0800
0804
0812
0816
0820
0824
0824
0828
0828
0828
0832
0832
0836
0836
0840
0840
0840
0840
0840
0840
0840
0840
0845
0845
0853
0861
0861
0857
0849
0840
0836
0828
0828
0840
0849
0853
0853
0857
0857
0861
0865
0865
0869
0869
0873
0873
0873
0877
0877
0877
0877
0877
0877
0877
0877
0877
0881
0881
0885
0885
0885
0889
0889
0893
0897
0905
0910
0914
0918
0922
0926
0934
0938
0942
0946
0954
0966
0979
0987
0987
0979
0966
0954
0942
0926
0910
0897
0897
0901
0910
0922
0930
0938
0946
0958
0966
0975
0983
0987
0991
0995
0995
0999
0999
1003
1003
1007
1007
1011
1015
1015
1015
1015
1015
1015
1015
1015
1011
1011
1011
1011
1011
1011
1011
1011
1011
1011
1011
1007
1007
1007
1007
1011
1011
1011
1011
1007
1007
1007
1003
0995
0991
0987
0987
0999
1011
1031
1068
1092
1109
1105
1068
1052
1044
1035
1031
1023
1019
1015
1011
1007
1003
1003
0999
1003
1003
1007
1011
1015
1023
1027
1031
1035
1044
1052
1056
1060
1068
1072
1076
1084
1092
1100
1105
1109
1109
1109
1109
1105
1105
1100
1092
1088
1080
1076
1072
1068
1064
1056
1052
1048
1048
1044
1040
1040
1044
1048
1052
1060
1068
1076
1084
1096
1121
1141
1141
1121
1092
1080
1064
1052
1040
1031
1023
1015
1011
1007
1003
1003
1003
0999
0999
0999
0995
1040
1170
1373
1641
1986
2388
2815
3221
3570
3757
3818
3749
3534
3197
2823
2474
2197
1982
1820
1690
1535
1340
1149
0999
0942
0918
0901
0893
0901
0914
0922
0926
0930
0934
0934
0938
0938
0942
0946
0946
0942
0938
0938
0934
0934
0938
0938
0942
0946
0954
0958
0970
0979
0983
0991
0999
1007
1027
1044
1060
1068
1076
1084
1096
1105
1113
1121
1125
1129
1133
1133
1133
1133
1133
1133
1137
1137
1141
1149
1157
1165
1178
1190
1206
1226
1267
1308
1344
1373
1397
1413
1421
1434
1442
1450
1458
1462
1470
1478
1482
1486
1495
1499
1503
1511
1515
1519
1523
1523
1523
1519
1511
1499
1482
1466
1446
1425
1381
1348
1316
1287
1255
1218
1174
1133
1105
1076
1044
1019
0995
0979
0966
0954
0946
0938
0934
0926
0922
0914
0905
0893
0885
0877
0869
0865
0857
0853
0853
0853
0849
0849
0845
0840
0836
0828
0824
0820
0816
0816
0816
0820
0828
0832
0840
0849
0857
0861
0865
0869
0873
0873
0881
0889
0897
0893
0889
0877
0869
0869
0865
0861
0857
0857
0853
0849
0845
0845
0840
0840
0840
0840
0840
0840
0840
0840
0845
0849
0853
0853
0853
0853
0853
0853
0853
0853
0849
0849
0845
0845
0849
0853
0857
0861
0865
0873
0877
0881
0881
0881
0881
0881
0877
0877
0877
0881
0885
0889
0893
0897
0905
0914
0918
0918
0922
0922
0922
0922
0918
0918
0918
0918
0918
0922
0926
0926
0930
0934
0934
0934
0934
0934
0934
0938
0938
0938
0938
0942
0946
0954
0958
0962
0966
0970
0970
0975
0975
0975
0975
0970
0970
0970
0970
0970
0966
0962
0958
0950
0942
0938
0950
0970
0987
1007
1023
1031
1031
1015
0999
0987
0975
0958
0946
0942
0950
0962
0979
0995
1015
1031
1044
1044
1044
1040
1040
1035
1031
1031
1023
1019
1015
1011
1007
1007
1007
1015
1023
1031
1040
1044
1052
1056
1060
1064
1064
1068
1072
1076
1084
1092
1105
1113
1121
1129
1133
1137
1137
1133
1129
1125
1117
1113
1109
1105
1100
1096
1092
1084
1080
1072
1064
1056
1044
1031
1023
1015
1011
1019
1031
1048
1064
1084
1096
1117
1141
1157
1165
1161
1145
1125
1105
1092
1076
1060
1044
1031
1023
1015
1015
1015
1019
1023
1031
1048
1072
1113
1210
1409
1690
2059
2498
2961
3412
3782
3989
4009
3887
3566
3148
2730
2380
2136
1978
1807
1584
1344
1117
1019
0999
0979
0966
0954
0946
0942
0942
0942
0942
0946
0950
0954
0962
0970
0975
0979
0979
0983
0987
0995
1007
1015
1015
1011
1003
0995
0987
0979
0962
0954
0950
0962
0983
1003
1015
1023
1031
1040
1048
1060
1072
1084
1092
1105
1113
1125
1133
1141
1149
1161
1170
1182
1198
1214
1230
1247
1259
1271
1279
1291
1300
1312
1320
1328
1344
1360
1381
1401
1421
1434
1454
1474
1499
1523
1535
1539
1543
1547
1551
1564
1568
1560
1535
1507
1486
1474
1458
1446
1434
1417
1401
1389
1381
1373
1360
1340
1316
1291
1263
1239
1214
1186
1153
1125
1096
1060
1015
0958
0926
0910
0893
0877
0869
0861
0849
0840
0836
0832
0828
0824
0820
0820
0816
0808
0804
0800
0796
0796
0796
0800
0804
0808
0816
0828
0840
0849
0849
0849
0845
0845
0845
0840
0832
0828
0820
0816
0812
0816
0816
0820
0824
0828
0828
0832
0836
0836
0836
0836
0840
0840
0845
0849
0849
0853
0857
0861
0865
0869
0873
0877
0885
0901
0918
0918
0901
0881
0865
0845
0828
0816
0816
0820
0828
0832
0836
0840
0840
0845
0853
0857
0861
0865
0869
0873
0877
0881
0885
0889
0893
0897
0901
0905
0910
0914
0918
0922
0922
0926
0926
0930
0930
0934
0938
0938
0942
0942
0946
0946
0946
0946
0946
0950
0950
0954
0954
0958
0962
0962
0962
0966
0970
0970
0975
0975
0979
0979
0983
0983
0983
0983
0983
0983
0983
0983
0983
0983
0987
0987
0987
0987
0987
0991
0991
0987
0987
0983
0983
0983
0979
0979
0979
0979
0979
0983
0987
0987
0987
0987
0987
0987
0987
0991
0991
0995
0999
1003
1007
1011
1015
1015
1019
1023
1023
1023
1023
1027
1027
1031
1031
1031
1035
1035
1035
1040
1035
1035
1035
1035
1040
1040
1044
1048
1052
1056
1064
1068
1072
1076
1076
1080
1080
1080
1080
1080
1084
1088
1096
1105
1109
1113
1117
1113
1113
1109
1100
1092
1084
1072
1064
1056
1048
1035
1027
1015
1011
1015
1031
1048
1068
1084
1113
1137
1149
1137
1113
1080
1060
1044
1031
1015
1003
0995
0987
0987
0983
0987
0995
1007
1027
1048
1145
1308
1539
1832
2173
2543
2908
3258
3550
3700
3696
3534
3152
2673
2246
1954
1775
1681
1543
1377
1186
1068
1035
1019
1003
0991
0987
0979
0975
0970
0966
0962
0962
0958
0958
0958
0958
0954
0950
0946
0942
0942
0942
0946
0954
0966
0979
0995
1007
1015
1023
1031
1035
1044
1048
1056
1060
1068
1076
1080
1088
1092
1100
1105
1113
1117
1125
1133
1141
1149
1157
1170
1178
1186
1198
1210
1226
1243
1255
1271
1279
1291
1300
1308
1320
1332
1348
1369
1393
1413
1438
1458
1478
1499
1515
1527
1543
1551
1560
1564
1572
1576
1584
1588
1592
1596
1596
1592
1584
1572
1560
1539
1519
1499
1458
1421
1401
1381
1352
1316
1271
1235
1202
1165
1121
1088
1060
1035
1019
1003
0987
0970
0958
0946
0934
0918
0897
0881
0865
0857
0849
0836
0828
0820
0812
0808
0800
0796
0792
0792
0792
0796
0800
0804
0808
0816
0820
0828
0832
0840
0845
0849
0849
0853
0857
0861
0865
0869
0873
0873
0877
0877
0881
0881
0881
0881
0885
0885
0881
0881
0877
0877
0877
0873
0873
0873
0873
0873
0873
0873
0873
0873
0869
0869
0865
0865
0861
0861
0857
0853
0853
0849
0849
0853
0853
0857
0857
0861
0861
0865
0869
0869
0865
0865
0865
0865
0869
0873
0873
0877
0881
0889
0893
0901
0901
0905
0905
0905
0905
0905
0905
0910
0910
0910
0914
0918
0922
0926
0926
0926
0922
0922
0922
0922
0922
0926
0930
0934
0938
0946
0950
0954
0954
0954
0954
0954
0950
0950
0950
0946
0946
0946
0946
0950
0950
0950
0946
0946
0946
0946
0946
0950
0950
0950
0950
0954
0958
0962
0962
0966
0970
0979
0987
0999
0999
0991
0975
0962
0954
0946
0934
0926
0918
0910
0905
0905
0914
0922
0934
0942
0954
0966
0979
0991
1007
1019
1027
1023
1023
1019
1015
1015
1015
1011
1007
1003
1003
0999
0999
0995
0995
0995
0991
0995
0999
1003
1007
1015
1023
1027
1031
1035
1044
1052
1060
1072
1088
1109
1133
1170
1190
1202
1214
1230
1226
1178
1121
1064
1031
1015
0999
0987
0979
0979
0987