1585
1226
0849
0475
0161
0005
0000
0063
0103
0148
0180
0204
0228
0254
0286
0329
0385
0424
0472
0547
0608
0642
0679
0719
0754
0780
0802
0820
0839
0857
0879
0900
0921
0948
0971
0993
1011
1030
1051
1072
1094
1120
1152
1184
1218
1250
1277
1301
1322
1341
1354
1365
1372
1380
1388
1396
1404
1415
1428
1439
1452
1465
1484
1503
1521
1540
1558
1574
1585
1596
1606
1614
1622
1630
1635
1643
1651
1659
1667
1673
1675
1681
1683
1688
1691
1696
1699
1699
1702
1704
1707
1712
1715
1718
1723
1726
1731
1734
1736
1739
1742
1747
1755
1763
1771
1781
1792
1813
1864
1922
1954
1970
1983
1994
2002
2010
2020
2028
2034
2042
2050
2063
2084
2127
2167
2198
2217
2236
2257
2278
2299
2323
2344
2363
2384
2403
2421
2435
2445
2456
2464
2472
2480
2490
2501
2509
2517
2528
2544
2565
2613
2668
2719
2764
2769
2748
2690
2538
2339
2100
1837
1580
1372
1287
1258
1298
1426
1619
1858
2113
2368
2605
2788
2907
2958
3008
3046
3072
3091
3109
3123
3138
3157
3178
3208
3242
3263
3279
3295
3306
3316
3324
3327
3332
3338
3340
3346
3348
3351
3354
3359
3362
3364
3367
3367
3367
3367
3364
3356
3346
3332
3319
3306
3295
3285
3271
3258
3245
3229
3215
3205
3194
3184
3176
3168
3160
3152
3141
3125
3109
3088
3067
3043
3019
2998
2974
2955
2937
2921
2902
2878
2844
2814
2788
2767
2751
2737
2730
2724
2730
2740
2756
2777
2807
2854
2897
2950
3016
3080
3149
3210
3255
3306
3356
3407
3452
3484
3505
3526
3550
3574
3603
3630
3659
3686
3701
3715
3723
3728
3731
3736
3739
3744
3747
3749
3752
3755
3757
3760
3763
3763
3763
3760
3757
3755
3752
3752
3749
3747
3744
3741
3739
3736
3733
3731
3728
3725
3723
3720
3717
3715
3715
3715
3715
3715
3715
3715
3715
3715
3715
3712
3712
3712
3712
3712
3712
3712
3709
3709
3707
3707
3704
3704
3701
3699
3696
3691
3688
3686
3680
3678
3675
3670
3667
3664
3662
3656
3646
3638
3627
3622
3622
3622
3624
3627
3630
3635
3640
3646
3651
3654
3656
3659
3662
3662
3664
3664
3664
3664
3662
3662
3662
3659
3656
3654
3648
3643
3638
3632
3627
3622
3619
3614
3611
3609
3606
3601
3595
3593
3590
3590
3590
3593
3598
3606
3616
3627
3640
3656
3680
3731
3781
3826
3863
3901
3938
3967
3994
4015
4031
4044
4055
4068
4087
4095
4076
4028
3893
3688
3433
3149
2860
2607
2440
2384
2411
2488
2668
2889
3131
3377
3598
3776
3834
3842
3848
3850
3853
3853
3855
3855
3855
3855
3858
3858
3855
3855
3855
3855
3855
3855
3855
3855
3855
3855
3855
3855
3855
3855
3855
3855
3855
3855
3855
3855
3855
3853
3850
3848
3842
3840
3834
3829
3824
3818
3813
3808
3805
3800
3794
3786
3771
3749
3728
3707
3688
3670
3654
3640
3627
3616
3606
3595
3585
3571
3561
3550
3537
3521
3505
3492
3484
3476
3470
3465
3460
3452
3447
3441
3439
3439
3444
3457
3478
3508
3545
3609
3656
3701
3749
3802
3842
3871
3893
3906
3914
3922
3925
3930
3933
3938
3940
3943
3946
3946
3946
3946
3946
3943
3938
3933
3925
3914
3906
3895
3885
3874
3863
3853
3842
3829
3816
3802
3789
3778
3773
3765
3760
3755
3752
3747
3744
3741
3739
3736
3733
3728
3723
3717
3712
3707
3699
3691
3683
3672
3664
3654
3643
3632
3619
3606
3590
3574
3558
3542
3532
3521
3513
3508
3500
3494
3492
3486
3484
3481
3478
3476
3473
3468
3462
3457
3452
3449
3447
3441
3436
3428
3415
3401
3367
3277
3104
2854
2525
2145
1766
1465
1396
1436
1726
2159
2629
3030
3295
3375
3396
3409
3420
3441
3460
3481
3502
3518
3537
3553
3563
3571
3579
3585
3585
3582
3571
3561
3545
3526
3505
3478
3436
3404
3391
3383
3377
3370
3364
3359
3354
3351
3346
3343
3338
3332
3327
3324
3319
3311
3306
3298
3290
3279
3266
3258
3250
3247
3253
3266
3285
3306
3332
3370
3436
3470
3494
3516
3532
3537
3529
3505
3473
3433
3372
3332
3298
3269
3234
3200
3176
3154
3136
3123
3120
3123
3131
3146
3168
3208
3274
3340
3412
3462
3497
3537
3587
3627
3659
3686
3696
3699
3701
3704
3704
3704
3704
3704
3704
3707
3707
3707
3704
3704
3704
3704
3704
3701
3699
3696
3691
3686
3678
3670
3662
3654
3646
3638
3632
3627
3622
3619
3616
3614
3609
3603
3601
3595
3590
3587
3582
3579
3574
3571
3569
3563
3561
3555
3550
3545
3542
3537
3532
3526
3521
3513
3508
3500
3494
3484
3473
3462
3452
3447
3441
3436
3431
3428
3425
3423
3423
3420
3420
3420
3417
3417
3415
3412
3409
3409
3409
3409
3409
3412
3412
3415
3415
3417
3417
3420
3420
3420
3420
3423
3423
3425
3425
3428
3428
3431
3431
3431
3431
3428
3428
3425
3423
3420
3420
3417
3417
3417
3417
3417
3417
3417
3417
3417
3417
3417
3417
3417
3417
3420
3423
3423
3425
3428
3433
3436
3439
3444
3444
3447
3447
3449
3452
3457
3462
3468
3473
3481
3486
3489
3492
3492
3489
3486
3481
3476
3470
3462
3454
3449
3444
3436
3425
3415
3404
3393
3383
3375
3370
3367
3364
3359
3356
3354
3354
3354
3356
3356
3356
3356
3356
3359
3362
3362
3364
3364
3367
3367
3370
3372
3372
3370
3370
3367
3364
3362
3359
3356
3354
3354
3354
3354
3354
3354
3354
3351
3351
3351
3351
3351
3348
3346
3346
3343
3340
3338
3338
3338
3335
3338
3335
3335
3335
3332
3332
3330
3327
3319
3311
3306
3303
3306
3311
3316
3319
3324
3327
3335
3340
3348
3351
3354
3351
3348
3343
3338
3330
3319
3308
3306
3314
3327
3338
3356
3354
3300
3154
2931
2626
2262
1877
1529
1319
1303
1436
1787
2222
2652
2995
3200
3287
3319
3338
3351
3362
3375
3380
3388
3393
3399
3401
3404
3407
3409
3415
3417
3420
3420
3423
3423
3423
3423
3423
3423
3420
3417
3415
3415
3412
3409
3407
3404
3401
3399
3396
3393
3388
3385
3380
3377
3372
3370
3367
3367
3364
3362
3359
3359
3356
3354
3348
3343
3335
3330
3324
3319
3314
3306
3298
3290
3279
3269
3255
3237
3205
3173
3138
3109
3091
3077
3064
3053
3043
3035
3030
3030
3030
3030
3032
3035
3043
3051
3061
3075
3104
3165
3229
3292
3359
3425
3478
3521
3574
3616
3648
3672
3686
3696
3701
3704
3707
3709
3715
3715
3717
3720
3720
3723
3723
3723
3723
3723
3720
3717
3715
3712
3707
3701
3696
3691
3688
3683
3680
3678
3675
3675
3675
3675
3675
3675
3672
3670
3667
3662
3659
3651
3646
3638
3632
3624
3616
3606
3595
3577
3532
3486
3465
3452
3441
3428
3417
3409
3404
3399
3399
3401
3404
3409
3417
3428
3439
3447
3457
3462
3470
3476
3481
3484
3489
3492
3494
3494
3497
3500
3500
3497
3494
3492
3486
3481
3473
3468
3462
3454
3449
3447
3447
3447
3447
3444
3444
3444
3441
3441
3439
3436
3436
3436
3436
3436
3441
3444
3447
3454
3460
3465
3468
3470
3473
3476
3476
3476
3473
3473
3470
3470
3473
3473
3476
3476
3478
3481
3484
3484
3484
3484
3484
3484
3486
3489
3492
3492
3494
3497
3500
3502
3508
3513
3516
3524
3542
3542
3497
3380
3170
2865
2488
2082
1715
1511
1500
1643
1986
2406
2817
3141
3348
3417
3441
3449
3465
3494
3534
3561
3585
3603
3622
3635
3643
3651
3656
3662
3667
3675
3680
3686
3688
3688
3688
3680
3672
3659
3648
3638
3630
3619
3611
3603
3593
3585
3577
3566
3558
3550
3545
3537
3532
3524
3513
3505
3492
3476
3460
3447
3436
3423
3409
3393
3375
3354
3330
3306
3282
3263
3242
3223
3208
3189
3168
3138
3107
3072
3040
3014
2987
2963
2942
2921
2894
2876
2868
2862
2854
2846
2841
2841
2857
2884
2926
2992
3056
3117
3173
3223
3271
3319
3362
3409
3457
3505
3542
3563
3587
3614
3622
3627
3630
3635
3638
3643
3648
3654
3656
3659
3664
3667
3670
3670
3670
3670
3670
3672
3672
3672
3672
3670
3670
3670
3670
3667
3664
3662
3656
3654
3651
3646
3643
3638
3635
3630
3627
3624
3622
3619
3616
3611
3609
3603
3601
3595
3590
3585
3582
3577
3571
3569
3563
3558
3555
3550
3547
3542
3537
3534
3529
3524
3518
3513
3510
3508
3505
3502
3500
3500
3497
3494
3494
3494
3492
3489
3486
3484
3481
3481
3481
3481
3481
3481
3481
3481
3481
3478
3476
3473
3468
3462
3457
3452
3449
3447
3444
3441
3439
3436
3433
3431
3428
3425
3423
3417
3415
3412
3409
3409
3407
3407
3404
3404
3404
3407
3407
3407
3404
3404
3404
3404
3404
3407
3409
3409
3412
3415
3420
3423
3428
3433
3439
3441
3447
3449
3452
3457
3462
3465
3468
3470
3476
3478
3484
3486
3492
3494
3497
3500
3502
3505
3508
3508
3508
3508
3510
3510
3510
3510
3510
3510
3510
3513
3513
3513
3513
3513
3513
3513
3518
3521
3524
3524
3526
3529
3532
3534
3537
3542
3547
3555
3569
3563
3510
3367
3099
2740
2326
1917
1593
1492
1521
1773
2161
2591
2961
3200
3319
3362
3385
3415
3465
3500
3513
3524
3534
3542
3547
3553
3555
3555
3555
3555
3553
3550
3545
3537
3529
3521
3516
3510
3505
3497
3486
3478
3470
3462
3457
3454
3452
3452
3454
3457
3462
3470
3478
3486
3505
3558
3624
3680
3733
3784
3818
3840
3853
3853
3842
3821
3800
3773
3749
3731
3712
3693
3672
3651
3622
3593
3563
3532
3502
3473
3439
3391
3348
3300
3253
3208
3173
3149
3136
3125
3117
3109
3104
3104
3115
3133
3162
3205
3250
3300
3359
3417
3476
3532
3577
3609
3640
3667
3691
3712
3731
3741
3747
3749
3755
3760
3765
3768
3771
3773
3776
3778
3778
3778
3778
3776
3771
3765
3760
3755
3747
3741
3736
3731
3725
3723
3720
3717
3715
3715
3712
3709
3707
3704
3699
3696
3693
3691
3688
3686
3683
3680
3680
3680
3680
3683
3683
3683
3683
3683
3683
3680
3680
3680
3678
3675
3675
3675
3675
3675
3678
3678
3678
3678
3678
3678
3678
3675
3672
3670
3664
3662
3656
3654
3651
3648
3648
3646
3643
3640
3638
3635
3630
3627
3622
3619
3616
3616
3614
3614
3614
3616
3619
3622
3624
3627
3627
3627
3630
3630
3632
3635
3635
3638
3646
3648
3638
3616
3598
3577
3563
3553
3545
3542
3539
3537
3534
3534
3532
3532
3532
3532
3532
3532
3532
3532
3532
3532
3532
3529
3526
3524
3521
3518
3513
3510
3505
3500
3492
3486
3481
3470
3452
3436
3425
3417
3415
3409
3404
3401
3399
3399
3399
3399
3399
3404
3412
3420
3433
3447
3462
3494
3500
3484
3444
3303
3088
2799
2453
2092
1781
1627
1630
1787
2127
2528
2897
3170
3316
3370
3393
3412
3433
3462
3494
3518
3537
3553
3563
3569
3574
3579
3579
3582
3582
3579
3574
3569
3561
3553
3547
3545
3539
3537
3532
3529
3524
3521
3518
3516
3510
3508
3502
3500
3497
3497
3494
3492
3489
3484
3481
3473
3465
3452
3444
3433
3425
3417
3409
3399
3383
3364
3346
3330
3314
3300
3287
3271
3242
3197
3165
3144
3128
3112
3088
3048
2998
2953
2915
2886
2857
2836
2820
2807
2801
2807
2817
2833
2860
2902
2945
2990
3040
3091
3144
3197
3253
3303
3351
3401
3439
3454
3473
3492
3508
3524
3537
3550
3566
3582
3595
3601
3606
3609
3614
3616
3622
3624
3627
3627
3630
3630
3630
3632
3632
3632
3632
3632
3632
3635
3635
3635
3635
3635
3638
3638
3638
3638
3638
3638
3635
3638
3648
3616
3577
3539
3500
3484
3478
3473
3470
3465
3460
3457
3454
3452
3449
3447
3447
3444
3447
3447
3447
3449
3452
3452
3452
3454
3454
3454
3454
3454
3452
3454
3454
3454
3454
3452
3452
3449
3449
3449
3449
3447
3444
3441
3436
3433
3428
3420
3407
3393
3380
3367
3356
3348
3338
3330
3322
3316
3316
3322
3324
3330
3335
3338
3340
3343
3343
3346
3348
3348
3351
3356
3359
3362
3364
3364
3364
3362
3359
3356
3351
3348
3343
3338
3335
3332
3327
3324
3319
3316
3308
3300
3292
3285
3279
3277
3274
3274
3277
3279
3282
3290
3298
3306
3316
3330
3359
3362
3338
3279
3128
2902
2607
2257
1885
1556
1380
1375
1529
1882
2321
2740
3056
3189
3229
3250
3269
3287
3306
3322
3332
3346
3356
3367
3372
3375
3372
3367
3362
3354
3346
3338
3332
3324
3319
3311
3306
3298
3292
3287
3282
3279
3277
3271
3271
3269
3266
3263
3263
3258
3255
3253
3250
3247
3242
3239
3234
3231
3226
3223
3218
3213
3208
3200
3192
3184
3168
3149
3133
3120
3107
3091
3069
3051
3030
3006
2984
2961
2934
2905
2870
2836
2809
2785
2767
2751
2737
2727
2719
2714
2714
2719
2730
2748
2777
2833
2894
2953
3014
3067
3109
3157
3210
3269
3311
3330
3346
3364
3383
3396
3401
3407
3409
3415
3417
3420
3423
3425
3428
3431
3436
3439
3441
3444
3444
3447
3447
3447
3447
3447
3447
3449
3452
3454
3457
3460
3460
3460
3460
3460
3460
3457
3454
3452
3452
3452
3452
3449
3447
3441
3436
3431
3425
3423
3417
3415
3412
3412
3412
3415
3420
3423
3428
3431
3436
3439
3441
3444
3444
3447
3447
3447
3447
3447
3449
3449
3449
3447
3447
3447
3447
3444
3444
3444
3444
3447
3447
3449
3452
3457
3460
3462
3462
3462
3462
3462
3462
3462
3468
3473
3478
3484
3484
3484
3481
3481
3478
3476
3473
3468
3465
3460
3457
3454
3454
3457
3460
3462
3470
3478
3486
3494
3505
3516
3539
3558
3571
3590
3609
3587
3526
3401
3202
2926
2581
2204
1866
1678
1673
1837
2214
2671
3093
3396
3497
3532
3553
3569
3582
3635
3731
3771
3781
3786
3789
3794
3794
3794
3797
3800
3800
3800
3800
3797
3794
3792
3789
3786
3784
3781
3781
3778
3778
3781
3781
3778
3778
3778
3776
3773
3771
3768
3763
3760
3757
3757
3755
3752
3749
3747
3744
3739
3733
3728
3723
3717
3712
3707
3704
3701
3696
3691
3686
3667
3616
3577
3550
3526
3505
3478
3447
3415
3377
3343
3311
3277
3245
3215
3197
3181
3170
3165
3170
3186
3208
3247
3300
3343
3385
3447
3518
3569
3627
3683
3728
3760
3792
3813
3832
3842
3848
3850
3853
3853
3853
3855
3855
3855
3855
3858
3861
3861
3861
3863
3863
3863
3863
3863
3863
3861
3858
3855
3853
3850
3850
3848
3845
3842
3840
3840
3837
3834
3832
3824
3818
3810
3805
3797
3792
3784
3773
3765
3757
3752
3747
3741
3739
3733
3728
3725
3723
3720
3717
3715
3709
3707
3704
3704
3701
3699
3699
3696
3693
3691
3691
3691
3688
3686
3683
3683
3680
3675
3672
3667
3662
3659
3654
3651
3648
3646
3640
3638
3635
3632
3630
3624
3619
3614
3606
3601
3595
3590
3585
3577
3571
3566
3563
3561
3558
3553
3547
3542
3537
3534
3529
3526
3526
3524
3524
3521
3521
3518
3516
3508
3502
3502
3513
3532
3558
3598
3635
3670
3686
3693
3701
3707
3709
3709
3707
3696
3686
3675
3664
3651
3635
3624
3614
3603
3587
3566
3545
3532
3524
3518
3513
3510
3508
3510
3510
3513
3518
3521
3524
3529
3532
3537
3539
3542
3539
3534
3524
3513
3486
3444
3423
3412
3404
3399
3396
3391
3383
3377
3372
3367
3362
3351
3332
3282
3239
3210
3200
3197
3194
3194
3197
3197
3197
3200
3200
3200
3200
3197
3197
3194
3192
3189
3186
3184
3178
3173
3168
3162
3149
3136
3123
3115
3104
3096
3088
3083
3077
3072
3067
3067
3069
3072
3080
3088
3099
3107
3115
3123
3131
3136
3141
3144
3144
3146
3149
3152
3157
3160
3123
3008
2801
2501
2124
1707
1322
1059
0990
1128
1434
1856
2305
2668
2907
2979
3000
3016
3032
3048
3077
3117
3138
3146
3154
3160
3162
3162
3160
3160
3157
3154
3149
3146
3138
3133
3128
3128
3131
3136
3141
3141
3144
3146
3149
3154
3157
3160
3160
3160
3157
3152
3146
3138
3131
3123
3115
3107
3096
3085
3075
3067
3059
3053
3046
3038
3030
3016
3003
2995
2984
2963
2934
2899
2865
2836
2814
2791
2756
2716
2682
2658
2629
2602
2575
2565
2554
2560
2613
2368
2273
2074
1840
1641
1558
1657
1917
2251
2583
2830
2817
2496
2950
2838
2846
2998
3067
3091
3115
3136
3157
3176
3186
3202
3218
3226
3231
3239
3242
3245
3250
3255
3261
3263
3263
3266
3269
3269
3271
3271
3271
3271
3271
3274
3277
3282
3285
3290
3292
3292
3292
3292
3290
3285
3279
3274
3266
3261
3255
3253
3247
3237
3229
3221
3218
3223
3234
3247
3258
3261
3266
3271
3277
3282
3287
3292
3295
3300
3303
3308
3308
3308
3308
3308
3306
3303
3298
3295
3290
3287
3285
3282
3279
3279
3274
3269
3266
3263
3263
3263
3263
3261
3258
3261
3266
3269
3274
3277
3277
3271
3261
3247
3239
3231
3221
3210
3205
3200
3194
3192
3186
3181
3176
3170
3173
3181
3194
3205
3213
3221
3229
3237
3242
3247
3253
3255
3258
3263
3266
3269
3269
3271
3271
3274
3277
3277
3277
3277
3274
3274
3274
3271
3271
3271
3269
3269
3269
3271
3271
3271
3271
3271
3271
3274
3274
3274
3274
3274
3277
3277
3279
3282
3285
3290
3292
3298
3306
3311
3319
3327
3332
3340
3348
3362
3377
3388
3375
3346
3258
3075
2812
2475
2095
1718
1420
1287
1365
1649
2068
2522
2926
3200
3311
3348
3367
3377
3396
3431
3452
3465
3478
3497
3516
3529
3542
3555
3566
3571
3574
3579
3585
3590
3595
3606
3616
3632
3651
3678
3699
3720
3736
3744
3749
3755
3763
3760
3733
3720
3712
3704
3699
3693
3688
3686
3680
3675
3670
3667
3664
3659
3656
3648
3635
3619
3601
3579
3555
3526
3502
3486
3470
3454
3441
3415
3377
3351
3330
3308
3282
3245
3197
3154
3115
3077
3048
3011
2982
2961
2953
2961
2974
2992
3024
3051
3088
3131
3173
3237
3303
3346
3391
3436
3478
3524
3569
3616
3648
3670
3678
3680
3683
3686
3686
3688
3688
3691
3691
3691
3688
3688
3686
3683
3678
3675
3670
3664
3662
3659
3656
3654
3651
3648
3646
3643
3640
3638
3635
3632
3630
3627
3627
3624
3624
3624
3622
3622
3619
3616
3614
3609
3603
3595
3577
3561
3547
3539
3532
3524
3521
3516
3513
3510
3505
3505
3502
3502
3500
3497
3497
3494
3492
3489
3489
3489
3489
3489
3492
3494
3500
3502
3505
3508
3510
3513
3516
3518
3521
3524
3524
3526
3529
3532
3537
3539
3542
3545
3547
3550
3553
3553
3553
3553
3553
3553
3553
3553
3553
3553
3550
3550
3550
3550
3550
3550
3547
3545
3545
3542
3542
3542
3542
3542
3542
3542
3545
3545
3547
3547
3547
3547
3547
3547
3550
3550
3550
3550
3553
3555
3558
3561
3566
3569
3571
3577
3579
3585
3590
3609
3616
3619
3619
3622
3627
3630
3630
3632
3630
3630
3624
3622
3622
3619
3616
3614
3611
3609
3609
3606
3603
3601
3595
3590
3609
3643
3680
3715
3736
3715
3656
3494
3237
2891
2485
2071
1734
1601
1617
1835
2230
2687
3109
3407
3508
3539
3561
3577
3590
3619
3659
3672
3675
3680
3686
3688
3691
3691
3693
3696
3699
3699
3699
3696
3693
3688
3686
3683
3680
3675
3672
3670
3667
3664
3664
3659
3656
3651
3646
3643
3638
3632
3627
3619
3614
3609
3603
3598
3590
3582
3577
3571
3566
3563
3561
3555
3547
3537
3526
3510
3492
3470
3449
3420
3383
3343
3308
3277
3245
3215
3194
3173
3144
3107
3072
3038
3011
2992
2971
2953
2939
2929
2931
2945
2963
2987
3022
3053
3096
3154
3215
3274
3327
3380
3431
3478
3521
3553
3585
3603
3616
3627
3635
3640
3643
3646
3648
3648
3648
3648
3651
3651
3651
3651
3651
3648
3648
3648
3648
3648
3646
3646
3643
3640
3640
3638
3635
3632
3627
3624
3619
3614
3611
3606
3601
3593
3582
3574
3571
3569
3566
3563
3561
3558
3555
3555
3553
3550
3545
3542
3537
3532
3526
3524
3521
3518
3516
3513
3510
3508
3505
3500
3497
3492
3489
3486
3484
3481
3481
3478
3478
3476
3473
3470
3470
3468
3465
3462
3462
3460
3460
3462
3462
3460
3454
3449
3447
3447
3447
3447
3449
3452
3454
3457
3460
3462
3457
3447
3436
3428
3420
3415
3407
3399
3391
3383
3377
3370
3364
3356
3351
3340
3332
3324
3319
3316
3316
3316
3314
3308
3306
3303
3306
3314
3327
3335
3340
3346
3348
3354
3359
3364
3367
3370
3372
3375
3380
3383
3385
3385
3388
3391
3393
3396
3396
3396
3396
3396
3396
3396
3396
3399
3401
3401
3404
3409
3412
3412
3415
3417
3420
3423
3428
3444
3473
3494
3510
3489
3428
3282
3061
2767
2419
2052
1731
1566
1566
1736
2103
2544
2942
3208
3292
3319
3335
3354
3370
3388
3433
3481
3494
3500
3505
3508
3510
3510
3513
3518
3521
3521
3521
3521
3521
3521
3521
3518
3518
3516
3516
3513
3510
3508
3505
3502
3500
3494
3492
3486
3484
3478
3476
3470
3465
3460
3452
3447
3444
3439
3433
3428
3425
3420
3412
3401
3380
3356
3338
3327
3316
3306
3292
3279
3258
3229
3205
3176
3138
3099
3053
3011
2987
2969
2950
2931
2907
2881
2865
2854
2844
2838
2838
2846
2862
2884
2921
2987
3048
3112
3181
3242
3287
3324
3356
3399
3454
3497
3521
3542
3558
3571
3590
3611
3622
3627
3630
3632
3632
3635
3638
3638
3640
3643
3643
3646
3646
3646
3643
3643
3640
3638
3638
3635
3632
3630
3627
3624
3619
3616
3616
3614
3609
3606
3601
3598
3595
3595
3593
3593
3590
3587
3585
3582
3582
3579
3577
3574
3571
3571
3569
3569
3569
3569
3569
3569
3571
3571
3574
3574
3574
3577
3577
3579
3579
3582
3582
3582
3585
3585
3587
3590
3590
3593
3593
3590
3590
3590
3587
3587
3585
3585
3582
3579
3577
3574
3574
3571
3571
3569
3566
3566
3563
3561
3561
3558
3555
3553
3550
3547
3542
3539
3534
3529
3526
3521
3518
3516
3510
3505
3502
3500
3497
3494
3492
3492
3489
3486
3486
3486
3486
3486
3489
3492
3494
3497
3500
3505
3510
3513
3516
3518
3521
3524
3524
3526
3526
3526
3526
3526
3526
3526
3524
3524
3521
3521
3518
3516
3516
3516
3516
3518
3518
3521
3524
3526
3529
3534
3537
3542
3553
3571
3582
3571
3539
3447
3279
3030
2706
2336
1965
1675
1588
1622
1882
2302
2753
3131
3372
3452
3476
3492
3508
3524
3537
3545
3550
3553
3558
3561
3563
3563
3563
3563
3566
3569
3571
3571
3571
3571
3569
3566
3563
3558
3553
3550
3547
3542
3539
3537
3534
3529
3526
3524
3521
3516
3513
3505
3500
3492
3484
3478
3470
3462
3457
3449
3444
3439
3428
3420
3409
3399
3391
3380
3370
3356
3338
3308
3285
3263
3239
3210
3170
3136
3107
3083
3061
3038
3008
2969
2934
2910
2891
2881
2870
2860
2849
2844
2857
2884
2918
2955
2990
3035
3091
3149
3210
3266
3308
3343
3388
3444
3486
3516
3532
3542
3547
3553
3558
3561
3563
3566
3566
3569
3571
3571
3574
3574
3574
3571
3569
3566
3563
3561
3555
3553
3547
3545
3539
3537
3534
3532
3529
3526
3524
3521
3518
3516
3510
3508
3502
3500
3497
3494
3492
3489
3486
3484
3484
3484
3481
3478
3476
3473
3470
3470
3468
3468
3465
3462
3460
3460
3460
3460
3460
3460
3460
3462
3462
3465
3465
3468
3468
3470
3470
3473
3476
3478
3481
3481
3484
3486
3486
3489
3489
3489
3492
3492
3492
3494
3494
3494
3497
3497
3497
3497
3497
3497
3497
3497
3494
3494
3492
3492
3492
3492
3492
3489
3486
3484
3481
3478
3476
3473
3468
3465
3462
3460
3457
3454
3454
3452
3449
3447
3447
3447
3444
3444
3441
3441
3441
3441
3441
3444
3447
3447
3452
3457
3462
3468
3470
3476
3478
3484
3486
3489
3489
3492
3492
3494
3497
3497
3497
3497
3497
3500
3502
3502
3500
3497
3497
3494
3497
3500
3500
3500
3500
3502
3505
3508
3510
3513
3516
3521
3532
3542
3532
3494
3393
3192
2899
2541
2161
1819
1590
1564
1654
1973
2387
2804
3131
3324
3399
3423
3449
3486
3510
3529
3545
3558
3566
3569
3569
3571
3571
3571
3571
3574
3574
3574
3571
3571
3571
3574
3574
3571
3566
3561
3555
3550
3545
3539
3534
3529
3524
3516
3510
3505
3497
3489
3478
3470
3462
3454
3447
3439
3428
3420
3412
3404
3396
3388
3380
3370
3359
3346
3330
3316
3306
3295
3282
3269
3255
3239
3226
3197
3149
3088
3027
2979
2950
2921
2891
2870
2854
2838
2828
2825
2825
2828
2830
2836
2844
2868
2905
2939
3000
3056
3115
3181
3223
3269
3314
3354
3399
3436
3462
3484
3502
3518
3532
3545
3553
3558
3561
3563
3566
3566
3566
3566
3563
3561
3558
3553
3547
3542
3539
3537
3534
3532
3529
3526
3521
3521
3518
3518
3516
3516
3516
3518
3518
3518
3518
3518
3521
3521
3521
3521
3521
3521
3521
3521
3524
3524
3524
3526
3526
3526
3526
3529
3529
3532
3532
3534
3537
3537
3539
3542
3545
3545
3547
3547
3547
3550
3550
3550
3553
3553
3555
3558
3558
3558
3558
3558
3555
3555
3555
3555
3553
3553
3553
3553
3553
3555
3555
3558
3558
3555
3555
3555
3553
3553
3553
3550
3550
3550
3550
3550
3550
3550
3550
3547
3545
3542
3539
3534
3529
3524
3518
3513
3510
3508
3505
3500
3497
3492
3489
3486
3484
3481
3481
3478
3478
3481
3484
3489
3494
3500
3505
3510
3518
3526
3534
3542
3547
3553
3558
3563
3569
3574
3577
3579
3582
3587
3590
3595
3595
3595
3595
3593
3590
3585
3579
3574
3569
3563
3561
3553
3547
3542
3539
3542
3550
3563
3579
3611
3640
3656
3646
3569
3428
3197
2884
2501
2097
1744
1564
1561
1731
2092
2525
2934
3231
3359
3399
3423
3439
3449
3476
3529
3558
3571
3582
3590
3598
3603
3606
3609
3614
3616
3619
3624
3632
3638
3640
3632
3619
3606
3601
3595
3590
3585
3579
3577
3571
3566
3563
3558
3558
3555
3555
3555
3553
3553
3553
3550
3547
3545
3539
3532
3524
3516
3508
3500
3486
3473
3457
3439
3412
3380
3364
3351
3340
3324
3300
3263
3215
3181
3152
3128
3096
3053
3014
2974
2947
2934
2921
2907
2897
2884
2868
2860
2865
2878
2899
2934
2971
3008
3069
3131
3189
3253
3290
3330
3372
3417
3462
3497
3521
3532
3534
3537
3537
3539
3539
3542
3542
3542
3545
3545
3545
3547
3545
3545
3542
3542
3539
3537
3534
3532
3532
3529
3526
3524
3521
3518
3518
3516
3513
3513
3513
3513
3510
3508
3508
3505
3502
3502
3502
3502
3500
3500
3497
3494
3492
3492
3486
3481
3468
3457
3447
3447
3444
3439
3436
3436
3436
3436
3433
3433
3433
3433
3433
3433
3433
3431
3431
3431
3428
3431
3431
3433
3433
3433
3433
3433
3433
3433
3431
3431
3428
3428
3428
3428
3428
3425
3425
3423
3423
3423
3420
3420
3417
3417
3415
3415
3415
3415
3415
3415
3412
3412
3409
3409
3409
3409
3409
3409
3412
3415
3417
3420
3423
3425
3425
3428
3428
3428
3428
3428
3428
3428
3428
3428
3428
3428
3425
3425
3425
3423
3420
3420
3417
3420
3420
3423
3423
3425
3428
3433
3436
3441
3447
3452
3470
3505
3529
3529
3486
3383
3200
2929
2573
2164
1773
1492
1396
1529
1853
2289
2743
3096
3298
3348
3364
3380
3393
3439
3502
3526
3529
3532
3534
3534
3537
3537
3537
3539
3539
3539
3542
3539
3537
3532
3529
3524
3521
3516
3513
3510
3508
3505
3500
3497
3492
3486
3481
3476
3470
3465
3462
3457
3449
3441
3417
3399
3388
3383
3380
3375
3372
3367
3362
3356
3351
3346
3340
3332
3316
3290
3271
3245
3213
3186
3154
3123
3088
3053
3016
2974
2934
2899
2865
2838
2804
2783
2769
2759
2756
2759
2767
2775
2791
2822
2862
2905
2955
2995
3056
3120
3157
3218
3279
3346
3385
3423
3457
3489
3526
3545
3550
3555
3561
3563
3563
3566
3569
3569
3571
3574
3577
3579
3582
3582
3585
3585
3585
3587
3587
3590
3593
3595
3598
3601
3603
3606
3609
3611
3611
3614
3614
3614
3614
3614
3614
3616
3616
3614
3614
3614
3614
3614
3614
3611
3609
3609
3606
3606
3603
3603
3603
3603
3603
3603
3603
3603
3601
3601
3598
3598
3595
3595
3595
3595
3598
3598
3598
3601
3601
3603
3603
3606
3606
3606
3606
3606
3609
3609
3609
3609
3606
3606
3606
3606
3606
3606
3603
3603
3601
3601
3601
3601
3598
3595
3593
3593
3593
3595
3598
3598
3598
3601
3601
3603
3606
3606
3603
3601
3598
3595
3593
3590
3587
3585
3582
3579
3579
3577
3577
3579
3579
3579
3579
3582
3582
3585
3585
3587
3587
3587
3590
3593
3593
3590
3585
3574
3566
3561
3553
3545
3539
3537
3539
3545
3555
3563
3566
3571
3574
3579
3585
3590
3593
3595
3598
3601
3603
3603
3603
3601
3601
3598
3598
3595
3593
3593
3590
3587
3585
3582
3577
3574
3569
3563
3558
3550
3542
3537
3532
3529
3529
3526
3526
3521
3516
3518
3542
3563
3587
3587
3558
3484
3327
3080
2753
2374
1991
1691
1556
1630
1898
2283
2687
3022
3255
3335
3362
3380
3393
3436
3510
3547
3555
3563
3569
3571
3574
3574
3571
3571
3569
3566
3561
3553
3545
3539
3532
3526
3524
3518
3513
3508
3502
3497
3489
3481
3481
3486
3494
3505
3516
3513
3494
3478
3468
3457
3449
3441
3433
3425
3417
3409
3399
3391
3380
3367
3354
3332
3316
3306
3298
3290
3279
3269
3255
3239
3215
3192
3162
3128
3093
3061
3032
3003
2969
2926
2891
2873
2860
2857
2857
2857
2857
2860
2860
2865
2889
2923
2969
3014
3059
3104
3157
3215
3266
3314
3356
3391
3415
3439
3457
3481
3502
3518
3534
3545
3555
3561
3566
3571
3574
3579
3582
3582
3582
3582
3582
3579
3577
3571
3566
3561
3555
3550
3545
3539
3534
3529
3526
3526
3532
3537
3545
3553
3563
3574
3593
3603
3606
3609
3609
3611
3611
3611
3614
3614
3614
3611
3609
3603
3598
3593
3582
3563
3547
3539
3534
3529
3526
3524
3521
3518
3516
3513
3508
3505
3502
3500
3497
3489
3481
3476
3478
3486
3494
3497
3500
3502
3505
3505
3510
3513
3518
3524
3529
3532
3534
3537
3539
3542
3545
3547
3550
3553
3558
3563
3569
3577
3579
3585
3587
3587
3587
3590
3590
3590
3590
3593
3593
3595
3598
3601
3603
3603
3601
3595
3590
3585
3579
3574
3563
3550
3539
3537
3537
3537
3537
3537
3534
3532
3534
3537
3545
3550
3555
3561
3563
3569
3574
3577
3577
3577
3571
3566
3561
3555
3550
3547
3545
3539
3537
3534
3532
3526
3524
3521
3518
3518
3518
3524
3526
3529
3534
3539
3545
3550
3555
3566
3582
3593
3582
3558
3484
3338
3109
2809
2451
2079
1752
1577
1572
1723
2060
2469
2870
3186
3362
3431
3449
3468
3489
3500
3508
3516
3521
3526
3529
3534
3537
3539
3542
3542
3545
3545
3545
3545
3547
3553
3558
3561
3555
3542
3529
3521
3516
3510
3505
3497
3492
3486
3481
3476
3473
3470
3465
3462
3457
3452
3447
3436
3428
3420
3409
3396
3377
3348
3324
3308
3292
3279
3263
3242
3215
3200
3189
3181
3170
3157
3141
3120
3091
3067
3046
3022
2992
2958
2915
2876
2849
2822
2804
2791
2780
2775
2780
2791
2807
2833
2884
2934
2987
3038
3085
3133
3178
3223
3271
3314
3346
3372
3396
3417
3436
3452
3457
3460
3465
3468
3470
3473
3476
3478
3481
3484
3486
3486
3486
3486
3486
3486
3486
3486
3486
3484
3484
3484
3484
3484
3484
3481
3481
3481
3478
3478
3478
3478
3478
3478
3478
3478
3478
3478
3481
3481
3484
3484
3486
3486
3489
3489
3489
3492
3492
3489
3489
3489
3492
3492
3492
3492
3494
3494
3500
3502
3505
3505
3508
3508
3508
3508
3505
3505
3508
3508
3513
3518
3524
3529
3532
3534
3534
3537
3537
3537
3534
3534
3532
3532
3532
3534
3534
3537
3539
3542
3542
3545
3545
3545
3542
3539
3537
3534
3529
3524
3521
3516
3513
3508
3505
3500
3494
3492
3489
3486
3484
3481
3478
3476
3473
3473
3470
3470
3470
3470
3470
3470
3473
3473
3476
3476
3478
3481
3484
3484
3486
3489
3489
3489
3489
3489
3492
3492
3492
3489
3489
3486
3484
3484
3484
3481
3481
3478
3478
3478
3478
3476
3476
3476
3476
3476
3476
3476
3476
3478
3478
3481
3484
3486
3492
3500
3505
3524
3524
3462
3343
3152
2881
2538
2153
1800
1593
1577
1704
2028
2424
2820
3125
3311
3372
3391
3409
3431
3468
3508
3516
3518
3521
3524
3526
3529
3532
3532
3534
3537
3537
3539
3537
3537
3534
3534
3534
3534
3534
3534
3532
3529
3526
3524
3521
3518
3516
3513
3510
3508
3505
3502
3497
3494
3486
3481
3476
3468
3462
3454
3449
3444
3436
3425
3415
3399
3380
3370
3359
3351
3338
3319
3300
3279
3258
3239
3218
3200
3165
3117
3080
3059
3038
3019
2995
2966
2931
2907
2889
2876
2870
2868
2876
2886
2902
2931
2974
3011
3056
3112
3170
3234
3287
3335
3383
3425
3470
3508
3537
3566
3582
3593
3601
3609
3611
3614
3616
3616
3616
3619
3619
3619
3619
3619
3622
3624
3627
3627
3627
3627
3627
3627
3627
3627
3627
3624
3622
3622
3619
3616
3614
3611
3606
3603
3601
3601
3598
3595
3593
3590
3585
3582
3579
3577
3574
3569
3566
3563
3561
3558
3555
3555
3553
3553
3553
3553
3550
3550
3550
3550
3547
3547
3545
3545
3542
3542
3542
3542
3542
3539
3539
3539
3539
3539
3539
3539
3534
3532
3529
3526
3524
3521
3516
3513
3508
3505
3500
3497
3492
3486
3481
3478
3476
3476
3478
3481
3484
3489
3494
3502
3516
3537
3537
3510
3439
3269
3003
2658
2267
1893
1625
1534
1665
1975
2387
2812
3152
3364
3425
3441
3449
3462
3478
3494
3534
3577
3590
3595
3601
3606
3606
3606
3606
3603
3598
3595
3590
3587
3585
3579
3577
3577
3574
3574
3571
3569
3566
3563
3561
3558
3555
3553
3550
3547
3545
3542
3539
3537
3532
3526
3521
3513
3508
3502
3497
3492
3484
3476
3468
3447
3407
3383
3370
3359
3348
3335
3322
3303
3274
3250
3218
3176
3133
3088
3048
3016
2984
2947
2915
2907
2902
2897
2894
2891
2891
2897
2907
2926
2982
3043
3083
3125
3170
3221
3269
3314
3354
3391
3431
3454
3470
3486
3500
3513
3526
3539
3553
3561
3566
3571
3574
3577
3579
3582
3582
3582
3582
3579
3577
3577
3574
3574
3571
3569
3566
3566
3563
3561
3558
3555
3553
3547
3545
3542
3542
3539
3537
3537
3537
3537
3537
3534
3534
3529
3526
3524
3521
3518
3516
3510
3508
3505
3505
3502
3502
3500
3497
3494
3494
3494
3494
3492
3489
3489
3489
3489
3489
3489
3492
3492
3492
3492
3492
3489
3489
3486
3484
3484
3481
3481
3481
3481
3478
3478
3476
3476
3476
3473
3470
3468
3465
3462
3462
3460
3457
3457
3454
3454
3452
3452
3449
3447
3447
3441
3436
3431
3417
3407
3401
3399
3396
3393
3391
3385
3383
3383
3385
3388
3391
3393
3396
3399
3404
3409
3409
3409
3407
3404
3401
3396
3385
3388
3407
3412
3415
3420
3423
3425
3425
3428
3428
3431
3431
3433
3433
3436
3439
3441
3441
3444
3447
3447
3447
3447
3449
3452
3454
3460
3465
3470
3473
3478
3484
3486
3486
3486
3486
3486
3484
3484
3484
3481
3478
3476
3473
3473
3473
3476
3478
3481
3486
3494
3494
3484
3476
3473
3468
3465
3462
3460
3457
3454
3449
3447
3447
3447
3444
3441
3439
3436
3431
3420
3415
3415
3428
3444
3449
3457
3462
3468
3473
3478
3484
3489
3492
3494
3497
3497
3500
3500
3500
3500
3500
3500
3500
3500
3500
3500
3502
3502
3500
3497
3494
3489
3486
3484
3478
3473
3468
3468
3470
3478
3486
3505
3529
3547
3561
3537
3465
3332
3128
2844
2488
2103
1773
1622
1627
1811
2167
2589
2974
3247
3364
3404
3428
3441
3462
3505
3539
3555
3566
3574
3579
3585
3587
3593
3598
3603
3603
3601
3595
3593
3590
3587
3585
3582
3579
3574
3571
3569
3566
3563
3561
3561
3561
3558
3555
3553
3550
3547
3542
3539
3534
3529
3524
3516
3510
3502
3497
3489
3481
3473
3465
3457
3452
3447
3436
3425
3412
3399
3385
3375
3351
3308
3271
3245
3221
3194
3157
3115
3072
3035
3008
2984
2955
2913
2886
2873
2862
2857
2854
2857
2865
2878
2897
2931
2990
3043
3088
3131
3176
3226
3277
3324
3362
3391
3417
3444
3473
3497
3513
3529
3539
3553
3561
3566
3569
3574
3577
3579
3582
3582
3585
3585
3587
3587
3587
3590
3590
3590
3593
3593
3593
3593
3590
3585
3582
3579
3577
3571
3566
3563
3561
3558
3558
3555
3553
3550
3547
3545
3545
3539
3534
3529
3521
3518
3516
3513
3510
3505
3502
3500
3497
3494
3489
3478
3468
3462
3460
3460
3465
3470
3476
3481
3492
3494
3486
3484
3478
3473
3470
3465
3468
3470
3476
3478
3486
3497
3505
3500
3492
3486
3481
3476
3470
3468
3470
3473
3476
3478
3484
3489
3497
3502
3502
3500
3494
3489
3486
3484
3481
3476
3473
3468
3465
3460
3457
3454
3452
3452
3454
3460
3462
3465
3465
3470
3473
3481
3486
3492
3497
3513
3542
3529
3484
3362
3157
2873
2522
2140
1800
1617
1614
1776
2148
2594
3000
3269
3359
3388
3412
3433
3462
3521
3558
3577
3590
3598
3601
3603
3603
3603
3603
3606
3611
3614
3616
3611
3603
3598
3595
3593
3593
3593
3590
3587
3585
3582
3579
3577
3574
3574
3571
3569
3569
3566
3563
3561
3555
3550
3542
3534
3526
3516
3505
3494
3484
3470
3460
3449
3439
3428
3420
3412
3404
3391
3375
3356
3335
3300
3250
3197
3154
3128
3107
3083
3051
3008
2976
2961
2947
2937
2929
2918
2905
2907
2934
2963
2995
3019
3048
3088
3133
3186
3237
3274
3303
3343
3393
3441
3486
3516
3534
3547
3561
3571
3579
3582
3587
3593
3595
3598
3601
3603
3606
3609
3611
3611
3611
3611
3614
3614
3616
3616
3614
3611
3609
3606
3603
3601
3595
3590
3585
3582
3579
3577
3577
3574
3569
3566
3561
3558
3553
3547
3539
3534
3529
3524
3521
3518
3518
3516
3513
3513
3510
3510
3508
3502
3497
3492
3489
3486
3484
3484
3481
3481
3481
3484
3484
3484
3484
3484
3484
3486
3489
3492
3494
3500
3505
3508
3513
3518
3524
3526
3526
3526
3526
3526
3529
3529
3532
3532
3532
3534
3537
3539
3542
3542
3539
3539
3537
3537
3534
3534
3529
3526
3524
3521
3521
3518
3516
3513
3508
3505
3505
3502
3500
3497
3492
3486
3484
3478
3476
3470
3465
3460
3454
3452
3449
3447
3444
3441
3439
3439
3439
3439
3439
3439
3436
3436
3436
3436
3436
3433
3433
3433
3431
3433
3433
3433
3433
3433
3433
3433
3433
3436
3436
3436
3436
3436
3436
3436
3436
3436
3436
3433
3431
3428
3428
3428
3425
3423
3417
3415
3415
3415
3409
3404
3393
3388
3383
3383
3385
3391
3396
3401
3409
3425
3425
3388
3285
3109
2854
2536
2177
1835
1580
1513
1540
1763
2127
2544
2910
3160
3258
3290
3311
3324
3372
3465
3500
3513
3524
3526
3521
3508
3502
3500
3497
3494
3494
3494
3494
3492
3489
3489
3489
3489
3489
3489
3489
3489
3486
3484
3481
3481
3478
3476
3473
3470
3468
3465
3462
3460
3454
3449
3447
3441
3436
3428
3417
3404
3393
3385
3380
3375
3370
3362
3354
3346
3332
3314
3290
3269
3242
3218
3200
3184
3149
3099
3059
3035
3014
2995
2974
2947
2913
2891
2876
2862
2854
2852
2852
2860
2873
2889
2921
2976
3030
3083
3136
3189
3242
3292
3330
3359
3391
3423
3452
3489
3508
3518
3529
3537
3545
3550
3555
3561
3563
3563
3566
3569
3569
3569
3569
3571
3571
3571
3571
3571
3571
3574
3574
3574
3574
3574
3574
3574
3574
3574
3574
3574
3574
3574
3574
3571
3569
3563
3561
3555
3553
3550
3547
3545
3545
3545
3545
3545
3545
3542
3542
3539
3537
3537
3537
3534
3534
3534
3534
3534
3534
3534
3534
3532
3532
3532
3532
3529
3529
3529
3529
3529
3529
3529
3529
3529
3529
3529
3529
3529
3529
3529
3529
3532
3534
3534
3537
3539
3542
3542
3542
3542
3542
3545
3545
3547
3547
3550
3553
3558
3561
3563
3566
3566
3569
3569
3569
3569
3569
3569
3566
3566
3566
3566
3563
3563
3563
3561
3558
3555
3555
3553
3553
3553
3550
3550
3550
3550
3550
3553
3555
3555
3558
3563
3566
3569
3571
3574
3574
3574
3574
3571
3566
3555
3547
3537
3529
3524
3521
3516
3513
3510
3508
3508
3508
3508
3508
3505
3505
3505
3505
3505
3505
3505
3508
3508
3510
3510
3513
3516
3516
3516
3516
3518
3518
3518
3518
3516
3513
3510
3510
3508
3505
3505
3502
3500
3497
3497
3494
3494
3492
3489
3486
3484
3481
3473
3468
3465
3468
3473
3486
3500
3513
3534
3545
3537
3513
3444
3300
3093
2820
2488
2121
1781
1566
1548
1659
1991
2421
2849
3186
3335
3377
3404
3425
3441
3454
3494
3542
3555
3563
3571
3577
3579
3579
3579
3582
3582
3582
3582
3579
3577
3571
3566
3558
3553
3547
3545
3542
3539
3537
3532
3529
3524
3521
3518
3516
3513
3508
3505
3505
3502
3500
3497
3494
3489
3486
3481
3478
3470
3460
3447
3436
3425
3415
3401
3383
3356
3332
3314
3292
3271
3253
3231
3208
3178
3149
3123
3093
3061
3019
2966
2915
2884
2862
2849
2841
2833
2828
2830
2836
2846
2862
2889
2934
2982
3035
3093
3152
3210
3263
3314
3362
3399
3425
3447
3476
3518
3539
3550
3561
3566
3574
3577
3579
3582
3582
3585
3585
3585
3585
3582
3582
3582
3582
3582
3582
3582
3582
3582
3582
3582
3582
3579
3577
3571
3569
3566
3561
3555
3553
3553
3550
3550
3550
3547
3545
3545
3542
3542
3542
3539
3537
3534
3532
3529
3526
3524
3521
3516
3513
3510
3508
3505
3500
3494
3489
3486
3484
3481
3478
3478
3478
3481
3484
3489
3497
3500
3502
3505
3510
3513
3518
3521
3521
3524
3524
3524
3526
3526
3524
3524
3524
3524
3524
3521
3521
3518
3516
3513
3510
3510
3508
3505
3502
3500
3500
3500
3500
3500
3500
3500
3497
3497
3494
3494
3489
3486
3484
3481
3481
3478
3478
3476
3473
3468
3465
3457
3447
3439
3439
3447
3452
3457
3462
3465
3470
3473
3478
3481
3486
3489
3494
3497
3500
3502
3502
3502
3505
3508
3508
3510
3513
3516
3518
3524
3524
3518
3513
3508
3502
3497
3492
3484
3478
3476
3473
3470
3470
3470
3476
3481
3486
3497
3508
3521
3537
3571
3577
3563
3526
3399
3170
2846
2451
2039
1699
1558
1572
1776
2159
2597
2987
3250
3359
3393
3415
3439
3454
3470
3484
3494
3505
3510
3516
3518
3518
3521
3524
3529
3532
3534
3537
3537
3537
3539
3545
3545
3547
3545
3542
3539
3537
3534
3532
3529
3524
3521
3516
3513
3510
3505
3502
3494
3489
3484
3481
3476
3470
3465
3462
3457
3452
3447
3441
3431
3407
3388
3370
3351
3327
3303
3279
3255
3229
3208
3192
3173
3152
3123
3080
3038
2992
2958
2937
2918
2902
2891
2884
2876
2870
2868
2868
2870
2878
2889
2902
2929
2982
3048
3107
3162
3215
3269
3327
3383
3423
3447
3460
3473
3486
3505
3524
3542
3561
3577
3582
3585
3587
3587
3587
3587
3590
3593
3593
3593
3593
3593
3593
3593
3593
3590
3590
3587
3587
3590
3593
3593
3590
3590
3587
3587
3585
3582
3579
3577
3571
3569
3569
3566
3563
3561
3558
3555
3553
3550
3545
3542
3539
3534
3532
3529
3526
3524
3521
3518
3516
3516
3513
3510
3508
3505
3502
3500
3500
3497
3497
3497
3497
3500
3500
3500
3497
3497
3494
3492
3489
3489
3486
3484
3484
3481
3481
3478
3476
3473
3470
3468
3465
3468
3470
3473
3478
3484
3486
3489
3494
3497
3497
3500
3502
3502
3502
3502
3502
3502
3502
3502
3502
3502
3502
3502
3502
3502
3502
3500
3500
3497
3497
3494
3494
3497
3497
3500
3502
3505
3508
3513
3516
3518
3518
3521
3524
3529
3537
3555
3569
3555
3526
3439
3258
3000
2676
2305
1935
1659
1558
1665
1962
2368
2793
3146
3383
3436
3449
3457
3473
3492
3508
3518
3524
3532
3539
3545
3550
3553
3555
3561
3563
3569
3571
3571
3569
3566
3561
3558
3553
3550
3547
3542
3537
3532
3526
3521
3513
3502
3492
3478
3468
3460
3452
3447
3444
3439
3433
3428
3425
3420
3415
3409
3404
3396
3388
3380
3372
3362
3343
3324
3308
3292
3277
3253
3218
3189
3168
3146
3125
3101
3064
3014
2974
2945
2913
2878
2846
2822
2807
2793
2783
2780
2783
2796
2812
2844
2884
2939
3003
3072
3144
3189
3231
3271
3303
3338
3372
3412
3444
3468
3492
3516
3537
3550
3555
3555
3558
3561
3563
3566
3569
3569
3569
3571
3571
3574
3574
3574
3574
3574
3577
3577
3579
3579
3579
3582
3582
3582
3582
3582
3582
3579
3579
3579
3577
3577
3574
3571
3569
3569
3566
3566
3563
3561
3558
3555
3553
3550
3547
3542
3537
3529
3524
3518
3513
3508
3502
3497
3492
3486
3484
3478
3476
3470
3470
3470
3473
3478
3484
3489
3492
3494
3500
3502
3502
3505
3508
3510
3510
3513
3513
3513
3513
3516
3516
3516
3516
3516
3518
3521
3521
3524
3526
3526
3529
3532
3534
3537
3539
3539
3542
3545
3547
3550
3553
3555
3558
3558
3558
3561
3561
3561
3561
3558
3555
3555
3553
3553
3550
3545
3542
3539
3537
3537
3537
3534
3532
3529
3526
3526
3526
3526
3524
3524
3521
3521
3521
3521
3521
3521
3518
3518
3516
3516
3513
3510
3508
3502
3502
3500
3497
3494
3492
3489
3486
3481
3476
3468
3462
3460
3457
3460
3462
3465
3470
3473
3476
3481
3484
3486
3492
3494
3497
3500
3500
3502
3500
3500
3497
3494
3492
3489
3489
3486
3484
3481
3478
3478
3476
3470
3468
3462
3457
3454
3454
3452
3454
3454
3457
3460
3465
3473
3478
3486
3497
3516
3518
3500
3452
3327
3123
2836
2496
2135
1805
1577
1511
1641
1943
2352
2777
3125
3338
3388
3391
3364
3351
3370
3433
3502
3561
3582
3593
3593
3585
3574
3569
3566
3563
3561
3561
3558
3555
3553
3550
3547
3542
3539
3537
3534
3532
3529
3529
3526
3524
3521
3516
3513
3508
3502
3500
3497
3492
3489
3484
3481
3478
3476
3473
3468
3460
3449
3441
3428
3417
3409
3399
3388
3377
3364
3348
3327
3300
3285
3274
3258
3231
3176
3115
3077
3051
3027
3006
2976
2939
2918
2907
2899
2894
2891
2891
2891
2894
2899
2910
2923
2974
3027
3088
3128
3176
3221
3290
3362
3433
3462
3481
3492
3500
3513
3526
3534
3539
3545
3550
3553
3558
3561
3563
3566
3569
3569
3569
3566
3563
3563
3561
3558
3555
3555
3553
3550
3547
3545
3542
3539
3539
3537
3537
3534
3534
3532
3532
3532
3532
3532
3532
3532
3529
3526
3524
3524
3521
3521
3518
3518
3518
3518
3516
3516
3510
3505
3500
3497
3494
3497
3500
3502
3508
3508
3510
3513
3516
3518
3521
3524
3526
3526
3529
3529
3529
3529
3529
3526
3526
3524
3524
3524
3524
3524
3521
3521
3521
3518
3516
3513
3513
3510
3508
3505
3502
3502
3500
3497
3494
3494
3492
3489
3486
3486
3484
3484
3481
3478
3478
3476
3473
3470
3468
3465
3465
3462
3460
3460
3457
3457
3457
3454
3449
3447
3447
3447
3447
3447
3447
3449
3449
3452
3452
3454
3454
3457
3460
3460
3460
3462
3462
3462
3462
3462
3462
3460
3460
3460
3460
3457
3457
3454
3452
3452
3449
3447
3447
3444
3444
3441
3439
3436
3433
3425
3415
3412
3415
3423
3436
3457
3481
3494
3505
3476
3393
3231
2998
2703
2347
1975
1646
1479
1479
1659
2044
2501
2913
3189
3282
3314
3332
3346
3385
3462
3486
3492
3494
3497
3500
3502
3505
3508
3513
3516
3518
3513
3502
3492
3484
3478
3473
3470
3465
3462
3457
3454
3454
3454
3454
3452
3449
3449
3447
3447
3444
3441
3439
3433
3431
3428
3423
3420
3415
3409
3404
3396
3391
3385
3383
3377
3370
3362
3343
3308
3282
3266
3250
3237
3213
3181
3160
3141
3120
3096
3064
3027
2987
2950
2915
2886
2854
2830
2817
2809
2804
2809
2820
2836
2862
2910
2955
3000
3067
3133
3192
3234
3285
3330
3372
3412
3447
3478
3502
3518
3539
3563
3585
3601
3609
3611
3616
3619
3622
3622
3622
3622
3619
3614
3609
3603
3601
3598
3595
3593
3590
3590
3587
3587
3585
3587
3587
3587
3585
3585
3585
3585
3585
3585
3585
3585
3585
3585
3585
3585
3585
3582
3582
3582
3582
3579
3579
3579
3577
3577
3574
3574
3574
3574
3571
3569
3566
3563
3563
3563
3563
3561
3561
3561
3561
3561
3558
3553
3550
3550
3550
3553
3558
3561
3563
3569
3571
3577
3579
3582
3585
3585
3585
3582
3579
3577
3571
3566
3561
3558
3555
3553
3550
3547
3545
3542
3542
3539
3539
3539
3539
3539
3542
3542
3545
3545
3547
3547
3547
3550
3547
3534
3524
3516
3508
3502
3497
3494
3489
3486
3481
3476
3476
3484
3494
3505
3518
3529
3542
3545
3547
3550
3553
3555
3555
3558
3558
3561
3561
3563
3563
3563
3563
3563
3563
3563
3563
3566
3566
3566
3566
3566
3563
3563
3563
3563
3563
3566
3566
3569
3569
3569
3571
3571
3574
3574
3577
3582
3598
3598
3566
3478
3306
3046
2711
2336
1989
1736
1654
1766
2044
2432
2841
3181
3385
3431
3444
3454
3470
3489
3524
3558
3569
3571
3574
3577
3579
3579
3579
3582
3585
3587
3587
3587
3585
3579
3577
3571
3569
3563
3561
3555
3550
3547
3542
3539
3534
3529
3524
3518
3513
3505
3500
3494
3489
3481
3473
3465
3454
3444
3433
3428
3417
3401
3377
3367
3362
3356
3351
3343
3335
3324
3311
3295
3277
3261
3234
3189
3144
3112
3096
3075
3046
3011
2974
2937
2899
2868
2846
2828
2814
2804
2799
2799
2809
2828
2860
2905
2950
2995
3040
3091
3149
3205
3266
3316
3362
3409
3447
3473
3502
3513
3518
3521
3526
3529
3532
3534
3537
3539
3542
3542
3545
3545
3545
3545
3545
3547
3547
3547
3550
3550
3550
3550
3553
3550
3550
3547
3545
3545
3542
3539
3537
3534
3532
3529
3529
3526
3524
3521
3518
3516
3510
3508
3505
3505
3502
3500
3497
3494
3494
3497
3497
3497
3497
3497
3497
3500
3500
3500
3502
3502
3502
3505
3505
3508
3508
3510
3513
3513
3516
3518
3521
3524
3526
3529
3532
3534
3534
3537
3537
3537
3537
3539
3542
3545
3545
3547
3550
3553
3555
3558
3561
3561
3561
3558
3553
3550
3545
3542
3537
3534
3532
3526
3526
3524
3521
3521
3518
3513
3508
3502
3500
3497
3497
3500
3502
3508
3513
3518
3524
3526
3532
3534
3539
3545
3547
3550
3550
3550
3547
3547
3545
3542
3539
3534
3532
3529
3526
3524
3524
3518
3516
3516
3513
3513
3510
3508
3508
3508
3508
3513
3516
3518
3521
3524
3529
3534
3542
3550
3561
3587
3571
3526
3412
3223
2963
2634
2267
1933
1726
1704
1808
2119
2512
2899
3215
3407
3444
3454
3452
3447
3447
3484
3505
3513
3521
3529
3537
3545
3547
3553
3558
3563
3563
3566
3563
3561
3555
3553
3547
3542
3534
3529
3524
3518
3516
3510
3505
3500
3492
3484
3476
3468
3462
3454
3449
3447
3447
3441
3441
3436
3433
3431
3425
3423
3417
3412
3407
3401
3396
3391
3383
3375
3356
3324
3295
3263
3234
3205
3176
3146
3115
3083
3051
3022
2984
2939
2902
2878
2862
2852
2841
2836
2833
2838
2854
2876
2899
2937
2966
3003
3051
3099
3149
3205
3255
3300
3343
3383
3425
3454
3473
3486
3502
3518
3524
3529
3532
3537
3539
3542
3545
3547
3550
3550
3550
3550
3550
3547
3545
3542
3537
3534
3532
3529
3526
3524
3521
3518
3518
3516
3510
3508
3505
3508
3516
3526
3537
3545
3555
3563
3571
3574
3571
3563
3553
3542
3537
3532
3529
3526
3524
3518
3513
3510
3508
3502
3500
3500
3497
3497
3497
3497
3497
3497
3497
3500
3502
3502
3505
3508
3510
3513
3518
3521
3524
3529
3532
3534
3537
3542
3545
3550
3555
3563
3571
3579
3585
3585
3582
3577
3571
3563
3558
3550
3545
3539
3537
3534
3532
3532
3532
3532
3529
3529
3526
3526
3526
3524
3524
3524
3524
3524
3526
3526
3526
3524
3524
3524
3521
3518
3518
3516
3513
3510
3510
3508
3508
3508
3505
3505
3502
3502
3500
3500
3502
3502
3505
3508
3513
3518
3524
3526
3532
3534
3537
3539
3539
3542
3542
3545
3545
3542
3542
3542
3539
3539
3537
3534
3532
3529
3526
3524
3521
3518
3516
3513
3510
3510
3510
3510
3513
3518
3526
3537
3547
3563
3587
3590
3577
3539
3433
3255
3003
2687
2331
1981
1704
1617
1646
1877
2244
2652
3022
3282
3420
3470
3500
3521
3539
3547
3553
3555
3558
3561
3561
3563
3563
3566
3566
3569
3569
3569
3569
3569
3571
3571
3571
3571
3571
3571
3569
3569
3569
3569
3569
3569
3569
3569
3563
3555
3545
3534
3526
3518
3510
3502
3494
3489
3481
3476
3470
3465
3457
3452
3447
3441
3433
3425
3417
3407
3396
3383
3359
3340
3324
3295
3255
3213
3170
3133
3107
3075
3043
3014
2987
2963
2945
2931
2918
2910
2899
2891
2894
2905
2923
2945
2974
3003
3046
3096
3144
3192
3245
3287
3324
3364
3404
3447
3481
3508
3529
3537
3539
3545
3547
3550
3550
3553
3555
3555
3555
3555
3555
3555
3555
3555
3555
3555
3553
3550
3547
3545
3542
3539
3537
3532
3529
3526
3524
3524
3521
3518
3518
3516
3513
3510
3508
3505
3502
3500
3497
3494
3494
3492
3492
3492
3492
3492
3489
3489
3486
3486
3484
3484
3484
3484
3484
3486
3489
3492
3494
3494
3492
3492
3492
3489
3489
3486
3484
3484
3484
3484
3484
3484
3484
3484
3481
3481
3478
