1230
1111
0997
0890
0797
0755
0740
0739
0749
0775
0821
0870
0917
0972
1037
1095
1145
1187
1227
1267
1310
1356
1400
1424
1444
1455
1444
1413
1370
1317
1256
1189
1124
1069
1049
1042
1039
1037
1035
1031
1027
1020
1011
0993
0966
0945
0921
0891
0863
0835
0810
0798
0793
0788
0784
0782
0780
0779
0779
0779
0780
0782
0785
0789
0793
0797
0807
0831
0860
0888
0908
0922
0932
0942
0952
0966
0976
0988
1003
1030
1067
1118
1183
1252
1317
1372
1417
1459
1501
1538
1561
1582
1597
1607
1631
1671
1718
1763
1803
1842
1864
1901
1938
1973
2010
2032
2067
2104
2149
2191
2226
2260
2298
2321
2345
2371
2413
2447
2464
2491
2523
2560
2583
2597
2606
2610
2610
2603
2595
2586
2572
2557
2532
2515
2511
2510
2507
2505
2502
2501
2500
2499
2499
2499
2500
2502
2505
2508
2511
2515
2519
2527
2549
2562
2570
2576
2577
2579
2576
2572
2568
2563
2557
2550
2542
2533
2524
2513
2502
2490
2471
2449
2437
2429
2426
2430
2443
2461
2488
2530
2592
2657
2708
2721
2723
2715
2668
2627
2580
2516
2449
2389
2337
2318
2311
2308
2305
2301
2296
2288
2278
2263
2249
2241
2237
2234
2232
2229
2225
2221
2216
2213
2208
2203
2198
2191
2184
2180
2179
2178
2177
2176
2174
2172
2173
2178
2185
2190
2196
2200
2203
2201
2195
2186
2171
2145
2122
2098
2082
2071
2061
2052
2036
2014
1998
1989
1979
1969
1961
1953
1945
1938
1929
1919
1906
1893
1880
1867
1855
1840
1829
1824
1821
1822
1835
1854
1877
1896
1916
1949
1988
2033
2077
2116
2156
2203
2245
2264
2275
2283
2280
2258
2246
2238
2232
2227
2221
2217
2214
2212
2210
2209
2206
2204
2199
2179
2162
2154
2149
2142
2139
2133
2122
2102
2084
2072
2063
2053
2035
2016
2003
1992
1981
1970
1954
1938
1922
1908
1888
1864
1840
1818
1796
1777
1761
1742
1723
1705
1691
1680
1668
1653
1633
1620
1611
1607
1610
1618
1643
1682
1736
1802
1865
1896
1906
1898
1874
1844
1807
1771
1732
1691
1677
1677
1689
1710
1722
1725
1726
1727
1726
1722
1715
1703
1683
1669
1662
1655
1648
1642
1637
1633
1630
1627
1624
1622
1620
1620
1622
1624
1627
1630
1635
1640
1646
1656
1663
1668
1671
1674
1676
1678
1681
1684
1688
1693
1699
1707
1717
1726
1735
1763
1802
1825
1838
1845
1851
1855
1857
1857
1855
1852
1847
1844
1840
1836
1831
1826
1820
1816
1810
1802
1784
1760
1732
1698
1649
1596
1550
1501
1433
1359
1305
1267
1226
1176
1131
1105
1079
1054
1027
1006
0981
0943
0894
0855
0834
0816
0793
0769
0754
0743
0728
0711
0703
0698
0694
0693
0694
0699
0707
0716
0730
0742
0752
0762
0761
0745
0732
0721
0713
0714
0721
0731
0742
0758
0774
0796
0823
0850
0867
0871
0874
0877
0877
0877
0873
0866
0855
0837
0812
0793
0772
0737
0694
0652
0622
0610
0610
0619
0644
0677
0715
0756
0787
0798
0786
0752
0697
0637
0580
0531
0503
0496
0491
0486
0480
0474
0467
0457
0440
0427
0392
0341
0311
0311
0339
0395
0457
0505
0528
0565
0597
0635
0697
0783
0879
0972
1051
1122
1188
1251
1313
1373
1430
1481
1534
1599
1669
1732
1778
1813
1849
1890
1935
1979
2018
2040
2061
2081
2115
2154
2190
2201
2209
2215
2222
2234
2256
2278
2299
2318
2338
2356
2369
2386
2400
2413
2424
2434
2446
2460
2471
2480
2488
2495
2502
2506
2508
2511
2512
2515
2516
2518
2518
2519
2519
2519
2518
2516
2515
2512
2510
2507
2503
2498
2485
2459
2441
2430
2421
2412
2398
2376
2356
2342
2331
2321
2309
2291
2279
2271
2264
2259
2255
2251
2248
2245
2240
2232
2223
2213
2203
2189
2176
2166
2159
2152
2145
2138
2131
2122
2112
2103
2093
2082
2075
2070
2061
2045
2025
2012
2003
2000
1996
1991
1990
1998
2029
2070
2119
2189
2273
2358
2432
2455
2444
2365
2257
2160
2099
2073
2074
2099
2140
2180
2197
2199
2186
2172
2162
2157
2148
2126
2097
2071
2050
2033
2015
1994
1979
1972
1969
1972
1980
1986
1989
1991
1992
1989
1983
1981
1983
1986
1994
2003
2013
2027
2041
2054
2061
2063
2057
2053
2050
2047
2046
2044
2044
2041
2040
2044
2045
2046
2048
2054
2064
2079
2085
2076
2060
2049
2043
2038
2030
2006
1979
1968
1971
1979
1983
1979
1970
1960
1955
1955
1957
1956
1952
1947
1944
1944
1945
1949
1951
1952
1951
1946
1939
1931
1930
1931
1928
1925
1921
1918
1918
1918
1919
1915
1911
1903
1887
1875
1867
1864
1864
1868
1871
1871
1877
1888
1900
1914
1915
1899
1878
1858
1850
1839
1816
1799
1789
1783
1779
1775
1769
1757
1745
1737
1732
1725
1718
1705
1695
1688
1662
1626
1577
1517
1455
1396
1347
1321
1313
1328
1376
1455
1559
1672
1764
1819
1838
1833
1814
1763
1700
1642
1616
1597
1582
1573
1568
1574
1591
1609
1630
1643
1647
1653
1657
1660
1658
1662
1671
1687
1698
1701
1705
1711
1718
1733
1745
1752
1750
1752
1764
1772
1776
1783
1789
1793
1795
1793
1789
1783
1779
1770
1751
1735
1722
1715
1720
1735
1752
1772
1789
1804
1812
1810
1799
1787
1777
1769
1770
1779
1792
1813
1843
1874
1908
1923
1925
1923
1918
1914
1909
1903
1898
1890
1871
1854
1844
1839
1832
1827
1816
1797
1785
1783
1786
1789
1790
1796
1802
1800
1796
1793
1791
1792
1792
1792
1787
1777
1769
1771
1782
1793
1797
1801
1806
1812
1818
1822
1826
1827
1825
1824
1827
1834
1848
1873
1911
1943
1973
2004
2046
2088
2123
2144
2178
2211
2245
2278
2304
2334
2366
2398
2434
2478
2528
2572
2609
2644
2676
2688
2695
2701
2705
2709
2711
2718
2745
2798
2869
2952
3038
3115
3156
3155
3111
2979
2783
2548
2315
2119
1989
1949
1933
1942
1950
1955
1964
1972
1983
2012
2054
2098
2135
2150
2159
2164
2161
2149
2132
2108
2084
2061
2037
2016
1990
1960
1949
1944
1943
1945
1949
1949
1945
1942
1939
1939
1938
1933
1917
1895
1872
1849
1837
1833
1829
1823
1816
1793
1762
1727
1697
1672
1643
1596
1540
1491
1460
1448
1442
1437
1428
1416
1385
1353
1342
1337
1321
1294
1263
1230
1207
1191
1183
1179
1176
1169
1153
1135
1128
1125
1124
1124
1132
1143
1159
1181
1216
1257
1301
1336
1355
1369
1386
1400
1409
1413
1413
1406
1396
1386
1379
1375
1370
1367
1367
1369
1371
1372
1376
1394
1412
1425
1436
1443
1450
1460
1471
1484
1501
1516
1531
1546
1560
1572
1579
1582
1585
1589
1592
1593
1589
1583
1576
1566
1544
1519
1494
1472
1451
1435
1427
1435
1456
1511
1586
1674
1773
1874
1970
2047
2082
2096
2084
2037
1988
1949
1928
1914
1903
1891
1874
1830
1772
1729
1708
1688
1666
1653
1646
1644
1643
1646
1654
1673
1702
1734
1763
1783
1796
1806
1815
1824
1834
1846
1856
1865
1874
1885
1894
1902
1904
1898
1890
1884
1878
1872
1867
1862
1857
1855
1853
1850
1844
1838
1833
1821
1791
1771
1757
1750
1745
1741
1737
1735
1728
1726
1729
1732
1737
1742
1747
1752
1757
1761
1763
1767
1769
1764
1752
1739
1720
1702
1683
1651
1615
1592
1578
1569
1563
1562
1563
1565
1569
1577
1584
1591
1599
1610
1620
1620
1612
1602
1583
1555
1527
1499
1456
1409
1363
1335
1311
1294
1287
1283
1279
1277
1281
1295
1311
1332
1352
1366
1378
1385
1388
1386
1382
1376
1364
1339
1308
1278
1245
1217
1206
1200
1195
1190
1186
1184
1183
1183
1181
1183
1189
1195
1200
1206
1235
1280
1340
1413
1500
1592
1679
1732
1751
1736
1687
1603
1511
1430
1383
1366
1377
1389
1398
1410
1422
1436
1450
1462
1478
1498
1532
1579
1633
1680
1707
1728
1745
1760
1774
1787
1799
1809
1817
1825
1833
1845
1858
1873
1885
1898
1911
1922
1927
1931
1935
1939
1939
1937
1932
1928
1923
1914
1912
1922
1933
1944
1956
1968
1983
2000
2016
2027
2035
2044
2056
2067
2080
2095
2108
2121
2125
2125
2127
2128
2129
2130
2135
2141
2144
2143
2143
2145
2151
2162
2183
2203
2220
2237
2249
2258
2264
2265
2261
2253
2244
2229
2204
2184
2167
2145
2121
2098
2087
2081
2078
2074
2071
2068
2067
2067
2066
2064
2065
2068
2072
2074
2076
2081
2090
2105
2136
2161
2181
2201
2221
2242
2267
2279
2284
2291
2298
2303
2307
2307
2305
2301
2297
2291
2286
2281
2274
2266
2257
2246
2236
2224
2209
2198
2194
2191
2187
2185
2189
2206
2251
2322
2414
2511
2598
2650
2654
2605
2488
2349
2233
2187
2188
2234
2283
2297
2305
2314
2321
2332
2362
2407
2434
2447
2455
2436
2421
2413
2406
2402
2402
2406
2413
2418
2422
2427
2433
2440
2447
2454
2457
2458
2459
2459
2457
2454
2449
2444
2439
2417
2371
2322
2292
2245
2196
2145
2096
2048
2020
1993
1966
1944
1918
1886
1863
1847
1833
1815
1793
1762
1725
1692
1659
1630
1605
1578
1548
1519
1499
1487
1474
1461
1443
1417
1397
1381
1366
1353
1342
1328
1315
1308
1302
1298
1294
1293
1291
1289
1289
1290
1291
1291
1293
1298
1303
1307
1310
1315
1320
1325
1332
1341
1350
1360
1373
1391
1405
1413
1420
1425
1428
1431
1432
1431
1427
1423
1419
1416
1412
1408
1405
1403
1403
1404
1406
1410
1413
1415
1417
1420
1421
1423
1424
1424
1423
1422
1420
1416
1413
1410
1406
1403
1397
1389
1389
1402
1432
1478
1546
1640
1756
1861
1902
1898
1832
1724
1613
1538
1512
1527
1570
1634
1661
1668
1674
1679
1685
1692
1697
1699
1702
1705
1707
1711
1715
1720
1723
1723
1719
1713
1705
1694
1681
1669
1658
1646
1631
1612
1594
1568
1541
1518
1492
1468
1450
1433
1423
1414
1409
1404
1400
1398
1400
1403
1409
1415
1423
1437
1464
1489
1515
1540
1566
1596
1627
1643
1650
1654
1658
1661
1664
1667
1668
1670
1672
1674
1678
1681
1688
1705
1737
1766
1785
1799
1812
1824
1834
1839
1842
1847
1852
1858
1865
1874
1882
1894
1914
1928
1944
1958
1962
1965
1967
1969
1970
1971
1971
1971
1971
1970
1969
1968
1966
1963
1960
1956
1952
1949
1942
1931
1918
1908
1890
1864
1845
1835
1827
1827
1834
1844
1853
1866
1879
1891
1901
1911
1917
1913
1902
1885
1859
1832
1803
1755
1699
1643
1593
1547
1499
1481
1481
1492
1514
1569
1646
1724
1770
1772
1731
1639
1531
1429
1383
1369
1388
1438
1479
1496
1511
1525
1540
1557
1573
1590
1609
1624
1637
1647
1656
1663
1670
1674
1677
1678
1682
1690
1702
1722
1742
1764
1783
1797
1810
1823
1843
1853
1860
1866
1871
1875
1876
1878
1879
1880
1880
1880
1881
1883
1884
1888
1886
1868
1844
1814
1796
1786
1777
1772
1769
1766
1763
1760
1758
1758
1762
1771
1783
1793
1807
1810
1810
1811
1813
1816
1821
1826
1830
1835
1841
1854
1872
1898
1939
1966
1981
1993
2002
2006
2007
2009
2016
2027
2040
2056
2078
2098
2122
2146
2166
2187
2206
2223
2237
2256
2278
2316
2359
2405
2457
2508
2553
2576
2589
2599
2596
2577
2550
2513
2478
2441
2399
2362
2335
2315
2302
2289
2276
2260
2239
2214
2172
2128
2081
2030
1983
1936
1881
1816
1755
1701
1650
1623
1594
1576
1568
1563
1579
1606
1627
1637
1645
1644
1627
1584
1537
1484
1434
1410
1400
1394
1389
1386
1383
1382
1382
1382
1382
1384
1386
1387
1387
1386
1386
1384
1382
1379
1376
1375
1372
1371
1369
1369
1369
1366
1362
1359
1362
1369
1376
1379
1383
1386
1392
1396
1400
1403
1407
1410
1413
1416
1421
1434
1450
1467
1483
1502
1515
1523
1529
1535
1541
1545
1550
1557
1569
1593
1620
1645
1662
1674
1682
1688
1692
1698
1696
1678
1665
1654
1644
1638
1633
1630
1626
1621
1623
1637
1650
1663
1675
1688
1698
1708
1718
1728
1739
1757
1786
1816
1843
1868
1892
1915
1945
1971
1986
1997
2006
2011
2015
2019
2022
2024
2023
2019
2013
2005
1993
1974
1959
1939
1915
1895
1873
1849
1824
1810
1801
1794
1790
1788
1787
1789
1791
1794
1800
1806
1816
1833
1852
1877
1908
1933
1952
1967
1980
1993
2010
2031
2059
2108
2178
2273
2387
2506
2619
2708
2732
2725
2657
2561
2471
2433
2433
2467
2520
2555
2564
2569
2574
2582
2590
2598
2603
2608
2614
2623
2630
2635
2635
2630
2621
2609
2590
2568
2537
2501
2477
2462
2453
2447
2445
2441
2435
2437
2451
2464
2477
2489
2501
2512
2529
2546
2552
2557
2559
2557
2549
2537
2519
2492
2449
2401
2372
2342
2315
2293
2265
2230
2197
2164
2132
2104
2077
2035
1989
1962
1934
1907
1885
1869
1851
1836
1823
1810
1800
1791
1783
1778
1773
1769
1764
1759
1755
1752
1747
1741
1734
1726
1718
1709
1698
1686
1674
1662
1648
1630
1609
1593
1581
1563
1529
1506
1497
1489
1481
1472
1465
1459
1453
1443
1430
1415
1401
1379
1349
1332
1320
1312
1308
1310
1315
1324
1331
1336
1341
1346
1355
1362
1369
1373
1379
1390
1412
1437
1468
1505
1532
1555
1571
1591
1620
1650
1685
1728
1767
1823
1885
1945
1990
2007
2006
1981
1912
1808
1692
1581
1518
1498
1484
1478
1476
1475
1475
1477
1480
1481
1475
1464
1456
1448
1442
1437
1435
1437
1443
1452
1466
1484
1507
1519
1529
1539
1544
1539
1526
1511
1488
1461
1426
1383
1339
1298
1269
1248
1233
1223
1216
1210
1209
1216
1230
1246
1264
1272
1277
1281
1283
1284
1286
1286
1284
1284
1281
1277
1271
1261
1251
1242
1228
1215
1205
1196
1190
1185
1179
1175
1171
1167
1165
1166
1170
1176
1183
1191
1200
1207
1215
1227
1240
1251
1259
1267
1274
1280
1283
1288
1294
1301
1305
1309
1313
1314
1310
1305
1299
1292
1283
1274
1268
1261
1247
1230
1214
1203
1195
1184
1173
1162
1146
1122
1098
1084
1073
1061
1049
1039
1033
1029
1028
1030
1034
1040
1047
1057
1069
1093
1139
1174
1200
1224
1249
1272
1290
1309
1324
1300
1261
1240
1236
1234
1264
1343
1424
1510
1533
1539
1543
1549
1552
1555
1559
1564
1568
1572
1586
1624
1652
1671
1688
1705
1717
1727
1739
1755
1772
1789
1811
1837
1867
1887
1901
1914
1927
1937
1949
1965
1986
2006
2021
2037
2052
2067
2084
2107
2135
2159
2175
2186
2200
2220
2241
2257
2271
2286
2300
2311
2318
2324
2328
2333
2338
2341
2343
2346
2349
2352
2355
2359
2362
2362
2363
2366
2369
2372
2376
2382
2391
2400
2405
2409
2412
2416
2421
2424
2427
2431
2435
2441
2447
2454
2461
2468
2481
2506
2520
2535
2550
2569
2584
2597
2610
2619
2625
2633
2647
2664
2679
2686
2691
2694
2694
2694
2694
2697
2698
2698
2701
2703
2704
2702
2699
2696
2692
2688
2688
2688
2688
2684
2675
2658
2643
2630
2620
2611
2604
2603
2606
2614
2624
2634
2643
2650
2656
2663
2670
2677
2682
2686
2689
2693
2694
2692
2692
2698
2715
2747
2800
2878
2972
3063
3101
3096
3027
2905
2755
2617
2559
2542
2551
2565
2574
2556
2528
2494
2467
2450
2437
2427
2413
2398
2382
2362
2332
2312
2301
2294
2287
2282
2276
2267
2253
2232
2203
2171
2116
2061
2007
1972
1934
1898
1864
1828
1799
1777
1755
1746
1743
1742
1740
1735
1729
1723
1719
1715
1708
1699
1675
1645
1614
1586
1565
1556
1550
1545
1565
1579
1588
1596
1604
1609
1610
1606
1596
1583
1562
1523
1494
1478
1467
1461
1455
1450
1444
1435
1425
1416
1410
1403
1390
1368
1345
1316
1291
1277
1266
1260
1255
1251
1247
1244
1239
1233
1228
1223
1219
1210
1195
1177
1163
1152
1140
1130
1122
1118
1115
1111
1106
1101
1094
1084
1076
1067
1057
1044
1034
1027
1020
1010
0999
0994
0994
0999
1008
1019
1028
1040
1054
1069
1081
1091
1099
1107
1112
1117
1121
1125
1133
1145
1159
1183
1219
1274
1335
1402
1461
1497
1495
1459
1366
1243
1121
1041
1015
1028
1065
1123
1147
1155
1135
1112
1093
1091
1104
1110
1115
1121
1125
1128
1135
1143
1149
1153
1155
1161
1177
1198
1216
1227
1233
1238
1244
1250
1254
1254
1255
1260
1268
1281
1302
1333
1368
1402
1424
1436
1443
1450
1459
1467
1473
1474
1474
1471
1473
1479
1491
1515
1550
1574
1592
1606
1618
1630
1646
1657
1666
1668
1667
1664
1661
1661
1664
1666
1667
1669
1672
1675
1676
1678
1683
1694
1715
1737
1765
1801
1842
1882
1944
2015
2082
2135
2150
2163
2178
2189
2196
2200
2205
2210
2216
2223
2232
2237
2243
2250
2267
2299
2329
2352
2364
2370
2374
2376
2373
2360
2342
2320
2290
2261
2231
2205
2183
2172
2166
2159
2155
2154
2154
2151
2147
2149
2153
2155
2157
2161
2168
2174
2179
2182
2186
2189
2195
2205
2221
2246
2289
2351
2388
2407
2415
2411
2399
2383
2367
2349
2325
2305
2288
2279
2275
2271
2271
2275
2278
2274
2252
2204
2154
2113
2058
2012
1988
1966
1945
1920
1891
1872
1862
1849
1827
1798
1767
1735
1698
1673
1667
1667
1667
1667
1678
1696
1716
1737
1746
1752
1758
1762
1764
1762
1753
1740
1724
1705
1694
1687
1678
1668
1659
1653
1647
1637
1628
1620
1608
1589
1569
1559
1545
1522
1497
1474
1454
1431
1405
1383
1363
1335
1292
1258
1241
1232
1223
1216
1210
1206
1200
1193
1187
1183
1176
1167
1157
1149
1145
1149
1159
1170
1184
1203
1221
1245
1277
1295
1305
1311
1314
1313
1311
1308
1302
1294
1281
1260
1232
1216
1206
1202
1200
1198
1190
1176
1162
1151
1140
1133
1131
1128
1125
1121
1114
1110
1114
1133
1153
1172
1186
1203
1233
1259
1274
1284
1293
1299
1305
1309
1316
1343
1397
1480
1587
1705
1806
1867
1869
1827
1715
1576
1455
1372
1342
1332
1343
1352
1359
1366
1373
1376
1376
1376
1376
1377
1373
1367
1360
1352
1338
1316
1309
1302
1297
1311
1336
1372
1414
1447
1475
1510
1548
1585
1619
1644
1657
1665
1679
1725
1783
1838
1866
1880
1886
1894
1915
1952
1993
2019
2033
2047
2078
2121
2172
2208
2236
2252
2262
2270
2281
2294
2303
2306
2310
2316
2330
2355
2385
2412
2437
2455
2468
2488
2501
2508
2511
2516
2518
2522
2526
2530
2535
2539
2545
2556
2568
2577
2583
2587
2589
2589
2586
2582
2576
2565
2549
2533
2508
2490
2477
2465
2454
2445
2441
2450
2467
2484
2496
2506
2516
2522
2524
2528
2534
2539
2543
2548
2552
2554
2555
2556
2559
2565
2572
2577
2580
2577
2569
2562
2559
2559
2558
2553
2542
2527
2502
2485
2480
2477
2470
2460
2451
2450
2461
2479
2509
2548
2597
2657
2728
2752
2740
2708
2608
2491
2387
2332
2310
2328
2343
2354
2366
2376
2377
2371
2359
2339
2307
2275
2240
2218
2212
2206
2196
2185
2178
2176
2174
2166
2149
2128
2101
2059
2032
2022
2019
2016
2012
2007
2004
2002
1998
1993
1990
1991
1987
1977
1965
1949
1933
1914
1898
1890
1885
1879
1868
1858
1852
1847
1840
1830
1813
1789
1771
1758
1749
1749
1749
1747
1743
1735
1728
1722
1713
1701
1688
1661
1625
1607
1600
1596
1599
1604
1608
1612
1614
1613
1613
1614
1614
1616
1623
1632
1640
1648
1664
1676
1686
1695
1709
1724
1730
1719
1696
1663
1622
1592
1572
1555
1539
1521
1496
1472
1452
1437
1423
1410
1395
1381
1369
1360
1353
1347
1345
1346
1353
1365
1382
1406
1437
1451
1456
1457
1457
1460
1461
1461
1461
1459
1454
1447
1440
1436
1430
1426
1420
1413
1410
1419
1438
1498
1575
1664
1755
1815
1834
1812
1751
1630
1494
1386
1349
1332
1358
1377
1389
1401
1413
1420
1423
1419
1413
1412
1415
1421
1427
1428
1432
1438
1445
1450
1458
1468
1479
1491
1498
1503
1507
1507
1505
1507
1515
1522
1527
1528
1528
1532
1538
1545
1552
1562
1576
1595
1609
1614
1619
1627
1636
1644
1647
1636
1613
1585
1559
1547
1544
1530
1497
1456
1411
1377
1362
1353
1340
1305
1254
1214
1191
1182
1172
1161
1163
1183
1213
1255
1291
1317
1336
1345
1350
1357
1365
1364
1357
1347
1339
1330
1323
1320
1321
1323
1325
1327
1333
1343
1363
1396
1422
1452
1490
1528
1566
1601
1626
1646
1668
1695
1731
1761
1781
1796
1819
1853
1891
1928
1946
1952
1955
1955
1955
1960
1964
1959
1958
1955
1950
1944
1938
1931
1922
1907
1887
1872
1864
1860
1854
1847
1840
1834
1828
1825
1822
1818
1816
1819
1831
1850
1908
1969
2030
2082
2101
2103
2084
2028
1936
1843
1788
1767
1776
1809
1837
1849
1855
1856
1853
1847
1842
1855
1892
1942
1991
2030
2048
2057
2061
2064
2065
2070
2079
2088
2097
2104
2113
2120
2123
2125
2126
2125
2121
2115
2099
2071
2048
2030
2010
1994
1983
1983
1985
1984
1984
1983
1991
2004
2023
2047
2060
2063
2066
2067
2068
2069
2070
2071
2070
2067
2064
2059
2054
2051
2048
2043
2032
2016
1989
1955
1922
1889
1857
1830
1793
1752
1712
1688
1667
1650
1636
1628
1623
1616
1607
1600
1593
1577
1559
1552
1546
1542
1541
1542
1547
1553
1572
1603
1626
1646
1661
1672
1687
1707
1728
1748
1761
1772
1785
1793
1800
1806
1812
1818
1825
1833
1839
1844
1849
1839
1810
1765
1698
1625
1563
1538
1530
1523
1515
1504
1462
1411
1383
1373
1387
1409
1423
1427
1430
1420
1387
1354
1339
1329
1324
1325
1339
1379
1431
1470
1484
1485
1477
1464
1447
1430
1416
1408
1403
1417
1461
1526
1595
1654
1698
1721
1754
1786
1817
1833
1844
1854
1865
1880
1898
1928
1961
1989
2002
2016
2033
2054
2070
2081
2088
2094
2102
2110
2118
2122
2125
2127
2130
2132
2135
2135
2135
2133
2131
2126
2122
2113
2100
2080
2053
2018
1977
1934
1895
1873
1854
1842
1835
1830
1825
1820
1813
1805
1779
1745
1713
1702
1693
1680
1664
1654
1651
1648
1644
1638
1634
1632
1629
1626
1621
1618
1613
1608
1602
1596
1591
1587
1582
1577
1576
1577
1579
1583
1588
1596
1619
1639
1652
1661
1666
1684
1718
1757
1800
1847
1893
1932
1966
1989
2005
2016
2021
2020
2016
2013
2010
2007
2012
2019
2025
2030
2034
2033
2030
2021
1998
1968
1935
1920
1911
1905
1902
1905
1913
1926
1945
1960
1970
1975
1977
1979
1980
1983
1986
1990
1997
2022
2071
2143
2240
2349
2433
2444
2420
2335
2232
2137
2105
2108
2164
2212
2226
2229
2231
2231
2228
2227
2226
2225
2225
2223
2223
2220
2216
2213
2207
2201
2186
2162
2145
2133
2121
2108
2096
2085
2078
2072
2067
2063
2058
2054
2047
2039
2032
2026
2018
2009
2002
1986
1953
1915
1878
1843
1810
1790
1755
1716
1681
1648
1629
1610
1593
1570
1540
1507
1484
1460
1439
1409
1379
1350
1322
1289
1270
1250
1235
1227
1221
1222
1230
1242
1261
1281
1304
1330
1352
1365
1373
1383
1395
1403
1410
1416
1418
1415
1410
1403
1396
1386
1378
1372
1367
1364
1361
1358
1354
1351
1348
1344
1339
1328
1305
1281
1254
1229
1211
1199
1191
1186
1183
1179
1177
1173
1170
1167
1162
1157
1148
1132
1122
1115
1109
1105
1098
1092
1084
1077
1070
1064
1059
1055
1052
1047
1041
1038
1044
1055
1072
1098
1146
1203
1267
1338
1420
1497
1538
1552
1535
1515
1499
1498
1508
1536
1585
1644
1699
1745
1770
1791
1806
1819
1836
1858
1878
1891
1902
1909
1915
1918
1920
1918
1911
1902
1892
1881
1868
1855
1839
1820
1807
1793
1781
1777
1775
1775
1773
1772
1769
1765
1760
1754
1748
1739
1727
1714
1702
1691
1682
1682
1687
1697
1727
1760
1798
1823
1851
1883
1901
1911
1918
1922
1926
1931
1935
1939
1942
1946
1950
1954
1958
1961
1964
1966
1969
1972
1976
1978
1980
1982
1983
1986
1989
1993
2001
2020
2043
2071
2103
2133
2160
2185
2206
2231
2258
2287
2315
2342
2359
2369
2380
2393
2415
2442
2467
2491
2513
2536
2560
2585
2612
2637
2657
2671
2677
2680
2683
2685
2686
2683
2676
2665
2647
2616
2593
2579
2566
2557
2542
2517
2486
2455
2424
2395
2366
2337
2321
2311
2305
2303
2307
2314
2325
2342
2372
2424
2493
2569
2630
2651
2641
2609
2523
2432
2379
2362
2379
2430
2493
2539
2555
2569
2580
2591
2600
2606
2617
2627
2612
2588
2556
2518
2483
2449
2418
2369
2316
2267
2245
2213
2175
2124
2072
2023
2000
1985
1973
1958
1937
1908
1884
1870
1858
1848
1830
1803
1773
1744
1714
1688
1676
1669
1664
1659
1655
1651
1647
1643
1638
1631
1620
1604
1576
1540
1511
1487
1474
1464
1461
1467
1482
1506
1532
1546
1555
1545
1515
1454
1365
1263
1163
1067
0979
0896
0813
0732
0664
0611
0583
0566
0555
0551
0556
0566
0583
0604
0637
0688
0742
0768
0780
0786
0791
0796
0803
0811
0823
0845
0879
0908
0939
0968
0996
1010
1020
1027
1030
1030
1024
1013
0996
0967
0929
0902
0873
0844
0810
0780
0759
0745
0734
0723
0707
0683
0647
0607
0572
0537
0513
0498
0491
0496
0510
0549
0612
0683
0755
0829
0906
0983
1054
1106
1123
1113
1080
0996
0902
0849
0831
0858
0939
1043
1139
1204
1238
1268
1299
1350
1413
1476
1536
1570
1604
1630
1661
1698
1745
1791
1810
1820
1827
1830
1827
1821
1816
1811
1809
1814
1827
1848
1871
1882
1889
1894
1894
1888
1878
1866
1852
1848
1846
1844
1843
1842
1841
1841
1844
1847
1852
1857
1861
1867
1871
1876
1868
1858
1849
1843
1835
1827
1820
1812
1803
1796
1790
1786
1781
1778
1777
1780
1783
1784
1786
1789
1794
1800
1810
1818
1821
1819
1811
1797
1777
1749
1716
1684
1656
1627
1620
1616
1614
1624
1639
1655
1664
1670
1678
1684
1686
1685
1683
1681
1676
1671
1666
1661
1657
1654
1651
1648
1640
1627
1618
1613
1611
1609
1606
1608
1613
1620
1625
1633
1638
1642
1649
1655
1658
1661
1671
1690
1711
1725
1739
1773
1808
1826
1858
1897
1946
2002
2061
2098
2116
2099
2037
1934
1806
1689
1609
1575
1569
1566
1558
1550
1542
1518
1478
1446
1419
1397
1386
1388
1399
1426
1457
1473
1480
1483
1487
1493
1489
1475
1458
1440
1440
1457
1481
1508
1532
1552
1583
1623
1674
1718
1746
1761
1777
1794
1827
1861
1878
1885
1891
1888
1874
1847
1816
1788
1769
1744
1720
1696
1669
1640
1613
1596
1586
1591
1609
1633
1664
1688
1693
1699
1706
1705
1686
1645
1589
1547
1526
1535
1550
1568
1583
1592
1613
1655
1708
1768
1804
1819
1830
1848
1873
1898
1936
1979
2011
2020
2024
2029
2025
2015
2019
2045
2072
2093
2105
2113
2118
2126
2135
2159
2192
2208
2216
2220
2223
2216
2208
2195
2183
2177
2170
2172
2191
2240
2305
2365
2407
2422
2430
2437
2443
2448
2456
2471
2485
2505
2530
2572
2626
2659
2676
2688
2685
2674
2661
2627
2595
2569
2545
2516
2483
2451
2414
2363
2313
2287
2274
2261
2244
2227
2214
2206
2203
2206
2207
2206
2206
2206
2201
2196
2203
2226
2250
2274
2301
2323
2345
2374
2400
2405
2405
2406
2411
2420
2428
2433
2423
2395
2359
2320
2287
2267
2262
2257
2247
2230
2213
2202
2201
2206
2214
2215
2190
2136
2073
2014
1964
1920
1883
1837
1776
1706
1634
1572
1520
1471
1418
1368
1318
1271
1230
1196
1170
1154
1149
1155
1169
1200
1237
1275
1290
1294
1299
1305
1308
1310
1322
1352
1374
1381
1381
1377
1365
1322
1275
1236
1208
1179
1147
1123
1099
1062
1015
0956
0891
0822
0750
0679
0613
0558
0521
0498
0489
0484
0481
0477
0474
0471
0470
0472
0478
0486
0494
0516
0555
0597
0641
0684
0724
0758
0786
0812
0823
0832
0844
0861
0894
0939
0990
1048
1108
1168
1237
1322
1408
1472
1498
1481
1419
1315
1196
1098
1060
1058
1088
1128
1137
1141
1144
1142
1134
1111
1082
1051
1029
1022
1024
1032
1050
1071
1093
1112
1124
1141
1162
1186
1212
1242
1274
1305
1335
1361
1384
1403
1410
1406
1395
1376
1352
1345
1343
1347
1362
1375
1393
1409
1425
1444
1465
1482
1488
1484
1476
1463
1452
1444
1437
1430
1420
1405
1387
1375
1363
1352
1337
1328
1323
1320
1319
1322
1326
1332
1340
1348
1357
1369
1381
1393
1410
1427
1449
1473
1494
1521
1552
1586
1618
1632
1636
1628
1617
1606
1595
1584
1572
1567
1566
1562
1559
1556
1547
1509
1454
1427
1434
1501
1665
1896
2162
2430
2667
2841
2932
2969
3016
3052
3068
3085
3101
3114
3130
3143
3161
3184
3213
3246
3281
3293
3291
3268
3238
3206
3172
3144
3130
3125
3129
3140
3172
3204
3207
3193
3149
3098
3039
2969
2885
2780
2649
2498
2345
2208
2084
1971
1861
1756
1668
1599
1551
1521
1501
1484
1464
1436
1404
1376
1348
1321
1309
1304
1304
1308
1312
1315
1308
1294
1283
1266
1250
1234
1218
1212
1213
1221
1244
1283
1324
1344
1352
1349
1332
1303
1262
1206
1142
1074
1001
0928
0865
0813
0763
0717
0681
0663
0653
0647
0642
0637
0629
0615
0593
0571
0560
0549
0540
0532
0527
0528
0540
0558
0583
0611
0632
0642
0648
0648
0645
0640
0628
0605
0572
0531
0487
0443
0407
0383
0372
0367
0362
0367
0378
0389
0397
0405
0419
0452
0505
0582
0689
0819
0966
1143
1342
1542
1714
1832
1903
1941
1956
1966
1983
2005
2029
2042
2054
2067
2096
2131
2166
2200
2232
2266
2298
2325
2347
2362
2381
2402
2424
2444
2458
2470
2478
2482
2485
2489
2491
2490
2488
2484
2481
2481
2486
2492
2502
2516
2531
2554
2580
2610
2646
2679
2705
2719
2723
2717
2706
2693
2670
2641
2613
2589
2576
2571
2577
2597
2620
2640
2648
2647
2633
2606
2555
2501
2452
2406
2366
2335
2312
2304
2299
2302
2328
2359
2372
2381
2385
2386
2386
2383
2380
2377
2375
2369
2360
2350
2339
2322
2300
2290
2284
2282
2289
2304
2320
2330
2340
2352
2364
2368
2357
2335
2297
2261
2253
2258
2295
2362
2458
2582
2728
2885
3028
3135
3206
3261
3282
3298
3315
3327
3338
3352
3379
3420
3458
3471
3472
3456
3406
3343
3278
3210
3149
3098
3059
3030
3007
2983
2958
2927
2884
2837
2803
2781
2765
2745
2734
2732
2735
2745
2766
2794
2812
2813
2814
2817
2823
2832
2839
2845
2850
2850
2851
2861
2884
2911
2925
2938
2947
2949
2947
2946
2947
2949
2949
2950
2950
2954
2961
2967
2972
2981
2991
2997
2999
2991
2982
2975
2971
2967
2964
2961
2949
2925
2914
2908
2907
2901
2881
2856
2844
2840
2844
2865
2898
2945
3014
3104
3208
3311
3392
3426
3423
3369
3277
3165
3050
2957
2905
2894
2898
2928
2956
2966
2971
2973
2962
2928
2872
2800
2718
2640
2568
2495
2423
2362
2312
2271
2240
2210
2176
2137
2095
2059
2030
1996
1951
1911
1887
1868
1857
1851
1848
1846
1846
1847
1856
1869
1881
1880
1871
1854
1827
1815
1810
1816
1837
1860
1885
1922
1963
2004
2030
2043
2038
2018
1983
1942
1891
1830
1774
1733
1713
1706
1698
1688
1666
1642
1624
1621
1623
1619
1597
1566
1539
1519
1509
1501
1491
1471
1450
1444
1432
1414
1385
1332
1261
1180
1091
1003
0923
0857
0800
0759
0742
0732
0738
0764
0806
0860
0922
0987
1055
1122
1182
1210
1206
1155
1044
0901
0744
0596
0479
0394
0337
0295
0262
0235
0206
0179
0137
0086
0033
0000
0000
0021
0081
0162
0240
0299
0347
0382
0400
0404
0406
0409
0408
0409
0413
0419
0427
0441
0457
0481
0508
0525
0534
0530
0511
0496
0476
0457
0431
0395
0352
0327
0322
0331
0343
0362
0379
0389
0408
0444
0486
0520
0542
0561
0584
0604
0619
0635
0658
0682
0707
0743
0794
0851
0909
0972
1049
1129
1196
1238
1250
1244
1220
1180
1135
1087
1051
1035
1047
1086
1140
1190
1229
1249
1260
1270
1280
1292
1315
1355
1403
1445
1466
1463
1449
1444
1448
1447
1438
1423
1400
1373
1348
1323
1298
1284
1281
1290
1316
1335
1342
1342
1337
1332
1327
1319
1306
1299
1301
1316
1346
1383
1416
1438
1450
1463
1475
1484
1491
1501
1515
1528
1541
1559
1572
1577
1579
1576
1564
1551
1539
1535
1538
1543
1552
1564
1579
1589
1600
1613
1630
1642
1650
1658
1678
1704
1729
1745
1755
1759
1762
1768
1772
1773
1772
1771
1773
1782
1792
1793
1790
1794
1809
1827
1842
1852
1857
1858
1861
1854
1820
1769
1715
1678
1666
1666
1678
1713
1769
1832
1883
1904
1906
1903
1902
1906
1908
1902
1897
1901
1908
1915
1923
1927
1925
1920
1918
1919
1916
1915
1908
1896
1893
1893
1894
1894
1892
1895
1898
1905
1921
1932
1938
1941
1940
1938
1942
1958
1982
2003
2017
2031
2046
2060
2067
2068
2069
2071
2072
2074
2078
2087
2091
2087
2074
2069
2072
2078
2078
2075
2078
2088
2099
2113
2120
2117
2105
2094
2086
2077
2061
2051
2047
2048
2054
2059
2062
2064
2064
2064
2065
2064
2066
2067
2071
2081
2094
2108
2124
2134
2142
2145
2144
2145
2141
2132
2133
2150
2177
2218
2257
2291
2319
2341
2346
2342
2327
2305
2275
2260
2254
2255
2257
2257
2257
2257
2254
2245
2228
2206
2184
2165
2147
2127
2101
2071
2036
1997
1960
1925
1889
1855
1822
1793
1769
1761
1759
1755
1757
1777
1813
1869
1934
1987
2013
2016
1982
1911
1810
1698
1593
1516
1497
1508
1550
1562
1553
1519
1504
1502
1510
1511
1514
1517
1513
1504
1491
1478
1470
1459
1436
1399
1357
1318
1288
1269
1261
1248
1236
1220
1208
1202
1198
1193
1192
1198
1216
1241
1267
1292
1318
1345
1381
1419
1451
1481
1507
1531
1555
1576
1593
1607
1622
1644
1671
1698
1721
1736
1744
1745
1744
1740
1739
1739
1741
1746
1756
1766
1776
1781
1784
1790
1793
1792
1789
1790
1795
1793
1783
1772
1769
1762
1749
1734
1723
1722
1720
1719
1725
1725
1719
1715
1717
1720
1718
1707
1696
1691
1702
1711
1716
1724
1727
1725
1724
1725
1722
1715
1705
1703
1708
1722
1733
1740
1742
1742
1742
1736
1726
1711
1701
1694
1688
1681
1676
1666
1657
1647
1638
1630
1622
1603
1583
1562
1549
1539
1530
1516
1497
1475
1464
1461
1462
1464
1458
1452
1447
1441
1438
1439
1440
1440
1440
1440
1437
1433
1431
1429
1427
1431
1440
1447
1459
1477
1502
1528
1551
1566
1579
1590
1609
1637
1670
1700
1725
1745
1766
1776
1779
1776
1774
1775
1774
1777
1785
1795
1806
1817
1834
1846
1847
1850
1854
1870
1893
1906
1911
1911
1909
1910
1916
1925
1918
1899
1884
1877
1875
1878
1887
1905
1942
2000
2083
2182
2270
2324
2332
2322
2274
2200
2121
2046
1981
1939
1925
1931
1945
1977
1994
1996
1997
2002
2005
2003
1996
1985
1963
1948
1942
1938
1930
1916
1897
1874
1861
1858
1860
1855
1837
1814
1794
1776
1766
1756
1744
1719
1695
1686
1682
1675
1657
1637
1623
1615
1612
1611
1610
1606
1603
1612
1643
1675
1700
1712
1723
1732
1741
1750
1752
1750
1749
1741
1735
1729
1724
1721
1722
1723
1727
1732
1739
1751
1764
1778
1787
1790
1792
1790
1790
1793
1801
1814
1830
1844
1854
1864
1875
1888
1912
1937
1964
1981
1993
2000
2004
2006
2007
2009
2010
2006
1999
1992
1990
2007
2025
2036
2040
2037
2034
2036
2044
2063
2083
2097
2105
2108
2113
2117
2118
2118
2122
2118
2110
2100
2091
2084
2080
2075
2071
2064
2056
2049
2045
2045
2044
2040
2031
2015
1995
1977
1962
1945
1932
1922
1917
1920
1931
1945
1962
1974
1984
2000
2025
2056
2068
2070
2068
2066
2065
2066
2069
2071
2071
2067
2065
2067
2074
2090
2110
2128
2135
2139
2139
2140
2140
2139
2135
2130
2121
2103
2088
2080
2074
2067
2054
2044
2037
2028
2016
2006
2001
1998
1993
1992
1996
2003
2006
2006
2003
1996
1984
1972
1963
1959
1971
2010
2079
2169
2257
2329
2355
2351
2298
2215
2111
2009
1930
1902
1893
1907
1918
1925
1932
1939
1945
1949
1945
1937
1926
1907
1885
1866
1855
1844
1837
1835
1840
1846
1851
1859
1866
1869
1869
1868
1867
1864
1858
1853
1852
1854
1854
1855
1857
1860
1862
1866
1874
1885
1895
1903
1909
1912
1915
1920
1921
1911
1898
1879
1859
1843
1829
1813
1805
1800
1795
1793
1793
1793
1792
1789
1780
1766
1758
1755
1753
1752
1752
1751
1752
1756
1762
1772
1787
1797
1802
1806
1810
1817
1823
1823
1823
1827
1833
1839
1844
1849
1854
1857
1861
1873
1894
1911
1916
1918
1922
1928
1941
1957
1969
1979
1987
1991
1994
1997
2000
2001
2000
2000
2001
2004
2004
2002
2000
2000
1995
1993
1992
1990
1989
1988
1986
1985
1982
1977
1973
1970
1966
1963
1961
1959
1956
1952
1947
1945
1945
1946
1949
1952
1955
1960
1964
1965
1962
1956
1950
1939
1928
1915
1896
1880
1870
1861
1854
1844
1828
1811
1798
1788
1779
1760
1771
1810
1883
1996
2101
2175
2201
2202
2183
2135
2071
2078
1966
1999
2189
2478
2840
3184
3552
3827
3945
3930
3772
3400
2889
2298
1937
1737
1648
1668
1759
2074
2438
2935
3479
3848
4061
4095
3806
3365
2917
2414
2148
2247
2487
2890
3165
3212
3052
2688
2257
1836
1483
1196
0993
0936
0962
0980
1003
1037
1059
1075
1089
1102
1115
1125
1135
1141
1155
1162
1178
1253
1361
1477
1604
1841
2063
2257
2491
2627
2778
2963
3108
3264
3430
3533
3535
3440
3337
3189
2967
2735
2380
2017
1727
1457
1266
1171
1132
1113
1117
1131
1146
1156
1152
1145
1142
1149
1152
1152
1158
1165
1169
1172
1176
1183
1190
1196
1200
1204
1216
1233
1240
1241
1244
1247
1252
1255
1258
1261
1265
1269
1271
1273
1277
1284
1288
1290
1290
1290
1290
1286
1281
1288
1297
1303
1311
1320
1329
1339
1350
1359
1366
1371
1376
1381
1386
1389
1396
1400
1405
1410
1414
1420
1430
1447
1458
1463
1467
1470
1474
1477
1480
1484
1488
1492
1497
1501
1508
1534
1628
1730
1822
1905
1969
2000
1999
1966
1874
1748
1603
1532
1523
1549
1576
1585
1573
1561
1551
1544
1538
1518
1468
1451
1462
1494
1539
1603
1698
1805
1898
1940
1942
1908
1847
1779
1710
1657
1637
1632
1628
1627
1627
1629
1632
1637
1641
1644
1647
1650
1654
1657
1658
1657
1655
1651
1647
1643
1638
1631
1626
1627
1633
1640
1648
1657
1665
1671
1681
1695
1702
1705
1708
1710
1712
1714
1715
1716
1718
1718
1720
1721
1722
1722
1722
1722
1724
1725
1727
1732
1734
1728
1716
1705
1692
1683
1676
1671
1667
1663
1660
1657
1657
1659
1662
1666
1671
1677
1688
1702
1711
1717
1722
1725
1729
1733
1736
1739
1743
1749
1760
1771
1779
1786
1791
1795
1800
1803
1805
1808
1810
1813
1816
1819
1821
1823
1827
1833
1841
1851
1855
1857
1859
1861
1863
1864
1865
1867
1870
1871
1873
1874
1877
1879
1882
1889
1903
1915
1922
1926
1930
1934
1936
1939
1942
1944
1945
1947
1949
1951
1953
1958
1962
1962
1958
1952
1949
1944
1939
1935
1928
1924
1919
1916
1913
1911
1908
1907
1905
1903
1902
1901
1898
1897
1894
1891
1887
1881
1876
1871
1860
1844
1830
1820
1819
1825
1840
1889
1965
2064
2167
2244
2258
2249
2185
2098
2016
1954
1927
1917
1918
1927
1942
1956
1962
1966
1969
1969
1967
1963
1958
1952
1944
1939
1935
1932
1929
1926
1924
1923
1924
1926
1930
1933
1935
1938
1940
1942
1945
1948
1951
1953
1955
1958
1961
1963
1965
1967
1969
1972
1974
1976
1978
1978
1978
1976
1975
1973
1971
1969
1967
1966
1963
1960
1958
1955
1952
1949
1944
1938
1928
1917
1902
1885
1872
1861
1850
1837
1820
1802
1784
1766
1754
1743
1732
1722
1714
1706
1698
1688
1681
1676
1671
1664
1655
1640
1621
1604
1588
1574
1559
1545
1526
1511
1503
1498
1494
1491
1488
1485
1481
1474
1463
1453
1445
1438
1432
1427
1423
1420
1416
1416
1416
1420
1423
1427
1430
1433
1437
1442
1447
1451
1456
1459
1462
1464
1467
1469
1471
1471
1473
1474
1476
1477
1478
1479
1481
1483
1488
1494
1501
1513
1531
1549
1568
1588
1610
1631
1654
1669
1678
1684
1688
1691
1694
1697
1701
1707
1715
1726
1741
1765
1799
1844
1904
1976
2056
2135
2197
2223
2196
2120
2019
1921
1870
1853
1871
1893
1911
1912
1898
1882
1867
1875
1889
1911
1926
1934
1939
1942
1944
1947
1949
1952
1954
1957
1962
1968
1975
1983
1987
1990
1992
1994
1996
1999
2001
2003
2005
2006
2008
2010
2013
2015
2018
2024
2030
2035
2041
2049
2054
2057
2059
2061
2063
2063
2061
2057
2052
2047
2039
2032
2025
2019
2013
2010
2005
2001
1997
1989
1974
1967
1965
1963
1962
1960
1959
1957
1955
1954
1953
1952
1951
1950
1951
1952
1953
1955
1956
1959
1961
1963
1966
1968
1970
1972
1976
1979
1988
1996
2001
2005
2008
2011
2013
2016
2018
2020
2023
2027
2030
2033
2036
2040
2044
2048
2052
2054
2053
2050
2046
2043
2040
2038
2035
2033
2030
2027
2025
2023
2020
2016
2013
2009
2002
1988
1975
1966
1962
1957
1953
1949
1945
1941
1937
1933
1931
1928
1925
1923
1921
1918
1915
1911
1908
1905
1900
1894
1884
1874
1864
1856
1849
1843
1842
1844
1850
1866
1913
1983
2067
2153
2220
2230
2211
2115
1989
1875
1789
1756
1745
1762
1790
1807
1813
1816
1816
1806
1797
1791
1784
1778
1771
1764
1757
1749
1742
1737
1735
1733
1731
1728
1726
1724
1722
1722
1721
1720
1719
1719
1719
1721
1722
1724
1725
1725
1727
1728
1730
1733
1738
1746
1749
1751
1753
1755
1756
1758
1758
1756
1753
1749
1744
1738
1728
1719
1710
1699
1688
1674
1664
1657
1650
1644
1638
1633
1629
1624
1619
1614
1610
1606
1604
1602
1600
1597
1596
1596
1598
1602
1606
1610
1613
1615
1617
1620
1621
1623
1624
1625
1627
1628
1630
1631
1633
1633
1635
1636
1637
1639
1640
1642
1643
1646
1650
1653
1654
1654
1652
1649
1647
1645
1644
1642
1640
1639
1637
1635
1633
1631
1630
1628
1626
1625
1623
1622
1620
1616
1613
1610
1606
1603
1599
1594
1587
1579
1572
1568
1565
1562
1560
1559
1557
1557
1558
1559
1562
1565
1567
1570
1573
1576
1579
1582
1585
1587
1589
1593
1599
1620
1663
1725
1793
1855
1908
1950
1967
1966
1939
1889
1826
1755
1698
1678
1678
1701
1741
1778
1791
1795
1799
1800
1797
1793
1787
1781
1777
1773
1769
1766
1766
1775
1786
1804
1823
1840
1850
1856
1862
1870
1878
1888
1895
1903
1911
1921
1927
1931
1934
1936
1939
1942
1944
1946
1951
1960
1973
1979
1982
1984
1983
1980
1974
1968
1959
1945
1934
1928
1922
1918
1914
1910
1908
1906
1905
1903
1902
1901
1899
1898
1898
1898
1897
1895
1894
1894
1893
1892
1891
1888
1886
1883
1881
1878
1874
1866
1853
1846
1842
1839
1837
1837
1839
1841
1844
1849
1860
1867
1871
1874
1878
1883
1888
1894
1903
1910
1916
1922
1926
1928
1929
1931
1932
1932
1930
1928
1924
1919
1911
1906
1901
1898
1896
1898
1902
1906
1909
1912
1914
1913
1911
1908
1902
1891
1883
1879
1877
1874
1871
1869
1867
1866
1864
1862
1857
1850
1847
1846
1844
1844
1843
1843
1844
1847
1852
1860
1873
1894
1932
1993
2061
2124
2158
2157
2120
2047
1968
1906
1879
1870
1869
1873
1875
1877
1878
1879
1880
1879
1878
1876
1872
1861
1837
1829
1824
1827
1839
1850
1858
1863
1865
1866
1864
1860
1854
1847
1837
1835
1834
1833
1833
1833
1833
1833
1833
1834
1837
1840
1846
1857
1864
1870
1871
1870
1867
1865
1864
1862
1861
1858
1857
1854
1852
1850
1847
1844
1841
1837
1831
1823
1813
1798
1786
1780
1776
1768
1762
1757
1754
1752
1752
1752
1752
1753
1753
1754
1755
1755
1755
1756
1756
1757
1757
1756
1755
1755
1754
1752
1751
1749
1748
1746
1745
1743
1740
1737
1735
1732
1733
1734
1736
1739
1742
1745
1749
1754
1756
1758
1759
1760
1761
1762
1762
1762
1759
1756
1753
1752
1749
1746
1742
1737
1731
1725
1719
1713
1709
1706
1699
1689
1685
1684
1683
1681
1681
1681
1681
1681
1681
1681
1680
1679
1679
1679
1680
1679
1679
1679
1678
1678
1678
1676
1673
1684
1718
1766
1827
1898
1961
2004
2022
2018
1980
1908
1831
1764
1732
1719
1719
1728
1752
1779
1805
1813
1820
1817
1803
1790
1773
1761
1755
1750
1748
1749
1753
1756
1760
1759
1751
1743
1735
1732
1729
1728
1726
1725
1723
1722
1722
1723
1725
1729
1733
1742
1755
1772
1793
1816
1837
1849
1857
1862
1867
1873
1877
1880
1883
1885
1886
1885
1884
1881
1879
1878
1875
1873
1871
1869
1870
1871
1874
1876
1879
1884
1884
1874
1863
1854
1861
1873
1886
1895
1901
1907
1912
1916
1918
1922
1924
1927
1931
1933
1935
1937
1939
1942
1943
1945
1946
1948
1949
1950
1954
1959
1964
1970
1974
1976
1979
1981
1983
1983
1983
1983
1980
1978
1975
1968
1956
1949
1943
1943
1948
1951
1952
1955
1955
1955
1953
1951
1945
1931
1913
1891
1880
1874
1871
1867
1865
1862
1860
1857
1853
1851
1853
1857
1860
1864
1868
1874
1878
1884
1886
1883
1875
1862
1849
1841
1836
1840
1854
1881
1922
1978
2047
2125
2197
2244
2250
2227
2144
2030
1913
1820
1783
1781
1814
1851
1871
1877
1867
1857
1851
1846
1844
1840
1836
1826
1816
1808
1803
1797
1793
1793
1800
1806
1810
1813
1816
1815
1813
1812
1811
1810
1810
1810
1809
1808
1807
1806
1803
1801
1798
1793
1782
1776
1773
1771
1768
1766
1762
1759
1753
1745
1739
1732
1727
1724
1722
1721
1719
1717
1714
1709
1701
1690
1671
1652
1642
1631
1623
1619
1616
1615
1617
1623
1627
1629
1632
1634
1637
1640
1641
1645
1651
1664
1676
1682
1686
1688
1691
1693
1691
1684
1675
1662
1652
1647
1642
1638
1637
1636
1635
1633
1633
1631
1630
1629
1627
1625
1623
1620
1619
1616
1613
1608
1603
1600
1599
1598
1597
1596
1595
1597
1602
1606
1609
1613
1615
1617
1620
1621
1623
1624
1626
1626
1626
1623
1620
1616
1610
1603
1601
1600
1599
1597
1597
1596
1597
1597
1597
1598
1599
1600
1600
1593
1582
1567
1550
1539
1532
1528
1535
1554
1585
1622
1653
1664
1653
1620
1528
1388
1217
1038
0877
0766
0731
0772
0873
1002
1140
1261
1339
1378
1403
1428
1452
1476
1505
1535
1563
1587
1610
1624
1641
1657
1670
1678
1684
1692
1705
1720
1735
1749
1762
1776
1788
1800
1810
1815
1816
1818
1820
1821
1823
1825
1827
1829
1833
1845
1856
1864
1872
1884
1893
1898
1901
1901
1894
1882
1870
1861
1849
1841
1838
1835
1833
1830
1830
1830
1831
1833
1835
1837
1838
1840
1843
1845
1848
1850
1852
1854
1854
1856
1858
1859
1861
1861
1862
1864
1867
1870
1872
1874
1875
1877
1881
1884
1888
1890
1888
1886
1883
1880
1878
1875
1872
1868
1863
1857
1852
1847
1840
1835
1830
1825
1821
1817
1813
1806
1802
1800
1797
1796
1794
1793
1793
1797
1804
1810
1816
1821
1823
1822
1817
1813
1810
1806
1804
1801
1800
1798
1798
1799
1800
1803
1806
1810
1816
1824
1832
1840
1853
1870
1880
1885
1889
1888
1883
1874
1866
1855
1847
1841
1833
1824
1815
1808
1802
1798
1797
1801
1809
1831
1881
1945
2016
2083
2137
2150
2141
2080
1989
1887
1796
1758
1745
1755
1785
1810
1820
1818
1808
1800
1793
1789
1788
1790
1793
1794
1797
1797
1792
1786
1782
1778
1778
1783
1788
1791
1793
1794
1796
1798
1800
1803
1805
1807
1810
1812
1814
1817
1821
1825
1829
1833
1837
1839
1842
1844
1847
1849
1850
1851
1851
1852
1852
1851
1850
1848
1847
1844
1841
1838
1835
1830
1826
1821
1816
1810
1803
1793
1788
1784
1780
1776
1773
1774
1776
1779
1781
1780
1772
1766
1763
1760
1758
1757
1755
1755
1755
1756
1757
1759
1759
1759
1760
1761
1762
1762
1763
1763
1762
1762
1762
1762
1762
1762
1762
1762
1762
1763
1763
1763
1762
1761
1759
1759
1758
1757
1756
1755
1755
1755
1755
1755
1754
1753
1752
1751
1749
1748
1746
1744
1742
1742
1740
1739
1737
1735
1733
1731
1728
1724
1720
1716
1713
1709
1706
1704
1702
1700
1698
1696
1694
1692
1690
1688
1685
1684
1681
1679
1676
1673
1666
1661
1660
1663
1669
1687
1722
1775
1848
1933
2011
2055
2057
2024
1943
1844
1753
1716
1704
1718
1735
1750
1759
1769
1784
1800
1812
1817
1820
1820
1810
1801
1793
1784
1777
1770
1765
1760
1758
1756
1755
1755
1755
1755
1755
1756
1759
1763
1767
1770
1772
1775
1777
1779
1781
1783
1784
1784
1783
1782
1781
1780
1779
1777
1774
1773
1776
1778
1779
1781
1781
1779
1776
1771
1763
1748
1733
1724
1719
1717
1715
1715
1714
1713
1711
1711
1709
1708
1707
1705
1704
1702
1701
1699
1696
1692
1690
1689
1689
1691
1693
1697
1710
1721
1725
1729
1733
1735
1737
1739
1739
1740
1741
1743
1746
1751
1756
1762
1768
1773
1778
1783
1790
1800
1808
1814
1819
1823
1825
1829
1835
1844
1853
1862
1868
1876
1888
1903
1916
1925
1929
1933
1939
1945
1950
1956
1961
1963
1965
1967
1969
1968
1961
1951
1938
1929
1925
1922
1918
1914
1911
1908
1905
1902
1900
1899
1900
1901
1905
1908
1912
1918
1922
1919
1914
1905
1892
1881
1874
1878
1891
1919
1958
2008
2070
2139
2207
2253
2260
2246
2193
2101
1989
1898
1854
1850
1870
1914
1936
1944
1936
1914
1894
1888
1885
1885
1890
1896
1899
1901
1904
1906
1908
1909
1910
1910
1911
1910
1909
1908
1907
1905
1902
1899
1896
1890
1886
1889
1895
1901
1908
1914
1919
1928
1942
1959
1975
1983
1988
1991
1993
1993
1993
1990
1987
1985
1983
1980
1978
1976
1973
1972
1971
1969
1967
1965
1963
1961
1959
1955
1952
1953
1955
1955
1957
1958
1959
1959
1959
1961
1962
1962
1955
1950
1945
1942
1937
1932
1928
1923
1917
1911
1904
1898
1894
1891
1888
1886
1884
1881
1879
1878
1876
1874
1872
1869
1866
1861
1857
1851
1845
1840
1835
1831
1827
1822
1818
1814
1812
1810
1808
1806
1804
1803
1800
1799
1797
1796
1793
1792
1788
1783
1779
1774
1769
1765
1761
1758
1754
1751
1749
1746
1744
1741
1737
1732
1728
1722
1715
1709
1703
1698
1694
1691
1689
1687
1685
1684
1683
1682
1682
1682
1683
1685
1688
1691
1697
1705
1733
1793
1872
1966
2059
2122
2130
2108
2026
1918
1810
1733
1701
1698
1718
1751
1777
1786
1786
1776
1772
1769
1768
1766
1766
1766
1765
1764
1763
1762
1761
1760
1759
1759
1759
1759
1759
1759
1759
1759
1759
1759
1759
1759
1758
1755
1755
1758
1766
1772
1779
1786
1791
1796
1804
1814
1821
1825
1828
1830
1832
1833
1833
1831
1827
1822
1817
1814
1811
1808
1804
1801
1798
1795
1793
1791
1789
1786
1783
1777
1767
1762
1759
1755
1754
1758
1766
1776
1786
1793
1802
1813
1823
1830
1839
1844
1848
1851
1855
1860
1864
1867
1871
1874
1878
1881
1883
1885
1887
1889
1891
1893
1895
1897
1898
1901
1903
1906
1908
1912
1917
1921
1924
1925
1927
1928
1930
1932
1932
1928
1922
1915
1905
1897
1878
1857
1828
1796
1766
1740
1718
1696
1682
1667
1655
1646
1640
1635
1628
1620
1607
1586
1574
1561
1549
1542
1537
1533
1530
1527
1525
1522
1521
1518
1517
1516
1515
1513
1511
1510
1508
1505
1502
1498
1491
1482
1477
1474
1470
1471
1482
1511
1556
1616
1684
1757
1825
1876
1889
1881
1830
1749
1656
1578
1545
1534
1541
1563
1578
1583
1576
1557
1546
1543
1541
1539
1539
1539
1539
1539
1538
1538
1539
1539
1540
1541
1542
1544
1545
1546
1548
1549
1550
1549
1547
1545
1542
1538
1543
1553
1564
1574
1585
1596
1610
1627
1637
1642
1646
1640
1631
1620
1603
1579
1555
1530
1518
1510
1504
1501
1505
1511
1523
1536
1542
1545
1548
1548
1545
1542
1535
1524
1515
1508
1501
1495
1491
1487
1481
1477
1473
1469
1464
1459
1454
1446
1437
1427
1422
1418
1415
1412
1410
1408
1406
1405
1403
1400
1398
1398
1400
1403
1406
1413
1425
1433
1437
1440
1444
1448
1452
1457
1465
1472
1481
1494
1508
1523
1549
1570
1584
1600
1617
1637
1656
1674
1688
1698
1710
1721
1735
1751
1766
1779
1793
1810
1825
1841
1856
1870
1884
1893
1898
1901
1904
1906
1908
1911
1916
1927
1936
1942
1949
1955
1961
1964
1967
1971
1974
1976
1979
1982
1988
2002
2015
2024
2029
2031
2032
2033
2033
2036
2037
2040
2044
2048
2067
2102
2148
2206
2280
2356
2422
2456
2453
2405
2308
2196
2097
2049
2033
2042
2072
2109
2140
2152
2159
2165
2164
2158
2148
2139
2134
2131
2129
2132
2139
2143
2148
2151
2155
2157
2160
2163
2166
2170
2173
2177
2181
2184
2186
2189
2193
2196
2201
2206
2209
2213
2216
2219
2221
2222
2223
2223
2223
2223
2223
2224
2224
2225
2225
2225
2225
2222
2217
2213
2209
2203
2199
2193
2188
2183
2179
2175
2171
2167
2163
2159
2156
2152
2149
2145
2142
2139
2134
2131
2127
2124
2121
2117
2114
2111
2108
2106
2105
2103
2101
2100
2098
2098
2097
2095
2095
2094
2094
2093
2092
2092
2091
2091
2091
2090
2088
2087
2086
2084
2072
2032
1969
1887
