1281
1282
1283
1285
1287
1290
1293
1295
1298
1307
1319
1324
1327
1330
1331
1333
1336
1337
1337
1338
1340
1344
1347
1349
1353
1356
1361
1370
1389
1402
1413
1422
1428
1421
1411
1405
1400
1397
1393
1391
1389
1387
1386
1385
1386
1388
1390
1392
1393
1395
1398
1402
1409
1416
1423
1432
1441
1452
1463
1479
1506
1548
1591
1629
1657
1677
1699
1730
1760
1775
1782
1789
1797
1804
1815
1858
1905
1956
2009
2035
2050
2061
2061
2045
2000
1954
1906
1854
1825
1803
1786
1768
1745
1718
1670
1606
1530
1454
1381
1305
1236
1181
1148
1117
1087
1067
1054
1042
1030
1021
1013
1006
1004
1008
1016
1022
1025
1027
1029
1030
1031
1033
1037
1041
1045
1049
1053
1056
1060
1064
1068
1072
1076
1083
1090
1096
1101
1103
1101
1098
1092
1084
1067
1030
0996
0971
0951
0932
0914
0902
0890
0880
0880
0894
0915
0942
0959
0968
0975
0984
0996
1016
1046
1070
1089
1107
1130
1160
1190
1220
1239
1249
1259
1273
1289
1318
1361
1401
1438
1494
1555
1620
1681
1722
1736
1719
1692
1661
1609
1552
1477
1399
1335
1281
1263
1259
1258
1257
1257
1258
1258
1258
1257
1256
1254
1253
1254
1254
1254
1254
1255
1256
1257
1257
1255
1253
1251
1255
1266
1276
1280
1285
1290
1296
1301
1304
1307
1308
1309
1309
1308
1306
1304
1302
1300
1299
1298
1297
1297
1297
1297
1297
1296
1295
1294
1293
1293
1294
1294
1294
1293
1292
1290
1287
1284
1281
1277
1273
1268
1262
1250
1239
1237
1244
1252
1260
1269
1277
1289
1302
1328
1356
1388
1433
1497
1572
1645
1689
1704
1709
1704
1688
1646
1574
1475
1365
1268
1199
1174
1162
1154
1166
1205
1273
1361
1454
1536
1606
1666
1721
1779
1828
1844
1832
1798
1732
1653
1567
1477
1377
1268
1154
1052
0986
0958
0939
0918
0883
0838
0787
0765
0755
0749
0744
0742
0741
0745
0751
0758
0767
0777
0784
0778
0770
0763
0758
0754
0750
0743
0733
0722
0707
0689
0676
0666
0653
0624
0602
0590
0582
0574
0572
0572
0576
0581
0587
0595
0607
0628
0646
0669
0698
0727
0755
0783
0811
0827
0835
0841
0847
0856
0863
0872
0890
0921
0951
0979
1006
1029
1040
1045
1049
1053
1057
1061
1065
1084
1144
1220
1307
1409
1525
1651
1776
1899
2023
2137
2242
2351
2467
2582
2692
2795
2888
2973
3057
3137
3205
3263
3283
3294
3290
3249
3178
3077
2943
2782
2603
2411
2217
2033
1889
1822
1799
1826
1904
2033
2189
2352
2514
2670
2809
2910
2961
2980
2982
2971
2940
2890
2820
2717
2577
2405
2212
2013
1815
1627
1456
1307
1191
1106
1049
1017
0985
0953
0921
0887
0853
0822
0794
0768
0748
0734
0737
0767
0850
1024
1261
1540
1850
2171
2480
2767
3026
3248
3408
3488
3525
3553
3585
3648
3736
3852
3975
4065
4094
4082
4042
3928
3762
3550
3302
3037
2767
2508
2284
2102
1947
1812
1693
1585
1490
1409
1337
1271
1207
1146
1087
1036
0988
0935
0881
0826
0794
0774
0762
0754
0751
0752
0756
0761
0766
0772
0771
0754
0732
0699
0662
0625
0587
0555
0533
0516
0500
0480
0453
0428
0410
0400
0386
0365
0340
0313
0290
0277
0264
0254
0236
0208
0185
0171
0159
0149
0136
0121
0099
0081
0067
0057
0049
0041
0038
0035
0033
0032
0031
0030
0029
0028
0027
0025
0022
0020
0018
0017
0016
0016
0015
0015
0014
0012
0009
0006
0003
0001
0000
0001
0003
0006
0011
0018
0026
0037
0048
0057
0067
0086
0114
0143
0171
0188
0196
0203
0212
0222
0232
0247
0269
0284
0303
0333
0369
0405
0436
0459
0477
0491
0501
0515
0531
0548
0569
0588
0604
0617
0630
0641
0653
0665
0677
0687
0700
0716
0737
0765
0797
0829
0858
0880
0898
0921
0942
0963
0981
0996
1007
1018
1025
1032
1039
1044
1046
1045
1042
1038
1033
1028
1026
1032
1046
1068
1101
1139
1178
1218
1259
1293
1317
1330
1340
1346
1354
1365
1377
1398
1428
1473
1525
1580
1632
1671
1686
1691
1684
1667
1640
1606
1585
1573
1568
1577
1595
1611
1627
1641
1652
1660
1666
1672
1677
1681
1682
1680
1675
1669
1663
1653
1639
1623
1601
1571
1544
1524
1510
1502
1496
1491
1491
1500
1513
1526
1542
1557
1575
1584
1593
1600
1606
1611
1612
1612
1611
1608
1606
1604
1602
1599
1596
1595
1596
1602
1612
1626
1653
1678
1697
1715
1732
1749
1765
1773
1776
1778
1780
1781
1782
1783
1784
1786
1789
1792
1795
1797
1798
1799
1801
1802
1804
1806
1808
1813
1821
1826
1828
1825
1820
1814
1810
1806
1801
1797
1791
1786
1782
1779
1775
1768
1762
1749
1717
1680
1644
1607
1577
1566
1560
1556
1553
1551
1549
1547
1545
1542
1539
1536
1533
1531
1528
1525
1521
1514
1500
1486
1476
1469
1465
1462
1459
1456
1454
1452
1450
1464
1463
1456
1445
1435
1427
1419
1419
1421
1423
1423
1420
1418
1419
1415
1409
1402
1393
1388
1385
1381
1379
1383
1391
1405
1418
1430
1446
1460
1465
1469
1475
1486
1496
1503
1508
1515
1516
1509
1496
1479
1463
1452
1443
1437
1431
1425
1420
1415
1411
1410
1410
1409
1405
1406
1410
1410
1406
1400
1397
1395
1393
1391
1389
1390
1389
1384
1379
1379
1377
1374
1371
1370
1372
1370
1364
1356
1349
1343
1340
1341
1344
1346
1349
1353
1351
1342
1328
1315
1307
1302
1297
1297
1300
1301
1298
1292
1287
1284
1281
1283
1291
1302
1309
1315
1322
1327
1322
1308
1293
1281
1268
1252
1234
1228
1226
1222
1221
1220
1217
1215
1211
1210
1211
1208
1199
1189
1180
1169
1162
1162
1168
1178
1190
1207
1227
1244
1262
1286
1318
1351
1384
1417
1453
1481
1494
1501
1498
1486
1471
1459
1454
1454
1458
1467
1486
1513
1545
1563
1562
1546
1505
1440
1364
1287
1221
1166
1151
1142
1135
1123
1107
1083
1064
1052
1040
1022
0998
0976
0964
0958
0953
0949
0948
0953
0962
0974
0984
0988
0990
0990
0985
0975
0968
0964
0964
0970
0979
0993
1004
1008
1009
1009
1007
1000
0992
0990
0994
0997
0997
1000
1006
1017
1022
1024
1029
1041
1053
1063
1067
1071
1077
1085
1091
1093
1095
1099
1105
1112
1120
1130
1138
1141
1140
1144
1151
1156
1166
1188
1210
1231
1256
1281
1295
1299
1298
1296
1297
1299
1299
1292
1281
1270
1262
1261
1269
1277
1289
1302
1316
1328
1337
1333
1324
1310
1293
1277
1261
1238
1225
1215
1209
1203
1197
1192
1190
1191
1201
1213
1227
1239
1252
1270
1284
1289
1280
1268
1255
1239
1218
1228
1223
1218
1214
1211
1208
1206
1206
1207
1208
1211
1215
1218
1223
1227
1231
1235
1239
1243
1246
1250
1253
1256
1258
1259
1260
1258
1255
1251
1245
1239
1233
1227
1222
1216
1212
1209
1206
1204
1202
1202
1201
1200
1199
1198
1198
1198
1199
1200
1200
1201
1201
1201
1200
1199
1199
1199
1201
1203
1206
1209
1213
1215
1217
1220
1221
1222
1223
1225
1228
1231
1235
1239
1243
1246
1248
1250
1252
1254
1256
1259
1260
1262
1264
1267
1268
1270
1272
1276
1278
1280
1281
1282
1283
1284
1284
1285
1287
1291
1294
1297
1300
1302
1304
1305
1305
1306
1308
1309
1308
1303
1296
1291
1284
1278
1272
1268
1267
1267
1267
1267
1267
1268
1269
1271
1274
1276
1280
1284
1290
1295
1300
1304
1309
1314
1320
1327
1336
1343
1350
1354
1356
1360
1363
1367
1373
1390
1431
1476
1520
1565
1605
1642
1676
1693
1700
1707
1712
1720
1729
1734
1740
1747
1764
1802
1830
1848
1856
1850
1831
1773
1694
1612
1550
1532
1521
1509
1501
1491
1474
1442
1416
1398
1370
1353
1343
1332
1324
1317
1310
1305
1300
1294
1289
1282
1277
1273
1268
1261
1254
1248
1240
1232
1224
1215
1207
1197
1185
1174
1160
1144
1128
1112
1096
1084
1077
1073
1069
1067
1065
1063
1061
1059
1059
1060
1063
1067
1073
1082
1089
1097
1103
1110
1118
1125
1133
1138
1144
1149
1155
1160
1164
1169
1175
1180
1185
1191
1197
1203
1210
1220
1235
1261
1282
1301
1318
1329
1338
1343
1346
1350
1353
1355
1354
1349
1341
1331
1320
1302
1284
1268
1255
1246
1237
1230
1224
1217
1210
1204
1198
1192
1186
1179
1172
1166
1159
1153
1146
1141
1137
1132
1126
1122
1118
1114
1111
1109
1109
1109
1115
1115
1114
1114
1114
1114
1114
1113
1113
1113
1114
1115
1116
1118
1121
1123
1125
1129
1131
1133
1135
1138
1141
1144
1148
1155
1170
1187
1200
1212
1231
1253
1260
1267
1272
1275
1274
1262
1250
1246
1243
1240
1238
1236
1234
1231
1229
1227
1225
1224
1222
1221
1220
1220
1218
1218
1220
1218
1218
1218
1217
1215
1213
1210
1208
1205
1203
1200
1197
1193
1191
1189
1189
1189
1189
1189
1188
1188
1187
1186
1184
1181
1178
1175
1172
1170
1169
1169
1168
1168
1169
1170
1171
1171
1172
1171
1170
1170
1170
1171
1172
1172
1174
1174
1175
1176
1178
1180
1181
1183
1185
1187
1191
1197
1201
1206
1210
1214
1220
1224
1229
1234
1238
1247
1254
1257
1253
1243
1229
1211
1188
1171
1162
1155
1147
1143
1140
1142
1147
1159
1174
1201
1248
1283
1312
1335
1351
1363
1374
1388
1408
1476
1553
1600
1637
1662
1663
1643
1625
1608
1600
1614
1639
1660
1681
1696
1696
1683
1660
1623
1573
1525
1485
1460
1439
1414
1389
1364
1336
1312
1292
1272
1250
1223
1192
1166
1155
1147
1141
1136
1132
1129
1125
1122
1119
1116
1114
1113
1112
1112
1111
1111
1111
1111
1112
1112
1111
1110
1108
1106
1105
1103
1105
1105
1106
1107
1109
1112
1116
1120
1125
1130
1135
1141
1151
1174
1197
1221
1244
1261
1272
1277
1282
1286
1290
1293
1297
1301
1306
1313
1319
1326
1333
1345
1364
1382
1391
1399
1415
1443
1473
1493
1515
1535
1551
1560
1567
1571
1574
1576
1577
1577
1575
1570
1562
1553
1542
1522
1504
1494
1487
1481
1477
1474
1473
1474
1474
1475
1476
1477
1479
1481
1483
1485
1481
1471
1461
1453
1444
1436
1428
1418
1409
1399
1392
1385
1377
1372
1369
1371
1376
1386
1396
1412
1434
1440
1445
1452
1450
1432
1417
1406
1395
1384
1371
1360
1352
1346
1340
1333
1329
1325
1323
1320
1319
1318
1319
1320
1321
1323
1325
1327
1329
1331
1332
1335
1336
1338
1341
1344
1347
1350
1354
1359
1363
1367
1371
1374
1378
1383
1389
1400
1423
1435
1442
1447
1453
1455
1455
1448
1440
1430
1419
1407
1394
1384
1374
1367
1361
1355
1350
1347
1347
1351
1356
1364
1370
1375
1382
1389
1395
1399
1397
1392
1383
1373
1365
1355
1345
1336
1325
1316
1306
1298
1290
1283
1277
1273
1270
1266
1262
1260
1259
1257
1255
1252
1249
1246
1241
1238
1235
1233
1230
1227
1225
1223
1222
1220
1216
1212
1208
1203
1198
1194
1190
1186
1183
1180
1178
1176
1174
1171
1166
1160
1154
1151
1153
1158
1165
1175
1185
1202
1218
1234
1261
1296
1326
1361
1392
1416
1441
1455
1464
1470
1477
1481
1486
1491
1497
1502
1508
1514
1523
1536
1546
1547
1537
1523
1499
1465
1438
1406
1366
1322
1286
1264
1245
1229
1205
1168
1128
1085
1037
0997
0980
0973
0969
0965
0963
0963
0964
0967
0969
0973
0976
0979
0982
0984
0987
0988
0990
0991
0992
0995
0999
1003
1008
1013
1017
1019
1021
1022
1024
1025
1027
1029
1031
1033
1036
1039
1043
1048
1053
1057
1062
1065
1066
1068
1069
1070
1072
1075
1079
1085
1092
1099
1107
1113
1118
1123
1130
1136
1147
1166
1185
1210
1245
1283
1322
1343
1353
1362
1368
1372
1375
1377
1381
1383
1385
1386
1388
1391
1394
1397
1399
1397
1389
1379
1371
1366
1362
1358
1352
1347
1342
1338
1335
1332
1330
1328
1327
1327
1329
1333
1337
1340
1343
1345
1348
1352
1355
1359
1361
1363
1369
1377
1386
1390
1389
1383
1373
1365
1356
1346
1335
1326
1323
1323
1325
1328
1329
1332
1336
1339
1344
1347
1350
1351
1352
1351
1350
1346
1342
1336
1330
1325
1322
1320
1317
1313
1306
1301
1297
1297
1298
1299
1300
1300
1300
1302
1305
1307
1309
1309
1306
1303
1299
1294
1291
1285
1280
1276
1273
1272
1272
1274
1278
1285
1294
1303
1313
1320
1326
1331
1337
1342
1346
1350
1353
1358
1362
1365
1368
1369
1370
1371
1371
1370
1369
1367
1364
1361
1359
1356
1353
1350
1347
1343
1341
1338
1336
1335
1332
1331
1330
1329
1329
1327
1325
1322
1319
1315
1310
1305
1301
1295
1289
1280
1272
1254
1221
1209
1203
1198
1192
1188
1188
1191
1198
1204
1208
1212
1216
1221
1224
1227
1229
1230
1230
1230
1228
1226
1223
1218
1214
1209
1205
1201
1194
1184
1179
1190
1213
1249
1294
1333
1376
1415
1442
1454
1459
1464
1467
1470
1473
1477
1483
1492
1505
1524
1560
1613
1641
1660
1660
1636
1571
1501
1425
1344
1291
1257
1239
1226
1212
1198
1184
1171
1157
1139
1123
1110
1098
1093
1089
1086
1083
1078
1074
1070
1065
1059
1053
1049
1044
1039
1032
1024
1008
0979
0965
0960
0956
0952
0948
0946
0944
0944
0946
0949
0953
0956
0959
0962
0967
0971
0974
0977
0978
0978
0976
0973
0970
0964
0960
0955
0949
0942
0937
0934
0934
0937
0944
0953
0962
0973
0986
1000
1015
1028
1044
1062
1084
1106
1126
1140
1149
1157
1165
1171
1179
1186
1191
1198
1203
1209
1216
1226
1234
1240
1240
1233
1223
1212
1206
1200
1194
1189
1184
1178
1171
1164
1158
1153
1148
1145
1141
1138
1134
1130
1125
1122
1118
1115
1112
1112
1113
1116
1121
1126
1133
1139
1145
1153
1159
1164
1168
1170
1172
1174
1175
1176
1177
1178
1179
1180
1182
1185
1188
1191
1195
1199
1204
1210
1217
1230
1257
1281
1301
1319
1329
1333
1337
1340
1343
1345
1346
1346
1346
1345
1343
1340
1335
1327
1320
1313
1307
1303
1300
1298
1296
1295
1294
1292
1289
1286
1283
1281
1279
1277
1276
1276
1276
1276
1276
1276
1276
1276
1276
1276
1276
1276
1276
1277
1279
1280
1282
1285
1287
1291
1295
1298
1302
1305
1308
1312
1314
1316
1318
1319
1320
1322
1324
1327
1330
1332
1335
1337
1339
1340
1342
1343
1343
1343
1342
1341
1341
1342
1342
1343
1344
1346
1348
1350
1352
1353
1352
1352
1351
1351
1350
1350
1350
1351
1355
1360
1360
1351
1340
1332
1326
1320
1315
1309
1306
1303
1302
1303
1306
1312
1319
1326
1335
1345
1361
1377
1390
1402
1419
1440
1466
1493
1521
1547
1572
1596
1619
1631
1641
1647
1653
1660
1667
1672
1680
1689
1706
1731
1741
1749
1755
1758
1747
1723
1686
1637
1593
1550
1514
1488
1466
1445
1424
1398
1360
1314
1268
1228
1209
1201
1195
1191
1187
1183
1180
1177
1172
1166
1160
1158
1160
1163
1166
1166
1165
1164
1162
1161
1162
1162
1164
1165
1165
1164
1162
1160
1158
1155
1153
1151
1148
1146
1145
1144
1145
1145
1146
1147
1149
1152
1155
1158
1160
1161
1162
1164
1167
1170
1175
1178
1183
1190
1201
1213
1225
1238
1252
1266
1279
1294
1309
1324
1338
1347
1355
1364
1372
1379
1385
1388
1390
1390
1390
1390
1391
1391
1391
1391
1390
1390
1389
1388
1387
1385
1374
1359
1342
1328
1322
1317
1312
1306
1301
1296
1291
1286
1283
1280
1276
1274
1272
1270
1270
1270
1269
1269
1268
1267
1267
1268
1269
1270
1271
1272
1274
1276
1277
1279
1279
1279
1278
1278
1278
1279
1279
1279
1278
1278
1278
1279
1279
1277
1276
1274
1272
1270
1270
1269
1269
1268
1269
1270
1272
1274
1276
1277
1278
1279
1280
1282
1285
1289
1291
1294
1296
1300
1305
1308
1310
1309
1305
1298
1292
1285
1279
1274
1267
1260
1258
1259
1266
1274
1282
1290
1294
1298
1303
1308
1313
1317
1321
1324
1327
1329
1330
1329
1327
1325
1321
1318
1313
1307
1302
1298
1295
1294
1292
1292
1291
1290
1291
1291
1292
1291
1290
1290
1289
1289
1290
1290
1291
1292
1294
1295
1296
1297
1297
1296
1296
1296
1296
1296
1297
1297
1297
1297
1298
1298
1297
1295
1293
1291
1287
1285
1283
1281
1280
1279
1279
1279
1279
1277
1276
1273
1269
1264
1260
1257
1253
1251
1251
1253
1256
1262
1270
1277
1287
1298
1314
1347
1381
1425
1480
1524
1556
1582
1598
1607
1615
1621
1628
1639
1649
1661
1673
1686
1704
1719
1728
1722
1708
1686
1647
1582
1515
1455
1422
1407
1395
1382
1366
1351
1336
1321
1307
1294
1280
1269
1259
1249
1236
1212
1178
1160
1155
1154
1154
1153
1151
1147
1144
1140
1138
1136
1135
1134
1134
1135
1136
1137
1137
1137
1138
1138
1137
1137
1136
1136
1136
1137
1138
1140
1142
1145
1149
1154
1159
1164
1169
1174
1179
1183
1188
1193
1198
1202
1208
1216
1226
1236
1247
1256
1262
1269
1273
1277
1282
1289
1295
1303
1314
1326
1339
1353
1369
1390
1417
1422
1422
1423
1424
1425
1427
1427
1427
1425
1425
1425
1423
1418
1412
1405
1397
1389
1382
1372
1356
1341
1331
1324
1318
1314
1309
1304
1299
1294
1289
1285
1283
1282
1281
1281
1281
1281
1281
1282
1282
1282
1281
1279
1276
1276
1276
1279
1285
1291
1294
1298
1303
1308
1312
1314
1314
1310
1305
1298
1291
1283
1272
1261
1260
1267
1275
1279
1285
1291
1295
1297
1294
1286
1278
1271
1264
1257
1249
1240
1235
1235
1239
1246
1254
1261
1267
1273
1278
1285
1292
1296
1300
1302
1302
1302
1300
1297
1295
1293
1291
1289
1286
1284
1282
1281
1281
1280
1278
1276
1272
1267
1263
1260
1259
1258
1257
1257
1259
1260
1262
1263
1262
1261
1257
1253
1251
1253
1259
1266
1272
1278
1285
1289
1285
1280
1276
1274
1273
1272
1270
1269
1268
1267
1266
1263
1262
1261
1261
1261
1261
1260
1259
1258
1257
1257
1256
1255
1253
1250
1248
1246
1244
1241
1240
1238
1237
1236
1236
1235
1234
1232
1230
1228
1225
1223
1221
1220
1221
1221
1222
1224
1227
1231
1235
1241
1248
1255
1263
1282
1328
1372
1418
1467
1509
1536
1558
1581
1594
1602
1608
1613
1616
1619
1620
1620
1618
1616
1611
1604
1596
1586
1563
1523
1493
1473
1452
1430
1407
1383
1326
1260
1186
1155
1143
1137
1132
1128
1125
1124
1124
1128
1131
1134
1137
1142
1147
1149
1146
1140
1135
1133
1131
1130
1129
1125
1121
1117
1115
1113
1113
1113
1113
1114
1116
1118
1120
1123
1126
1129
1132
1135
1138
1142
1146
1149
1153
1155
1158
1162
1166
1170
1174
1177
1180
1183
1186
1188
1191
1192
1194
1198
1203
1208
1215
1225
1247
1263
1276
1293
1312
1333
1356
1377
1392
1399
1404
1408
1410
1412
1414
1415
1415
1415
1414
1412
1409
1405
1400
1396
1391
1385
1377
1369
1362
1352
1344
1333
1322
1308
1292
1276
1267
1259
1253
1246
1240
1235
1233
1232
1232
1233
1233
1234
1236
1238
1241
1246
1249
1252
1256
1266
1275
1276
1267
1255
1248
1240
1233
1227
1224
1223
1224
1227
1230
1234
1236
1240
1245
1250
1254
1255
1254
1253
1252
1251
1250
1248
1245
1241
1239
1239
1243
1247
1252
1256
1258
1261
1266
1269
1272
1274
1275
1274
1271
1268
1263
1258
1254
1248
1243
1235
1229
1224
1223
1225
1231
1238
1248
1258
1274
1285
1293
1298
1305
1315
1316
1304
1297
1290
1283
1278
1277
1280
1286
1293
1301
1314
1313
1290
1276
1267
1257
1251
1248
1250
1255
1263
1273
1282
1297
1305
1294
1277
1270
1264
1258
1252
1248
1244
1240
1239
1238
1238
1238
1240
1244
1248
1252
1256
1260
1264
1269
1275
1281
1287
1292
1292
1287
1283
1276
1270
1260
1247
1234
1222
1210
1203
1194
1187
1182
1179
1178
1182
1189
1200
1210
1223
1239
1255
1264
1273
1279
1286
1294
1304
1315
1328
1347
1374
1396
1427
1467
1505
1531
1546
1554
1559
1563
1567
1569
1570
1570
1570
1568
1565
1560
1555
1548
1535
1503
1466
1432
1407
1391
1376
1365
1346
1317
1281
1243
1194
1149
1103
1071
1059
1052
1048
1046
1047
1051
1059
1069
1080
1098
1106
1110
1112
1114
1115
1116
1116
1116
1116
1115
1114
1113
1111
1108
1105
1101
1098
1095
1093
1093
1094
1099
1106
1112
1118
1121
1124
1128
1131
1133
1136
1138
1141
1144
1146
1149
1152
1155
1157
1161
1165
1170
1177
1188
1215
1237
1252
1263
1274
1284
1296
1307
1322
1341
1356
1371
1381
1388
1394
1398
1401
1402
1401
1397
1393
1388
1383
1378
1374
1370
1366
1362
1358
1352
1346
1341
1335
1329
1324
1319
1313
1303
1285
1276
1274
1273
1271
1269
1266
1262
1260
1260
1261
1263
1267
1271
1278
1283
1278
1268
1263
1261
1258
1256
1253
1251
1248
1246
1244
1243
1241
1243
1243
1243
1241
1240
1238
1237
1234
1232
1228
1224
1218
1214
1209
1204
1197
1188
1182
1180
1185
1194
1206
1220
1233
1256
1268
1269
1269
1269
1269
1269
1270
1270
1271
1270
1270
1269
1268
1267
1264
1260
1257
1253
1250
1248
1247
1246
1245
1245
1245
1246
1247
1247
1247
1246
1246
1245
1245
1246
1246
1246
1245
1244
1243
1241
1240
1239
1238
1236
1235
1234
1234
1234
1235
1235
1236
1237
1238
1240
1241
1243
1243
1243
1244
1244
1244
1244
1244
1244
1244
1245
1246
1247
1247
1247
1246
1244
1241
1240
1238
1235
1232
1229
1226
1224
1223
1221
1218
1216
1213
1211
1209
1206
1204
1201
1199
1198
1198
1199
1200
1201
1201
1202
1203
1204
1205
1206
1207
1209
1210
1211
1214
1217
1221
1226
1233
1243
1254
1268
1296
1350
1396
1441
1486
1522
1536
1544
1550
1554
1559
1563
1569
1574
1581
1592
1615
1650
1670
1683
1688
1678
1655
1590
1526
1450
1396
1345
1309
1285
1264
1241
1213
1174
1138
1121
1110
1103
1105
1113
1124
1133
1138
1143
1149
1155
1160
1165
1172
1182
1195
1202
1190
1164
1133
1098
1087
1082
1077
1074
1073
1079
1092
1105
1113
1122
1133
1141
1146
1148
1147
1144
1140
1136
1133
1128
1121
1116
1113
1116
1125
1137
1148
1156
1163
1170
1179
1186
1194
1202
1208
1213
1220
1226
1233
1241
1253
1272
1289
1300
1312
1325
1341
1356
1372
1381
1387
1393
1398
1402
1406
1409
1412
1413
1413
1412
1409
1406
1400
1394
1388
1381
1373
1365
1351
1324
1314
1308
1306
1304
1302
1300
1298
1296
1295
1294
1294
1294
1295
1295
1295
1294
1292
1291
1289
1286
1284
1281
1279
1276
1276
1276
1275
1275
1275
1275
1274
1273
1272
1271
1270
1269
1268
1268
1267
1267
1267
1267
1267
1268
1269
1269
1269
1270
1271
1272
1274
1276
1276
1277
1278
1279
1279
1279
1279
1280
1282
1285
1290
1294
1298
1300
1303
1304
1304
1303
1301
1298
1294
1289
1284
1280
1278
1277
1276
1272
1267
1260
1258
1260
1264
1269
1272
1273
1274
1275
1277
1280
1283
1285
1287
1289
1290
1290
1291
1290
1289
1286
1284
1283
1281
1279
1277
1276
1276
1276
1276
1276
1276
1276
1275
1274
1272
1268
1264
1261
1261
1264
1269
1273
1278
1286
1293
1291
1285
1281
1276
1273
1270
1272
1277
1283
1289
1294
1300
1304
1304
1299
1291
1281
1275
1268
1260
1253
1247
1240
1236
1232
1230
1228
1226
1225
1223
1220
1214
1209
1207
1212
1225
1240
1257
1278
1300
1320
1342
1363
1381
1395
1419
1457
1502
1550
1579
1594
1604
1612
1619
1625
1630
1637
1644
1664
1699
1727
1744
1744
1724
1669
1596
1521
1453
1435
1424
1411
1400
1387
1358
1301
1232
1174
1148
1135
1124
1118
1114
1111
1109
1107
1107
1106
1106
1105
1102
1101
1099
1097
1098
1102
1108
1114
1117
1121
1125
1130
1133
1136
1137
1138
1137
1136
1135
1134
1134
1133
1133
1134
1135
1137
1139
1142
1144
1146
1147
1148
1148
1148
1149
1152
1155
1158
1162
1167
1175
1183
1191
1199
1206
1213
1222
1232
1244
1260
1276
1292
1307
1324
1341
1356
1375
1393
1406
1417
1429
1438
1441
1439
1434
1427
1420
1416
1411
1407
1401
1396
1394
1394
1395
1397
1399
1401
1404
1409
1413
1416
1413
1401
1387
1367
1340
1309
1294
1282
1274
1267
1262
1261
1264
1270
1276
1280
1285
1289
1292
1296
1300
1304
1306
1306
1306
1305
1304
1302
1300
1298
1296
1295
1294
1293
1291
1290
1289
1287
1287
1289
1290
1291
1293
1294
1297
1299
1300
1301
1303
1304
1305
1306
1307
1307
1307
1307
1308
1309
1309
1310
1310
1309
1309
1309
1309
1309
1309
1308
1308
1308
1307
1307
1306
1305
1304
1303
1303
1302
1302
1302
1303
1303
1303
1303
1304
1304
1304
1304
1303
1302
1301
1300
1300
1300
1300
1300
1299
1298
1297
1296
1295
1293
1291
1289
1287
1287
1290
1292
1294
1295
1297
1299
1301
1303
1304
1304
1304
1304
1305
1306
1307
1308
1309
1310
1313
1314
1314
1313
1310
1307
1305
1302
1299
1297
1295
1293
1291
1291
1291
1291
1291
1290
1287
1286
1284
1283
1280
1278
1277
1277
1277
1278
1278
1278
1279
1280
1281
1282
1284
1285
1286
1290
1293
1297
1303
1308
1315
1331
1375
1420
1470
1526
1570
1591
1605
1615
1619
1619
1616
1612
1605
1598
1625
1672
1708
1721
1732
1728
1694
1647
1592
1553
1524
1494
1463
1433
1409
1377
1340
1303
1264
1233
1214
1194
1175
1167
1163
1160
1156
1153
1148
1145
1143
1142
1141
1140
1139
1138
1138
1138
1139
1140
1140
1140
1141
1142
1143
1144
1146
1147
1148
1149
1152
1153
1154
1155
1156
1157
1159
1161
1162
1165
1167
1170
1174
1177
1179
1182
1184
1188
1193
1199
1205
1211
1215
1220
1223
1227
1231
1236
1244
1256
1269
1280
1292
1302
1312
1324
1338
1348
1358
1366
1374
1383
1390
1399
1416
1436
1439
1441
1443
1444
1444
1441
1435
1425
1410
1383
1370
1366
1361
1356
1353
1351
1348
1344
1341
1337
1333
1329
1325
1319
1303
1284
1274
1264
1258
1255
1254
1257
1262
1268
1271
1276
1282
1286
1287
1284
1278
1272
1266
1259
1252
1245
1237
1235
1237
1245
1254
1261
1268
1275
1282
1290
1295
1296
1294
1291
1287
1283
1281
1279
1276
1274
1271
1270
1269
1270
1271
1273
1276
1278
1282
1284
1286
1289
1290
1291
1292
1292
1292
1292
1292
1293
1294
1294
1293
1293
1292
1291
1289
1286
1284
1282
1280
1279
1279
1280
1280
1280
1280
1280
1280
1281
1280
1278
1276
1276
1278
1283
1289
1294
1301
1306
1306
1299
1291
1286
1281
1276
1272
1269
1267
1268
1269
1270
1272
1273
1274
1276
1277
1279
1280
1281
1281
1281
1281
1280
1279
1278
1276
1275
1274
1273
1271
1271
1272
1274
1276
1277
1279
1281
1283
1285
1287
1289
1290
1290
1290
1287
1285
1281
1276
1271
1266
1259
1255
1251
1247
1243
1238
1234
1230
1229
1229
1230
1232
1235
1238
1245
1251
1261
1280
1298
1321
1349
1374
1402
1430
1460
1490
1521
1538
1547
1553
1558
1565
1571
1576
1584
1603
1635
1665
1687
1701
1711
1700
1667
1616
1552
1481
1412
1350
1319
1299
1286
1275
1261
1239
1209
1179
1149
1121
1098
1084
1074
1075
1090
1114
1136
1143
1148
1151
1153
1153
1153
1152
1147
1142
1135
1120
1093
1078
1070
1064
1061
1062
1066
1073
1084
1102
1126
1134
1138
1142
1145
1147
1148
1146
1143
1139
1134
1130
1123
1117
1113
1115
1123
1134
1142
1153
1162
1171
1182
1192
1201
1207
1213
1218
1224
1229
1233
1237
1244
1251
1262
1280
1305
1325
1341
1352
1362
1367
1370
1372
1375
1378
1381
1382
1383
1384
1384
1384
1383
1381
1376
1371
1366
1360
1354
1350
1345
1340
1335
1328
1323
1318
1313
1307
1300
1292
1277
1253
1239
1232
1226
1221
1217
1218
1224
1232
1238
1243
1246
1250
1253
1256
1259
1262
1263
1266
1266
1266
1264
1262
1260
1258
1256
1254
1253
1253
1252
1252
1252
1251
1248
1246
1253
1268
1274
1279
1284
1289
1293
1296
1298
1299
1299
1297
1294
1290
1284
1278
1274
1270
1267
1264
1261
1258
1255
1252
1250
1247
1245
1243
1243
1243
1245
1247
1251
1255
1260
1264
1269
1274
1276
1279
1283
1291
1300
1306
1306
1301
1294
1286
1280
1274
1266
1258
1254
1254
1257
1262
1267
1270
1274
1277
1282
1286
1291
1294
1296
1297
1297
1297
1297
1297
1298
1302
1305
1305
1300
1293
1290
1285
1282
1279
1276
1276
1275
1276
1277
1281
1287
1294
1301
1309
1320
1330
1335
1329
1317
1301
1285
1268
1253
1244
1237
1233
1229
1226
1223
1221
1220
1221
1226
1231
1238
1244
1248
1253
1258
1263
1269
1273
1277
1281
1285
1291
1296
1303
1313
1322
1346
1396
1443
1492
1545
1581
1594
1601
1606
1612
1616
1621
1624
1629
1636
1644
1663
1695
1715
1728
1732
1722
1699
1636
1566
1520
1465
1411
1354
1297
1247
1211
1187
1176
1168
1162
1156
1151
1145
1139
1134
1130
1123
1117
1109
1094
1082
1079
1091
1106
1117
1129
1140
1147
1151
1148
1144
1138
1133
1128
1122
1116
1112
1112
1117
1126
1136
1145
1155
1165
1174
1182
1190
1200
1210
1217
1216
1207
1190
1165
1128
1105
1090
1084
1093
1114
1147
1198
1224
1234
1243
1249
1255
1262
1271
1276
1280
1286
1295
1314
1359
1404
1431
1437
1441
1444
1447
1447
1437
1425
1420
1416
1413
1410
1407
1402
1397
1393
1388
1383
1377
1372
1367
1362
1356
1350
1343
1328
1314
1305
1300
1296
1293
1290
1287
1286
1284
1284
1285
1285
1285
1286
1287
1289
1290
1291
1292
1292
1291
1290
1287
1286
1284
1282
1280
1279
1279
1279
1280
1282
1283
1285
1289
1292
1295
1299
1302
1307
1313
1321
1343
1363
1368
1369
1371
1373
1374
1371
1345
1326
1312
1299
1291
1286
1283
1280
1277
1275
1274
1274
1273
1273
1273
1273
1273
1274
1276
1277
1279
1281
1282
1286
1290
1293
1294
1287
1278
1270
1263
1257
1251
1246
1240
1237
1235
1236
1240
1246
1252
1258
1264
1270
1275
1280
1287
1293
1297
1300
1302
1302
1300
1296
1291
1285
1279
1274
1268
1260
1253
1248
1243
1240
1239
1241
1245
1249
1254
1261
1269
1276
1286
1308
1317
1319
1322
1324
1327
1328
1328
1322
1314
1306
1302
1298
1295
1291
1287
1285
1284
1283
1282
1280
1279
1277
1276
1276
1274
1272
1269
1267
1264
1263
1262
1260
1258
1255
1252
1246
1238
1233
1230
1230
1234
1241
1250
1262
1282
1302
1353
1410
1474
1542
1617
1646
1662
1672
1643
1617
1596
1583
1582
1592
1606
1631
1672
1701
1721
1720
1691
1648
1597
1549
1507
1470
1439
1412
1381
1344
1306
1268
1226
1194
1175
1157
1139
1130
1122
1117
1112
1109
1108
1107
1107
1108
1109
1109
1110
1110
1110
1111
1112
1114
1116
1119
1121
1124
1128
1131
1133
1134
1133
1132
1131
1130
1130
1130
1130
1131
1133
1136
1139
1142
1144
1146
1147
1148
1151
1154
1157
1160
1164
1169
1176
1182
1188
1194
1200
1204
1210
1221
1239
1259
1278
1297
1308
1317
1322
1328
1337
1345
1355
1366
1381
1393
1407
1414
1419
1423
1428
1431
1433
1435
1436
1435
1434
1431
1427
1422
1416
1410
1400
1381
1365
1350
1339
1331
1327
1324
1321
1318
1315
1312
1309
1306
1302
1297
1289
1276
1272
1271
1270
1269
1268
1267
1267
1270
1275
1280
1289
1302
1316
1325
1332
1338
1342
1341
1335
1325
1314
1297
1274
1263
1256
1250
1245
1245
1253
1264
1277
1294
1306
1316
1321
1326
1329
1333
1338
1343
1347
1352
1356
1362
1367
1370
1368
1363
1355
1344
1320
1287
1261
1238
1224
1240
1258
1272
1283
1295
1308
1323
1338
1346
1352
1359
1362
1362
1359
1352
1345
1337
1322
1304
1287
1274
1263
1255
1249
1244
1239
1240
1249
1261
1281
1308
1320
1325
1329
1332
1335
1335
1332
1330
1327
1324
1322
1320
1318
1316
1314
1313
1312
1310
1309
1309
1309
1310
1313
1314
1315
1317
1318
1319
1320
1319
1317
1314
1310
1307
1304
1302
1298
1295
1293
1291
1287
1284
1281
1276
1273
1269
1264
1260
1253
1245
1238
1236
1239
1247
1255
1263
1272
1280
1291
1298
1303
1307
1310
1315
1319
1323
1329
1336
1343
1352
1366
1387
1410
1441
1475
1527
1576
1607
1642
1676
1706
1727
1740
1749
1757
1762
1762
1754
1737
1688
1626
1569
1515
1484
1463
1452
1441
1435
1428
1400
1358
1304
1244
1186
1167
1163
1162
1161
1160
1159
1158
1156
1153
1149
1146
1143
1142
1141
1140
1138
1135
1132
1129
1125
1122
1119
1117
1115
1115
1115
1114
1113
1112
1111
1109
1103
1101
1107
1116
1121
1128
1133
1137
1140
1140
1140
1139
1139
1139
1137
1135
1137
1153
1166
1180
1192
1205
1221
1237
1246
1250
1253
1255
1257
1259
1262
1268
1273
1280
1290
1309
1345
1375
1396
1404
1407
1410
1411
1413
1414
1414
1415
1415
1415
1414
1412
1409
1405
1400
1395
1389
1379
1364
1349
1336
1327
1321
1315
1309
1305
1301
1297
1293
1290
1286
1284
1282
1281
1279
1278
1276
1275
1273
1271
1270
1268
1267
1266
1266
1264
1264
1264
1264
1264
1264
1264
1264
1264
1264
1264
1267
1268
1269
1269
1270
1271
1272
1273
1274
1276
1276
1277
1279
1281
1284
1286
1289
1290
1291
1293
1294
1296
1297
1298
1298
1300
1301
1304
1306
1307
1308
1309
1310
1312
1312
1313
1313
1312
1312
1312
1313
1313
1313
1312
1310
1308
1307
1306
1305
1305
1304
1304
1304
1305
1307
1308
1308
1307
1306
1305
1304
1303
1302
1301
1300
1299
1300
1301
1303
1304
1305
1306
1306
1307
1307
1307
1307
1306
1305
1305
1306
1307
1309
1312
1313
1314
1314
1315
1316
1316
1316
1316
1315
1315
1316
1316
1317
1318
1318
1319
1320
1321
1322
1323
1323
1324
1324
1326
1327
1328
1329
1329
1329
1330
1330
1331
1332
1332
1333
1335
1336
1337
1338
1339
1338
1337
1335
1330
1325
1320
1315
1307
1299
1291
1287
1292
1301
1316
1360
1413
1477
1543
1603
1640
1661
1670
1676
1683
1689
1696
1703
1710
1721
1747
1782
1803
1815
1793
1729
1637
1538
1454
1405
1387
1387
1395
1405
1412
1410
1387
1352
1309
1280
1262
1247
1233
1220
1206
1189
1170
1162
1157
1153
1148
1145
1143
1141
1141
1142
1142
1143
1143
1144
1145
1148
1151
1154
1156
1158
1160
1163
1166
1168
1170
1170
1169
1169
1168
1167
1165
1163
1161
1159
1158
1157
1157
1155
1153
1147
1144
1155
1177
1194
1212
1227
1236
1245
1251
1257
1262
1268
1273
1277
1282
1287
1293
1301
1312
1322
1330
1338
1342
1346
1350
1354
1360
1365
1370
1375
1384
1396
1416
1435
1448
1462
1467
1463
1452
1434
1409
1388
1372
1356
1342
1327
1309
1301
1298
1295
1292
1290
1287
1285
1283
1280
1278
1276
1274
1272
1270
1269
1268
1267
1266
1264
1263
1262
1260
1257
1254
1252
1250
1249
1249
1248
1248
1247
1248
1249
1250
1250
1250
1250
1251
1253
1255
1257
1258
1260
1261
1262
1264
1268
1269
1270
1270
1271
1272
1273
1274
1275
1275
1276
1277
1278
1280
1282
1283
1284
1284
1284
1283
1282
1281
1280
1279
1278
1277
1276
1276
1276
1277
1277
1277
1276
1275
1272
1270
1269
1269
1269
1269
1269
1270
1272
1273
1273
1271
1269
1266
1264
1263
1262
1260
1258
1256
1255
1255
1255
1256
1256
1256
1256
1257
1258
1259
1260
1261
1261
1261
1261
1262
1263
1264
1266
1267
1266
1266
1266
1266
1266
1264
1263
1262
1260
1259
1258
1257
1255
1252
1248
1245
1243
1239
1236
1233
1230
1228
1226
1226
1226
1225
1224
1223
1223
1223
1222
1222
1221
1218
1218
1218
1218
1218
1218
1218
1218
1218
1217
1216
1213
1214
1227
1245
1270
1295
1321
1365
1411
1441
1478
1513
1539
1556
1567
1574
1582
1594
1608
1628
1654
1680
1705
1723
1737
1737
1723
1687
1631
1573
1515
1462
1431
1406
1387
1372
1353
1325
1271
1211
1152
1123
1112
1106
1102
1099
1097
1094
1092
1091
1090
1089
1086
1084
1082
1082
1087
1095
1103
1108
1112
1117
1121
1126
1130
1133
1134
1134
1135
1135
1136
1135
1134
1133
1133
1133
1133
1133
1133
1133
1133
1133
1134
1134
1135
1136
1136
1138
1141
1145
1149
1159
1186
1206
1216
1225
1233
1240
1247
1253
1259
1266
1272
1277
1284
1293
1303
1316
1331
1345
1356
1365
1372
1378
1384
1393
1404
1409
1410
1411
1411
1412
1413
1412
1408
1399
1388
1367
1340
1330
1324
1319
1315
1313
1313
1314
1316
1319
1321
1324
1329
1332
1325
1309
1292
1271
1249
1235
1225
1217
1211
1210
1212
1217
1224
1230
1235
1240
1247
1252
1254
1254
1252
1249
1248
1246
1246
1245
1243
1240
1238
1237
1235
1233
1231
1230
1230
1231
1232
1234
1236
1239
1241
1243
1245
1245
1245
1245
1245
1244
1244
1245
1245
1246
1247
1248
1249
1249
1250
1250
1251
1251
1250
1248
1245
1241
1239
1237
1236
1234
1232
1230
1227
1225
1223
1218
1212
1207
1206
1210
1217
1227
1240
1259
1270
1276
1280
1285
1290
1292
1291
1284
1278
1273
1268
1263
1258
1253
1247
1240
1236
1233
1230
1227
1222
1216
1208
1202
1200
1205
1215
1228
1241
1260
1276
1287
1304
1321
1328
1333
1337
1341
1343
1344
1340
1332
1323
1315
1308
1303
1297
1291
1284
1279
1276
1272
1269
1264
1260
1257
1254
1251
1248
1245
1240
1237
1234
1232
1231
1231
1231
1233
1235
1238
1243
1247
1253
1259
1268
1283
1299
1313
1335
1368
1404
1441
1482
1520
1553
1591
1614
1626
1635
1642
1648
1653
1660
1669
1685
1703
1717
1731
1737
1729
1711
1685
1641
1591
1546
1510
1484
1467
1445
1418
1389
1353
1312
1269
1222
1179
1164
1161
1158
1156
1154
1152
1149
1147
1145
1143
1141
1139
1137
1136
1136
1135
1134
1133
1133
1134
1134
1134
1134
1132
1131
1130
1129
1128
1128
1129
1131
1133
1135
1137
1140
1142
1144
1147
1151
1153
1156
1160
1165
1171
1179
1185
1191
1198
1204
1209
1214
1218
1224
1228
1232
1236
1240
1246
1251
1258
1274
1304
1330
1351
1381
1399
1411
1420
1429
1435
1441
1447
1452
1456
1459
1463
1467
1470
1471
1473
1474
1473
1470
1466
1462
1457
1451
1443
1437
1430
1417
1404
1391
1382
1374
1366
1356
1346
1333
1317
1299
1293
1289
1284
1280
1277
1275
1272
1269
1267
1263
1260
1258
1256
1254
1253
1253
1253
1254
1255
1256
1258
1260
1262
1263
1266
1267
1269
1271
1273
1276
1277
1279
1281
1283
1285
1286
1289
1290
1290
1289
1289
1287
1287
1287
1286
1285
1284
1284
1284
1284
1285
1285
1285
1285
1287
1290
1293
1297
1301
1305
1309
1314
1319
1323
1327
1331
1336
1340
1344
1348
1352
1358
1361
1365
1369
1372
1375
1378
1381
1382
1384
1386
1388
1391
1393
1396
1399
1401
1405
1408
1410
1413
1415
1417
1418
1420
1421
1423
1424
1425
1427
1427
1427
1425
1424
1422
1419
1416
1413
1410
1407
1404
1401
1398
1396
1393
1391
1388
1384
1379
1374
1368
1363
1359
1353
1350
1348
1347
1347
1348
1350
1353
1359
1365
1372
1382
1392
1404
1432
1490
1545
1599
1646
1680
1693
1700
1705
1709
1711
1714
1716
1719
1722
1726
1730
1737
1746
1743
1716
1678
1631
1588
1548
1512
1475
1443
1418
1390
1353
1312
1274
1232
1204
1188
1176
1164
1154
1145
1137
1130
1122
1116
1112
1109
1106
1106
1106
1105
1103
1102
1102
1101
1100
1100
1099
1100
1101
1102
1105
1107
1108
1109
1109
1109
1109
1108
1107
1106
1103
1102
1101
1101
1100
1100
1100
1101
1102
1103
1105
1106
1108
1110
1111
1113
1116
1118
1123
1140
1154
1164
1178
1193
1213
1228
1238
1248
1257
1266
1274
1286
1305
1322
1331
1339
1344
1348
1350
1347
1341
1331
1323
1316
1307
1300
1292
1284
1278
1273
1268
1260
1253
1244
1234
1226
1217
1209
1200
1189
1178
1166
1148
1130
1124
1120
1115
1117
1134
1152
1168
1178
1182
1187
1192
1197
1190
1178
1167
1156
1146
1147
1159
1174
1184
1194
1204
1210
1210
1207
1201
1191
1174
1143
1126
1116
1111
1111
1117
1129
1148
1184
1224
1264
1294
1315
1324
1320
1309
1301
1292
1284
1285
1295
1306
1316
1325
1333
1338
1335
1326
1315
1295
1264
1246
1235
1228
1228
1235
1244
1248
1250
1252
1254
1256
1258
1260
1262
1266
1267
1268
1269
1269
1269
1269
1269
1269
1269
1270
1271
1273
1275
1276
1278
1280
1281
1281
1283
1285
1290
1293
1295
1295
1293
1287
1282
1278
1273
1263
1255
1255
1260
1271
1284
1314
1333
1345
1352
1355
1350
1339
1326
1316
1306
1297
1290
1284
1281
1278
1276
1276
1274
1273
1271
1270
1270
1274
1283
1295
1306
1315
1324
1332
1341
1346
1348
1345
1340
1331
1322
1312
1296
1271
1261
1259
1257
1254
1253
1251
1254
1262
1271
1276
1281
1287
1293
1297
1299
1299
1298
1293
1287
1279
1271
1256
1230
1212
1199
1187
1181
1180
1188
1203
1225
1260
1289
1310
1329
1347
1365
1387
1417
1456
1527
1597
1643
1659
1646
1605
1534
1477
1455
1456
1480
1515
1557
1582
1598
1605
1595
1572
1537
1488
1440
1396
1368
1350
1335
1320
1297
1268
1239
1209
1178
1140
1096
1059
1041
1032
1026
1021
1019
1018
1020
1024
1030
1039
1047
1056
1070
1083
1094
1103
1112
1121
1129
1132
1126
1116
1103
1089
1070
1055
1045
1037
1028
1023
1024
1033
1049
1075
1111
1133
1146
1158
1167
1174
1179
1183
1187
1190
1194
1198
1202
1205
1209
1213
1217
1222
1226
1230
1234
1239
1243
1247
1250
1253
1258
1266
1276
1290
1307
1328
1348
1372
1389
1398
1405
1409
1412
1415
1417
1420
1422
1423
1422
1417
1409
1400
1391
1379
1368
1359
1349
1342
1337
1332
1329
1326
1325
1325
1327
1331
1336
1342
1354
1366
1368
1370
1371
1372
1372
1369
1363
1353
1338
1317
1309
1304
1300
1299
1301
1307
1318
1335
1361
1385
1410
1424
1431
1436
1440
1444
1448
1452
1454
1457
1461
1468
1483
1502
1517
1532
1543
1551
1557
1562
1567
1570
1574
1578
1581
1585
1590
1597
1601
1601
1594
1581
1561
1531
1510
1497
1487
1480
1475
1470
1466
1462
1457
1452
1444
1437
1427
1412
1405
1401
1398
1395
1393
1393
1400
1410
1418
1429
1436
1436
1431
1421
1406
1379
1351
1324
1306
1296
1290
1290
1296
1305
1318
1335
1350
1370
1397
1425
1447
1461
1470
1451
1388
1318
1255
1224
1213
1229
1256
1284
1298
1304
1309
1313
1316
1317
1316
1314
1309
1305
1300
1293
1283
1275
1274
1276
1281
1285
1291
1295
1295
1289
1280
1268
1249
1241
1239
1237
1236
1234
1232
1230
1228
1225
1223
1221
1217
1215
1213
1210
1203
1188
1175
1164
1155
1151
1154
1163
1179
1207
1243
1278
1315
1348
1376
1402
1425
1453
1484
1519
1558
1593
1609
1617
1622
1627
1634
1640
1647
1654
1665
1680
1688
1680
1662
1635
1593
1549
1511
1478
1442
1407
1370
1330
1292
1256
1222
1190
1154
1126
1112
1102
1094
1087
1082
1077
1074
1071
1068
1067
1066
1067
1070
1076
1084
1091
1098
1107
1117
1128
1135
1136
1132
1125
1117
1107
1089
1072
1063
1055
1049
1044
1041
1041
1043
1049
1059
1069
1083
1107
1125
1140
1153
1164
1174
1181
1186
1191
1195
1201
1206
1210
1214
1218
1223
1226
1230
1233
1236
1238
1243
1248
1258
1279
1302
1330
1364
1396
1411
1419
1424
1429
1431
1432
1432
1431
1428
1423
1419
1416
1413
1409
1406
1402
1399
1396
1392
1388
1385
1382
1378
1374
1368
1355
1326
1308
1298
1291
1285
1281
1278
1276
1274
1273
1271
1270
1270
1269
1269
1270
1271
1273
1275
1276
1278
1280
1282
1284
1286
1290
1293
1295
1296
1297
1297
1296
1294
1292
1290
1286
1284
1282
1281
1280
1279
1278
1277
1276
1274
1272
1270
1270
1271
1272
1275
1278
1282
1290
1303
1320
1338
1352
1361
1367
1371
1373
1368
1355
1337
1313
1292
1271
1256
1248
1241
1243
1251
1262
1273
1283
1294
1300
1305
1309
1317
1320
1315
1304
1295
1287
1280
1276
1272
1269
1264
1260
1256
1253
1253
1254
1257
1261
1266
1274
1273
1259
1248
1236
1233
1232
1231
1230
1232
1248
1273
1303
1321
1332
1339
1341
1338
1330
1323
1319
1316
1313
1309
1307
1305
1303
1302
1302
1302
1301
1302
1302
1303
1304
1306
1309
1312
1307
1296
1282
1269
1260
1257
1255
1252
1250
1248
1247
1247
1247
1248
1248
1248
1248
1249
1251
1253
1255
1256
1258
1260
1262
1266
1269
1272
1276
1280
1287
1303
1328
1351
1374
1413
1453
1494
1524
1551
1571
1585
1597
1606
1615
1623
1634
1645
1659
1669
1677
1683
1683
1675
1664
1646
1616
1584
1555
1529
1506
1473
1431
1379
1319
1248
1183
1140
1123
1108
1091
1076
1070
1067
1066
1065
1065
1064
1064
1064
1064
1065
1067
1069
1073
1076
1080
1086
1091
1091
1086
1080
1075
1072
1068
1067
1069
1075
1085
1093
1097
1100
1103
1107
1110
1113
1116
1119
1122
1124
1128
1130
1130
1131
1132
1134
1136
1138
1140
1142
1145
1148
1153
1158
1161
1165
1169
1177
1191
1218
1246
1275
1293
1304
1314
1323
1330
1338
1344
1350
1356
1363
1370
1385
1406
1417
1424
1429
1429
1420
1407
1394
1378
1365
1352
1343
1337
1330
1325
1321
1317
1313
1308
1305
1301
1297
1294
1290
1286
1282
1279
1276
1273
1270
1268
1267
1266
1263
1262
1260
1257
1255
1253
1251
1250
1249
1248
1249
1250
1252
1255
1257
1258
1259
1260
1262
1264
1267
1269
1271
1272
1275
1277
1280
1282
1283
1283
1282
1282
1282
1282
1281
1280
1279
1279
1279
1279
1278
1276
1274
1271
1270
1271
1273
1275
1276
1277
1279
1282
1284
1287
1289
1290
1291
1291
1292
1293
1294
1296
1301
1306
1307
1304
1300
1298
1297
1295
1293
1290
1287
1284
1281
1279
1277
1276
1275
1274
1272
1269
1262
1256
1256
1268
1278
1282
1284
1287
1291
1294
1298
1301
1305
1307
1309
1312
1313
1314
1314
1315
1317
1318
1318
1318
1318
1318
1317
1317
1316
1315
1312
1308
1306
1304
1302
1300
1299
1297
1296
1295
1294
1292
1291
1289
1285
1282
1279
1276
1275
1272
1270
1269
1268
1267
1268
1268
1269
1270
1271
1272
1273
1275
1276
1277
1279
1281
1284
1289
1297
1309
1321
1335
1358
1395
1437
1480
1526
1568
1608
1632
1642
1648
1648
1642
1635
1627
1630
1654
1691
1731
1760
1778
1760
1710
1635
1568
1529
1500
1478
1460
1437
1406
1374
1339
1297
1261
1236
1221
1206
1191
1180
1170
1161
1152
1142
1135
1130
1124
1120
1117
1115
1113
1112
1113
1114
1117
1119
1123
1128
1132
1136
1144
1151
1155
1151
1141
1128
1110
1085
1070
1064
1059
1053
1049
1047
1046
1045
1046
1050
1054
1063
1073
1119
1182
1248
1271
1284
1279
1228
1182
1167
1159
1157
1160
1167
1176
1184
1192
1202
1211
1221
1230
1241
1252
1261
1273
1290
1320
1354
1388
1405
1414
1421
1427
1429
1430
1429
1424
1419
1413
1406
1398
1387
1374
1361
1346
1335
1324
1315
1306
1299
1294
1289
1282
1274
1261
1251
1243
1236
1230
1227
1225
1230
1239
1249
1255
1261
1268
1273
1276
1277
1277
1276
1274
1270
1264
1258
1248
1232
1224
1218
1214
1209
1206
1212
1225
1239
1258
1274
1282
1290
1295
1299
1300
1297
1291
1281
1268
1244
1233
1227
1222
1220
1220
1226
1236
1247
1256
1267
1276
1283
1286
1289
1291
1292
1294
1296
1298
1299
1299
1297
1293
1285
1278
1263
1237
1221
1210
1203
1203
1210
1224
1246
1278
1306
1326
1339
1347
1353
1360
1368
1378
1389
1401
1409
1405
1393
1359
1308
1285
1275
1266
1267
1276
1282
1285
1289
1291
1294
1298
1301
1304
1308
1314
1322
1337
1351
1366
1378
1377
1365
1346
1318
1290
1271
1253
1229
1208
1197
1188
1189
1208
1225
1240
1255
1266
1277
1289
1299
1306
1316
1324
1335
1348
1360
1370
1379
1388
1397
1413
1438
1457
1471
1487
1509
1537
1557
1570
1581
1590
1601
1614
1631
1655
1677
1691
1699
1688
1651
1591
1528
1484
1468
1460
1450
1437
1414
1370
1313
1249
1190
1156
1142
1142
1154
1170
1186
1192
1198
1197
1183
1168
1154
1143
1135
1130
1125
1123
1122
1119
1116
1117
1130
1146
1167
1179
1186
1190
1190
1185
1178
1167
1153
1143
1137
1132
1129
1129
1133
1137
1140
1143
1146
1152
1158
1167
1186
1207
1215
1220
1224
1225
1225
1223
1220
1216
1213
1210
1207
1204
1201
1198
1198
1200
1202
1207
1213
1237
1269
1305
1345
1383
1421
1442
1457
1468
1470
1465
1450
1429
1402
1387
1375
1369
1366
1369
1375
1388
1397
1400
1402
1401
1393
1381
1364
1353
1347
1342
1338
1330
1318
1306
1298
1293
1289
1285
1284
1286
1294
1303
1321
1335
1342
1347
1349
1349
1347
1343
1337
1326
1308
1290
1277
1274
1270
1268
1268
1271
1276
1285
1295
1296
1297
1297
1298
1298
1299
1300
1301
1302
1303
1304
1306
1308
1310
1314
1316
1321
1326
1330
1335
1338
1343
1347
1350
1347
1341
1337
1333
1330
1327
1323
1320
1318
1314
1308
1303
1303
1306
1312
1317
1323
1325
1326
1326
1327
1329
1330
1331
1331
1331
1330
1330
1330
1329
1339
1350
1359
1359
1352
1332
1312
1299
1290
1284
1281
1280
1278
1276
1287
1308
1322
1326
1329
1331
1332
1332
1331
1330
1328
1325
1322
1320
1321
1325
1327
1329
1331
1332
1330
1326
1320
1310
1295
1286
1281
1277
1276
1276
1278
1282
1286
1291
1296
1301
1305
1309
1315
1321
1321
1313
1302
1287
1278
1274
1270
1268
1268
1271
1275
1279
1291
1302
1305
1308
1309
1307
1300
1290
1277
1258
1228
1203
1194
1194
1203
1216
1233
1249
1263
1282
1303
1323
1329
1321
1307
1293
1278
1263
1252
1245
1241
1244
1250
1267
1287
1316
1349
1386
1421
1452
1468
1485
1500
1523
1552
1581
1606
1629
1655
1684
1710
1735
1762
1798
1837
1866
1867
1848
1781
1700
1624
1549
1476
1423
1393
1378
1372
1368
1365
1361
1356
1350
1339
1319
1297
1277
1260
1245
1234
1229
1225
1220
1215
1207
1192
1175
1158
1131
1102
1074
1045
1021
1014
1021
1032
1047
1075
1107
1140
1171
1201
1208
1210
1212
1213
1211
1205
1195
1185
1180
1178
1176
1174
1170
1166
1163
1160
1157
1154
1152
1152
1154
1158
1163
1178
1199
1222
1236
1249
1257
1263
1268
1272
1275
1278
1282
1289
1299
1314
1338
1359
1365
1369
1374
1378
1387
1398
1405
1408
1411
1413
1416
1418
1420
1424
1431
1431
1423
1418
1413
1407
1400
1393
1381
1363
1350
1343
1336
1328
1325
1323
1321
1319
1317
1315
1312
1309
1307
1306
1304
1301
1297
1289
1270
1247
1234
1229
1226
1228
1238
1252
1274
1298
1323
1341
1353
1359
1361
1365
1369
1364
1345
1309
1268
1227
1207
1201
1212
1232
1254
1267
1274
1278
1281
1280
1278
1275
1272
1266
1267
1277
1295
1316
1325
1330
1333
1336
1337
1338
1339
1339
1338
1337
1335
1332
1328
1324
1315
1295
1276
1260
1252
1247
1244
1247
1254
1264
1280
1309
1330
1338
1340
1337
1330
1324
1317
1309
1302
1289
1281
1280
1279
1278
1277
1277
1278
1280
1281
1283
1286
1286
1283
1280
1278
1276
1280
1290
1300
1313
1323
1331
1339
1342
1338
1327
1310
1289
1269
1251
1243
1237
1234
1231
1231
1233
1239
1247
1256
1269
1276
1279
1281
1283
1286
1287
1289
1287
1285
1282
1278
1274
1266
1252
1239
1223
1201
1184
1174
1169
1174
1185
1204
1228
1247
1260
1276
1290
1302
1313
1322
1328
1332
1336
1340
1344
1349
1354
1363
1378
1407
1433
1457
1496
1533
1571
1595
1615
1629
1640
1652
1672
1695
1716
1751
1790
1811
1828
1838
1826
1789
1732
1674
1619
1567
1513
1457
1395
1326
1271
1236
1226
1221
1216
1212
1209
1206
1199
1188
1182
1178
1174
1171
1177
1186
1192
1200
1204
1204
1198
1190
1184
1177
1170
1164
1159
1155
1151
1146
1143
1142
1144
1149
1156
1166
1189
1203
1207
1212
1215
1218
1221
1222
1223
1224
1225
1227
1229
1230
1231
1232
1233
1235
1237
1239
1240
1244
1250
1263
1272
1276
1277
1278
1279
1281
1284
1289
1293
1299
1307
1324
1355
1387
1411
1431
1450
1468
1491
1519
1547
1567
1579
1585
1580
1567
1528
1471
1414
1366
1344
1335
1331
1328
1325
1323
1320
1317
1313
1308
1304
1299
1294
1289
1280
1270
1258
1253
1250
1248
1246
1244
1240
1237
1235
1234
1234
1234
1234
1235
1237
1239
1241
1247
1249
1240
1226
1217
1211
1205
1200
1195
1193
1194
1198
1203
1209
1214
1218
1224
1229
1234
1239
1245
1249
1252
1254
1254
1254
1254
1252
1251
1250
1249
1248
1247
1246
1244
1241
1234
1236
1253
1262
1270
1276
1279
1281
1281
1279
1277
1275
1272
1270
1267
1263
1259
1257
1255
1253
1253
1252
1253
1254
1257
1260
1263
1268
1272
1278
1293
1309
1319
1324
1329
1333
1337
1338
1338
1336
1331
1325
1313
1294
1282
1275
1275
1289
1305
1321
1308
1273
1227
1211
1223
1259
1316
1368
1383
1388
1391
1377
1368
1364
1361
1359
1356
1353
1349
1346
1342
1338
1332
1326
1313
1284
1272
1264
1259
1256
1257
1260
1267
1274
1279
1291
1297
1298
1298
1298
1298
1299
1299
1300
1300
1300
1298
1296
1295
1294
1293
1292
1291
