1343
1455
1579
1688
1769
1843
1878
1894
1905
1917
1925
1932
1936
1944
1948
1948
1952
1956
1960
1964
1964
1964
1960
1956
1948
1940
1929
1921
1909
1901
1886
1874
1859
1839
1789
1738
1688
1645
1595
1564
1544
1537
1533
1533
1533
1533
1533
1533
1529
1529
1529
1529
1533
1533
1537
1537
1540
1540
1540
1540
1540
1537
1525
1517
1509
1498
1490
1486
1478
1471
1463
1451
1436
1420
1405
1381
1362
1339
1315
1292
1265
1238
1203
1168
1141
1121
1102
1090
1079
1067
1063
1055
1055
1051
1055
1059
1067
1079
1086
1094
1106
1121
1133
1133
1121
1094
1067
1044
1020
1001
0978
0958
0943
0931
0923
0919
0912
0900
0884
0861
0850
0877
0947
1125
1381
1719
2099
2495
2852
3089
3178
3178
3105
2915
2577
2193
1793
1416
1094
0846
0741
0690
0655
0636
0644
0687
0737
0756
0772
0784
0795
0807
0819
0826
0830
0834
0834
0838
0838
0842
0846
0846
0846
0850
0850
0850
0850
0850
0853
0853
0857
0865
0869
0881
0900
0931
0966
1001
1032
1063
1098
1141
1168
1176
1179
1183
1187
1191
1195
1199
1199
1187
1172
1156
1137
1121
1102
1086
1075
1063
1051
1036
1020
1001
0982
0962
0939
0908
0873
0846
0815
0784
0756
0725
0694
0659
0621
0586
0551
0512
0481
0465
0461
0461
0461
0461
0461
0458
0454
0450
0450
0450
0454
0461
0473
0489
0508
0531
0555
0578
0597
0617
0640
0667
0687
0706
0721
0737
0749
0768
0791
0822
0846
0869
0892
0916
0939
0958
0966
0943
0896
0850
0830
0811
0791
0772
0756
0741
0729
0718
0706
0698
0690
0687
0683
0679
0675
0671
0667
0667
0667
0663
0663
0659
0655
0652
0652
0655
0675
0698
0729
0760
0784
0811
0834
0853
0873
0881
0884
0881
0873
0857
0846
0826
0803
0764
0741
0760
0819
0985
1226
1513
1843
2189
2515
2771
2852
2821
2728
2449
2096
1711
1315
0927
0586
0310
0236
0221
0205
0201
0225
0271
0322
0388
0465
0496
0512
0524
0539
0547
0555
0555
0558
0562
0562
0566
0570
0574
0582
0586
0589
0597
0601
0605
0609
0613
0621
0628
0640
0655
0675
0702
0737
0768
0803
0838
0865
0881
0896
0908
0919
0931
0943
0950
0954
0962
0966
0970
0974
0978
0982
0982
0978
0978
0974
0974
0974
0974
0978
0974
0974
0978
0970
0919
0869
0819
0760
0667
0597
0578
0570
0558
0555
0551
0547
0543
0547
0551
0555
0562
0578
0589
0597
0605
0605
0605
0605
0601
0605
0605
0609
0613
0613
0617
0624
0628
0632
0636
0636
0632
0628
0624
0621
0624
0624
0621
0617
0613
0613
0605
0601
0589
0582
0566
0551
0535
0516
0485
0446
0423
0415
0411
0415
0415
0415
0415
0415
0419
0419
0423
0423
0423
0419
0419
0419
0419
0419
0419
0415
0415
0411
0407
0399
0395
0392
0388
0380
0372
0360
0353
0349
0353
0368
0392
0419
0442
0469
0500
0531
0558
0593
0714
0884
1129
1451
1839
2255
2631
2864
2942
2852
2577
2053
1428
0807
0298
0073
0000
0054
0143
0256
0333
0372
0403
0434
0458
0485
0520
0566
0589
0597
0605
0613
0621
0621
0609
0593
0582
0566
0555
0555
0589
0628
0652
0675
0694
0714
0737
0764
0787
0811
0834
0853
0869
0884
0896
0912
0927
0943
0954
0970
0982
0997
1009
1016
1024
1028
1032
1036
1044
1048
1059
1067
1075
1086
1094
1098
1102
1102
1094
1086
1071
1051
1028
1001
0962
0881
0803
0749
0710
0675
0655
0648
0644
0640
0644
0644
0640
0640
0632
0628
0624
0621
0617
0613
0613
0613
0617
0621
0624
0632
0640
0644
0648
0655
0659
0671
0679
0690
0702
0721
0745
0772
0795
0815
0838
0850
0865
0873
0881
0888
0892
0892
0896
0904
0912
0919
0931
0943
0954
0970
0982
0993
1009
1020
1032
1048
1063
1082
1110
1133
1156
1168
1172
1168
1160
1145
1129
1110
1090
1063
1028
0993
0954
0919
0900
0877
0861
0846
0830
0819
0807
0803
0799
0799
0795
0795
0795
0795
0799
0799
0799
0799
0799
0803
0803
0807
0819
0830
0842
0846
0850
0857
0869
0877
0884
0892
0900
0904
0912
0916
0923
0935
0950
1024
1238
1537
1917
2367
2841
3314
3699
3803
3757
3404
2825
2181
1610
1191
1001
0943
0908
0892
0896
0916
0943
0978
1001
1028
1055
1079
1090
1102
1110
1113
1117
1121
1129
1133
1137
1137
1145
1148
1152
1156
1160
1160
1164
1164
1168
1172
1176
1179
1183
1191
1199
1211
1222
1230
1245
1257
1273
1288
1308
1327
1350
1381
1440
1486
1502
1509
1521
1529
1533
1537
1540
1544
1548
1548
1544
1540
1529
1513
1490
1467
1440
1397
1311
1242
1183
1133
1086
1040
0993
0943
0900
0865
0822
0772
0729
0675
0597
0539
0508
0489
0477
0477
0473
0473
0473
0469
0469
0469
0469
0481
0496
0512
0527
0543
0558
0570
0570
0555
0531
0512
0496
0477
0461
0446
0430
0426
0426
0430
0438
0446
0458
0465
0473
0489
0500
0508
0516
0527
0535
0543
0551
0558
0562
0570
0578
0589
0597
0605
0617
0628
0640
0652
0663
0671
0679
0683
0683
0687
0694
0698
0702
0706
0710
0718
0721
0725
0729
0733
0733
0737
0737
0741
0737
0737
0733
0733
0733
0729
0725
0721
0718
0718
0718
0718
0718
0714
0714
0710
0706
0702
0694
0690
0690
0694
0702
0718
0741
0772
0822
0826
0830
0834
0838
0842
0842
0834
0826
0819
0811
0807
0803
0795
0795
0791
0799
0807
0822
0838
0846
0853
0857
0865
0873
0877
0881
0884
0884
0884
0888
0888
0896
0900
0904
0908
0908
0912
0916
0919
0923
0931
0939
0943
0954
0966
0982
0997
1016
1032
1048
1059
1067
1079
1090
1102
1110
1117
1125
1133
1141
1145
1145
1145
1137
1133
1125
1121
1113
1106
1098
1086
1079
1075
1075
1082
1098
1121
1152
1218
1292
1315
1331
1343
1346
1350
1343
1335
1319
1304
1292
1277
1257
1245
1245
1257
1273
1300
1331
1381
1436
1467
1486
1506
1521
1529
1537
1540
1540
1540
1533
1521
1509
1494
1474
1455
1432
1385
1350
1323
1300
1280
1261
1253
1253
1257
1257
1257
1257
1261
1265
1265
1269
1269
1273
1273
1269
1261
1253
1238
1222
1207
1195
1187
1172
1156
1141
1133
1129
1133
1145
1164
1187
1218
1339
1572
1925
2398
2949
3501
3943
4095
4060
3737
3198
2604
2072
1638
1300
1055
0997
0985
0978
0974
0997
1040
1059
1067
1075
1082
1090
1098
1102
1106
1110
1113
1117
1121
1129
1133
1133
1133
1137
1141
1145
1152
1156
1160
1168
1179
1195
1226
1257
1280
1300
1319
1339
1354
1366
1370
1366
1354
1335
1315
1284
1230
1187
1086
0962
0826
0745
0679
0624
0562
0524
0496
0477
0461
0454
0454
0458
0469
0481
0496
0516
0547
0543
0500
0461
0426
0384
0333
0302
0275
0256
0236
0213
0194
0174
0159
0143
0120
0100
0085
0085
0104
0131
0155
0166
0174
0178
0186
0190
0194
0197
0201
0209
0213
0221
0225
0229
0232
0236
0236
0236
0236
0236
0236
0240
0240
0244
0248
0256
0267
0279
0283
0275
0252
0225
0197
0186
0170
0155
0139
0124
0108
0097
0085
0077
0073
0069
0065
0065
0065
0065
0069
0077
0081
0089
0097
0104
0112
0120
0131
0143
0151
0159
0170
0178
0190
0197
0205
0209
0213
0221
0229
0236
0244
0252
0256
0260
0263
0267
0275
0291
0306
0392
0570
0846
1222
1676
2158
2585
2915
3050
3035
2810
2363
1801
1222
0753
0399
0209
0139
0139
0213
0326
0434
0489
0524
0535
0500
0438
0403
0376
0357
0337
0322
0310
0306
0310
0314
0326
0345
0364
0388
0419
0469
0516
0555
0574
0589
0601
0613
0621
0628
0640
0648
0659
0667
0679
0690
0702
0718
0741
0768
0822
0869
0908
0958
1013
1075
1106
1129
1145
1160
1172
1176
1176
1168
1156
1141
1125
1110
1090
1063
1036
1005
0974
0943
0916
0896
0877
0861
0846
0838
0830
0822
0815
0803
0795
0787
0784
0776
0768
0756
0749
0737
0725
0721
0714
0706
0694
0683
0652
0609
0593
0589
0582
0578
0574
0578
0593
0613
0644
0718
0764
0787
0803
0819
0822
0819
0807
0787
0760
0702
0640
0628
0617
0605
0601
0601
0605
0613
0621
0624
0628
0628
0632
0636
0636
0636
0636
0636
0632
0632
0632
0632
0636
0640
0644
0648
0652
0655
0655
0659
0663
0663
0667
0679
0694
0706
0714
0710
0710
0706
0698
0694
0687
0679
0679
0698
0729
0756
0795
0838
0877
0939
1040
1234
1498
1820
2177
2557
2911
3132
3206
3105
2810
2290
1723
1199
0780
0555
0473
0473
0512
0558
0605
0648
0706
0776
0830
0861
0881
0896
0900
0904
0908
0908
0912
0912
0916
0916
0916
0919
0919
0923
0923
0927
0927
0931
0935
0943
0954
0962
0974
0985
0997
1016
1036
1055
1071
1082
1090
1102
1113
1125
1137
1152
1176
1203
1230
1249
1265
1280
1292
1308
1315
1323
1327
1331
1331
1327
1323
1315
1304
1292
1277
1261
1242
1203
1164
1129
1106
1086
1075
1059
1048
1032
1020
1009
1001
0993
0989
0985
0982
0978
0974
0970
0970
0966
0962
0958
0950
0950
0947
0947
0943
0939
0931
0927
0923
0919
0916
0904
0877
0861
0850
0846
0842
0838
0830
0826
0826
0830
0838
0846
0857
0877
0877
0853
0846
0846
0842
0838
0834
0830
0826
0822
0819
0819
0815
0815
0815
0815
0815
0815
0815
0815
0811
0807
0803
0803
0803
0803
0799
0799
0799
0795
0795
0795
0791
0787
0780
0780
0791
0807
0822
0838
0853
0873
0900
0993
1129
1346
1653
2045
2480
2895
3233
3396
3396
3225
2810
2251
1665
1164
0815
0605
0481
0430
0395
0399
0481
0589
0663
0690
0690
0648
0582
0543
0535
0527
0566
0632
0694
0721
0733
0741
0745
0753
0756
0764
0768
0776
0780
0780
0787
0791
0795
0799
0803
0807
0815
0819
0826
0834
0842
0846
0857
0884
0950
1013
1059
1098
1117
1133
1145
1156
1164
1168
1172
1172
1168
1164
1160
1152
1145
1133
1121
1094
1036
1013
1001
0993
0989
0982
0974
0970
0958
0950
0943
0935
0927
0916
0888
0846
0807
0780
0737
0714
0694
0683
0671
0663
0655
0652
0652
0652
0652
0648
0644
0640
0636
0644
0655
0675
0706
0749
0768
0784
0791
0780
0749
0702
0671
0663
0663
0659
0655
0655
0652
0652
0648
0648
0652
0655
0659
0667
0675
0687
0698
0718
0772
0807
0826
0842
0846
0846
0846
0842
0826
0815
0799
0787
0772
0756
0741
0733
0725
0721
0714
0706
0690
0694
0725
0760
0795
0838
0869
0904
0923
0935
0950
0966
0935
0908
0896
0884
0877
0865
0853
0842
0830
0811
0787
0772
0784
0799
0815
0826
0842
0857
0881
0923
0958
0966
0974
0978
0978
0978
0974
0966
0950
0904
0819
0787
0776
0764
0756
0768
0799
0846
0904
0935
0954
0966
0954
0943
0931
0919
0912
0912
0919
0931
0943
0958
0958
0935
0896
0853
0815
0784
0768
0756
0756
0791
0838
0896
0919
0931
0943
0950
0954
0958
0962
0962
0962
0958
0954
0947
0943
0939
0935
0931
0927
0919
0916
0912
0908
0904
0900
0900
0900
0904
0908
0912
0919
0931
0943
0970
1016
1044
1063
1071
1059
1028
0997
0958
0931
0888
0857
0842
0830
0869
0947
1016
1075
1117
1129
1137
1141
1148
1152
1164
1172
1187
1203
1226
1269
1288
1304
1315
1323
1323
1323
1319
1315
1311
1308
1304
1296
1288
1277
1257
1226
1164
1106
1071
1059
1051
1044
1040
1051
1079
1102
1125
1141
1121
1086
1067
1048
1028
1016
1013
1013
1020
1028
1036
1044
1059
1067
1055
1028
0943
0861
0815
0772
0745
0764
0822
1013
1319
1731
2239
2786
3307
3718
3862
3831
3524
3015
2410
1758
1183
0776
0551
0496
0481
0469
0465
0465
0473
0489
0508
0547
0613
0640
0652
0667
0679
0687
0690
0694
0694
0698
0694
0694
0694
0690
0687
0683
0675
0671
0667
0663
0655
0648
0652
0667
0687
0710
0733
0764
0791
0819
0846
0861
0873
0881
0896
0916
0935
0943
0947
0950
0954
0958
0962
0966
0970
0974
0982
0985
0989
0993
0997
1005
1013
1024
1036
1040
1036
1032
1020
1009
0985
0935
0884
0830
0787
0764
0745
0721
0706
0702
0694
0690
0687
0683
0679
0675
0671
0667
0659
0655
0652
0648
0648
0644
0644
0644
0644
0644
0644
0644
0636
0632
0628
0628
0624
0624
0624
0628
0632
0636
0644
0652
0659
0671
0679
0683
0679
0659
0632
0597
0551
0508
0465
0426
0395
0380
0364
0353
0353
0360
0376
0392
0399
0403
0407
0411
0415
0419
0419
0423
0423
0426
0426
0430
0430
0430
0434
0434
0434
0438
0438
0442
0446
0450
0458
0481
0543
0582
0605
0624
0632
0632
0624
0617
0605
0589
0597
0659
0834
1113
1498
1979
2499
2984
3338
3470
3326
2926
2352
1727
1187
0795
0562
0492
0465
0446
0485
0551
0601
0617
0624
0628
0628
0632
0640
0648
0655
0663
0671
0679
0683
0690
0698
0710
0721
0741
0760
0787
0822
0857
0892
0916
0931
0947
0962
0974
0985
0989
0997
1001
1009
1020
1040
1063
1090
1113
1137
1156
1179
1203
1226
1245
1261
1277
1292
1304
1308
1308
1308
1308
1308
1311
1311
1311
1311
1308
1288
1249
1191
1117
1059
0993
0939
0904
0888
0881
0877
0873
0873
0869
0869
0869
0869
0877
0881
0888
0900
0912
0927
0939
0939
0927
0908
0884
0853
0834
0807
0784
0760
0737
0718
0753
0784
0807
0822
0838
0846
0857
0865
0873
0881
0888
0892
0896
0892
0884
0873
0857
0842
0807
0745
0706
0679
0663
0655
0652
0644
0640
0636
0636
0632
0632
0632
0636
0640
0648
0655
0663
0679
0690
0690
0683
0675
0667
0655
0652
0648
0655
0667
0683
0702
0729
0760
0776
0784
0795
0803
0807
0815
0822
0826
0830
0838
0846
0857
0919
1086
1339
1680
2088
2546
3000
3369
3543
3466
3124
2565
1913
1284
0811
0547
0485
0496
0570
0628
0683
0741
0787
0819
0826
0834
0838
0830
0822
0819
0815
0811
0819
0834
0850
0865
0884
0900
0916
0931
0954
0985
1028
1051
1067
1075
1082
1094
1102
1113
1121
1125
1133
1141
1156
1176
1191
1195
1195
1199
1207
1211
1207
1199
1187
1183
1176
1172
1164
1160
1148
1141
1129
1117
1102
1063
0997
0966
0950
0939
0931
0919
0908
0900
0892
0881
0865
0846
0822
0799
0764
0714
0667
0601
0527
0477
0442
0423
0403
0395
0395
0407
0426
0458
0512
0558
0589
0609
0621
0628
0632
0640
0644
0648
0652
0652
0648
0644
0636
0624
0617
0609
0597
0593
0586
0582
0578
0574
0570
0566
0562
0558
0555
0551
0547
0547
0543
0543
0543
0543
0547
0547
0547
0547
0543
0539
0535
0531
0531
0539
0551
0562
0574
0589
0609
0624
0636
0644
0648
0652
0659
0663
0667
0671
0675
0675
0679
0687
0690
0698
0706
0714
0721
0733
0745
0756
0772
0791
0869
1067
1381
1808
2305
2798
3190
3376
3268
2887
2317
1672
1059
0593
0322
0252
0225
0213
0213
0225
0252
0329
0423
0481
0535
0574
0601
0617
0632
0644
0655
0675
0694
0706
0714
0721
0725
0733
0737
0741
0749
0756
0760
0764
0768
0772
0776
0784
0795
0811
0842
0865
0900
0943
1016
1094
1179
1226
1249
1265
1277
1277
1265
1242
1207
1168
1148
1133
1125
1125
1133
1152
1176
1211
1234
1253
1269
1269
1234
1214
1199
1183
1164
1145
1125
1102
1082
1051
1024
1005
0985
0943
0908
0896
0888
0881
0873
0865
0861
0853
0846
0842
0834
0822
0819
0830
0846
0877
0923
0997
1048
1086
1094
1102
1106
1110
1113
1113
1113
1117
1117
1121
1125
1129
1133
1145
1145
1125
1110
1098
1086
1086
1098
1117
1141
1168
1172
1179
1183
1148
1094
1044
1001
0954
0904
0846
0795
0768
0745
0729
0714
0706
0698
0694
0690
0687
0683
0683
0679
0675
0671
0667
0667
0663
0659
0655
0655
0652
0652
0652
0648
0640
0632
0636
0652
0671
0690
0706
0721
0729
0729
0721
0706
0690
0667
0632
0617
0597
0609
0710
0912
1211
1603
2084
2604
3085
3454
3609
3473
3058
2464
1839
1296
0861
0555
0372
0310
0287
0291
0333
0450
0582
0694
0733
0756
0745
0687
0640
0613
0597
0589
0601
0628
0667
0725
0760
0780
0795
0799
0795
0787
0776
0768
0760
0749
0741
0737
0745
0760
0772
0780
0787
0795
0807
0819
0830
0842
0850
0861
0881
0908
0939
0970
1020
1079
1113
1141
1145
1121
1113
1106
1098
1090
1086
1079
1075
1067
1059
1048
1040
1028
1020
1009
0993
0978
0958
0943
0931
0912
0892
0869
0846
0826
0787
0733
0706
0690
0679
0667
0655
0644
0632
0621
0609
0593
0582
0574
0574
0589
0605
0624
0652
0694
0737
0756
0772
0784
0795
0799
0807
0811
0811
0807
0803
0791
0780
0772
0760
0749
0737
0725
0714
0706
0706
0710
0718
0729
0745
0764
0791
0842
0881
0908
0931
0943
0943
0927
0904
0865
0815
0772
0741
0718
0706
0698
0694
0690
0687
0683
0683
0687
0690
0698
0702
0706
0714
0721
0725
0733
0733
0737
0737
0737
0733
0729
0721
0714
0706
0702
0694
0687
0679
0675
0667
0667
0671
0679
0690
0702
0714
0721
0733
0745
0756
0764
0768
0768
0760
0749
0741
0729
0721
0710
0694
0683
0675
0675
0679
0683
0694
0702
0714
0733
0764
0799
0815
0826
0834
0838
0846
0846
0853
0861
0869
0869
0877
0881
0884
0892
0908
0919
0923
0916
0900
0881
0865
0846
0838
0842
0857
0884
0912
0943
0962
0970
0978
0985
0993
0997
0997
0985
0970
0950
0939
0927
0916
0908
0896
0892
0888
0892
0896
0900
0908
0912
0916
0919
0923
0931
0935
0939
0939
0939
0931
0927
0919
0912
0904
0888
0873
0873
0888
0916
0950
0989
1005
1013
1020
1028
1032
1036
1040
1040
1040
1040
1036
1032
1028
1020
1013
1009
1001
0993
0985
0978
0970
0962
0950
0943
0931
0919
0908
0888
0857
0815
0787
0776
0764
0756
0749
0741
0729
0718
0702
0694
0683
0671
0655
0640
0624
0617
0621
0628
0640
0652
0659
0667
0675
0683
0694
0710
0721
0737
0764
0865
1082
1416
1851
2340
2837
3291
3625
3734
3551
3093
2433
1700
1063
0655
0531
0492
0527
0570
0605
0609
0574
0547
0520
0504
0516
0543
0578
0621
0632
0640
0648
0644
0609
0589
0578
0566
0555
0551
0555
0562
0574
0586
0601
0624
0648
0671
0694
0714
0737
0768
0799
0834
0865
0884
0881
0873
0865
0857
0853
0850
0846
0853
0869
0888
0908
0927
0950
0978
1001
1020
1040
1071
1110
1141
1160
1172
1183
1187
1187
1183
1168
1152
1129
1086
1020
0978
0947
0927
0912
0904
0900
0896
0892
0888
0888
0888
0888
0888
0888
0888
0888
0892
0896
0904
0908
0912
0923
0931
0916
0884
0869
0853
0842
0830
0822
0819
0819
0826
0834
0846
0865
0888
0935
0974
0993
1013
1024
1036
1036
1032
1016
0993
0970
0939
0896
0865
0842
0830
0819
0807
0803
0795
0791
0791
0795
0803
0815
0826
0834
0842
0846
0850
0853
0857
0865
0869
0873
0877
0881
0884
0888
0892
0892
0892
0888
0888
0884
0881
0877
0873
0873
0873
0877
0877
0881
0884
0892
0896
0912
0931
0962
1063
1257
1529
1874
2274
2697
3116
3470
3652
3652
3470
3012
2371
1657
1009
0574
0426
0380
0423
0489
0551
0593
0652
0718
0791
0846
0881
0896
0884
0857
0842
0822
0807
0795
0791
0799
0815
0830
0846
0869
0900
0931
0958
0982
1001
1020
1036
1051
1063
1075
1086
1094
1102
1113
1121
1133
1141
1152
1164
1179
1195
1207
1218
1226
1238
1253
1265
1280
1288
1296
1304
1304
1304
1300
1296
1288
1273
1257
1242
1218
1168
1129
1098
1075
1048
1020
1005
0989
0978
0962
0950
0935
0919
0900
0873
0842
0815
0795
0776
0760
0749
0733
0718
0706
0698
0690
0683
0679
0675
0675
0679
0679
0683
0687
0690
0698
0706
0706
0690
0671
0655
0644
0628
0609
0593
0570
0531
0489
0481
0477
0473
0469
0469
0465
0465
0461
0465
0465
0465
0469
0469
0473
0477
0485
0492
0500
0508
0524
0535
0527
0512
0500
0492
0485
0481
0485
0500
0520
0555
0609
0644
0667
0675
0667
0644
0624
0597
0586
0593
0613
0667
0768
0919
1133
1408
1738
2111
2507
2883
3144
3171
3039
2561
1925
1284
0760
0426
0298
0252
0232
0240
0260
0318
0450
0589
0698
0784
0815
0815
0784
0690
0574
0539
0524
0512
0547
0589
0628
0671
0702
0729
0741
0737
0725
0718
0710
0702
0721
0756
0791
0830
0853
0869
0884
0892
0908
0923
0939
0958
0974
0985
1001
1013
1028
1040
1051
1063
1071
1079
1090
1098
1106
1113
1117
1121
1129
1137
1141
1141
1137
1121
1106
1086
1059
1013
0982
0954
0923
0900
0861
0838
0830
0826
0819
0815
0815
0811
0807
0803
0803
0799
0795
0795
0795
0795
0791
0784
0776
0776
0776
0776
0780
0784
0787
0791
0791
0795
0799
0803
0803
0799
0795
0787
0780
0768
0756
0741
0721
0702
0690
0683
0675
0671
0663
0659
0655
0652
0652
0648
0648
0648
0644
0644
0644
0640
0640
0640
0636
0632
0628
0624
0624
0621
0621
0621
0621
0617
0609
0605
0621
0648
0663
0671
0679
0687
0694
0702
0706
0710
0714
0718
0721
0721
0729
0737
0764
0865
1032
1273
1603
2030
2526
3043
3477
3664
3644
3345
2771
2076
1408
0908
0628
0566
0547
0531
0527
0527
0539
0566
0655
0776
0842
0857
0869
0877
0881
0888
0896
0900
0908
0916
0927
0943
0954
0954
0947
0939
0935
0927
0923
0923
0939
0958
0966
0974
0982
0989
1001
1009
1020
1036
1055
1090
1145
1176
1195
1218
1242
1273
1300
1311
1319
1327
1331
1335
1335
1331
1323
1311
1296
1284
1269
1249
1230
1211
1187
1137
1067
1032
1016
1005
0997
0993
0989
0982
0974
0966
0958
0950
0943
0931
0912
0873
0850
0826
0799
0768
0753
0741
0733
0725
0721
0718
0718
0721
0729
0737
0749
0756
0764
0776
0791
0803
0815
0815
0811
0803
0799
0795
0791
0784
0776
0772
0768
0768
0768
0772
0776
0784
0791
0803
0815
0822
0830
0838
0842
0846
0850
0857
0861
0865
0869
0873
0873
0873
0869
0865
0861
0857
0850
0846
0846
0842
0834
0826
0819
0811
0807
0815
0822
0834
0846
0861
0877
0900
0923
0947
0958
0974
0985
0993
1001
1001
0993
0982
0966
0950
0939
0923
0904
0892
0888
0892
0904
0919
0943
0993
1055
1094
1106
1117
1125
1129
1121
1102
1079
1032
0974
0919
0888
0873
0861
0846
0834
0819
0795
0764
0718
0687
0659
0632
0624
0617
0609
0636
0687
0733
0756
0776
0787
0791
0784
0772
0756
0749
0737
0725
0714
0706
0694
0679
0659
0624
0562
0524
0496
0489
0504
0555
0690
0927
1249
1641
2080
2546
2973
3283
3388
3217
2798
2239
1653
1129
0756
0531
0438
0407
0392
0395
0411
0430
0469
0520
0555
0570
0586
0609
0636
0655
0679
0698
0710
0706
0698
0687
0675
0663
0652
0648
0655
0675
0698
0714
0733
0749
0764
0780
0795
0811
0822
0838
0850
0865
0877
0884
0896
0908
0916
0931
0947
0962
0985
1016
1055
1071
1082
1094
1102
1106
1102
1094
1082
1075
1071
1063
1059
1055
1048
1040
1028
1020
1009
1001
0982
0954
0931
0912
0881
0834
0791
0768
0753
0725
0698
0671
0655
0640
0624
0609
0597
0589
0582
0578
0574
0570
0566
0558
0555
0555
0547
0539
0535
0527
0531
0539
0551
0570
0589
0621
0640
0652
0663
0675
0683
0690
0706
0725
0749
0768
0791
0815
0834
0850
0865
0900
0935
0888
0861
0846
0834
0822
0807
0799
0795
0787
0780
0772
0764
0756
0749
0745
0741
0733
0721
0710
0698
0690
0683
0679
0671
0663
0648
0624
0555
0512
0485
0469
0458
0458
0465
0477
0496
0531
0601
0675
0718
0718
0721
0725
0725
0725
0721
0721
0721
0718
0706
0694
0679
0644
0586
0547
0524
0551
0636
0838
1152
1603
2142
2689
3163
3489
3602
3473
3144
2666
2127
1606
1179
0846
0605
0492
0454
0504
0593
0640
0644
0644
0644
0648
0652
0667
0687
0706
0721
0741
0760
0780
0799
0819
0834
0846
0861
0873
0888
0896
0904
0916
0923
0931
0943
0950
0958
0966
0974
0982
0993
1001
1009
1016
1028
1036
1051
1067
1082
1098
1117
1148
1179
1203
1222
1238
1249
1261
1273
1280
1280
1277
1265
1249
1230
1203
1156
1121
1102
1086
1075
1063
1048
1036
1020
1005
0978
0943
0916
0896
0881
0869
0853
0846
0830
0815
0795
0756
0702
0667
0636
0605
0586
0566
0558
0574
0605
0621
0636
0652
0659
0667
0671
0671
0675
0675
0679
0679
0679
0683
0687
0687
0667
0655
0644
0636
0624
0621
0624
0632
0640
0652
0659
0671
0679
0687
0694
0702
0706
0710
0714
0718
0721
0721
0721
0729
0733
0737
0737
0729
0718
0702
0687
0679
0663
0652
0640
0632
0628
0636
0644
0652
0663
0675
0694
0725
0745
0753
0760
0768
0772
0776
0768
0753
0737
0725
0714
0702
0694
0690
0683
0683
0687
0694
0702
0718
0729
0741
0753
0764
0776
0787
0799
0807
0811
0811
0807
0807
0803
0803
0803
0799
0795
0791
0787
0784
0784
0780
0772
0768
0760
0756
0749
0745
0737
0729
0721
0710
0698
0687
0687
0690
0698
0710
0721
0737
0764
0787
0815
0834
0853
0865
0865
0850
0838
0834
0830
0822
0819
0815
0811
0807
0807
0803
0799
0799
0799
0799
0799
0799
0799
0803
0803
0807
0811
0815
0815
0819
0822
0822
0826
0830
0838
0842
0842
0846
0846
0857
0869
0884
0892
0904
0919
0954
1009
1063
1098
1117
1129
1141
1148
1148
1141
1117
1090
1055
1005
0962
0931
0904
0884
0869
0857
0846
0834
0822
0822
0830
0842
0846
0850
0857
0861
0865
0869
0869
0865
0861
0857
0850
0846
0834
0822
0799
0760
0725
0706
0694
0687
0679
0675
0671
0667
0671
0675
0687
0702
0725
0756
0873
1183
1630
2158
2689
3159
3501
3594
3555
3252
2736
2099
1459
0935
0582
0415
0395
0465
0586
0683
0718
0733
0737
0729
0710
0690
0679
0671
0663
0652
0644
0640
0632
0632
0628
0632
0636
0644
0655
0667
0683
0702
0737
0768
0791
0811
0826
0842
0846
0853
0857
0865
0869
0869
0865
0861
0857
0853
0846
0830
0861
0916
0982
1040
1079
1102
1110
1113
1117
1125
1129
1133
1137
1137
1141
1141
1145
1141
1141
1137
1133
1125
1121
1117
1113
1110
1102
1094
1079
1044
0993
0939
0888
0830
0780
0741
0718
0710
0706
0698
0690
0733
0764
0780
0795
0807
0815
0815
0815
0815
0811
0811
0811
0811
0811
0807
0807
0807
0807
0811
0819
0830
0838
0846
0853
0865
0877
0884
0877
0853
0834
0815
0807
0795
0787
0776
0764
0753
0745
0737
0729
0721
0718
0710
0710
0706
0706
0706
0706
0706
0706
0706
0710
0714
0718
0718
0721
0729
0733
0741
0749
0756
0760
0764
0772
0780
0791
0803
0811
0811
0811
0803
0795
0787
0780
0768
0756
0753
0760
0784
0822
0943
1156
1443
1793
2189
2616
3027
3357
3458
3419
3124
2623
2030
1440
0962
0636
0508
0469
0527
0640
0698
0706
0714
0714
0718
0729
0745
0764
0799
0842
0850
0853
0861
0861
0857
0850
0846
0838
0834
0830
0826
0822
0826
0838
0850
0865
0884
0908
0939
0970
1001
1024
1048
1063
1082
1098
1117
1129
1145
1160
1179
1195
1211
1226
1238
1245
1257
1265
1277
1284
1292
1296
1292
1288
1280
1269
1253
1238
1222
1207
1187
1168
1156
1141
1125
1106
1079
1044
1013
0985
0958
0931
0896
0857
0834
0815
0795
0784
0772
0768
0764
0760
0760
0756
0756
0753
0749
0753
0753
0764
0780
0799
0819
0838
0857
0884
0900
0900
0888
0873
0857
0838
0803
0772
0741
0718
0690
0659
0640
0624
0609
0601
0597
0597
0601
0613
0624
0636
0644
0652
0659
0671
0675
0683
0687
0690
0698
0702
0702
0706
0702
0702
0698
0694
0694
0690
0690
0690
0687
0687
0683
0683
0679
0679
0675
0675
0675
0675
0675
0683
0690
0702
0714
0737
0772
0846
0970
1148
1408
1750
2138
2526
2887
3155
3248
3120
2786
2286
1696
1133
0671
0333
0166
0108
0131
0190
0329
0489
0621
0698
0714
0725
0729
0733
0737
0745
0749
0756
0760
0768
0772
0780
0780
0784
0787
0795
0803
0815
0830
0842
0846
0853
0861
0869
0884
0908
0935
0970
1016
1063
1098
1110
1113
1121
1125
1125
1129
1133
1141
1148
1156
1168
1176
1183
1191
1199
1211
1222
1230
1230
1226
1222
1218
1211
1199
1179
1141
1102
1055
0989
0950
0927
0908
0888
0865
0846
0830
0811
0787
0772
0756
0741
0725
0710
0698
0702
0710
0718
0729
0729
0718
0706
0698
0690
0687
0687
0698
0714
0733
0753
0780
0803
0822
0842
0853
0869
0884
0900
0904
0912
0919
0923
0931
0935
0939
0947
0950
0950
0950
0950
0950
0947
0943
0939
0935
0927
0919
0912
0904
0884
0842
0807
0787
0768
0749
0737
0729
0718
0706
0694
0687
0675
0667
0655
0640
0617
0601
0597
0597
0597
0593
0589
0582
0582
0586
0597
0609
0624
0632
0640
0648
0655
0663
0671
0671
0671
0671
0667
0663
0659
0652
0640
0621
0578
0535
0512
0531
0593
0756
1001
1346
1777
2266
2771
3190
3435
3462
3353
2981
2460
1905
1405
0989
0659
0434
0357
0326
0326
0353
0430
0520
0624
0690
0718
0729
0737
0745
0749
0756
0764
0768
0776
0776
0784
0787
0791
0795
0799
0807
0811
0819
0830
0842
0850
0861
0873
0888
0900
0916
0927
0935
0943
0950
0962
0978
1009
1044
1075
1098
1121
1145
1176
1226
1261
1277
1288
1296
1304
1308
1311
1319
1331
1327
1284
1253
1226
1203
1187
1172
1160
1148
1133
1117
1102
1090
1075
1048
1001
0966
0943
0919
0892
0850
0799
0768
0756
0745
0733
0725
0718
0710
0706
0702
0698
0694
0690
0687
0690
0690
0694
0702
0710
0718
0729
0737
0745
0753
0760
0768
0780
0784
0791
0795
0795
0799
0799
0799
0799
0803
0803
0807
0815
0815
0815
0807
0799
0791
0780
0764
0753
0760
0772
0780
0787
0791
0799
0799
0799
0795
0791
0780
0772
0768
0756
0749
0741
0737
0733
0729
0733
0733
0737
0741
0749
0760
0776
0791
0815
0857
0869
0877
0888
0892
0877
0850
0822
0787
0772
0760
0749
0741
0756
0784
0811
0842
0857
0869
0881
0888
0896
0904
0908
0908
0900
0892
0877
0861
0842
0842
0857
0869
0881
0892
0896
0896
0888
0873
0857
0842
0811
0799
0784
0768
0799
0834
0861
0881
0892
0904
0916
0916
0896
0884
0877
0873
0865
0857
0846
0842
0834
0826
0819
0815
0811
0807
0803
0803
0803
0799
0799
0799
0803
0807
0811
0815
0819
0826
0830
0838
0853
0865
0850
0822
0791
0760
0741
0737
0733
0729
0721
0718
0725
0745
0756
0764
0772
0780
0784
0787
0795
0799
0803
0807
0811
0815
0819
0826
0842
0842
0807
0780
0749
0733
0718
0706
0694
0690
0702
0733
0780
0842
0904
0958
1005
1048
1075
1090
1102
1098
1082
1059
1016
0962
0919
0873
0826
0784
0741
0706
0687
0679
0667
0663
0663
0667
0679
0687
0690
0698
0702
0706
0710
0714
0718
0718
0714
0706
0698
0690
0679
0663
0644
0621
0593
0555
0516
0496
0481
0477
0485
0512
0578
0706
0912
1195
1552
1971
2422
2876
3283
3520
3528
3349
2907
2344
1754
1238
0850
0597
0450
0399
0376
0357
0376
0442
0531
0613
0644
0652
0648
0632
0624
0617
0613
0613
0609
0609
0609
0613
0621
0628
0640
0659
0690
0694
0698
0698
0702
0702
0706
0710
0710
0718
0725
0741
0756
0787
0853
0892
0912
0923
0935
0943
0950
0958
0966
0974
0982
0985
0989
1001
1024
1055
1094
1125
1133
1141
1148
1152
1141
1121
1110
1098
1094
1086
1082
1075
1067
1055
1048
1040
1028
1013
0978
0916
0877
0853
0834
0819
0807
0799
0791
0784
0780
0780
0795
0815
0834
0850
0869
0888
0916
0935
0943
0939
0931
0916
0896
0861
0819
0807
0799
0795
0791
0787
0787
0787
0787
0787
0784
0784
0784
0784
0784
0780
0780
0776
0776
0772
0764
0756
0749
0737
0714
0644
0597
0570
0547
0535
0531
0527
0527
0524
0524
0527
0558
0582
0597
0609
0621
0632
0648
0659
0671
0683
0694
0702
0710
0710
0706
0698
0690
0679
0667
0655
0636
0617
0601
0589
0578
0562
0543
0547
0586
0683
0826
1040
1343
1715
2127
2550
2942
3256
3380
3349
3054
2484
1808
1156
0640
0399
0322
0392
0461
0516
0539
0531
0524
0504
0524
0605
0687
0725
0741
0753
0760
0764
0764
0764
0764
0768
0772
0776
0784
0784
0784
0784
0787
0787
0791
0795
0803
0807
0819
0838
0857
0881
0908
0943
0993
1040
1071
1090
1106
1121
1141
1156
1168
1179
1195
1207
1218
1230
1238
1245
1249
1253
1261
1269
1273
1277
1277
1265
1245
1222
1199
1172
1129
1094
1075
1059
1028
0966
0927
0912
0896
0884
0881
0877
0877
0877
0881
0888
0896
0900
0908
0916
0923
0935
0943
0947
0947
0939
0923
0908
0884
0838
0764
0737
0721
0710
0702
0694
0694
0690
0690
0690
0698
0702
0710
0718
0729
0737
0749
0760
0772
0784
0791
0787
0784
0776
0764
0741
0694
0663
0644
0628
0621
0617
0624
0640
0659
0683
0714
0737
0756
0772
0780
0791
0799
0807
0811
0819
0822
0826
0834
0846
0850
0846
0834
0811
0764
0706
0671
0648
0652
0683
0772
0943
1222
1610
2092
2631
3159
3590
3819
3831
3675
3276
2755
2177
1587
1009
0555
0337
0263
0314
0465
0663
0764
0795
0807
0819
0826
0834
0842
0850
0865
0877
0877
0865
0853
0842
0826
0819
0834
0857
0873
0884
0892
0900
0908
0916
0927
0935
0947
0954
0966
0985
1020
1059
1086
1102
1113
1121
1133
1145
1156
1164
1176
1187
1199
1207
1218
1230
1238
1245
1249
1253
1257
1261
1265
1269
1273
1277
1284
1288
1288
1277
1253
1183
1090
1032
0989
0962
0943
0923
0896
0846
0803
0768
0753
0741
0737
0733
0729
0721
0718
0710
0698
0687
0679
0667
0648
0636
0628
0621
0617
0617
0613
0609
0605
0601
0597
0597
0601
0605
0613
0621
0632
0640
0655
0671
0687
0702
0721
0745
0776
0787
0795
0799
0799
0803
0803
0803
0807
0807
0807
0807
0807
0807
0807
0803
0799
0795
0787
0784
0776
0768
0760
0749
0721
0694
0675
0659
0652
0652
0671
0694
0725
0764
0787
0799
0807
0815
0819
0822
0822
0822
0819
0815
0807
0799
0787
0772
0745
0729
0725
0721
0718
0714
0710
0718
0729
0745
0760
0776
0791
0807
0826
0846
0877
0904
0939
0974
0989
1001
1001
0966
0916
0857
0815
0787
0776
0768
0760
0756
0764
0780
0791
0803
0815
0819
0815
0807
0803
0795
0784
0787
0822
0846
0857
0873
0881
0884
0881
0873
0861
0850
0842
0826
0807
0787
0768
0753
0737
0721
0702
0687
0667
0644
0636
0644
0667
0702
0749
0780
0807
0842
0861
0877
0892
0896
0892
0877
0861
0850
0842
0830
0819
0811
0799
0784
0768
0741
0729
0741
0764
0784
0807
0822
0826
0826
0834
0838
0842
0842
0834
0822
0815
0842
0881
0935
0982
1040
1113
1164
1191
1207
1214
1203
1176
1145
1106
1063
1009
0947
0884
0826
0795
0776
0760
0753
0749
0753
0764
0780
0795
0811
0834
0846
0846
0838
0822
0803
0787
0768
0745
0733
0725
0718
0710
0702
0698
0694
0690
0694
0694
0694
0694
0698
0702
0710
0721
0753
0846
1016
1269
1603
1998
2422
2845
3221
3439
3454
3295
2864
2274
1626
1055
0663
0477
0415
0461
0504
0531
0555
0570
0582
0609
0663
0714
0741
0760
0764
0764
0768
0772
0764
0737
0721
0706
0694
0687
0683
0690
0702
0721
0753
0811
0838
0850
0857
0865
0877
0888
0896
0908
0919
0935
0954
0982
1005
1040
1071
1082
1090
1098
1106
1106
1102
1090
1075
1063
1048
1036
1036
1051
1075
1102
1141
1179
1207
1230
1245
1245
1234
1218
1195
1160
1133
1106
1086
1063
1040
1020
1005
0985
0966
0943
0912
0869
0842
0822
0803
0791
0803
0822
0834
0846
0857
0865
0865
0853
0842
0822
0780
0733
0721
0710
0706
0718
0741
0764
0787
0811
0838
0861
0884
0904
0923
0943
0950
0950
0947
0939
0931
0927
0919
0908
0896
0877
0857
0838
0811
0776
0745
0718
0694
0675
0659
0659
0667
0679
0690
0706
0718
0714
0706
0702
0694
0690
0687
0687
0683
0675
0667
0659
0652
0644
0640
0632
0624
0617
0609
0605
0605
0609
0613
0621
0632
0652
0683
0698
0706
0718
0725
0733
0741
0753
0791
0896
1059
1308
1649
2057
2491
2883
3136
3167
3081
2740
2224
1603
0974
0454
0124
0073
0097
0256
0415
0531
0566
0589
0613
0632
0663
0702
0718
0733
0745
0749
0729
0698
0675
0655
0640
0624
0621
0621
0621
0628
0640
0652
0679
0733
0780
0819
0853
0873
0888
0900
0908
0916
0927
0935
0947
0958
0966
0974
0985
0997
1009
1020
1028
1036
1048
1059
1079
1117
1164
1191
1207
1222
1234
1242
1249
1249
1249
1242
1230
1218
1203
1183
1141
1090
1016
0939
0869
0822
0803
0791
0784
0780
0784
0799
0819
0834
0846
0853
0861
0869
0877
0881
0888
0892
0896
0900
0904
0904
0904
0900
0900
0896
0892
0888
0881
0873
0865
0857
0850
0846
0842
0834
0830
0819
0803
0791
0784
0780
0787
0795
0807
0819
0826
0838
0846
0853
0861
0869
0869
0873
0869
0865
0857
0850
0838
0826
0811
0791
0753
0741
0737
0733
0729
0737
0772
0811
0846
0873
0888
0900
0912
0919
0923
0919
0908
0892
0877
0857
0838
0815
0815
0834
0869
0982
1203
1502
1878
2317
2786
3217
3555
3702
3594
3252
2767
2227
1700
1265
0954
0764
0706
0690
0679
0687
0725
0784
0857
0904
0931
0947
0958
0966
0970
0974
0978
0978
0978
0982
0982
0982
0985
0989
0993
0997
1009
1016
1024
1036
1044
1051
1059
1067
1075
1082
1090
1098
1110
1125
1137
1148
1156
1164
1176
1183
1191
1199
1203
1211
1222
1238
1253
1261
1265
1257
1245
1230
1211
1191
1164
1137
1113
1094
1067
1028
0982
0939
0904
0877
0853
0822
0753
0698
0675
0655
0644
0632
0624
0621
0613
0601
0586
0570
0547
0520
0489
0446
0388
0349
0337
0326
0322
0318
0318
0322
0329
0337
0353
0364
0380
0395
0411
0430
0442
0458
0473
0485
0496
0496
0481
0465
0446
0434
0419
0403
0388
0380
0384
0392
0407
0426
0465
0508
0520
0527
0535
0539
0543
0547
0551
0555
0558
0562
0570
0578
0597
0593
0558
0531
0512
0496
0489
0489
0496
0512
0527
0539
0555
0566
0578
0586
0586
0582
0578
0574
0566
0558
0551
0562
0589
0613
0640
0667
0690
0710
0725
0741
0756
0768
0776
0784
0787
0791
0799
0811
0815
0819
0815
0807
0795
0784
0776
0756
0745
0764
0795
0819
0838
0853
0865
0865
0857
0846
0838
0815
0764
0737
0725
0718
0710
0702
0694
0687
0675
0667
0655
0648
0640
0632
0613
0597
0593
0597
0609
0628
0659
0706
0733
0749
0764
0772
0772
0760
0745
0725
0702
0671
0655
0659
0675
0710
0811
0958
1191
1517
1936
2418
2915
3361
3683
3807
3660
3229
2592
1894
1269
0838
0597
0531
0543
0652
0776
0857
0888
0857
0811
0772
0749
0733
0784
0846
0896
0912
0919
0927
0927
0927
0919
0912
0908
0896
0935
0958
0974
0982
0985
0993
0997
1005
1009
1016
1024
1028
1036
1044
1055
1079
1106
1133
1152
1172
1183
1195
1203
1211
1218
1222
1226
1230
1234
1242
1245
1253
1261
1265
1273
1280
1288
1296
1308
1323
1327
1327
1315
1300
1273
1222
1164
1110
1067
1040
1016
0989
0958
0923
0900
0884
0877
0869
0865
0857
0850
0846
0838
0830
0815
0795
0760
0725
0694
0671
0655
0675
0710
0753
0807
0846
0857
0869
0881
0888
0896
0904
0908
0912
0916
0916
0919
0923
0927
0931
0935
0939
0943
0947
0950
0954
0958
0962
0966
0966
0970
0970
0978
0993
0989
0943
0877
0787
0718
0667
0655
0652
0652
0648
0648
0663
0679
0698
0706
0694
0671
0652
0632
0617
0609
0617
0640
0659
0679
0698
0718
0729
0729
0729
0729
0725
0718
0706
0729
0745
0756
0764
0768
0764
0753
0737
0710
0663
0617
0601
0586
0628
0690
0768
0904
1113
1416
1804
2262
2763
3241
3625
3734
3683
3330
2775
2146
1568
1113
0807
0659
0609
0589
0613
0652
0687
0718
0741
0760
0772
0784
0799
0822
0842
0857
0869
0881
0888
0892
0900
0904
0904
0908
0916
0919
0927
0939
0947
0958
0982
0997
0997
0993
0993
0989
0985
0993
1016
1044
1094
1156
1207
1234
1245
1257
1269
1277
1284
1296
1304
1311
1319
1331
1343
1354
1362
1366
1358
1343
1323
1308
1292
1277
1257
1238
1222
1211
1195
1179
1164
1141
1113
1090
1067
1020
0954
0900
0865
0842
0822
0807
0795
0787
0780
0768
0760
0753
0745
0741
0737
0737
0733
0733
0729
0729
0729
0725
0718
0714
0706
0702
0698
0698
0698
0698
0702
0706
0710
0714
0721
0725
0729
0733
0737
0745
0753
0764
0776
0811
0842
0869
0892
0916
0935
0935
0908
0869
0838
0795
0764
0753
0745
0733
0721
0710
0706
0718
0737
0749
0760
0768
0776
0787
0795
0811
0826
0842
0857
0873
0892
0927
0954
0954
0931
0892
0846
0787
0741
0721
0706
0694
0683
0675
0671
0671
0675
0687
0698
0714
0733
0760
0811
0846
0869
0884
0900
0904
0900
0877
0846
0822
0803
0787
0768
0753
0737
0729
0721
0718
0718
0718
0721
0725
0729
0733
0741
0745
0749
0764
0776
0780
0760
0741
0733
0725
0721
0718
0714
0706
0698
0690
0687
0687
0687
0690
0698
0706
0714
0718
0725
0733
0737
0737
0737
0737
0737
0733
0733
0737
0737
0737
0737
0737
0737
0737
0737
0733
0733
0733
0733
0733
0733
0737
0737
0741
0745
0749
0753
0753
0756
0760
0760
0760
0764
0768
0768
0772
0772
0776
0780
0780
0780
0780
0784
0784
0787
0795
0803
0807
0811
0819
0838
0857
0884
0916
0947
0970
0993
1016
1036
1048
1048
1032
1013
0985
0958
0931
0892
0857
0826
0799
0776
0764
0756
0749
0741
0733
0729
0725
0721
0721
0721
0721
0718
0714
0714
0714
0714
0714
0714
0710
0710
0710
0714
0714
0710
0710
0706
0702
0702
0698
0690
0683
0675
0671
0683
0702
0733
0834
0997
1245
1575
1967
2383
2759
3015
3046
2957
2569
2072
1575
1148
0834
0648
0578
0535
0481
0423
0380
0353
0395
0473
0566
0613
0632
0648
0659
0671
0683
0694
0710
0721
0733
0741
0749
0756
0760
0764
0768
0776
0784
0795
0811
0822
0838
0846
0857
0869
0877
0892
0904
0919
0939
0958
0978
0993
1001
1009
1016
1024
1028
1036
1040
1048
1051
1055
1063
1067
1071
1079
1082
1090
1094
1098
1106
1110
1113
1125
1133
1145
1148
1148
1145
1133
1117
1094
1071
1032
0958
0896
0865
0850
0838
0826
0819
0815
0811
0807
0811
0811
0815
0819
0822
0826
0834
0842
0846
0853
0865
0877
0881
0873
0861
0846
0834
0811
0799
0838
0896
0931
0962
0989
1013
1028
1036
1028
1009
0982
0954
0931
0919
0908
0896
0884
0873
0865
0853
0846
0838
0826
0819
0811
0807
0803
0803
0803
0799
0795
0795
0791
0795
0795
0795
0795
0795
0795
0795
0795
0799
0799
0795
0791
0784
0784
0784
0784
0787
0791
0795
0799
0803
0811
0811
0811
0815
0819
0822
0826
0834
0838
0842
0846
0857
0873
0896
0935
1067
1370
1781
2274
2783
3237
3536
3570
3454
3019
2422
1816
1335
1013
0811
0741
0741
0741
0741
0741
0745
0749
0749
0760
0776
0795
0811
0822
0834
0846
0853
0865
0877
0884
0892
0900
0908
0916
0923
0931
0939
0943
0947
0954
0958
0970
0982
0993
1005
1020
1032
1048
1059
1075
1090
1110
1129
1148
1176
1203
1230
1249
1265
1280
1288
1300
1311
1323
1335
1343
1350
1354
1346
1335
1315
1292
1269
1245
1214
1179
1148
1121
1094
1071
1040
1001
0962
0927
0896
0850
0799
0737
0690
0655
0628
0617
0613
0613
0613
0617
0617
0617
0617
0617
0613
0609
0609
0605
0601
0601
0601
0597
0593
0586
0582
0574
0558
0543
0547
0562
0586
0617
0659
0706
0772
0822
0846
0861
0815
0784
0772
0760
0749
0741
0729
0721
0714
0706
0698
0694
0687
0683
0679
0675
0671
0667
0659
0648
0640
0628
0617
0601
0586
0574
0558
0551
0543
0539
0531
0524
0516
0508
0500
0492
0489
0485
0481
0485
0489
0496
0500
0508
0512
0520
0527
0535
0543
0551
0562
0593
0613
0597
0566
0547
0524
0508
0496
0496
0508
0527
0562
0675
0857
1125
1494
1979
2530
3046
3427
3574
3442
3031
2437
1824
1315
0947
0690
0524
0446
0399
0364
0368
0426
0520
0582
0589
0593
0593
0597
0601
0605
0609
0613
0621
0624
0636
0644
0652
0659
0667
0675
0683
0690
0702
0714
0725
0737
0749
0760
0772
0784
0795
0811
0822
0842
0861
0888
0916
0943
0970
0997
1024
1051
1079
1098
1113
1125
1133
1141
1148
1156
1168
1176
1179
1179
1179
1179
1176
1172
1164
1152
1137
1121
1102
1086
1051
1020
0997
0978
0950
0916
0888
0857
0826
0784
0733
0702
0683
0667
0659
0652
0648
0644
0644
0644
0640
0640
0632
0632
0632
0644
0659
0671
0679
0683
0683
0687
0690
0694
0698
0698
0702
0706
0714
0718
0725
0725
0729
0729
0733
0737
0749
0756
0772
0807
0826
0822
0815
0811
0807
0807
0803
0803
0799
0799
0799
0799
0803
0803
0811
0819
0830
0842
0853
0877
0919
0931
0939
0950
0908
0877
0857
0846
0834
0826
0826
0830
0830
0834
0834
0842
0846
0838
0826
0819
0815
0819
0834
0846
0857
0865
0869
0877
0884
0888
0892
0892
0892
0892
0892
0888
0888
0884
0881
0877
0873
0873
0869
0865
0861
0857
0853
0857
0865
0869
0873
0877
0881
0888
0896
0904
0908
0908
0904
0900
0900
0896
0888
0881
0884
0919
0947
0966
0985
0993
0989
0978
0962
0947
0931
0904
0873
0857
0846
0834
0822
0815
0811
0807
0803
0807
0811
0819
0826
0838
0846
0857
0869
0888
0912
0927
0935
0943
0954
0974
0970
0931
0896
0869
0846
0826
0815
0795
0772
0776
0819
0834
0842
0846
0853
0861
0865
0869
0873
0877
0881
0884
0888
0888
0888
0892
0896
0896
0900
0904
0904
0908
0912
0919
0927
0931
0939
0958
1001
1048
1082
1106
1129
1137
1133
1117
1094
1048
0978
0931
0904
0888
0896
0912
0927
0943
0947
0935
0912
0873
0822
0772
0714
0675
0652
0636
0628
0636
0652
0667
0675
0683
0687
0690
0694
0698
0698
0702
0710
0714
0718
0721
0721
0725
0725
0729
0741
0749
0756
0819
1009
1308
1715
2193
2697
3151
3435
3462
3322
2887
2286
1653
1113
0714
0524
0458
0500
0539
0566
0582
0601
0617
0628
0640
0648
0655
0663
0671
0679
0687
0694
0702
0710
0718
0725
0733
0737
0745
0749
0756
0764
0768
0776
0780
0784
0791
0795
0807
0819
0830
0846
0857
0873
0896
0927
0954
0978
0989
0997
1005
1009
1016
1028
1036
1044
1048
1055
1063
1071
1079
1098
1133
1145
1148
1156
1160
1164
1168
1164
1152
1141
1125
1110
1094
1075
1055
1036
1013
0970
0892
0834
0803
0780
0764
0756
0749
0745
0741
0737
0729
0725
0721
0725
0729
0741
0749
0760
0776
0799
0815
0803
0784
0768
0756
0741
0733
0729
0733
0749
0760
0776
0787
0795
0807
0819
0830
0838
0842
0846
0846
0846
0842
0834
0826
0811
0795
0780
0760
0718
0636
0601
0582
0562
0558
0566
0586
0613
0632
0655
0679
0690
0687
0675
0663
0652
0640
0624
0613
0613
0617
0624
0628
0632
0632
0632
0636
0644
0652
0659
0667
0679
0687
0698
0706
0718
0729
0749
0780
0811
0815
0799
0780
0760
0729
0733
0776
0884
1137
1540
2061
2623
3120
3388
3396
3175
2654
2022
1408
0896
0551
0458
0426
0477
0558
0652
0745
0803
0826
0842
0838
0787
0710
0648
0621
0601
0601
0640
0690
0760
0815
0846
0857
0861
0865
0865
0869
0873
0873
0877
0877
0884
0892
0896
0904
0912
0919
0927
0943
0966
0985
1001
1020
1036
1063
1106
1152
1214
1284
1315
1335
1354
1362
1366
1350
1331
1311
1296
1280
1269
1257
1242
1226
1211
1199
1183
1164
1133
1090
1055
1032
1016
1001
0985
0958
0931
0896
0846
0787
0756
0733
0718
0706
0702
0710
0729
0749
0768
0791
0811
0822
0830
0838
0846
0861
0857
0846
0838
0830
0826
0819
0815
0815
0815
0815
0815
0811
0811
0811
0811
0811
0811
0807
0807
0803
0795
0787
0776
0764
0753
0733
0718
0718
0729
0745
0760
0780
0791
0776
0749
0721
0690
0679
0675
0671
0667
0667
0683
0690
0698
0706
0710
0714
0714
0714
0710
0710
0706
0702
0690
0690
0725
0745
0756
0768
0776
0784
0791
0799
0807
0815
0819
0830
0846
0896
1020
1211
1494
1863
2325
2852
3334
3679
3784
3563
3066
2414
1781
1277
0962
0799
0698
0652
0617
0597
0628
0721
0846
0904
0927
0919
0881
0857
0842
0830
0819
0807
0799
0791
0784
0776
0764
0745
0733
0749
0776
0803
0842
0877
0896
0908
0916
0923
0931
0939
0947
0954
0962
0966
0974
0985
1013
1067
1102
1113
1125
1133
1141
1152
1160
1168
1179
1195
1222
1249
1269
1284
1296
1300
1292
1280
1265
1257
1245
1238
1226
1211
1191
1168
1121
1051
0993
0943
0904
0853
0815
0791
0772
0753
0741
0721
0702
0687
0675
0663
0655
0648
0648
0663
0679
0687
0690
0694
0698
0702
0706
0710
0710
0710
0714
0710
0710
0702
0694
0687
0679
0663
0667
0694
0710
0721
0729
0737
0745
0756
0768
0776
0784
0791
0807
0819
0826
0826
0815
0799
0780
0741
0687
0652
0624
0624
0655
0706
0764
0807
0838
0846
0846
0846
0846
0850
0853
0853
0846
0838
0822
0811
0795
0780
0764
0749
0737
0725
0718
0710
0702
0698
0694
0694
0698
0706
0721
0737
0749
0760
0772
0787
0799
0807
0815
0819
0819
0815
0811
0807
0799
0795
0787
0780
0768
0760
0753
0753
0756
0764
0776
0787
0795
0807
0815
0826
0834
0838
0842
0838
0834
0826
0815
0803
0791
0780
0764
0745
0729
0721
0718
0718
0718
0714
0710
0725
0741
0749
0756
0768
0784
0803
0826
0850
0865
0873
0884
0892
0892
0873
0826
0737
0702
0687
0679
0671
0671
0679
0698
0718
0733
0749
0760
0772
0787
0795
0803
0811
0822
0830
0846
0877
0896
0908
0919
0927
0927
0912
0892
0865
0834
0803
0780
0756
0749
0760
0791
0819
0846
0865
0884
0900
0923
0954
0985
1028
1082
1117
1141
1152
1141
1121
1102
1086
1063
1044
1024
1009
0997
0985
0970
0950
0931
0908
0892
0877
0865
0850
0842
0834
0826
0822
0819
0815
0811
0803
0803
0799
0795
0795
0791
0787
0784
0780
0776
0772
0768
0768
0764
0760
0756
0753
0749
0741
0718
0721
0741
0791
0904
1090
1381
1769
2235
2732
3217
3605
3737
3706
3396
2872
2255
1641
1137
0795
0683
0652
0628
0617
0609
0609
0613
0617
0628
0640
0655
0687
0725
0753
0768
0780
0791
0799
0807
0815
0819
0826
0838
0846
0850
0850
0842
0822
0803
0784
0756
0741
0737
0753
0776
0807
0846
0869
0900
0958
1001
1024
1044
1059
1071
1082
1090
1094
1098
1106
1113
1117
1121
1125
1129
1129
1133
1133
1137
1137
1141
1145
1152
1156
1148
1133
1113
1102
1094
1082
1075
1063
1051
1044
1036
1028
1013
0985
0916
0865
0842
0822
0811
0803
0795
0791
0787
0787
0784
0784
0784
0780
0780
0780
0784
0784
0787
0787
0791
0795
0799
0807
0811
0819
0822
0830
0834
0842
0846
0846
0846
0842
0826
0811
0795
0784
0772
0756
0741
0721
0706
0690
0679
0667
0652
0632
0613
0601
0589
0586
0574
0562
0555
0551
0566
0586
0605
0621
0640
0648
0640
0624
0609
0597
0586
0574
0566
0562
0566
0574
0586
0601
0621
0648
0663
0671
0683
0690
0698
0702
0698
0687
0671
0652
0624
0628
0687
0846
1117
1474
1905
2379
2837
3206
3373
3268
2907
2379
1801
1261
0826
0543
0461
0426
0430
0477
0547
0617
0652
0675
0683
0667
0636
0613
0586
0570
0586
0613
0640
0667
0690
0714
0737
0753
0764
0776
0787
0799
0811
0815
0819
0822
0826
0834
0846
0865
0916
0939
0950
0962
0974
0985
0997
1013
1024
1036
1051
1071
1086
1098
1110
1125
1141
1156
1172
1187
1195
1199
1203
1214
1230
1226
1195
1164
1141
1121
1098
1079
1059
1036
1016
0993
0974
0954
0919
0877
0846
0838
0830
0822
0819
0815
0807
0799
0791
0787
0784
0776
0768
0756
0733
0721
0714
0710
0702
0698
0698
0702
0706
0706
0706
0706
0706
0706
0706
0706
0702
0698
0694
0687
0675
0667
0659
0648
0640
0632
0621
0613
0605
0597
0586
0562
0524
0508
0496
0492
0492
0508
0527
0558
0609
0644
0667
0679
0667
0644
0624
0601
0586
0586
0609
0640
0679
0725
0745
0760
0772
0780
0768
0745
0710
0655
0621
0597
0586
0582
0589
0605
0644
0745
0896
1129
1447
1832
2251
2658
3000
3175
3182
3035
2666
2138
1564
1048
0659
0469
0403
0430
0477
0524
0551
0566
0589
0613
0644
0679
0706
0741
0795
0826
0842
0850
0857
0865
0869
0873
0877
0877
0881
0881
0881
0881
0884
0884
0884
0884
0888
0888
0896
0900
0908
0919
0935
0962
1016
1055
1075
1098
1121
1152
1203
1242
1265
1284
1296
1308
1323
1331
1331
1308
1280
1261
1245
1234
1222
1211
1203
1191
1187
1179
1176
1168
1152
1129
1094
1055
1020
1001
0989
0978
0970
0962
0950
0943
0931
0916
0892
0853
0826
0811
0803
0791
0784
0776
0772
0768
0768
0768
0772
0776
0784
0787
0795
0807
0815
0822
0830
0838
0846
0853
0861
0869
0869
0869
0865
0857
0853
0846
0842
0834
0822
0811
0795
0776
0760
0745
0733
0725
0714
0706
0694
0687
0679
0671
0663
0655
0648
0636
0613
0597
0593
0589
0586
0582
0586
0605
0621
0628
0640
0655
0671
0683
0694
0710
0721
0729
0733
0729
0721
0710
0698
0679
0652
0644
0632
0624
0628
0663
0706
0749
0784
0815
0842
0857
0873
