2806
2847
2898
2955
3023
3091
3159
3233
3301
3366
3423
3471
3511
3539
3559
3576
3593
3613
3623
3606
3569
3535
3498
3450
3389
3291
3152
3054
2993
2939
2891
2833
2762
2708
2664
2623
2589
2559
2535
2515
2491
2467
2450
2433
2410
2376
2379
2430
2478
2518
2566
2617
2647
2674
2698
2718
2732
2735
2725
2708
2684
2661
2637
2596
2576
2593
2630
2647
2664
2684
2698
2711
2722
2725
2725
2725
2722
2718
2705
2728
2769
2779
2786
2789
2786
2786
2783
2786
2793
2800
2806
2810
2813
2813
2813
2820
2830
2840
2850
2861
2878
2925
2969
3020
3084
3152
3179
3196
3206
3213
3220
3223
3227
3230
3237
3240
3237
3233
3227
3223
3223
3220
3217
3210
3200
3186
3162
3118
3115
3152
3183
3220
3220
3193
3179
3169
3166
3166
3162
3159
3152
3139
3125
3111
3101
3091
3084
3074
3061
3037
3013
2996
2996
3013
3037
3061
3084
3115
3139
3139
3115
3088
3074
3067
3064
3057
3047
3037
3020
3006
2993
2979
2966
2952
2939
2922
2911
2898
2888
2874
2854
2837
2820
2813
2806
2800
2796
2796
2793
2793
2786
2779
2772
2762
2752
2749
2742
2735
2718
2705
2691
2684
2678
2664
2647
2633
2623
2620
2620
2623
2633
2644
2661
2684
2620
2579
2552
2528
2511
2505
2505
2511
2522
2535
2559
2589
2640
2647
2593
2511
2440
2420
2410
2400
2396
2396
2406
2420
2440
2457
2481
2508
2528
2532
2532
2528
2528
2528
2528
2525
2522
2515
2511
2515
2518
2525
2535
2552
2542
2471
2406
2352
2311
2288
2271
2247
2213
2213
2264
2322
2379
2416
2450
2484
2481
2427
2369
2308
2281
2264
2250
2240
2233
2227
2220
2216
2213
2213
2210
2210
2203
2193
2196
2237
2284
2335
2372
2416
2450
2400
2318
2250
2223
2203
2189
2186
2193
2213
2250
2366
2545
2698
2752
2800
2840
2908
3017
3111
3176
3179
3132
3067
2983
2905
2823
2735
2637
2532
2433
2386
2362
2345
2332
2315
2301
2288
2271
2250
2223
2183
2139
2091
2050
2020
1993
1969
1955
1942
1922
1891
1898
1962
1993
2010
2023
2030
2037
2047
2057
2071
2088
2101
2111
2118
2125
2132
2142
2149
2155
2162
2172
2183
2196
2210
2223
2233
2244
2250
2257
2264
2264
2261
2257
2254
2257
2257
2261
2261
2264
2271
2267
2237
2216
2196
2179
2169
2172
2196
2233
2274
2311
2355
2403
2437
2461
2481
2494
2508
2522
2532
2542
2552
2562
2572
2583
2589
2600
2610
2620
2640
2661
2678
2691
2701
2725
2752
2708
2681
2671
2661
2650
2640
2630
2620
2610
2600
2593
2586
2579
2572
2555
2522
2501
2522
2549
2562
2569
2576
2576
2576
2579
2583
2586
2589
2589
2589
2586
2586
2586
2589
2586
2586
2583
2576
2569
2562
2562
2562
2566
2569
2572
2576
2579
2579
2586
2586
2593
2596
2596
2600
2606
2617
2627
2627
2613
2593
2576
2559
2542
2525
2505
2484
2478
2474
2474
2478
2484
2491
2505
2525
2528
2498
2481
2471
2457
2450
2444
2440
2440
2444
2447
2454
2461
2467
2478
2488
2491
2494
2494
2494
2488
2484
2478
2471
2461
2464
2494
2522
2539
2559
2583
2603
2623
2640
2661
2678
2688
2688
2681
2664
2650
2633
2627
2613
2603
2589
2583
2576
2576
2579
2579
2579
2583
2586
2589
2596
2610
2633
2627
2566
2525
2491
2464
2447
2447
2461
2484
2511
2539
2576
2600
2600
2576
2545
2528
2515
2498
2481
2471
2471
2478
2488
2498
2505
2508
2515
2525
2532
2535
2525
2508
2484
2464
2447
2420
2389
2369
2369
2386
2416
2450
2508
2613
2681
2715
2745
2772
2789
2803
2823
2864
2942
3088
3349
3640
3759
3800
3800
3739
3569
3339
3098
2871
2674
2471
2400
2352
2369
2545
2718
2783
2783
2732
2674
2613
2555
2525
2505
2484
2474
2464
2461
2464
2467
2478
2488
2498
2515
2528
2511
2471
2433
2396
2366
2352
2342
2332
2318
2325
2386
2430
2464
2494
2518
2535
2549
2559
2569
2576
2579
2583
2583
2586
2586
2593
2600
2606
2610
2617
2623
2633
2644
2657
2674
2694
2725
2762
2796
2830
2864
2901
2945
2983
2993
2996
2996
3000
3006
3000
2952
2898
2844
2806
2772
2739
2735
2766
2857
2996
3176
3383
3576
3644
3583
3403
3084
2878
2810
2874
3061
3210
3261
3186
3054
2959
2939
2928
2928
2925
2922
2918
2911
2901
2891
2884
2874
2864
2854
2840
2823
2800
2769
2742
2708
2681
2664
2644
2627
2610
2596
2589
2593
2603
2613
2627
2637
2647
2657
2671
2681
2688
2691
2688
2678
2667
2650
2637
2623
2606
2593
2583
2569
2562
2559
2559
2562
2566
2569
2576
2583
2586
2603
2603
2569
2545
2528
2508
2491
2471
2457
2444
2427
2410
2389
2369
2345
2322
2294
2261
2216
2193
2203
2233
2271
2315
2359
2389
2416
2430
2423
2413
2403
2386
2389
2416
2444
2471
2471
2440
2420
2406
2393
2383
2383
2386
2393
2406
2427
2467
2511
2525
2532
2535
2539
2542
2545
2552
2562
2572
2586
2603
2627
2678
2772
2844
2898
2932
2966
3000
3044
3101
3179
3315
3447
3508
3562
3562
3474
3250
2955
2684
2572
2532
2559
2596
2627
2596
2511
2376
2298
2233
2189
2176
2166
2155
2152
2155
2169
2183
2196
2206
2193
2162
2108
2057
2033
2016
2071
2159
2244
2288
2322
2335
2328
2311
2294
2274
2254
2223
2183
2149
2193
2237
2271
2284
2271
2247
2223
2193
2193
2237
2278
2318
2352
2379
2413
2454
2474
2498
2522
2471
2413
2362
2355
2389
2423
2464
2501
2549
2596
2627
2650
2650
2630
2613
2600
2593
2603
2623
2650
2681
2708
2776
2874
2918
2939
2955
2966
2969
2962
2942
2922
2908
2894
2884
2871
2857
2844
2830
2820
2810
2800
2789
2779
2772
2772
2776
2783
2793
2806
2854
2911
2935
2939
2932
2925
2918
2915
2911
2915
2922
2939
2952
2979
3017
3044
3057
3081
3115
3142
3172
3186
3172
3145
3105
3044
3017
3003
2993
2986
2979
2972
2966
2959
2952
2945
2939
2928
2905
2857
2823
2803
2840
2955
3067
3125
3159
3179
3189
3189
3179
3162
3108
3023
2932
2827
2779
2739
2742
2840
3023
3220
3342
3352
3288
3166
3061
2996
2979
2966
2959
2959
2959
2966
2976
2989
3010
3057
3094
3115
3128
3142
3152
3159
3162
3162
3162
3166
3172
3176
3183
3186
3189
3196
3200
3206
3213
3223
3250
3281
3284
3288
3291
3291
3291
3291
3284
3274
3264
3250
3237
3217
3193
3166
3115
3050
3010
2979
2976
3003
3074
3206
3356
3457
3491
3467
3396
3220
3013
2820
2691
2650
2691
2810
2949
2993
2966
2891
2803
2776
2806
2840
2867
2884
2871
2844
2817
2789
2772
2793
2830
2850
2864
2878
2891
2898
2905
2908
2915
2918
2918
2922
2928
2935
2942
2955
2955
2932
2911
2894
2884
2888
2911
2945
2976
3017
3033
3017
2983
2955
2932
2905
2874
2837
2800
2755
2732
2735
2742
2749
2755
2762
2752
2732
2722
2715
2711
2705
2701
2694
2688
2681
2674
2667
2664
2657
2647
2620
2583
2552
2566
2674
2796
2894
2962
3037
3098
3145
3193
3237
3271
3291
3345
3437
3569
3701
3759
3776
3745
3661
3566
3518
3447
3322
3128
2925
2817
2779
2806
2884
2993
3027
2996
2905
2739
2589
2481
2403
2362
2298
2213
2179
2179
2203
2237
2288
2345
2413
2457
2481
2501
2505
2501
2491
2478
2454
2410
2366
2318
2284
2261
2261
2288
2332
2379
2403
2420
2430
2430
2420
2400
2372
2322
2284
2257
2247
2261
2284
2308
2332
2345
2335
2311
2278
2247
2233
2223
2247
2271
2288
2308
2328
2396
2501
2532
2542
2549
2542
2525
2528
2589
2664
2681
2691
2698
2708
2711
2718
2725
2732
2735
2739
2745
2755
2803
2911
2986
3010
3020
3023
3020
3010
2996
2966
2932
2888
2803
2762
2739
2722
2725
2759
2793
2830
2833
2817
2796
2772
2742
2698
2654
2630
2613
2606
2600
2596
2596
2600
2603
2606
2606
2610
2620
2633
2664
2749
2840
2867
2844
2762
2718
2705
2691
2671
2650
2606
2579
2576
2572
2566
2555
2525
2484
2471
2505
2528
2542
2555
2566
2572
2576
2572
2569
2562
2559
2555
2552
2545
2539
2535
2532
2525
2515
2481
2386
2298
2264
2240
2223
2206
2206
2220
2261
2328
2342
2359
2379
2410
2508
2650
2711
2705
2610
2457
2271
2132
2115
2183
2345
2433
2461
2437
2362
2284
2223
2203
2233
2284
2335
2362
2383
2379
2355
2339
2322
2311
2311
2325
2345
2379
2416
2440
2457
2454
2423
2379
2332
2298
2257
2213
2183
2172
2166
2159
2155
2162
2176
2189
2200
2210
2220
2227
2230
2233
2237
2237
2240
2247
2223
2145
2091
2067
2067
2091
2122
2162
2203
2247
2281
2301
2315
2315
2301
2278
2237
2189
2159
2139
2142
2166
2233
2305
2342
2376
2420
2481
2549
2623
2698
2769
2837
2894
2966
3050
3128
3210
3271
3315
3342
3308
3206
3033
2850
2755
2728
2708
2694
2681
2620
2508
2352
2203
2125
2098
2135
2176
2213
2213
2169
2094
2050
2040
2030
2064
2098
2122
2139
2152
2159
2169
2176
2186
2196
2206
2216
2223
2230
2237
2240
2244
2244
2237
2230
2223
2216
2213
2206
2193
2183
2183
2193
2216
2247
2298
2366
2389
2403
2413
2423
2430
2433
2440
2447
2454
2461
2467
2478
2505
2539
2555
2545
2501
2478
2505
2545
2576
2555
2532
2511
2542
2623
2705
2728
2742
2759
2769
2776
2803
2789
2728
2694
2691
2725
2772
2844
2888
2918
2939
2945
2942
2932
2915
2861
2762
2732
2725
2718
2715
2715
2722
2735
2745
2755
2766
2762
2742
2708
2654
2576
2501
2440
2403
2379
2396
2450
2559
2708
2871
2976
3013
3017
2983
2894
2803
2749
2684
2627
2586
2559
2559
2586
2671
2725
2745
2755
2745
2725
2705
2681
2661
2644
2630
2617
2603
2596
2593
2596
2606
2620
2644
2681
2711
2728
2732
2715
2698
2681
2678
2694
2715
2735
2711
2674
2647
2667
2681
2691
2701
2708
2711
2708
2694
2674
2650
2610
2559
2545
2535
2528
2525
2522
2525
2528
2539
2549
2566
2586
2623
2633
2640
2640
2644
2647
2650
2650
2644
2630
2617
2600
2576
2579
2623
2654
2674
2694
2708
2718
2725
2732
2739
2752
2776
2772
2739
2688
2623
2586
2562
2549
2542
2532
2525
2518
2515
2508
2505
2501
2498
2494
2488
2484
2478
2467
2471
2484
2501
2518
2494
2464
2440
2467
2515
2555
2576
2589
2589
2569
2535
2481
2420
2359
2298
2261
2250
2237
2244
2315
2406
2467
2525
2566
2586
2617
2661
2715
2759
2800
2837
2905
3006
3125
3254
3400
3535
3586
3600
3566
3457
3386
3366
3345
3328
3267
3088
2844
2623
2562
2576
2691
2766
2762
2657
2484
2328
2288
2271
2298
2325
2342
2359
2362
2355
2335
2308
2264
2213
2183
2186
2261
2332
2355
2359
2349
2342
2339
2332
2322
2308
2261
2183
2159
2179
2244
2352
2389
2366
2325
2281
2250
2227
2230
2267
2308
2355
2383
2447
2535
2596
2620
2617
2586
2505
2403
2339
2274
2213
2169
2142
2189
2328
2552
2786
2905
2905
2786
2579
2413
2396
2474
2633
2708
2708
2644
2542
2433
2396
2416
2481
2630
2793
2837
2847
2857
2830
2810
2800
2793
2786
2783
2779
2769
2762
2749
2735
2718
2705
2688
2661
2610
2586
2569
2542
2488
2447
2427
2406
2389
2383
2389
2403
2420
2440
2464
2498
2518
2515
2511
2505
2498
2539
2586
2613
2647
2684
2715
2742
2762
2762
2752
2732
2698
2647
2620
2603
2593
2596
2610
2633
2647
2664
2678
2681
2674
2657
2630
2586
2518
2481
2454
2444
2447
2461
2498
2586
2627
2650
2667
2637
2586
2532
2474
2413
2339
2308
2298
2311
2420
2467
2484
2498
2515
2535
2566
2593
2576
2555
2545
2539
2528
2518
2511
2505
2488
2467
2505
2545
2576
2600
2623
2691
2772
2796
2772
2759
2752
2745
2742
2735
2728
2725
2722
2711
2701
2698
2705
2725
2759
2803
2878
2955
3044
3152
3257
3325
3345
3359
3366
3366
3366
3359
3352
3339
3294
3217
3071
2867
2674
2589
2593
2688
2806
2847
2823
2762
2623
2494
2461
2454
2447
2437
2413
2386
2359
2376
2423
2511
2566
2600
2623
2637
2647
2654
2661
2667
2674
2678
2681
2678
2671
2654
2637
2613
2586
2566
2555
2549
2542
2535
2528
2518
2505
2488
2467
2471
2511
2572
2640
2678
2698
2711
2722
2728
2739
2749
2762
2769
2769
2762
2752
2742
2735
2728
2722
2718
2711
2701
2688
2718
2820
2908
2939
2959
2976
2983
2989
2993
3003
3013
3033
3101
3233
3362
3403
3359
3220
2976
2759
2640
2603
2637
2728
2874
2972
3006
2959
2881
2830
2806
2793
2793
2813
2830
2847
2844
2803
2772
2745
2725
2708
2694
2684
2674
2664
2654
2644
2637
2630
2623
2620
2617
2610
2603
2596
2586
2562
2566
2600
2657
2728
2762
2779
2796
2806
2810
2810
2803
2793
2779
2769
2762
2749
2739
2725
2715
2711
2715
2722
2728
2735
2742
2759
2755
2728
2705
2691
2678
2654
2630
2603
2583
2552
2528
2525
2545
2579
2603
2637
2664
2671
2678
2688
2701
2688
2640
2555
2478
2450
2488
2593
2678
2708
2671
2610
2576
2566
2559
2545
2525
2467
2403
2383
2410
2461
2498
2508
2515
2522
2532
2549
2569
2596
2630
2620
2583
2505
2437
2413
2400
2389
2383
2379
2359
2362
2433
2478
2491
2498
2505
2508
2501
2491
2481
2461
2430
2396
2400
2474
2539
2562
2566
2562
2559
2555
2566
2572
2579
2583
2586
2596
2613
2627
2644
2657
2664
2657
2640
2620
2600
2576
2576
2596
2606
2617
2623
2627
2633
2630
2627
2623
2617
2610
2600
2586
2583
2583
2586
2593
2603
2562
2491
2433
2416
2403
2396
2393
2396
2400
2410
2427
2488
2549
2566
2579
2586
2583
2572
2552
2532
2508
2474
2474
2501
2539
2589
2630
2657
2678
2725
2796
2854
2871
2881
2898
2908
2928
2993
3078
3166
3250
3335
3430
3522
3545
3552
3539
3450
3352
3261
3189
3145
3105
3050
2996
2962
2959
2983
3023
3020
2911
2688
2437
2237
2166
2240
2386
2478
2508
2484
2457
2440
2430
2437
2450
2461
2478
2478
2461
2447
2433
2427
2427
2437
2454
2464
2478
2491
2494
2484
2467
2450
2440
2427
2413
2400
2389
2379
2366
2339
2311
2294
2284
2305
2322
2335
2352
2366
2386
2447
2508
2528
2528
2501
2471
2444
2440
2464
2481
2494
2505
2518
2532
2552
2586
2644
2681
2701
2718
2739
2759
2800
2850
2878
2894
2901
2915
2925
2932
2945
3006
3081
3105
3122
3125
3115
3091
3067
3047
3027
3006
2993
2979
2969
2949
2922
2891
2867
2847
2833
2827
2833
2854
2878
2922
3000
3061
3101
3101
3071
3030
2966
2905
2864
2837
2813
2793
2779
2769
2759
2749
2752
2786
2810
2827
2844
2854
2854
2850
2840
2827
2800
2759
2735
2722
2711
2701
2701
2705
2718
2735
2755
2783
2783
2786
2789
2755
2722
2698
2678
2654
2630
2620
2606
2596
2586
2583
2576
2576
2576
2576
2576
2576
2576
2579
2586
2593
2600
2589
2566
2488
2420
2396
2386
2400
2427
2447
2467
2484
2494
2494
2484
2471
2450
2423
2389
2420
2467
2535
2596
2644
2678
2725
2786
2888
2996
3101
3203
3318
3352
3362
3339
3189
3064
3050
3108
3250
3318
3301
3149
2874
2617
2467
2420
2454
2562
2620
2640
2589
2437
2247
2084
2030
2047
2105
2189
2216
2230
2227
2210
2193
2176
2155
2142
2159
2186
2210
2230
2254
2274
2294
2318
2352
2352
2308
2274
2250
2227
2210
2200
2186
2155
2152
2220
2342
2420
2447
2406
2278
2172
2125
2098
2081
2081
2108
2149
2203
2257
2318
2372
2410
2423
2437
2430
2362
2284
2254
2257
2298
2328
2355
2379
2389
2400
2433
2532
2593
2640
2674
2705
2735
2786
2840
2878
2905
2871
2847
2833
2823
2813
2806
2796
2789
2783
2772
2766
2755
2749
2742
2735
2725
2715
2705
2694
2691
2688
2688
2688
2688
2691
2698
2708
2718
2732
2745
2766
2786
2796
2786
2766
2742
2718
2688
2674
2688
2722
2759
2803
2833
2861
2884
2881
2840
2793
2749
2735
2728
2718
2715
2711
2718
2735
2752
2766
2779
2793
2803
2806
2800
2789
2772
2752
2722
2708
2705
2694
2691
2684
2688
2688
2691
2694
2691
2688
2684
2684
2688
2684
2681
2678
2671
2667
2661
2654
2644
2623
2600
2579
2545
2498
2447
2494
2539
2576
2586
2586
2586
2579
2569
2603
2657
2694
2674
2664
2654
2647
2640
2633
2630
2630
2630
2627
2627
2627
2623
2623
2623
2620
2613
2603
2596
2596
2603
2610
2617
2623
2627
2630
2633
2640
2650
2664
2678
2691
2708
2742
2759
2739
2705
2681
2661
2637
2623
2620
2627
2637
2647
2657
2664
2674
2684
2698
2705
2705
2694
2681
2667
2661
2650
2637
2623
2617
2620
2627
2637
2644
2650
2657
2661
2667
2674
2681
2681
2684
2684
2684
2684
2684
2681
2674
2667
2657
2650
2644
2633
2623
2610
2586
2549
2515
2474
2454
2474
2508
2552
2596
2627
2667
2715
2749
2772
2766
2711
2688
2674
2667
2657
2650
2640
2633
2630
2623
2613
2610
2603
2600
2600
2600
2603
2603
2600
2596
2589
2572
2505
2457
2433
2413
2400
2393
2393
2400
2413
2427
2474
2613
2667
2691
2705
2715
2718
2715
2701
2688
2633
2545
2515
2494
2488
2484
2498
2522
2552
2606
2681
2715
2735
2769
2823
2979
3200
3417
3596
3735
3772
3786
3759
3586
3403
3294
3250
3206
3162
3118
3078
3040
2996
2962
2888
2769
2644
2576
2508
2450
2369
2244
2183
2155
2135
2122
2115
2118
2135
2162
2189
2210
2233
2254
2274
2284
2281
2274
2261
2244
2210
2172
2162
2155
2149
2142
2139
2135
2135
2132
2128
2122
2115
2108
2101
2088
2064
2067
2108
2142
2176
2193
2186
2172
2166
2162
2162
2159
2155
2152
2149
2149
2152
2155
2159
2162
2169
2172
2176
2183
2189
2203
2216
2230
2240
2250
2257
2271
2291
2311
2342
2386
2450
2494
2525
2545
2562
2583
2603
2623
2644
2657
2667
2674
2681
2688
2691
2691
2684
2674
2657
2640
2623
2610
2596
2583
2566
2549
2535
2525
2515
2501
2488
2474
2464
2461
2461
2461
2454
2444
2491
2532
2559
2579
2593
2603
2610
2617
2633
2657
2657
2620
2600
2589
2583
2572
2562
2552
2549
2545
2542
2542
2539
2535
2535
2535
2539
2545
2545
2542
2539
2535
2539
2549
2566
2579
2586
2596
2606
2623
2637
2650
2657
2654
2647
2637
2623
2606
2586
2552
2532
2539
2562
2572
2579
2586
2586
2589
2596
2603
2613
2623
2637
2647
2661
2674
2694
2728
2749
2735
2715
2698
2688
2678
2664
2644
2620
2593
2579
2559
2539
2522
2511
2508
2508
2511
2518
2528
2545
2579
2694
2840
2894
2925
2945
2871
2796
2739
2711
2718
2728
2739
2752
2742
2691
2661
2640
2627
2613
2606
2606
2606
2610
2617
2627
2640
2657
2671
2691
2708
2722
2725
2711
2688
2664
2637
2603
2579
2566
2555
2545
2532
2522
2515
2522
2539
2559
2579
2600
2620
2617
2596
2566
2532
2484
2484
2539
2613
2715
2796
2861
2939
2993
3033
3064
3094
3115
3142
3196
3291
3400
3478
3511
3539
3552
3522
3457
3356
3223
3098
3013
2976
2949
2945
2969
3006
2979
2762
2545
2471
2522
2613
2674
2711
2688
2579
2508
2471
2447
2461
2545
2596
2640
2678
2701
2708
2698
2678
2654
2637
2623
2610
2596
2586
2572
2562
2559
2559
2566
2572
2586
2600
2617
2633
2650
2664
2681
2701
2718
2728
2728
2722
2708
2694
2681
2667
2654
2633
2620
2613
2606
2606
2606
2610
2610
2606
2606
2610
2613
2630
2650
2674
2694
2715
2739
2766
2789
2810
2827
2844
2861
2888
2908
2911
2908
2898
2888
2878
2871
2864
2861
2861
2864
2864
2864
2864
2874
2891
2850
2820
2796
2779
2762
2755
2755
2759
2762
2762
2762
2766
2776
2732
2691
2661
2630
2603
2583
2552
2515
2518
2569
2600
2630
2654
2674
2684
2691
2694
2705
2722
2722
2698
2678
2661
2644
2630
2620
2610
2603
2589
2583
2579
2576
2576
2576
2576
2579
2586
2596
2613
2633
2654
2684
2742
2749
2722
2691
2664
2688
2715
2735
2684
2589
2549
2545
2542
2539
2532
2522
2508
2501
2488
2478
2478
2484
2498
2511
2522
2535
2549
2562
2579
2600
2613
2600
2566
2525
2474
2420
2379
2349
2332
2332
2355
2389
2420
2450
2478
2491
2498
2501
2508
2511
2518
2522
2525
2525
2518
2508
2491
2471
2433
2366
2318
2288
2278
2294
2335
2376
2420
2450
2467
2481
2494
2505
2511
2505
2484
2464
2444
2427
2413
2400
2383
2369
2352
2332
2301
2261
2250
2244
2233
2227
2227
2244
2271
2315
2400
2464
2494
2518
2542
2569
2589
2610
2633
2661
2691
2715
2739
2762
2786
2817
2844
2867
2891
2932
3010
3118
3203
3244
3274
3294
3294
3278
3240
3132
2966
2905
2901
2922
2942
2959
2952
2888
2786
2711
2674
2681
2742
2779
2755
2671
2552
2481
2430
2400
2386
2386
2386
2379
2400
2420
2430
2440
2457
2488
2515
2535
2559
2583
2596
2603
2596
2583
2562
2545
2532
2518
2501
2484
2478
2474
2484
2501
2525
2555
2600
2620
2637
2657
2657
2623
2600
2586
2566
2552
2545
2539
2535
2522
2508
2518
2539
2552
2518
2471
2433
2494
2552
2593
2623
2633
2637
2640
2640
2644
2647
2654
2664
2684
2708
2732
2749
2762
2779
2793
2803
2806
2803
2803
2800
2796
2793
2786
2779
2772
2762
2755
2745
2739
2732
2725
2718
2708
2701
2694
2684
2678
2671
2661
2650
2640
2633
2623
2620
2617
2613
2613
2617
2623
2637
2647
2661
2681
2715
2739
2728
2708
2698
2691
2684
2678
2678
2681
2684
2691
2698
2708
2718
2735
2755
2789
2817
2833
2844
2861
2878
2817
2644
2410
2122
1816
1515
1230
0993
0810
0738
0701
0677
0715
0833
1006
1227
1498
1779
2023
2216
2359
2413
2413
2352
2189
2016
1952
1952
1996
2061
2159
2281
2406
2535
2647
2755
2854
2922
2976
3030
3098
3183
3220
3237
3250
3261
3267
3274
3281
3291
3298
3305
3311
3322
3332
3349
3376
3406
3444
3491
3542
3593
3644
3694
3735
3776
3810
3756
3600
3471
3433
3410
3406
3413
3437
3478
3606
3745
3911
4000
4047
4078
4095
4095
4074
4050
4030
4013
3993
3976
3966
3956
3945
3932
3922
3908
3894
3884
3867
3847
3823
3793
3766
3745
3728
3708
3691
3671
3650
3633
3613
3532
3396
3240
3098
3010
2959
2939
2922
2908
2891
2878
2874
2864
2850
2820
2749
2667
2606
2586
2576
2566
2552
2539
2525
2511
2491
2464
2416
2355
2267
2216
2213
2213
2210
2203
2200
2196
2196
2193
2189
2183
2176
2172
2172
2169
2159
2149
2132
2094
2047
2037
2030
2020
2013
2010
2016
2037
2057
2081
2111
2128
2115
2088
2074
2067
2057
2047
2037
2030
2023
2016
2013
2010
2010
2010
2010
2013
2013
2010
2006
2000
1996
1993
1993
1996
2000
2006
2010
2013
2023
2030
2027
2023
2013
2003
2033
2061
2081
2101
2125
2149
2172
2200
2216
2206
2186
2169
2155
2139
2118
2098
2078
2061
2040
2023
2010
2003
2003
2013
2027
2044
2067
2125
2189
2230
2247
2257
2233
2203
2183
2206
2247
2237
2101
1952
1901
1939
2040
2172
2244
2267
2216
2142
2084
2132
2213
2267
2281
2288
2291
2294
2294
2298
2301
2308
2315
2322
2335
2342
2328
2301
2278
2254
2240
2254
2288
2325
2366
2383
2393
2403
2410
2400
2379
2372
2362
2352
2345
2339
2332
2332
2332
2332
2335
2342
2352
2366
2379
2389
2403
2410
2423
2437
2450
2467
2481
2491
2498
2511
2522
2535
2549
2566
2583
2589
2600
2613
2630
2637
2617
2583
2566
2552
2539
2525
2515
2505
2498
2494
2494
2498
2501
2505
2511
2522
2535
2549
2566
2600
2674
2711
2735
2755
2762
2755
2742
2722
2701
2671
2667
2698
2739
2769
2779
2786
2783
2752
2725
2701
2678
2661
2647
2633
2623
2617
2606
2596
2589
2586
2576
2559
2532
2535
2586
2623
2654
2681
2694
2698
2691
2684
2674
2664
2650
2640
2640
2657
2688
2739
2800
2827
2837
2844
2857
2874
2888
2908
2949
3017
3081
3139
3233
3342
3396
3420
3430
3440
3450
3457
3464
3474
3491
3556
3678
3691
3630
3325
2867
2423
2254
2281
2593
2962
3098
3084
2881
2678
2572
2535
2518
2515
2525
2535
2549
2566
2535
2518
2511
2505
2501
2498
2498
2494
2488
2484
2484
2484
2488
2494
2498
2505
2511
2518
2532
2545
2559
2576
2613
2617
2586
2559
2532
2532
2555
2586
2613
2589
2559
2532
2566
2664
2739
2762
2776
2786
2786
2783
2769
2755
2739
2725
2705
2688
2674
2674
2674
2681
2691
2698
2705
2718
2742
2769
2789
2810
2833
2854
2874
2901
2959
3013
3030
3047
3057
3061
3057
3040
3020
2993
2962
3003
3071
3115
3125
3132
3139
3145
3145
3132
3105
3074
3027
2969
3020
3078
3122
3122
3088
3040
2979
2949
2935
2925
2922
2915
2908
2898
2891
2881
2867
2850
2813
2755
2725
2705
2694
2694
2708
2732
2806
2915
3027
3078
3108
3128
3125
3081
2955
2840
2803
2776
2759
2735
2711
2708
2742
2796
2840
2857
2867
2864
2830
2779
2728
2708
2688
2681
2691
2711
2725
2739
2752
2759
2749
2725
2701
2671
2630
2630
2681
2718
2745
2772
2793
2806
2820
2837
2857
2810
2732
2674
2650
2633
2630
2637
2640
2647
2654
2657
2667
2678
2688
2698
2715
2732
2749
2769
2786
2803
2820
2840
2857
2867
2874
2881
2888
2894
2908
2915
2918
2911
2898
2881
2867
2857
2844
2823
2803
2779
2759
2739
2722
2701
2688
2688
2694
2708
2725
2742
2766
2766
2735
2718
2705
2698
2688
2678
2674
2667
2661
2647
2630
2657
2681
2698
2718
2739
2755
2776
2793
2810
2810
2803
2793
2783
2766
2769
2796
2830
2867
2905
3000
3118
3237
3356
3457
3552
3661
3772
3844
3871
3833
3725
3552
3359
3172
3050
3044
3125
3301
3366
3332
3094
2752
2450
2362
2332
2318
2318
2328
2342
2393
2522
2640
2684
2711
2705
2627
2522
2410
2325
2298
2284
2278
2284
2298
2318
2352
2413
2454
2481
2491
2481
2454
2413
2369
2345
2328
2325
2335
2355
2379
2403
2413
2416
2423
2430
2403
2355
2322
2305
2294
2325
2352
2372
2383
2389
2383
2366
2349
2328
2301
2301
2332
2355
2379
2396
2410
2433
2481
2528
2562
2562
2525
2491
2461
2444
2461
2494
2518
2545
2569
2586
2596
2623
2671
2722
2755
2776
2789
2766
2732
2688
2650
2623
2589
2549
2478
2416
2372
2372
2406
2447
2488
2498
2501
2505
2508
2511
2518
2528
2545
2576
2630
2698
2735
2752
2742
2691
2633
2586
2559
2539
2528
2522
2508
2498
2525
2613
2701
2728
2698
2664
2633
2633
2657
2681
2708
2711
2698
2691
2688
2684
2681
2678
2678
2674
2671
2667
2667
2664
2667
2671
2674
2678
2684
2688
2694
2701
2705
2711
2718
2725
2732
2742
2749
2752
2759
2766
2776
2783
2796
2813
2820
2813
2803
2783
2796
2840
2871
2871
2847
2817
2779
2755
2742
2728
2705
2674
2644
2606
2606
2640
2664
2678
2691
2708
2725
2742
2755
2776
2806
2823
2817
2796
2783
2762
2745
2725
2705
2688
2674
2661
2644
2630
2617
2600
2576
2518
2461
2403
2362
2332
2288
2247
2210
2210
2244
2281
2318
2322
2308
2288
2271
2288
2308
2328
2291
2227
2200
2196
2193
2216
2244
2264
2284
2305
2332
2383
2413
2427
2440
2450
2461
2467
2474
2488
2542
2620
2667
2742
2827
2925
3030
3122
3169
3203
3223
3230
3223
3200
3132
3010
2928
2908
2888
2871
2850
2772
2715
2694
2667
2630
2586
2535
2518
2474
2332
2166
2078
2047
2078
2101
2108
2118
2128
2135
2142
2149
2155
2162
2169
2186
2220
2281
2322
2345
2355
2349
2332
2325
2318
2311
2301
2291
2278
2250
2220
2206
2200
2206
2216
2227
2210
2183
2166
2189
2230
2267
2284
2298
2298
2274
2250
2227
2227
2257
2284
2305
2325
2345
2372
2423
2528
2586
2610
2586
2569
2555
2542
2535
2539
2549
2562
2586
2623
2654
2667
2678
2691
2708
2722
2732
2745
2755
2769
2789
2820
2850
2888
2942
2945
2915
2864
2813
2783
2762
2735
2694
2654
2610
2606
2647
2671
2688
2705
2718
2725
2725
2722
2718
2718
2718
2718
2718
2715
2708
2705
2701
2705
2708
2711
2715
2725
2708
2644
2610
2600
2589
2586
2583
2589
2617
2657
2701
2722
2739
2745
2732
2701
2650
2600
2586
2579
2572
2569
2566
2562
2559
2562
2566
2572
2579
2586
2593
2610
2620
2610
2586
2555
2522
2481
2454
2430
2413
2410
2423
2447
2484
2535
2555
2566
2576
2576
2572
2562
2545
2528
2494
2461
2437
2416
2400
2396
2396
2403
2406
2413
2420
2420
2410
2400
2393
2393
2400
2406
2410
2413
2423
2440
2467
2501
2542
2549
2535
2508
2518
2586
2633
2667
2691
2640
2593
2562
2532
2511
2494
2457
2410
2393
2379
2372
2366
2359
2359
2362
2366
2372
2379
2389
2403
2376
2328
2288
2267
2254
2247
2254
2278
2342
2433
2555
2593
2613
2603
2511
2400
2328
2301
2305
2342
2379
2416
2416
2372
2325
2278
2274
2318
2447
2583
2650
2701
2739
2742
2745
2745
2749
2755
2776
2803
2830
2864
2891
2911
2932
2955
2952
2918
2823
2715
2657
2617
2593
2576
2562
2552
2539
2525
2515
2505
2494
2454
2359
2298
2244
2206
2193
2189
2186
2183
2179
2176
2176
2176
2179
2186
2193
2203
2216
2227
2244
2267
2291
2301
2301
2301
2301
2308
2271
2247
2230
2216
2206
2203
2203
2210
2216
2227
2264
2339
2359
2376
2396
2410
2427
2450
2478
2427
2379
2342
2325
2328
2335
2345
2355
2366
2383
2406
2433
2457
2488
2518
2552
2579
2596
2613
2630
2647
2657
2661
2657
2654
2647
2644
2637
2627
2630
2661
2701
2769
2847
2932
2993
3023
3047
3064
3078
3098
3118
3145
3142
3098
2976
2786
2583
2481
2447
2501
2579
2637
2613
2576
2583
2701
2844
2894
2898
2881
2874
2867
2854
2840
2823
2796
2691
2576
2525
2501
2481
2484
2528
2640
2766
2820
2844
2857
2871
2878
2878
2871
2854
2837
2823
2813
2806
2796
2786
2772
2762
2752
2742
2735
2725
2715
2705
2698
2694
2691
2688
2684
2678
2671
2671
2674
2691
2711
2732
2749
2772
2793
2803
2796
2779
2749
2694
2613
2572
2539
2525
2535
2559
2593
2664
2755
2827
2881
2911
2871
2803
2715
2654
2613
2589
2586
2603
2630
2671
2749
2823
2874
2878
2830
2786
2742
2742
2776
2810
2837
2857
2864
2871
2881
2894
2847
2806
2779
2759
2759
2769
2789
2820
2871
2901
2922
2935
2932
2911
2881
2823
2752
2725
2708
2698
2688
2674
2657
2644
2633
2623
2613
2603
2593
2586
2589
2596
2610
2623
2644
2681
2749
2789
2813
2830
2837
2844
2847
2861
2874
2861
2844
2833
2827
2823
2830
2840
2861
2922
3017
3132
3210
3301
3372
3413
3437
3447
3440
3410
3328
3227
3078
2898
2772
2766
2847
3037
3213
3233
3159
2905
2654
2593
2606
2674
2708
2647
2579
2522
2515
2555
2593
2630
2650
2637
2603
2555
2484
2423
2379
2362
2349
2352
2376
2386
2396
2406
2410
2413
2413
2410
2403
2393
2386
2379
2369
2359
2352
2349
2342
2342
2339
2342
2342
2345
2352
2355
2362
2366
2372
2379
2383
2386
2393
2396
2403
2413
2420
2427
2437
2444
2450
2461
2478
2515
2545
2562
2569
2576
2586
2593
2606
2620
2637
2650
2667
2691
2725
2789
2854
2888
2915
2935
2949
2955
2952
2945
2928
2905
2857
2749
2644
2579
2576
2606
2647
2684
2644
2532
2372
2311
2311
2372
2542
2752
2867
2915
2911
2847
2749
2644
2586
2555
2535
2532
2542
2552
2559
2559
2559
2562
2566
2572
2579
2586
2589
2596
2606
2613
2620
2627
2630
2640
2650
2664
2681
2688
2691
2684
2667
2644
2613
2552
2474
2444
2423
2427
2474
2528
2583
2620
2647
2667
2684
2694
2691
2684
2678
2671
2667
2661
2650
2637
2610
2586
2569
2552
2535
2515
2501
2501
2508
2522
2539
2559
2589
2633
2620
2603
2576
2552
2539
2525
2518
2515
2522
2535
2562
2593
2667
2725
2742
2722
2678
2661
2647
2640
2640
2647
2664
2681
2715
2772
2803
2827
2840
2844
2833
2810
2786
2762
2732
2705
2681
2657
2610
2552
2525
2515
2505
2494
2488
2484
2481
2481
2481
2484
2488
2491
2501
2511
2525
2539
2572
2620
2650
2671
2630
2600
2583
2566
2555
2552
2549
2545
2542
2539
2535
2532
2528
2528
2528
2532
2542
2555
2572
2589
2633
2705
2810
2918
3044
3183
3318
3427
3464
3467
3444
3410
3352
3298
3261
3227
3186
3132
3030
2871
2708
2583
2511
2464
2430
2430
2461
2505
2549
2583
2576
2484
2315
2169
2122
2142
2206
2322
2416
2444
2457
2467
2474
2481
2484
2484
2488
2491
2494
2501
2505
2491
2450
2396
2318
2274
2250
2237
2230
2237
2257
2284
2332
2413
2494
2562
2596
2627
2640
2627
2586
2532
2454
2383
2335
2305
2315
2383
2433
2467
2488
2444
2311
2223
2223
2308
2467
2593
2637
2661
2671
2698
2728
2739
2745
2749
2752
2755
2759
2766
2769
2779
2789
2803
2820
2844
2888
2911
2925
2935
2949
2955
2959
2959
2952
2939
2922
2905
2884
2857
2833
2813
2803
2793
2776
2752
2752
2783
2803
2820
2840
2850
2854
2850
2840
2833
2830
2827
2820
2810
2800
2789
2783
2776
2766
2749
2779
2803
2813
2827
2833
2840
2844
2847
2854
2861
2867
2878
2884
2894
2918
2918
2894
2884
2878
2871
2861
2857
2854
2857
2864
2871
2878
2888
2898
2911
2925
2942
2955
2976
3017
3061
3091
3091
3030
2952
2871
2800
2779
2766
2762
2759
2762
2769
2783
2806
2888
2972
3003
3003
2962
2854
2783
2759
2759
2766
2783
2769
2728
2705
2694
2698
2701
2715
2701
2647
2620
2637
2688
2762
2786
2800
2813
2823
2833
2840
2850
2857
2871
2884
2891
2894
2884
2864
2840
2796
2739
2708
2688
2678
2678
2681
2684
2688
2688
2681
2664
2640
2596
2559
2528
2532
2562
2583
2593
2606
2617
2623
2623
2613
2603
2593
2583
2562
2593
2691
2739
2752
2762
2769
2772
2772
2772
2772
2776
2779
2783
2793
2806
2857
2928
3013
3057
3088
3111
3142
3213
3315
3410
3454
3481
3494
3515
3542
3559
3579
3593
3596
3593
3583
3559
3484
3342
3155
2972
2833
2749
2722
2705
2688
2667
2600
2423
2223
2132
2139
2261
2488
2691
2745
2732
2596
2444
2342
2308
2284
2264
2250
2240
2230
2223
2216
2213
2213
2216
2223
2227
2233
2237
2244
2250
2254
2261
2264
2271
2278
2288
2291
2298
2301
2305
2315
2325
2332
2339
2335
2328
2322
2315
2305
2288
2278
2291
2322
2349
2379
2403
2420
2433
2450
2461
2464
2454
2440
2427
2410
2400
2413
2440
2474
2511
2545
2569
2586
2596
2613
2627
2644
2667
2701
2735
2769
2796
2813
2820
2837
2830
2745
2644
2613
2593
2586
2586
2583
2583
2579
2569
2593
2613
2627
2640
2647
2644
2633
2617
2593
2532
2478
2447
2427
2423
2433
2447
2457
2471
2484
2501
2511
2522
2539
2566
2566
2539
2522
2505
2488
2467
2447
2423
2396
2352
2349
2383
2406
2423
2444
2457
2464
2467
2471
2474
2481
2488
2491
2494
2488
2474
2461
2450
2440
2430
2420
2406
2396
2396
2400
2406
2410
2416
2423
2440
2410
2362
2318
2298
2284
2274
2264
2254
2244
2227
2206
2237
2271
2298
2311
2308
2298
2281
2301
2355
2383
2403
2413
2420
2423
2433
2444
2420
2345
2233
2179
2139
2115
2142
2216
2318
2413
2444
2454
2454
2450
2447
2444
2440
2433
2420
2410
2400
2393
2383
2369
2355
2335
2298
2247
2220
2200
2186
2186
2193
2206
2216
2227
2216
2172
2118
2071
2044
2027
2013
2003
2003
2016
2037
2067
2105
2142
2176
2210
2230
2254
2271
2240
2220
2206
2193
2183
2179
2179
2183
2193
2206
2223
2257
2308
2355
2410
2471
2545
2640
2728
2766
2789
2806
2820
2823
2827
2823
2823
2817
2810
2803
2766
2593
2362
2132
2027
1993
2033
2159
2301
2427
2467
2433
2345
2135
1925
1739
1579
1464
1423
1423
1464
1579
1735
1871
1949
2000
2030
2047
2047
2027
2006
1996
1986
1972
1966
1959
1955
1955
1959
1962
1969
1976
1986
2003
2030
2074
2105
2125
2142
2155
2162
2159
2149
2132
2115
2094
2081
2101
2132
2145
2152
2162
2172
2183
2189
2200
2213
2223
2240
2257
2274
2288
2308
2339
2376
2400
2427
2474
2539
2579
2603
2617
2617
2610
2603
2596
2589
2586
2583
2569
2559
2600
2640
2671
2694
2718
2735
2749
2766
2793
2793
2766
2745
2732
2708
2681
2650
2633
2617
2603
2589
2583
2576
2579
2583
2586
2593
2600
2606
2613
2623
2633
2640
2647
2654
2657
2661
2664
2667
2671
2671
2671
2667
2667
2667
2667
2671
2678
2681
2688
2691
2694
2698
2705
2711
2718
2725
2732
2752
2769
2779
2772
2759
2739
2722
2698
2678
2664
2657
2647
2640
2633
2623
2617
2613
2613
2620
2630
2640
2650
2674
2705
2678
2657
2647
2637
2627
2617
2610
2606
2603
2593
2586
2579
2566
2532
2491
2478
2467
2457
2454
2464
2491
2522
2549
2586
2600
2589
2576
2559
2539
2535
2542
2545
2552
2539
2522
2508
2508
2528
2539
2549
2555
2569
2583
2603
2627
2661
2708
2715
2694
2681
2671
2657
2640
2620
2596
2545
2498
2471
2474
2511
2532
2508
2481
2454
2450
2461
2471
2484
2488
2481
2471
2461
2474
2501
2491
2447
2420
2406
2413
2423
2430
2437
2444
2447
2450
2454
2457
2464
2474
2484
2494
2508
2528
2572
2596
2623
2654
2684
2705
2722
2739
2762
2786
2820
2864
2891
2928
2979
3033
3098
3186
3233
3257
3271
3237
3179
3115
3006
2898
2783
2745
2725
2752
2830
2878
2881
2847
2759
2566
2362
2247
2250
2386
2661
2894
2962
2949
2833
2667
2566
2539
2522
2511
2505
2501
2498
2498
2494
2494
2491
2488
2484
2478
2522
2586
2630
2644
2647
2654
2657
2661
2664
2657
2644
2623
2603
2579
2535
2532
2562
2586
2596
2613
2633
2650
2671
2715
2759
2779
2793
2779
2772
2766
2759
2752
2752
2752
2752
2752
2752
2755
2762
2776
2789
2806
2837
2901
2949
2986
3020
3040
3064
3078
3078
3061
3040
3023
3013
3006
2996
2986
2976
2966
2955
2949
2939
2922
2884
2806
2715
2671
2647
2661
2789
2976
3139
3196
3196
3139
2989
2796
2623
2576
2562
2552
2555
2593
2705
2854
2891
2901
2878
2813
2776
2776
2820
2864
2901
2922
2932
2945
2955
2905
2820
2755
2739
2728
2722
2718
2715
2715
2715
2711
2711
2715
2715
2718
2722
2728
2732
2735
2742
2749
2759
2766
2762
2755
2745
2739
2728
2711
2715
2755
2793
2830
2830
2796
2776
2759
2742
2732
2725
2728
2732
2735
2739
2742
2752
2766
2776
2766
2739
2698
2627
2569
2532
2535
2586
2640
2691
2691
2657
2623
2589
2586
2603
2633
2620
2545
2511
2501
2515
2603
2681
2701
2718
2725
2728
2732
2725
2711
2694
2671
2623
2566
2535
2515
2505
2505
2511
2518
2525
2528
2528
2522
2508
2484
2447
2396
2366
2345
2342
2352
2372
2369
2332
2311
2342
2393
2444
2481
2505
2484
2410
2349
2328
2349
2379
2400
2359
2288
2240
2216
2230
2342
2420
2444
2461
2478
2498
2566
2667
2711
2732
2745
2759
2779
2837
2928
2962
2989
3017
3067
3142
3183
3200
3210
3206
3169
3115
3047
2945
2840
2810
2796
2803
2844
2830
2732
2545
2339
2233
2200
2247
2298
2339
2342
2311
2271
2237
2264
2281
2294
2305
2311
2318
2322
2328
2339
2352
2362
2379
2396
2427
2444
2437
2427
2423
2416
2406
2393
2376
2359
2339
2345
2393
2427
2450
2471
2488
2498
2505
2515
2539
2576
2596
2613
2620
2606
2583
2562
2542
2528
2515
2505
2491
2461
2461
2545
2617
2644
2640
2617
2596
2576
2576
2596
2620
2644
2664
2684
2745
2847
2962
3033
3061
3057
3013
2942
2881
2854
2837
2823
2813
2803
2793
2827
2939
3033
3067
3067
3027
2969
2894
2847
2820
2803
2793
2789
2783
2776
2810
2847
2871
2884
2878
2864
2847
2830
2827
2840
2850
2861
2867
2871
2857
2833
2806
2789
2776
2762
2745
2732
2722
2715
2711
2708
2701
2691
2678
2657
2637
2606
2579
2617
2661
2698
2698
2667
2640
2610
2603
2610
2620
2630
2603
2572
2542
2572
2589
2606
2620
2633
2637
2633
2623
2613
2606
2593
2576
2613
2657
2694
2688
2637
2596
2566
2532
2501
2474
2440
2400
2400
2440
2464
2481
2498
2511
2518
2511
2494
2474
2457
2447
2430
2413
2396
2386
2386
2396
2413
2430
2440
2454
2467
2478
2491
2508
2515
2522
2532
2555
2640
2772
2806
2813
2779
2617
2457
2400
2379
2362
2355
2369
2396
2423
2450
2464
2450
2416
2359
2301
2274
2254
2261
2298
2325
2345
2362
2362
2352
2332
2311
2301
2291
2281
2271
2267
2267
2274
2291
2308
2325
2335
2345
2359
2372
2383
2393
2403
2413
2420
2430
2440
2450
2464
2528
2647
2786
2908
2955
2996
3020
3040
3057
3071
3081
3091
3139
3305
3525
3681
3688
3566
3240
2827
2427
2111
1979
1976
2098
2278
2433
2498
2545
2545
2461
2325
2179
2128
2108
2094
2098
2122
2142
2159
2166
2142
2105
2084
2067
2054
2044
2037
2030
2027
2027
2030
2033
2040
2047
2061
2078
2098
2149
2227
2250
2267
2278
2288
2291
2298
2305
2311
2322
2328
2332
2335
2335
2339
2345
2355
2366
2376
2386
2400
2416
2437
2457
2478
2498
2515
2532
2552
2572
2586
2600
2610
2617
2623
2633
2650
2678
2742
2820
2894
2972
3027
3054
3074
3081
3064
3030
3003
2979
2955
2949
2942
2942
2935
2928
2955
3006
3040
3047
3050
3057
3064
3061
3050
3030
3003
2949
2884
2861
2850
2837
2817
2800
2776
2742
2705
2752
2793
2813
2833
2850
2867
2881
2898
2932
2966
2979
2989
2969
2949
2939
2928
2915
2901
2888
2861
2813
2742
2644
2508
2281
1976
1603
1200
0796
0430
0145
0010
0000
0077
0250
0437
0633
0867
1125
1413
1674
1800
1840
1779
1694
1630
1681
1766
1813
1827
1806
1739
1701
1722
1789
1932
2111
2318
2535
2664
2705
2728
2745
2745
2739
2725
2711
2694
2667
2674
2718
2749
2766
2783
2800
2820
2837
2864
2962
3071
3115
3145
3172
3189
3213
3244
3261
3274
3288
3298
3305
3318
3328
3339
3349
3356
3366
3383
3420
3494
3528
3542
3552
3562
3572
3583
3589
3600
3606
3613
3620
3627
3633
3640
3647
3657
3667
3681
3684
3684
3678
3667
3650
3620
3556
3501
3457
3423
3383
3322
3261
3186
3101
3030
2939
2847
2752
2657
2603
2572
2549
2525
2501
2464
2406
2359
2322
2294
2264
2216
2159
2115
2091
2081
2064
2044
2016
1986
1942
1911
1881
1850
1803
1759
1725
1708
1715
1732
1749
1762
1776
1772
1755
1732
1711
1691
1674
1667
1671
1681
1694
1739
1833
1925
1955
1942
1894
1803
1749
1711
1684
1678
1688
1715
1755
1786
1800
1789
1742
1745
1830
1969
2030
2047
2003
1942
1898
1918
1972
2061
2094
2054
1928
1776
1725
1745
1786
1840
1888
1922
1966
1993
2013
2030
2044
2050
2054
2061
2074
2088
2067
2044
2023
2020
2030
2054
2050
2020
2010
2000
1989
1986
1989
1996
2013
2030
2057
2094
2125
2115
2050
2010
1983
1962
1986
2010
2023
2033
2044
2050
2057
2064
2074
2091
2067
2033
2010
2010
2044
2074
2108
2125
2115
2088
2057
2020
1996
1976
1959
1962
2006
2078
2122
2128
2132
2135
2139
2142
2145
2152
2159
2166
2172
2176
2179
2183
2189
2200
2206
2210
2210
2206
2203
2200
2200
2196
2189
2176
2169
2172
2189
2213
2233
2264
2284
2284
2267
2247
2237
2227
2216
2206
2203
2203
2213
2233
2257
2274
2284
2294
2305
2322
2335
2349
2359
2369
2376
2383
2389
2396
2400
2396
2396
2400
2410
2427
2433
2433
2423
2406
2389
2383
2376
2366
2355
2345
2339
2335
2332
2332
2332
2335
2339
2345
2352
2362
2369
2376
2386
2410
2427
2427
2396
2355
2318
2274
2254
2267
2294
2311
2322
2328
2335
2339
2335
2322
2305
2284
2254
2210
2189
2179
2169
2162
2155
2152
2155
2169
2193
2223
2281
2362
2396
2420
2437
2444
2444
2433
2413
2393
2369
2335
2315
2335
2383
2461
2559
2600
2620
2637
2647
2654
2667
2681
2698
2715
2732
2749
2766
2783
2800
2817
2830
2844
2871
2972
3061
3091
3047
2911
2718
2555
2433
2362
2315
2288
2281
2291
2311
2328
2352
2349
2315
2291
2274
2261
2250
2240
2237
2230
2223
2213
2206
2196
2189
2183
2179
2176
2179
2186
2193
2206
2220
2233
2247
2264
2278
2281
2278
2267
2254
2237
2227
2213
2203
2193
2186
2183
2183
2179
2179
2179
2183
2189
2200
2206
2213
2216
2220
2227
2237
2244
2250
2254
2254
2254
2257
2261
2261
2257
2254
2250
2247
2244
2247
2247
2240
2227
2271
2328
2379
2420
2464
2542
2596
2620
2644
2661
2678
2688
2691
2698
2715
2739
2705
2678
2664
2647
2627
2606
2586
2562
2525
2528
2593
2650
2698
2735
2752
2759
2766
2776
2793
2755
2715
2684
2671
2691
2739
2800
2915
3003
3054
3084
3105
3118
3128
3132
3135
3139
3145
3149
3155
3159
3166
3172
3183
3196
3213
3230
3247
3267
3318
3362
3396
3427
3457
3478
3474
3433
3389
3369
3349
3328
3308
3291
3274
3261
3247
3240
3233
3223
3210
3196
3162
3128
3125
3118
3115
3108
3111
3132
3155
3176
3189
3203
3217
3233
3254
3267
3278
3284
3288
3291
3298
3305
3305
3308
3308
3311
3322
3332
3339
3342
3345
3345
3349
3349
3349
3342
3335
3322
3311
3294
3267
3322
3406
3484
3522
3545
3562
3569
3562
3542
3511
3461
3366
3301
3261
3233
3230
3240
3254
3261
3267
3274
3281
3288
3294
3301
3308
3315
3318
3315
3311
3305
3298
3291
3284
3278
3267
3257
3247
3240
3233
3220
3206
3189
3176
3169
3172
3179
3189
3210
3233
3288
3383
3467
3562
3633
3674
3705
3722
3742
3779
3864
3952
4010
4013
3966
3833
3610
3376
3311
3294
3288
3271
3240
3155
3000
2857
2817
2793
2772
2752
2739
2728
2711
2691
2664
2637
2623
2620
2617
2603
2583
2606
2630
2644
2661
2674
2681
2671
2647
2617
2586
2555
2501
2471
2471
2471
2471
2474
2478
2478
2478
2478
2481
2491
2508
2528
2545
2566
2589
2647
2671
2678
2688
2698
2694
2657
2640
2630
2623
2617
2610
2606
2600
2593
2586
2583
2579
2579
2586
2589
2593
2596
2600
2603
2610
2620
2627
2630
2633
2640
2647
2661
2678
2691
2705
2718
2725
2735
2749
2762
2769
2772
2776
2776
2779
2783
2776
2766
2749
2732
2711
2694
2674
2647
2593
2549
2501
2464
2427
2403
2403
2427
2467
2518
2586
2630
2684
2728
2667
2576
2447
2294
2203
2155
2125
2223
2400
2484
2491
2498
2501
2501
2481
2454
2433
2410
2389
2376
2386
2410
2437
2464
2494
2528
2545
2542
2535
2528
2525
2522
2518
2515
2511
2511
2511
2508
2508
2505
2508
2511
2518
2522
2525
2528
2532
2542
2549
2552
2542
2515
2491
2481
2474
2467
2461
2454
2447
2444
2440
2437
2433
2427
2423
2420
2420
2423
2423
2423
2423
2420
2420
2416
2416
2413
2406
2400
2389
2383
2383
2379
2376
2376
2379
2386
2400
2420
2437
2454
2471
2498
2528
2545
2542
2528
2508
2488
2461
2430
2396
2372
2355
2335
2311
2288
2261
2233
2196
2142
2135
2169
2186
2196
2206
2213
2223
2230
2237
2247
2257
2267
2284
2301
2325
2393
2447
2450
2454
2457
2457
2461
2461
2467
2478
2498
2518
2549
2600
2698
2786
2867
2986
3122
3271
3372
3447
3494
3522
3532
3535
3542
3552
3562
3556
3488
3311
3037
2759
2640
2596
2596
2617
2640
2661
2633
2610
2600
2589
2583
2572
2562
2552
2532
2488
2413
2376
2355
2342
2335
2335
2342
2359
2379
2403
2430
2464
2494
2525
2555
2583
2606
2627
2633
2620
2596
2572
2559
2542
2525
2511
2501
2494
2491
2488
2484
2484
2488
2494
2505
2511
2518
2518
2522
2525
2532
2539
2549
2555
2566
2572
2579
2589
2600
2610
2620
2627
2633
2644
2654
2664
2678
2691
2705
2715
2725
2735
2749
2766
2796
2871
2928
2959
2983
3000
3010
3017
3020
3027
3037
3040
3044
3044
3040
3033
3023
3010
2993
2966
2922
2874
2840
2806
2793
2800
2817
2840
2864
2823
2803
2796
2789
2783
2783
2779
2779
2776
2772
2766
2762
2755
2752
2749
2745
2742
2739
2735
2735
2728
2722
2694
2650
2630
2620
2613
2627
2650
2661
2671
2681
2688
2694
2698
2694
2688
2678
2664
2657
2647
2633
2620
2610
2606
2606
2617
2630
2647
2681
2728
2759
2783
2745
2715
2691
2671
2650
2630
2613
2593
2569
2552
2552
2555
2566
2576
2559
2532
2508
2522
2532
2542
2549
2555
2559
2552
2542
2532
2525
2518
2508
2498
2488
2484
2488
2505
2528
2552
2583
2633
2671
2701
2725
2742
2752
2755
2755
2762
2772
2772
2752
2732
2715
2698
2678
2664
2647
2633
2620
2596
2572
2549
2525
2505
2478
2457
2444
2427
2359
2264
2237
2220
2196
2179
2162
2152
2139
2128
2115
2101
2088
2074
2064
2047
2033
2023
2030
2047
2071
2118
2200
2240
2257
2271
2281
2291
2305
2315
2328
2342
2362
2454
2576
2688
2800
2918
2989
3050
3094
3118
3139
3162
3159
3098
2928
2694
2478
2311
2257
2288
2335
2386
2427
2450
2403
2264
2013
1766
1667
1678
1830
2006
2081
2108
2115
2105
2071
1983
1857
1816
1806
1796
1789
1786
1786
1800
1820
1888
1989
2027
2040
2033
2023
2016
2006
2000
1993
1996
2003
2016
2030
2037
2050
2064
2074
2074
2067
2050
2033
2010
1979
1983
2020
2050
2074
2094
2115
2135
2172
2240
2278
2291
2301
2311
2318
2325
2328
2335
2342
2345
2352
2359
2366
2372
2383
2400
2440
2491
2542
2589
2661
2705
2732
2755
2776
2783
2783
2772
2762
2749
2739
2732
2728
2722
2715
2708
2701
2698
2691
2684
2674
2667
2661
2657
2657
2654
2654
2650
2647
2644
2640
2637
2630
2620
2610
2603
2600
2600
2603
2606
2610
2617
2623
2633
2644
2650
2650
2647
2640
2633
2627
2617
2603
2596
2603
2627
2654
2671
2688
2705
2722
2732
2739
2735
2722
2705
2681
2661
2640
2606
2572
2545
2522
2505
2491
2484
2474
2464
2457
2450
2454
2457
2464
2467
2478
2484
2494
2511
2539
2559
2576
2589
2613
2613
2569
2518
2461
2413
2372
2335
2335
2379
2447
2484
2488
2447
2233
2105
2064
2122
2298
2522
2671
2722
2678
2542
2427
2386
2440
2600
2742
2793
2793
2752
2688
2606
2552
2518
2505
2511
2528
2542
2559
2555
2518
2491
2471
2457
2457
2478
2501
2515
2525
2535
2545
2552
2552
2545
2532
2511
2491
2467
2437
2410
2396
2400
2413
2430
2444
2461
2471
2481
2481
2474
2454
2430
2379
2318
2278
2281
2389
2525
2576
2606
2633
2664
2708
2766
2844
2908
2945
2986
3027
3078
3132
3169
3203
3233
3233
3193
3132
3061
3000
2932
2864
2789
2735
2708
2681
2654
2630
2586
2494
2440
2420
2403
2389
2379
2369
2359
2349
2342
2335
2328
2322
2311
2288
2244
2230
2216
2203
2244
2274
2288
2298
2308
2315
2318
2315
2308
2301
2291
2281
2264
2233
2233
2274
2305
2332
2359
2386
2406
2430
2457
2471
2450
2416
2389
2366
2342
2322
2305
2284
2264
2230
2233
2288
2339
2389
2423
2447
2484
2555
2661
2705
2715
2718
2725
2728
2728
2728
2728
2725
2725
2728
2728
2728
2728
2732
2739
2749
2762
2772
2783
2796
2813
2847
2884
2908
2925
2939
2952
2966
2976
2983
2986
2986
2983
2969
2952
2891
2681
2447
2261
2240
2322
2606
2905
3033
3020
2823
2579
2481
2484
2603
2732
2803
2847
2874
2888
2867
2823
2752
2694
2681
2671
2661
2661
2678
2705
2749
2813
2854
2881
2894
2884
2861
2840
2823
2803
2786
2766
2749
2735
2725
2711
2705
2698
2694
2691
2688
2684
2681
2681
2684
2691
2694
2698
2701
2708
2711
2708
2708
2708
2705
2698
2698
2701
2708
2711
2711
2715
2722
2728
2715
2688
2667
2647
2623
2610
2610
2620
2633
2654
2674
2705
2722
2694
2637
2583
2518
2494
2491
2484
2478
2484
2535
2589
2650
2681
2701
2718
2732
2732
2732
2725
2722
2718
2711
2705
2691
2674
2647
2620
2583
2549
2518
2491
2461
2444
2464
2498
2518
2542
2562
2579
2583
2576
2559
2542
2525
2511
2498
2484
2471
2457
2450
2454
2461
2471
2484
2501
2518
2542
2583
2613
2627
2637
2650
2671
2667
2627
2593
2562
2545
2569
2610
2654
2705
2742
2772
2823
2911
2993
3054
3115
3196
3301
3359
3389
3410
3423
3427
3413
3389
3345
3200
2983
2742
2603
2552
2555
2627
2755
2823
2830
2833
2820
2749
2674
2596
2542
2511
2491
2471
2457
2454
2461
2478
2505
2525
2545
2566
2589
2610
2627
2630
2630
2623
2610
2600
2586
2569
2555
2559
2569
2569
2569
2569
2572
2572
2572
2572
2576
2576
2579
2583
2586
2586
2586
2589
2600
2613
2623
2630
2637
2644
2650
2664
2678
2691
2705
2711
2722
2728
2742
2752
2766
2779
2789
2800
2817
2833
2854
2874
2901
2959
3027
3050
3064
3074
3084
3091
3094
3105
3118
3135
3152
3172
3189
3210
3247
3281
3288
3274
3247
3210
3155
3081
3023
2979
2952
2949
2955
2959
2962
2969
2976
2983
2996
3017
3033
3044
3054
3061
3071
3074
3081
3088
3101
3115
3125
3135
3145
3155
3169
3189
3250
3322
3345
3359
3369
3366
3342
3298
3233
3135
2972
2759
2505
2216
1884
1522
1169
0959
0891
0942
1101
1342
1555
1732
1840
1962
2061
2122
2169
2223
2291
2386
2444
2478
2498
2508
2498
