1374
1405
1432
1442
1450
1457
1456
1439
1414
1380
1345
1309
1279
1258
1230
1218
1212
1208
1205
1202
1200
1198
1197
1195
1195
1195
1197
1198
1200
1200
1201
1201
1200
1200
1200
1200
1198
1195
1194
1191
1190
1187
1184
1177
1157
1148
1144
1140
1134
1155
1169
1179
1186
1191
1195
1193
1187
1179
1170
1164
1158
1152
1147
1139
1132
1125
1118
1112
1105
1100
1093
1086
1076
1065
1057
1055
1060
1068
1080
1097
1123
1151
1187
1229
1262
1287
1316
1348
1374
1380
1385
1388
1369
1313
1254
1186
1114
1033
0950
0873
0839
0823
0810
0813
0834
0853
0871
0891
0911
0936
0964
0988
1010
1028
1046
1062
1072
1079
1085
1089
1092
1094
1096
1094
1093
1092
1089
1087
1083
1079
1075
1071
1068
1068
1072
1080
1093
1115
1159
1194
1216
1236
1252
1273
1295
1322
1341
1355
1369
1384
1402
1437
1471
1486
1496
1500
1493
1478
1460
1438
1410
1371
1323
1291
1276
1263
1249
1238
1226
1211
1190
1173
1162
1148
1132
1108
1094
1086
1076
1071
1068
1069
1075
1082
1092
1101
1112
1128
1141
1152
1164
1177
1193
1191
1162
1130
1097
1085
1076
1069
1064
1061
1064
1069
1076
1086
1098
1096
1076
1061
1050
1040
1029
1021
1013
1004
0994
0986
0976
0964
0952
0942
0935
0927
0920
0913
0909
0907
0906
0907
0907
0909
0913
0917
0921
0925
0928
0929
0931
0932
0934
0938
0940
0943
0945
0947
0950
0952
0954
0958
0964
0999
1103
1262
1468
1714
1980
2264
2562
2869
3165
3427
3651
3835
3966
4027
4049
4047
4020
3942
3823
3683
3539
3393
3252
3126
3023
2940
2867
2788
2700
2619
2537
2451
2376
2311
2267
2217
2171
2125
2085
2055
2031
2010
1981
1947
1912
1873
1838
1816
1809
1807
1804
1801
1800
1805
1815
1826
1838
1836
1808
1737
1653
1553
1445
1337
1229
1123
1053
1026
1018
1025
1042
1067
1108
1152
1195
1238
1281
1305
1316
1326
1331
1337
1340
1342
1346
1349
1352
1356
1359
1363
1369
1373
1378
1387
1396
1407
1423
1442
1462
1482
1507
1534
1546
1553
1559
1563
1564
1567
1567
1565
1560
1553
1545
1535
1522
1504
1486
1473
1459
1445
1431
1417
1396
1376
1362
1351
1341
1333
1326
1323
1323
1327
1333
1341
1349
1358
1367
1383
1395
1402
1405
1407
1412
1417
1421
1421
1413
1398
1373
1334
1304
1279
1251
1220
1191
1158
1140
1129
1121
1114
1107
1101
1094
1090
1085
1079
1071
1061
1049
1033
1017
1000
0982
0965
0953
0943
0931
0917
0900
0884
0866
0849
0831
0813
0785
0741
0716
0705
0695
0688
0683
0679
0677
0676
0674
0673
0670
0669
0667
0666
0663
0662
0662
0665
0672
0681
0694
0710
0737
0759
0778
0792
0812
0837
0878
0929
0963
0983
0993
0988
0975
0942
0875
0795
0708
0619
0536
0454
0388
0364
0364
0386
0418
0458
0500
0536
0566
0604
0654
0676
0680
0683
0685
0685
0687
0688
0688
0688
0687
0684
0679
0670
0673
0695
0705
0709
0713
0717
0720
0723
0727
0730
0733
0734
0737
0738
0741
0741
0742
0742
0744
0745
0749
0753
0758
0763
0770
0784
0799
0817
0838
0850
0860
0868
0875
0884
0889
0895
0899
0903
0909
0913
0918
0925
0936
0949
0960
0971
0978
0985
0990
0994
0999
1006
1011
1017
1022
1031
1039
1050
1068
1085
1100
1111
1121
1128
1132
1132
1125
1114
1104
1096
1089
1082
1075
1069
1065
1062
1062
1064
1068
1075
1083
1092
1100
1112
1125
1139
1154
1166
1173
1179
1183
1187
1190
1194
1198
1201
1205
1208
1211
1215
1218
1220
1225
1230
1238
1254
1272
1292
1305
1315
1323
1330
1335
1338
1338
1338
1337
1335
1334
1333
1330
1323
1317
1313
1315
1319
1324
1330
1335
1341
1344
1341
1334
1323
1312
1297
1280
1265
1240
1200
1128
1028
0902
0764
0640
0543
0501
0473
0457
0473
0523
0598
0680
0753
0799
0838
0867
0888
0914
0949
0988
1029
1067
1093
1115
1144
1182
1220
1262
1301
1328
1346
1360
1371
1381
1392
1405
1423
1445
1466
1493
1532
1577
1622
1664
1694
1718
1732
1739
1746
1751
1758
1764
1769
1776
1784
1798
1823
1852
1883
1912
1934
1951
1966
1984
2006
2024
2041
2055
2066
2075
2084
2092
2100
2105
2103
2096
2085
2075
2064
2052
2041
2034
2030
2026
2023
2020
2017
2016
2014
2012
2009
2005
1999
1991
1983
1962
1920
1879
1840
1811
1790
1766
1753
1743
1735
1728
1722
1715
1710
1704
1698
1693
1689
1685
1679
1675
1672
1671
1669
1671
1674
1678
1682
1689
1697
1705
1712
1721
1730
1739
1743
1751
1758
1766
1775
1783
1789
1791
1791
1790
1787
1784
1777
1771
1761
1751
1740
1729
1718
1704
1689
1676
1665
1650
1639
1632
1624
1617
1610
1608
1617
1632
1646
1662
1674
1682
1685
1682
1674
1661
1646
1629
1607
1590
1582
1577
1572
1570
1565
1563
1561
1568
1578
1589
1595
1601
1608
1615
1615
1611
1601
1590
1567
1525
1485
1449
1416
1377
1333
1287
1245
1202
1154
1111
1089
1073
1061
1053
1053
1062
1076
1094
1116
1144
1159
1172
1179
1164
1128
1058
0961
0848
0726
0611
0507
0414
0328
0254
0228
0231
0259
0339
0429
0505
0544
0577
0611
0661
0717
0734
0744
0748
0742
0730
0715
0703
0692
0687
0691
0702
0713
0715
0715
0715
0717
0724
0733
0740
0741
0737
0728
0721
0716
0713
0712
0713
0715
0716
0713
0708
0705
0703
0703
0705
0708
0712
0715
0715
0717
0724
0735
0760
0810
0846
0866
0877
0884
0891
0896
0907
0918
0924
0917
0902
0879
0860
0843
0832
0831
0835
0842
0852
0864
0889
0931
0970
0997
1011
1021
1026
1028
1025
1019
1011
0999
0988
0975
0965
0954
0947
0945
0940
0940
0946
0960
0976
0993
1011
1029
1047
1064
1078
1093
1104
1114
1121
1123
1123
1119
1118
1119
1122
1126
1132
1137
1141
1147
1152
1161
1170
1183
1195
1205
1204
1212
1219
1226
1231
1233
1231
1227
1225
1223
1218
1212
1207
1204
1204
1204
1202
1197
1191
1186
1180
1177
1173
1161
1147
1134
1126
1119
1110
1096
1085
1079
1082
1092
1110
1139
1186
1233
1279
1324
1360
1381
1396
1396
1371
1304
1201
1078
0953
0842
0755
0703
0651
0606
0580
0564
0568
0604
0655
0720
0753
0774
0792
0807
0823
0837
0846
0852
0852
0849
0849
0855
0863
0871
0877
0877
0873
0867
0861
0855
0850
0850
0852
0856
0859
0861
0861
0860
0860
0860
0861
0864
0871
0879
0891
0903
0917
0934
0950
0967
0982
0999
1014
1031
1050
1069
1082
1090
1098
1105
1112
1118
1123
1129
1133
1139
1143
1150
1158
1168
1179
1193
1211
1229
1241
1252
1262
1272
1280
1288
1295
1302
1308
1313
1319
1324
1330
1333
1334
1333
1331
1331
1330
1324
1316
1308
1301
1288
1277
1267
1258
1254
1249
1248
1245
1243
1238
1236
1234
1234
1233
1230
1225
1223
1225
1225
1220
1218
1215
1215
1216
1219
1220
1220
1220
1223
1229
1231
1231
1231
1230
1229
1229
1229
1229
1227
1226
1226
1227
1229
1230
1231
1234
1236
1237
1237
1238
1237
1237
1237
1238
1231
1216
1204
1191
1182
1173
1166
1159
1150
1144
1146
1154
1168
1190
1226
1265
1308
1355
1401
1434
1456
1456
1432
1369
1255
1122
0993
0897
0838
0795
0760
0735
0724
0733
0755
0789
0843
0879
0899
0913
0925
0935
0943
0952
0958
0964
0968
0974
0978
0982
0986
0990
0997
1004
1013
1022
1036
1049
1065
1093
1136
1157
1166
1173
1177
1182
1186
1190
1194
1197
1201
1207
1212
1227
1263
1281
1290
1295
1298
1301
1304
1306
1310
1313
1316
1319
1320
1323
1327
1330
1337
1346
1360
1376
1402
1439
1499
1568
1653
1753
1862
1973
2075
2163
2233
2296
2357
2384
2398
2407
2415
2423
2447
2498
2515
2524
2520
2483
2427
2365
2311
2268
2238
2204
2174
2127
2078
2030
1983
1955
1909
1859
1826
1789
1755
1726
1700
1679
1653
1621
1586
1563
1547
1536
1527
1517
1507
1499
1492
1485
1480
1473
1456
1434
1414
1403
1414
1446
1507
1593
1707
1850
2021
2214
2419
2624
2813
2973
3087
3130
3133
3100
3034
2971
2948
2930
2973
3055
3147
3241
3325
3409
3492
3567
3641
3713
3779
3837
3885
3932
3960
4006
4047
4070
4085
4095
4083
4050
3988
3909
3820
3731
3647
3561
3474
3382
3287
3199
3122
3044
2957
2857
2754
2655
2566
2488
2420
2358
2301
2249
2204
2172
2153
2135
2111
2084
2063
2050
2041
2050
2062
2074
2070
2052
2005
1933
1852
1765
1661
1539
1421
1319
1234
1172
1148
1141
1136
1136
1139
1141
1146
1150
1157
1170
1193
1202
1211
1216
1219
1222
1222
1220
1222
1223
1226
1226
1222
1216
1209
1201
1193
1183
1168
1151
1137
1122
1103
1085
1061
1044
1035
1028
1029
1036
1042
1046
1053
1055
1054
1050
1046
1042
1037
1031
1047
1093
1193
1348
1561
1850
2203
2573
2907
3173
3400
3605
3788
3928
4006
4016
3992
3912
3808
3701
3609
3522
3424
3310
3192
3072
2960
2858
2770
2688
2609
2531
2458
2383
2310
2239
2172
2106
2037
1967
1906
1855
1807
1762
1714
1651
1572
1489
1412
1344
1279
1212
1143
1072
0996
0924
0861
0807
0759
0710
0663
0620
0583
0548
0516
0486
0468
0448
0429
0397
0361
0328
0307
0293
0285
0275
0267
0260
0254
0250
0245
0238
0231
0217
0199
0188
0178
0169
0159
0141
0121
0113
0108
0101
0097
0095
0098
0105
0110
0133
0164
0198
0230
0252
0291
0345
0410
0471
0521
0562
0576
0570
0552
0483
0383
0264
0153
0076
0038
0020
0030
0066
0121
0192
0281
0376
0457
0505
0539
0579
0631
0667
0677
0670
0648
0619
0586
0575
0569
0565
0566
0579
0598
0623
0641
0651
0652
0647
0638
0634
0631
0638
0641
0638
0636
0634
0634
0634
0633
0631
0620
0584
0552
0536
0529
0533
0546
0568
0604
0661
0724
0787
0848
0907
0960
1008
1055
1082
1090
1076
1035
0999
0979
0967
0954
0929
0895
0855
0814
0792
0776
0763
0737
0703
0667
0647
0624
0602
0583
0564
0529
0493
0476
0460
0444
0419
0389
0364
0360
0357
0353
0350
0343
0328
0304
0286
0277
0268
0259
0230
0192
0173
0159
0151
0142
0135
0127
0116
0110
0109
0112
0115
0115
0110
0108
0110
0117
0123
0128
0135
0133
0117
0103
0094
0084
0087
0090
0085
0076
0069
0067
0076
0091
0097
0101
0106
0134
0180
0242
0324
0425
0561
0733
0924
1129
1349
1582
1804
1980
2092
2157
2196
2233
2293
2378
2473
2563
2648
2728
2810
2901
3019
3145
3249
3309
3316
3282
3198
3100
3009
2929
2861
2803
2749
2703
2666
2646
2624
2599
2566
2542
2524
2527
2559
2612
2674
2745
2814
2885
2955
3027
3088
3137
3184
3235
3284
3325
3366
3415
3483
3558
3626
3675
3704
3711
3715
3716
3706
3661
3589
3504
3431
3373
3312
3230
3133
3037
2960
2892
2827
2763
2702
2648
2614
2608
2608
2609
2610
2619
2642
2675
2716
2759
2789
2811
2827
2831
2821
2804
2784
2756
2723
2689
2655
2620
2585
2548
2509
2465
2419
2366
2307
2253
2213
2184
2149
2102
2049
2001
1959
1941
1929
1912
1895
1874
1851
1834
1811
1782
1732
1661
1585
1525
1503
1491
1493
1492
1477
1456
1443
1441
1434
1414
1387
1356
1348
1348
1341
1334
1331
1327
1323
1322
1328
1358
1394
1435
1464
1493
1517
1516
1482
1401
1283
1143
0989
0842
0705
0587
0491
0422
0386
0379
0379
0390
0422
0485
0536
0557
0561
0559
0566
0582
0609
0638
0651
0641
0601
0552
0504
0462
0428
0407
0400
0404
0403
0397
0389
0386
0381
0371
0363
0360
0363
0370
0371
0371
0376
0388
0392
0394
0403
0412
0425
0433
0444
0458
0462
0458
0462
0478
0496
0507
0508
0515
0532
0557
0584
0601
0602
0609
0624
0645
0669
0683
0690
0703
0727
0753
0771
0776
0777
0773
0766
0759
0753
0751
0760
0776
0798
0812
0817
0824
0830
0821
0812
0805
0810
0831
0855
0874
0885
0885
0879
0878
0878
0879
0879
0884
0895
0909
0916
0900
0875
0857
0848
0842
0837
0832
0838
0849
0857
0859
0850
0831
0803
0784
0769
0751
0731
0719
0715
0712
0708
0705
0708
0716
0735
0759
0787
0809
0827
0838
0849
0861
0877
0893
0925
0968
1022
1080
1137
1172
1182
1183
1177
1166
1154
1146
1146
1148
1148
1154
1191
1244
1292
1337
1377
1427
1485
1528
1540
1516
1443
1342
1230
1112
1001
0903
0830
0798
0795
0803
0817
0849
0927
1035
1133
1177
1194
1180
1161
1141
1147
1172
1207
1222
1233
1247
1266
1281
1306
1338
1394
1475
1574
1686
1794
1891
1965
1998
2002
1981
1933
1865
1791
1723
1661
1610
1581
1575
1581
1589
1599
1607
1610
1590
1552
1511
1477
1432
1387
1338
1316
1319
1352
1403
1432
1445
1441
1423
1394
1352
1298
1229
1159
1122
1122
1136
1151
1165
1172
1173
1169
1159
1118
1064
1018
0985
0976
0968
0952
0940
0957
1010
1068
1110
1128
1137
1139
1126
1101
1065
1024
0972
0936
0910
0893
0870
0843
0825
0814
0805
0802
0814
0837
0860
0882
0895
0900
0900
0904
0916
0938
0986
1043
1085
1132
1165
1200
1230
1262
1281
1299
1319
1344
1373
1401
1416
1420
1419
1407
1391
1374
1362
1351
1338
1323
1304
1287
1277
1272
1270
1270
1270
1272
1272
1274
1280
1286
1295
1305
1312
1315
1322
1334
1345
1352
1355
1352
1348
1345
1346
1344
1340
1342
1360
1394
1421
1439
1449
1455
1460
1467
1470
1464
1456
1452
1455
1460
1466
1467
1468
1471
1474
1473
1473
1475
1484
1502
1520
1540
1559
1578
1604
1658
1716
1766
1804
1844
1868
1892
1912
1906
1873
1801
1707
1607
1506
1407
1322
1279
1265
1277
1308
1330
1334
1331
1338
1365
1442
1527
1585
1618
1631
1647
1667
1668
1635
1589
1553
1545
1550
1553
1547
1542
1540
1547
1554
1553
1545
1531
1511
1488
1480
1498
1556
1625
1686
1723
1741
1753
1762
1766
1759
1740
1710
1678
1667
1667
1660
1642
1618
1593
1577
1567
1554
1543
1543
1563
1597
1638
1657
1661
1658
1658
1664
1676
1698
1728
1746
1765
1819
1895
1977
2053
2095
2100
2071
2038
2020
2037
2068
2103
2127
2138
2152
2181
2218
2249
2265
2239
2157
2050
1938
1833
1739
1654
1572
1484
1391
1309
1269
1259
1263
1283
1301
1317
1337
1348
1348
1324
1259
1169
1073
0974
0863
0744
0638
0557
0532
0525
0540
0584
0633
0699
0789
0870
0878
0896
0891
0871
0853
0877
0904
0928
0932
0914
0864
0799
0738
0679
0622
0561
0496
0437
0389
0364
0342
0320
0302
0285
0266
0249
0235
0224
0216
0210
0206
0202
0207
0230
0246
0261
0279
0296
0321
0357
0379
0393
0407
0419
0432
0453
0493
0530
0551
0554
0541
0521
0476
0430
0379
0318
0248
0170
0091
0029
0004
0000
0013
0038
0070
0109
0163
0220
0278
0347
0421
0472
0489
0498
0507
0514
0518
0525
0539
0562
0590
0608
0616
0624
0636
0645
0655
0662
0669
0674
0677
0677
0676
0681
0690
0698
0705
0703
0694
0681
0672
0662
0656
0654
0659
0669
0681
0698
0717
0726
0727
0735
0748
0762
0792
0838
0861
0900
0940
0997
1071
1151
1220
1244
1249
1248
1243
1238
1236
1233
1226
1216
1204
1204
1216
1223
1227
1231
1234
1234
1234
1237
1238
1240
1241
1240
1237
1237
1244
1254
1270
1302
1337
1365
1387
1412
1462
1509
1559
1614
1667
1716
1772
1827
1881
1926
1944
1953
1960
1967
1971
1973
1969
1956
1942
1930
1920
1920
1935
1976
2037
2124
2238
2378
2533
2689
2832
2948
3029
3068
3084
3084
3063
3029
2986
2946
2910
2872
2839
2789
2739
2682
2628
2590
2574
2576
2592
2605
2613
2619
2623
2630
2638
2646
2653
2659
2673
2698
2717
2734
2736
2720
2671
2596
2494
2372
2236
2100
1976
1876
1807
1764
1747
1740
1746
1761
1789
1826
1862
1887
1898
1906
1905
1894
1874
1851
1819
1790
1758
1725
1692
1644
1596
1565
1536
1511
1495
1482
1464
1450
1439
1430
1421
1417
1416
1414
1407
1394
1376
1358
1338
1319
1306
1297
1288
1283
1277
1273
1267
1262
1262
1265
1269
1273
1277
1284
1288
1291
1295
1298
1299
1301
1301
1298
1294
1291
1291
1291
1291
1291
1290
1291
1292
1294
1295
1298
1301
1301
1299
1297
1292
1288
1287
1288
1284
1273
1249
1230
1215
1202
1190
1177
1157
1123
1086
1046
1014
0994
0992
0994
0993
0993
0990
0986
0982
0981
0979
0978
0978
0979
0981
0981
0976
0970
0968
0975
0983
0992
0999
1007
1015
1019
1022
1024
1022
1021
1019
1018
1015
1010
1006
1003
1003
0999
1001
1022
1039
1050
1061
1069
1075
1078
1083
1093
1097
1093
1089
1083
1079
1073
1069
1072
1080
1089
1098
1108
1121
1133
1139
1139
1136
1133
1133
1134
1134
1128
1123
1118
1110
1104
1100
1103
1111
1125
1152
1193
1215
1227
1236
1238
1240
1240
1243
1245
1251
1255
1259
1262
1263
1262
1263
1265
1267
1269
1272
1276
1272
1252
1233
1215
1202
1194
1190
1187
1186
1184
1182
1180
1182
1187
1194
1198
1201
1202
1204
1204
1204
1202
1202
1202
1202
1205
1209
1213
1218
1223
1230
1238
1244
1248
1251
1255
1256
1259
1265
1269
1273
1273
1273
1270
1265
1259
1252
1245
1243
1244
1245
1243
1234
1226
1223
1231
1249
1279
1320
1377
1435
1499
1568
1626
1643
1625
1574
1468
1340
1209
1097
1021
0986
0970
0961
0960
0965
0979
0996
1022
1053
1093
1128
1146
1159
1172
1182
1190
1194
1198
1202
1207
1212
1219
1236
1265
1297
1327
1356
1381
1405
1428
1441
1445
1449
1453
1456
1460
1464
1468
1473
1474
1477
1484
1491
1496
1498
1498
1496
1493
1486
1480
1477
1471
1466
1459
1457
1457
1457
1459
1463
1470
1478
1488
1499
1511
1524
1536
1547
1554
1559
1561
1567
1574
1582
1589
1597
1603
1608
1615
1629
1644
1658
1671
1686
1697
1698
1683
1660
1633
1606
1603
1601
1601
1600
1608
1628
1650
1678
1701
1722
1744
1748
1726
1698
1667
1642
1610
1571
1532
1495
1464
1438
1407
1380
1356
1342
1337
1333
1328
1324
1322
1320
1317
1315
1310
1308
1306
1305
1304
1302
1299
1298
1297
1295
1294
1292
1292
1291
1291
1290
1288
1287
1286
1284
1281
1280
1279
1277
1274
1270
1266
1261
1251
1231
1213
1197
1184
1176
1168
1162
1154
1147
1139
1126
1110
1082
1054
1035
1021
1008
0997
0988
0981
0976
0974
0971
0968
0964
0961
0958
0954
0950
0946
0942
0938
0934
0927
0916
0891
0864
0848
0837
0828
0821
0814
0807
0803
0799
0796
0792
0785
0777
0771
0773
0785
0805
0835
0877
0942
1014
1060
1114
1162
1194
1215
1225
1216
1195
1164
1112
1057
1004
0968
0947
0929
0913
0886
0835
0782
0748
0746
0773
0812
0846
0864
0875
0856
0837
0820
0814
0824
0849
0917
0988
1054
1093
1123
1150
1173
1194
1211
1225
1236
1269
1331
1406
1467
1486
1499
1503
1503
1498
1488
1477
1462
1441
1439
1463
1495
1542
1586
1618
1642
1669
1705
1741
1777
1816
1854
1884
1906
1922
1930
1937
1941
1944
1945
1941
1931
1920
1909
1902
1897
1890
1883
1876
1869
1861
1854
1848
1844
1840
1834
1826
1811
1786
1786
1787
1787
1787
1787
1798
1812
1822
1830
1838
1845
1851
1852
1850
1841
1830
1816
1800
1775
1753
1733
1708
1679
1647
1617
1586
1557
1534
1517
1500
1481
1460
1442
1425
1409
1392
1376
1356
1328
1291
1262
1240
1223
1208
1190
1173
1164
1157
1150
1144
1140
1136
1130
1125
1119
1114
1110
1105
1101
1097
1092
1085
1076
1069
1064
1058
1055
1053
1054
1057
1064
1071
1082
1093
1107
1126
1159
1177
1187
1201
1213
1195
1146
1068
0968
0860
0751
0648
0548
0496
0457
0429
0425
0446
0504
0590
0688
0731
0756
0773
0774
0762
0746
0733
0774
0812
0839
0857
0856
0834
0807
0789
0774
0762
0751
0744
0740
0735
0731
0728
0726
0724
0721
0720
0717
0716
0715
0715
0715
0715
0717
0721
0728
0735
0744
0753
0763
0781
0816
0848
0863
0874
0882
0889
0897
0906
0914
0922
0929
0935
0940
0946
0950
0953
0957
0961
0965
0970
0975
0982
0988
0993
0997
1003
1007
1011
1014
1018
1024
1031
1039
1047
1054
1060
1062
1061
1058
1050
1039
1026
1013
0999
0988
0975
0960
0946
0935
0927
0924
0924
0928
0934
0942
0950
0960
0970
0979
0988
0996
1004
1013
1021
1031
1039
1046
1051
1055
1061
1068
1076
1083
1090
1097
1104
1110
1115
1121
1126
1132
1137
1144
1151
1158
1165
1172
1180
1189
1197
1204
1208
1212
1215
1219
1225
1230
1238
1247
1255
1266
1276
1283
1291
1299
1305
1309
1313
1316
1317
1320
1323
1327
1333
1338
1344
1349
1355
1359
1362
1366
1370
1378
1388
1407
1445
1484
1539
1608
1679
1759
1820
1858
1873
1866
1847
1794
1685
1563
1442
1316
1248
1207
1179
1162
1162
1180
1211
1247
1294
1334
1373
1412
1460
1481
1492
1500
1507
1511
1513
1513
1513
1514
1516
1520
1524
1527
1529
1532
1535
1538
1540
1542
1545
1546
1549
1553
1560
1567
1574
1581
1588
1595
1601
1604
1604
1601
1597
1593
1588
1583
1579
1575
1571
1567
1564
1561
1556
1549
1543
1540
1542
1546
1550
1554
1557
1561
1564
1568
1571
1574
1575
1575
1575
1574
1572
1567
1561
1554
1546
1538
1532
1527
1521
1516
1507
1498
1489
1481
1474
1467
1459
1449
1439
1427
1413
1398
1384
1371
1355
1330
1297
1273
1254
1237
1218
1200
1169
1123
1100
1090
1083
1079
1075
1071
1064
1057
1051
1046
1040
1036
1032
1025
1017
1000
0988
0989
1004
1021
1032
1040
1049
1054
1058
1061
1061
1060
1057
1051
1047
1042
1036
1029
1022
1015
1013
1014
1021
1031
1043
1061
1092
1128
1150
1165
1179
1190
1201
1208
1213
1220
1233
1254
1283
1316
1344
1352
1359
1366
1363
1338
1273
1190
1093
1000
0911
0857
0799
0751
0717
0698
0715
0763
0859
0956
1043
1076
1097
1114
1128
1147
1173
1189
1202
1213
1222
1226
1226
1222
1216
1209
1202
1197
1190
1183
1175
1168
1162
1157
1152
1148
1146
1144
1143
1141
1140
1134
1129
1126
1134
1154
1173
1186
1197
1208
1219
1230
1241
1249
1256
1261
1265
1269
1273
1277
1284
1291
1298
1299
1297
1291
1287
1286
1284
1281
1277
1273
1269
1266
1269
1276
1281
1287
1292
1298
1306
1315
1319
1320
1315
1305
1294
1283
1273
1258
1243
1229
1222
1216
1209
1197
1166
1140
1126
1114
1100
1089
1082
1075
1068
1062
1058
1054
1053
1053
1054
1057
1060
1064
1068
1073
1080
1092
1104
1116
1128
1137
1146
1155
1165
1175
1184
1197
1212
1220
1219
1218
1216
1213
1212
1211
1213
1220
1231
1248
1277
1299
1312
1324
1335
1346
1366
1395
1425
1455
1506
1568
1601
1626
1642
1626
1583
1498
1367
1212
1064
0954
0888
0861
0848
0838
0841
0871
0914
0968
1003
1021
1037
1051
1064
1076
1090
1105
1119
1132
1140
1147
1152
1158
1164
1170
1177
1182
1186
1191
1197
1207
1223
1229
1229
1230
1230
1233
1234
1236
1237
1238
1241
1247
1254
1259
1263
1266
1269
1272
1274
1277
1280
1284
1288
1291
1294
1298
1299
1301
1302
1304
1304
1305
1308
1310
1313
1315
1317
1320
1322
1324
1326
1330
1333
1334
1335
1334
1333
1328
1324
1320
1315
1310
1306
1301
1297
1291
1286
1281
1277
1274
1272
1270
1267
1263
1254
1237
1222
1211
1200
1194
1198
1204
1207
1209
1213
1216
1218
1218
1216
1213
1209
1205
1197
1186
1201
1222
1240
1254
1269
1283
1301
1326
1355
1377
1389
1402
1412
1425
1439
1450
1459
1467
1471
1466
1452
1430
1405
1395
1387
1383
1384
1392
1403
1412
1419
1424
1430
1435
1439
1443
1448
1453
1464
1486
1528
1582
1642
1697
1746
1766
1779
1787
1773
1732
1656
1553
1432
1308
1180
1054
0946
0889
0870
0895
0968
1080
1194
1277
1320
1338
1352
1370
1395
1414
1424
1432
1441
1450
1463
1477
1485
1488
1492
1496
1496
1488
1481
1475
1470
1467
1467
1470
1474
1478
1481
1484
1488
1492
1495
1496
1498
1498
1496
1495
1493
1492
1491
1488
1485
1484
1481
1478
1474
1470
1466
1463
1462
1459
1456
1453
1449
1446
1442
1438
1434
1431
1428
1425
1424
1423
1421
1420
1417
1414
1410
1407
1403
1399
1395
1392
1388
1385
1381
1378
1376
1371
1366
1360
1355
1351
1345
1341
1337
1331
1326
1317
1305
1295
1286
1272
1247
1222
1193
1158
1130
1107
1085
1061
1042
1031
1025
1021
1014
1007
0999
0981
0952
0935
0928
0922
0918
0916
0913
0909
0906
0902
0896
0889
0875
0861
0852
0845
0839
0832
0827
0821
0814
0809
0802
0796
0792
0789
0785
0782
0778
0774
0770
0766
0760
0753
0744
0744
0758
0766
0771
0776
0780
0782
0785
0788
0792
0795
0799
0803
0809
0817
0835
0849
0868
0893
0922
0953
0986
1017
1061
1098
1112
1112
1100
1067
0999
0917
0835
0760
0694
0638
0584
0530
0476
0440
0429
0437
0461
0504
0554
0597
0620
0662
0710
0733
0737
0740
0741
0742
0744
0745
0746
0749
0752
0753
0755
0756
0758
0759
0764
0776
0802
0828
0855
0884
0910
0952
0994
1037
1065
1096
1125
1154
1182
1229
1273
1310
1331
1352
1374
1399
1425
1456
1484
1500
1509
1517
1529
1543
1559
1574
1586
1593
1603
1615
1632
1656
1676
1685
1690
1694
1694
1689
1680
1672
1660
1649
1640
1635
1629
1628
1629
1635
1644
1654
1669
1679
1685
1689
1693
1696
1697
1696
1690
1682
1674
1665
1654
1642
1632
1624
1617
1611
1606
1601
1596
1590
1585
1579
1572
1565
1554
1545
1536
1529
1520
1509
1499
1491
1484
1480
1475
1471
1466
1462
1456
1452
1448
1442
1437
1432
1431
1435
1443
1453
1463
1473
1484
1496
1504
1509
1511
1514
1517
1521
1525
1531
1539
1563
1607
1628
1639
1647
1646
1631
1588
1502
1391
1274
1166
1078
1011
0968
0954
0971
1024
1096
1144
1159
1168
1175
1179
1184
1208
1259
1304
1319
1326
1330
1334
1335
1337
1337
1334
1330
1324
1317
1308
1309
1326
1342
1358
1369
1378
1394
1420
1438
1446
1453
1460
1468
1477
1488
1510
1547
1564
1571
1577
1582
1585
1588
1590
1592
1593
1593
1592
1590
1589
1585
1579
1574
1568
1554
1527
1509
1496
1485
1475
1466
1457
1449
1442
1432
1417
1391
1370
1359
1352
1345
1341
1337
1328
1315
1308
1305
1301
1298
1297
1298
1302
1306
1312
1317
1324
1338
1340
1328
1320
1313
1306
1298
1288
1277
1266
1251
1237
1227
1218
1202
1175
1157
1148
1140
1136
1133
1134
1137
1143
1151
1161
1180
1216
1234
1241
1248
1252
1256
1261
1266
1270
1274
1277
1281
1290
1302
1313
1324
1335
1346
1359
1374
1381
1388
1394
1398
1401
1403
1405
1405
1403
1402
1401
1396
1394
1389
1388
1387
1385
1384
1383
1381
1381
1380
1378
1377
1374
1371
1369
1367
1365
1363
1362
1360
1358
1356
1353
1348
1340
1331
1331
1337
1348
1365
1392
1420
1450
1477
1496
1504
1511
1518
1521
1518
1506
1489
1464
1441
1414
1387
1363
1351
1342
1337
1333
1333
1334
1337
1340
1344
1348
1353
1356
1352
1341
1331
1323
1312
1302
1288
1266
1231
1213
1205
1198
1194
1193
1193
1197
1201
1207
1212
1215
1218
1219
1220
1223
1226
1229
1231
1234
1237
1238
1240
1243
1244
1247
1249
1272
1319
1377
1434
1492
1550
1567
1574
1563
1493
1399
1304
1226
1170
1140
1094
1049
0992
0932
0913
0921
0943
1017
1090
1158
1213
1234
1247
1251
1254
1256
1259
1262
1265
1266
1267
1269
1269
1269
1269
1269
1269
1267
1266
1265
1263
1262
1261
1259
1255
1251
1245
1233
1201
1166
1133
1107
1086
1064
1050
1043
1036
1031
1026
1021
1015
1011
1006
1001
0997
0992
0988
0985
0981
0976
0974
0971
0965
0958
0946
0918
0895
0875
0855
0839
0827
0817
0814
0817
0825
0839
0861
0895
0917
0935
0958
0976
0990
1000
1011
1019
1029
1043
1062
1085
1104
1121
1136
1150
1170
1202
1230
1249
1267
1290
1322
1341
1351
1358
1363
1366
1366
1362
1355
1346
1337
1327
1315
1301
1288
1277
1259
1237
1220
1209
1202
1198
1193
1186
1179
1170
1164
1157
1151
1146
1140
1136
1130
1125
1119
1115
1111
1105
1098
1085
1072
1060
1051
1044
1040
1036
1033
1033
1036
1042
1050
1060
1082
1104
1111
1116
1121
1121
1114
1104
1098
1093
1089
1086
1083
1080
1078
1076
1078
1080
1085
1090
1097
1104
1114
1136
1161
1194
1237
1281
1315
1333
1345
1345
1323
1263
1183
1089
0988
0888
0799
0724
0680
0636
0595
0565
0547
0569
0636
0753
0875
0967
1014
1031
1036
1040
1044
1046
1049
1050
1051
1053
1055
1060
1062
1065
1067
1068
1071
1073
1076
1079
1083
1089
1100
1112
1123
1134
1144
1155
1164
1173
1182
1189
1197
1204
1216
1236
1254
1270
1281
1295
1308
1328
1362
1384
1398
1409
1420
1431
1445
1464
1489
1514
1540
1565
1597
1642
1690
1732
1795
1856
1920
1987
2059
2086
2103
2114
2088
2057
2034
2031
2044
2057
2068
2049
1989
1919
1841
1822
1820
1819
1819
1819
1816
1809
1797
1784
1768
1740
1707
1672
1639
1611
1593
1582
1574
1565
1559
1550
1542
1535
1528
1521
1516
1509
1502
1495
1491
1488
1485
1484
1484
1485
1489
1495
1502
1513
1524
1542
1577
1601
1635
1678
1721
1771
1819
1852
1869
1879
1886
1890
1895
1904
1912
1923
1941
1974
2027
2106
2182
2215
2238
2251
2226
2152
2028
1877
1725
1585
1463
1366
1288
1241
1187
1155
1141
1132
1157
1197
1240
1279
1312
1324
1331
1335
1338
1342
1346
1352
1356
1360
1367
1376
1392
1424
1459
1488
1513
1546
1564
1571
1578
1583
1588
1590
1593
1593
1593
1592
1590
1588
1583
1578
1571
1563
1550
1525
1499
1474
1450
1430
1413
1399
1388
1378
1371
1367
1365
1362
1359
1356
1353
1351
1348
1344
1340
1335
1331
1328
1323
1317
1309
1302
1295
1290
1284
1280
1274
1266
1258
1249
1238
1229
1219
1211
1201
1193
1189
1184
1180
1169
1148
1125
1100
1075
1047
1025
1013
1003
0994
0990
0986
0982
0978
0974
0971
0970
0965
0958
0958
0971
0981
0990
0999
1011
1024
1033
1043
1051
1058
1064
1069
1073
1080
1092
1092
1079
1062
1046
1040
1035
1031
1029
1037
1053
1062
1071
1078
1085
1089
1092
1094
1097
1101
1107
1112
1119
1129
1143
1164
1183
1205
1230
1256
1304
1351
1401
1420
1431
1438
1416
1349
1255
1139
1013
0895
0799
0749
0733
0727
0731
0741
0756
0780
0823
0895
0985
1061
1092
1103
1110
1112
1110
1100
1092
1083
1076
1069
1064
1058
1054
1050
1046
1043
1040
1036
1033
1031
1032
1033
1039
1046
1055
1072
1104
1154
1204
1249
1277
1305
1331
1355
1377
1394
1405
1391
1369
1345
1328
1320
1312
1304
1292
1274
1256
1249
1244
1262
1277
1288
1299
1308
1316
1331
1353
1365
1373
1377
1378
1373
1366
1363
1362
1359
1358
1356
1355
1353
1351
1349
1349
1349
1351
1351
1352
1351
1351
1349
1348
1346
1345
1342
1340
1337
1335
1333
1331
1330
1327
1323
1319
1312
1306
1301
1294
1287
1280
1274
1267
1261
1254
1247
1241
1238
1237
1236
1234
1234
1234
1231
1230
1229
1229
1231
1238
1247
1256
1266
1279
1292
1304
1316
1337
1369
1420
1475
1535
1559
1570
1577
1564
1528
1462
1367
1256
1137
1018
0906
0806
0720
0685
0674
0701
0782
0871
0954
1013
1029
1037
1047
1055
1062
1072
1094
1134
1176
1211
1234
1251
1233
1202
1175
1159
1150
1143
1140
1141
1144
1148
1154
1162
1161
1147
1140
1136
1132
1129
1126
1123
1123
1125
1128
1132
1136
1143
1148
1157
1164
1172
1179
1187
1197
1216
1249
1267
1277
1281
1286
1291
1295
1299
1304
1310
1313
1308
1295
1288
1281
1276
1272
1270
1272
1277
1281
1290
1305
1327
1337
1342
1346
1349
1348
1345
1338
1331
1322
1308
1284
1274
1267
1261
1256
1258
1266
1277
1283
1288
1294
1299
1304
1305
1304
1299
1295
1288
1283
1277
1267
1256
1249
1244
1240
1237
1233
1229
1226
1225
1225
1226
1229
1233
1237
1241
1247
1252
1256
1258
1256
1254
1251
1245
1238
1252
1272
1284
1290
1292
1297
1298
1294
1281
1265
1238
1218
1204
1202
1201
1200
1209
1223
1234
1249
1269
1290
1301
1309
1313
1316
1316
1310
1304
1292
1276
1265
1256
1254
1258
1267
1277
1283
1291
1299
1309
1319
1330
1344
1359
1371
1383
1392
1398
1401
1403
1406
1407
1410
1412
1413
1414
1414
1413
1410
1409
1406
1399
1402
1434
1478
1532
1596
1665
1737
1802
1836
1847
1827
1772
1686
1588
1488
1396
1322
1269
1226
1202
1164
1110
1054
1019
1021
1061
1146
1241
1348
1449
1492
1507
1485
1468
1459
1452
1446
1441
1437
1432
1431
1428
1423
1410
1388
1377
1370
1366
1365
1366
1369
1373
1377
1383
1387
1385
1378
1369
1359
1348
1342
1348
1359
1369
1378
1387
1394
1398
1401
1403
1406
1410
1416
1423
1430
1435
1441
1446
1453
1459
1462
1462
1460
1457
1457
1456
1456
1456
1453
1452
1450
1448
1445
1442
1439
1435
1431
1425
1420
1407
1383
1360
1334
1316
1306
1298
1295
1297
1301
1305
1308
1312
1315
1317
1319
1320
1322
1323
1323
1323
1320
1317
1312
1306
1301
1297
1291
1286
1279
1273
1267
1262
1256
1249
1240
1227
1211
1193
1182
1173
1166
1159
1155
1152
1152
1155
1158
1162
1165
1170
1176
1183
1191
1194
1193
1184
1175
1164
1150
1134
1118
1105
1096
1086
1079
1072
1067
1062
1055
1049
1039
1029
1017
1004
0992
0979
0967
0954
0942
0932
0924
0921
0917
0916
0913
0911
0909
0907
0904
0903
0902
0900
0899
0899
0897
0896
0893
0886
0884
0889
0904
0929
0961
0988
1019
1054
1090
1116
1133
1146
1155
1164
1172
1176
1169
1151
1101
1004
0882
0752
0637
0555
0493
0468
0451
0440
0457
0512
0598
0705
0802
0845
0861
0861
0846
0834
0821
0814
0821
0838
0864
0904
0931
0946
0956
0956
0947
0938
0929
0918
0910
0904
0909
0918
0927
0934
0938
0942
0947
0952
0957
0961
0967
0972
0978
0986
0997
1019
1039
1057
1073
1086
1098
1103
1107
1110
1112
1114
1115
1116
1116
1118
1119
1121
1121
1121
1122
1123
1125
1126
1126
1128
1128
1129
1130
1133
1136
1141
1150
1169
1186
1204
1223
1249
1286
1324
1351
1373
1391
1414
1450
1480
1496
1509
1517
1525
1538
1552
1554
1554
1556
1557
1559
1560
1560
1559
1554
1552
1546
1539
1540
1561
1572
1579
1586
1592
1597
1599
1599
1596
1590
1585
1579
1574
1568
1563
1557
1552
1545
1539
1535
1531
1527
1521
1513
1499
1485
1471
1462
1455
1449
1441
1432
1424
1416
1407
1398
1384
1370
1356
1344
1334
1327
1319
1313
1310
1309
1309
1310
1312
1313
1313
1312
1312
1313
1316
1320
1324
1328
1330
1333
1335
1338
1341
1342
1344
1346
1348
1352
1355
1359
1363
1369
1378
1399
1424
1457
1498
1540
1568
1582
1590
1572
1518
1443
1346
1230
1105
0988
0885
0809
0782
0773
0766
0767
0784
0809
0842
0895
0960
1047
1137
1200
1219
1231
1240
1247
1256
1267
1266
1238
1195
1165
1155
1147
1150
1173
1189
1200
1209
1216
1222
1226
1230
1236
1248
1277
1313
1335
1341
1345
1349
1351
1344
1327
1302
1267
1241
1225
1218
1223
1237
1259
1291
1317
1340
1369
1410
1443
1456
1463
1468
1473
1473
1471
1466
1459
1449
1431
1398
1371
1355
1341
1328
1317
1305
1298
1308
1327
1341
1352
1363
1373
1383
1391
1398
1406
1414
1424
1434
1438
1438
1437
1437
1437
1438
1437
1420
1413
1407
1403
1399
1395
1389
1384
1377
1371
1366
1360
1356
1352
1348
1342
1335
1330
1323
1316
1308
1301
1292
1286
1280
1274
1267
1259
1252
1248
1247
1251
1255
1261
1266
1272
1280
1286
1283
1277
1274
1273
1270
1269
1267
1267
1266
1266
1267
1270
1274
1281
1291
1304
1326
1374
1420
1467
1514
1554
1578
1595
1595
1577
1531
1449
1342
1218
1080
0952
0843
0771
0748
0766
0820
0925
1026
1089
1107
1123
1139
1165
1201
1223
1237
1247
1245
1234
1219
1207
1193
1182
1176
1179
1189
1200
1208
1218
1227
1230
1225
1215
1205
1198
1191
1186
1180
1176
1172
1170
1170
1169
1169
1168
1168
1166
1164
1162
1172
1191
1205
1219
1230
1234
1230
1219
1207
1197
1189
1182
1175
1170
1168
1166
1165
1165
1165
1165
1165
1164
1164
1172
1186
1194
1201
1205
1209
1213
1216
1219
1222
1222
1220
1219
1216
1213
1209
1205
1201
1198
1194
1193
1191
1190
1189
1187
1184
1183
1182
1179
1177
1175
1173
1172
1172
1173
1175
1176
1179
1182
1184
1189
1193
1197
1201
1205
1209
1215
1222
1240
1256
1263
1269
1273
1277
1283
1288
1291
1287
1279
1266
1252
1241
1229
1215
1204
1202
1204
1211
1220
1237
1270
1309
1344
1363
1377
1394
1410
1438
1473
1493
1509
1507
1482
1445
1405
1356
1295
1222
1141
1064
1018
0988
0967
0957
0961
0971
1000
1068
1143
1209
1234
1256
1284
1327
1410
1507
1601
1667
1683
1696
1701
1704
1703
1698
1693
1685
1674
1653
1606
1578
1567
1557
1550
1545
1539
1535
1531
1527
1524
1522
1520
1517
1514
1513
1511
1510
1507
1504
1500
1498
1493
1488
1482
1475
1468
1463
1455
1445
1432
1421
1413
1405
1399
1394
1388
1383
1377
1373
1373
1377
1383
1388
1392
1395
1399
1405
1409
1413
1416
1414
1410
1403
1396
1389
1383
1374
1363
1352
1341
1330
1319
1308
1294
1280
1270
1262
1255
1249
1244
1238
1233
1226
1220
1216
1211
1201
1186
1186
1200
1207
1211
1213
1216
1219
1222
1225
1229
1234
1238
1241
1244
1245
1248
1251
1256
1261
1265
1269
1273
1276
1277
1281
1286
1288
1292
1299
1313
1323
1351
1407
1468
1493
1507
1518
1518
1503
1464
1399
1308
1202
1097
1006
0928
0859
0802
0777
0763
0753
0753
0767
0805
0848
0910
0999
1089
1130
1140
1147
1152
1157
1158
1158
1157
1154
1150
1147
1143
1140
1136
1130
1128
1125
1122
1121
1122
1122
1125
1128
1132
1137
1143
1150
1164
1193
1204
1208
1211
1213
1215
1215
1216
1218
1219
1222
1223
1226
1229
1230
1233
1234
1236
1237
1238
1241
1244
1247
1254
1261
1266
1269
1269
1266
1263
1259
1256
1254
1251
1248
1245
1241
1238
1234
1229
1225
1219
1215
1211
1207
1201
1194
1189
1184
1182
1180
1177
1175
1172
1169
1165
1164
1162
1165
1172
1182
1198
1222
1244
1266
1279
1287
1292
1292
1286
1276
1267
1256
1248
1248
1254
1261
1269
1277
1286
1291
1295
1298
1297
1291
1281
1270
1254
1238
1230
1225
1220
1216
1213
1211
1209
1208
1205
1202
1200
1197
1201
1212
1227
1251
1277
1304
1353
1412
1468
1517
1542
1550
1538
1504
1445
1367
1272
1154
1044
0952
0882
0837
0823
0817
0813
0827
0848
0874
0917
0983
1055
1125
1187
1202
1205
1208
1211
1216
1233
1269
1280
1279
1269
1251
1227
1205
1190
1177
1170
1165
1161
1161
1166
1173
1182
1193
1202
1213
1227
1243
1255
1265
1272
1277
1287
1298
1317
1344
1358
1366
1371
1374
1374
1371
1367
1360
1348
1334
1328
1324
1326
1340
1352
1365
1373
1378
1383
1387
1389
1394
1398
1402
1406
1414
1431
1441
1448
1452
1453
1449
1441
1431
1425
1419
1412
1406
1401
1398
1395
1391
1387
1380
1371
1362
1349
1338
1337
1335
1335
1334
1328
1317
1301
1280
1263
1243
1220
1201
1169
1139
1119
1101
1089
1075
1058
1039
1021
1004
0993
0985
0985
0997
1018
1037
1043
1046
1049
1050
1051
1054
1055
1058
1062
1068
1090
1126
1165
1204
1244
1280
1317
1353
1388
1407
1423
1432
1423
1394
1333
1247
1141
1022
0896
0780
0687
0636
0618
0627
0658
0709
0781
0863
0935
0988
1026
1060
1080
1114
1151
1183
1194
1193
1177
1152
1134
1129
1125
1125
1136
1151
1168
1193
1226
1245
1258
1265
1270
1277
1281
1290
1298
1298
1283
1267
1252
1247
1243
1241
1240
1238
1237
1237
1238
1243
1249
1255
1263
1274
1280
1284
1291
1306
1330
1348
1355
1358
1360
1363
1365
1365
1365
1363
1360
1358
1355
1352
1348
1344
1337
1331
1326
1319
1312
1309
1313
1327
1348
1363
1366
1369
1370
1370
1369
1363
1355
1330
1287
1244
1230
1225
1220
1218
1218
1223
1233
1248
1273
1291
1304
1304
1290
1280
1274
1267
1263
1262
1266
1272
1279
1294
1317
1334
1344
1344
1334
1328
1324
1322
1319
1316
1317
1320
1326
1331
1338
1348
1365
1366
1351
1337
1324
1315
1308
1298
1288
1284
1280
1276
1291
1317
1338
1344
1348
1351
1353
1353
1349
1344
1337
1328
1316
1308
1302
1298
1295
1292
1292
1295
1299
1306
1317
1342
1367
1384
1395
1409
1428
1452
1473
1504
1547
1597
1636
1650
1635
1586
1485
1360
1236
1116
1014
0952
0931
0939
0965
1031
1107
1172
1195
1204
1190
1170
1157
1166
1184
1208
1230
1245
1261
1267
1272
1276
1279
1283
1284
1284
1284
1283
1281
1280
1279
1277
1276
1276
1277
1277
1269
1261
1255
1252
1249
1248
1251
1255
1261
1263
1265
1267
1269
1269
1270
1273
1274
1276
1277
1277
1280
1281
1283
1284
1287
1288
1292
1295
1305
1327
1340
1346
1352
1352
1348
1340
1316
1283
1267
1255
1244
1234
1223
1213
1215
1226
1243
1263
1274
1280
1284
1284
1279
1272
1259
1237
1216
1191
1168
1150
1134
1125
1119
1115
1112
1108
1105
1103
1100
1096
1085
1065
1043
1021
1001
0989
0976
0961
0936
0921
0917
0913
0910
0907
0906
0903
0902
0899
0896
0895
0893
0892
0891
0888
0885
0881
0871
0861
0853
0839
0816
0788
0755
0716
0683
0654
0633
0624
0618
0616
0620
0633
0652
0683
0717
0745
0760
0770
0777
0777
0771
0759
0741
0710
0684
0667
0667
0679
0694
0719
0749
0780
0812
0845
0879
0911
0943
0974
0997
1013
1018
1013
0996
0953
0884
0798
0703
0613
0533
0464
0404
0365
0351
0363
0400
0455
0518
0583
0626
0638
0645
0651
0655
0658
0662
0679
0717
0760
0805
0832
0857
0874
0879
0885
0889
0888
0873
0861
0850
0842
0839
0841
0845
0849
0853
0859
0864
0864
0857
0849
0842
0835
0830
0825
0824
0827
0831
0834
0837
0838
0839
0842
0843
0846
0849
0852
0855
0857
0860
0864
0868
0881
0903
0929
0975
1035
1107
1197
1310
1445
1603
1805
2039
2278
2490
2653
2774
2856
2924
2993
3070
3158
3245
3316
3377
3404
3414
3392
3356
3314
3273
3249
3244
3241
3238
3239
3248
3259
3271
3285
3299
3312
3318
3325
3332
3338
3341
3342
3341
3336
3331
3323
3313
3298
3273
3255
3210
3159
3105
3045
2982
2921
2882
2857
2843
2835
2824
2814
2804
2788
2766
2749
2732
2714
2688
2662
2635
2623
2608
2583
2552
2522
2468
2414
2359
2319
2286
2268
2254
2244
2236
2225
2208
2192
2177
2164
2153
2145
2117
2075
2052
2027
2005
1967
1915
1851
1786
1722
1657
1596
1542
1488
1425
1369
1330
1316
1310
1315
1324
1353
1398
1448
1507
1572
1636
1693
1748
1805
1858
1874
1883
1873
1807
1707
1592
1480
1387
1320
1270
1212
1140
1092
1089
1121
1198
1280
1348
1394
1410
1424
1435
1445
1446
1439
1420
1381
1341
1301
1279
1266
1256
1254
1258
1267
1273
1277
1283
1286
1287
1284
1277
1270
1262
1254
1241
1230
1222
1215
1202
1189
1184
1182
1179
1177
1176
1176
1176
1176
1176
1176
1176
1177
1179
1177
1164
1154
1147
1141
1136
1132
1129
1126
1122
1116
1108
1098
1085
1062
1035
1008
0983
0943
0900
0870
0845
0830
0820
0813
0809
0798
0780
0756
0737
0717
0697
0659
0611
0561
0507
0450
0396
0349
0297
0241
0182
0134
0109
0101
0110
0138
0187
0243
0309
0378
0440
0480
0512
0534
0564
0586
0604
0623
0658
0710
0767
0823
0864
0878
0871
0855
0817
0778
0748
0734
0723
0717
0724
0748
0785
0824
0849
0857
0863
0863
0859
0849
0820
0784
0744
0731
0728
0727
0726
0723
0717
0712
0702
0685
0674
0667
0663
0669
0681
0717
0764
0820
0879
0938
1000
1061
1112
1154
1176
1189
1197
1201
1201
1198
1194
1189
1182
1189
1208
1244
1284
1327
1369
1401
1412
1410
1395
1353
1284
1197
1093
0974
0846
0719
0598
0487
0390
0317
0285
0288
0332
0421
0519
0598
0665
0724
0785
0843
0899
0945
0982
1007
1015
1007
0985
0949
0918
0899
0882
0866
0850
0841
0841
0848
0850
0855
0857
0861
0866
0868
0874
0879
0879
0867
0860
0853
0848
0841
0839
0842
0849
0856
0859
0864
0877
0888
0900
0913
0924
0945
0970
1003
1022
1055
1103
1164
1226
1280
1324
1349
1370
1392
1406
1416
1423
1423
1420
1414
1409
1405
1413
1419
1423
1430
1437
1442
1449
1463
1478
1485
1491
1482
1475
1470
1464
1462
1464
1467
1470
1473
1474
1478
1485
1484
1473
1463
1449
1435
1427
1421
1417
1414
1412
1412
1413
1416
1417
1419
1420
1421
1423
1423
1424
1425
1427
1427
1428
1428
1428
1428
1430
1432
1434
1434
1430
1417
1391
1366
1359
1358
1380
1402
1414
1419
1417
1413
1414
1421
1431
1437
1434
1419
1402
1389
1384
1392
1410
1438
1459
1464
1460
1441
1427
1424
1427
1430
1414
1371
1316
1276
1263
1265
1258
1231
1184
1128
1073
1033
1017
1004
0989
0971
0953
0935
0918
0902
0886
0859
0828
0788
0770
0760
0767
0796
0828
0860
0884
0911
0938
0957
0972
0979
0974
0954
0934
0913
0896
0885
0875
0870
0868
0866
0857
0845
0846
0879
0934
0988
1036
1085
1125
1147
1157
1148
1111
1033
0947
0873
0814
0752
0683
0604
0516
0440
0411
0397
0408
0454
0505
0564
0622
0665
0683
0692
0698
0703
0710
0717
0728
0746
0756
0764
0770
0774
0778
0784
0794
0805
0817
0827
0835
0839
0843
0848
0848
0846
0845
0848
0850
0855
0859
0864
0867
0866
0866
0864
0859
0852
0846
0843
0838
0831
0824
0823
0824
0827
0827
0825
0821
0813
0809
0825
0853
0874
0881
0885
0891
0900
0916
0932
0934
0909
0873
0841
0828
0824
0824
0824
0819
0807
0798
0798
0817
0834
0848
0859
0866
0870
0871
0871
0871
0868
0860
0848
0834
0817
0806
0805
0809
0837
0903
0994
1092
1182
1262
1335
1402
1453
1470
1477
1464
1428
1395
1370
1352
1338
1326
1310
1306
1313
1326
1337
1341
1317
1283
1254
1229
1201
1175
1152
1136
1126
1139
1176
1240
1306
1371
1431
1485
1531
1556
1578
1595
1604
1608
1611
1614
1608
1589
1572
1556
1546
1532
1509
1489
1477
1468
1467
1467
1468
1474
1481
1485
1484
1477
1466
1452
1434
1428
1423
1419
1412
1403
1391
1373
1346
1331
1324
1320
1320
1320
1322
1326
1335
1353
1377
1403
1431
1459
1509
1574
1654
1708
1726
1703
1633
1528
1416
1306
1219
1143
1073
1015
1003
1004
1017
1071
1132
1215
1299
1376
1435
1474
1492
1504
1514
1525
1539
1556
1579
1600
1618
1633
1651
1676
1693
1703
1711
1718
1721
1721
1723
1728
1729
1721
1715
1710
1705
1703
1704
1711
1718
1725
1730
1740
1750
1753
1750
1743
1732
1714
1683
1653
1624
1599
1583
1581
1578
1574
1574
1585
1603
1626
1649
1664
1669
1672
1674
1675
1675
1676
1679
1682
1686
1690
1697
1708
1725
1733
1739
1741
1744
1744
1739
1730
1721
1712
1704
1694
1683
1675
1668
1661
1649
1631
1617
1595
1567
1540
1510
1481
1459
1437
1421
1410
1402
1394
1387
1381
1377
1373
1366
1358
1351
1344
1340
1337
1334
1328
1320
1312
1302
1292
1286
1277
1270
1266
1265
1267
1270
1274
1279
1288
1317
1338
1348
1358
1365
1370
1373
1376
1377
1377
1377
1376
1376
1378
1381
1385
1391
1399
1425
1468
1518
1542
1560
1571
1552
1492
1391
1269
1139
1006
0875
0760
0663
0609
0593
0604
0637
0692
0746
0799
0853
0914
0979
1001
1010
1015
1018
1019
1017
1011
1007
1003
0999
1006
1019
1028
1037
1044
1049
1053
1053
1049
1043
1036
1032
1029
1026
1024
1021
1019
1017
1015
1013
1013
1013
1015
1018
1021
1025
1029
1033
1036
1039
1043
1049
1054
1061
1071
1079
1083
1086
1089
1090
1092
1092
1092
1093
1094
1094
1096
1098
1100
1103
1104
1107
1108
1111
1115
1119
1123
1129
1136
1143
1150
1154
1155
1155
1152
1147
1141
1137
1132
1128
1123
1119
1114
1108
1103
1097
1092
1089
1087
1087
1090
1096
1101
1107
1111
1116
1121
1123
1125
1126
1130
1134
1139
1144
1150
1155
1161
1164
1165
1166
1168
1170
1177
1183
1187
1193
1200
1207
1215
1223
1230
1236
1240
1244
1245
1248
1249
1251
1252
1252
1254
1256
1259
1263
1266
1269
1272
1274
1277
1280
1284
1288
1294
1299
1306
1313
1319
1323
1324
1324
1323
1322
1319
1315
1310
1306
1301
1297
1292
1292
1297
1304
1310
1320
1328
1340
1351
1358
1362
1363
1365
1366
1367
1370
1371
1373
1374
1377
1380
1385
1391
1399
1416
1443
1488
1543
1608
1674
1729
1750
1750
1729
1668
1556
1419
1291
1197
1134
1079
1013
0960
0940
0957
1011
1083
1154
1225
1263
1284
1297
1305
1316
1328
1338
1345
1351
1356
1362
1367
1371
1374
1377
1378
1378
1380
1380
1378
1378
1378
1380
1383
1384
1384
1381
1376
1370
1366
1363
1360
1355
1351
1346
1345
1344
1345
1345
1345
1345
1345
1348
1351
1352
1355
1358
1360
1366
1369
1371
1373
1374
1377
1383
1380
1359
1344
1333
1323
1317
1319
1326
1333
1338
1342
1346
1352
1356
1360
1366
1369
1373
1377
1381
1384
1388
1392
1399
1405
1403
1398
1388
1378
1365
1349
1341
1335
1333
1328
1324
1320
1317
1313
1309
1304
1298
1288
1274
1259
1245
1231
1219
1213
1212
1209
1207
1204
1202
1202
1202
1201
1200
1200
1198
1200
1201
1202
1202
1204
1205
1207
1208
1211
1211
1212
1213
1215
1218
1226
1244
1259
1269
1267
1256
1245
1234
1234
1247
1263
1286
1308
1333
1380
1437
1491
1536
1582
1599
1608
1615
1601
1557
1474
1356
1220
1071
0927
0810
0760
0742
0756
0799
0853
0910
0967
1033
1114
1176
1198
1198
1184
1162
1157
1183
1249
1312
1344
1353
1335
1320
1312
1305
1301
1297
1292
1288
1283
1277
1273
1262
1245
1244
1261
1274
1286
1297
1305
1312
1317
1320
1324
1330
1335
1341
1349
1365
1384
1394
1401
1381
1363
1349
1341
1341
1345
1353
1366
1388
1412
1439
1475
1493
1496
1499
1500
1500
1499
1492
1482
1467
1441
1414
1399
1398
1396
1395
1394
1394
1394
1394
1392
1391
1389
1387
1384
1381
1377
1367
1356
1340
1320
1309
1302
1297
1292
1291
1292
1297
1302
1313
1327
1335
1341
1326
1312
1299
1292
1286
1277
1261
1237
1223
1215
1220
1248
1265
1270
1274
1277
1277
1277
1276
1270
1262
1234
1204
1193
1189
1187
1187
1186
1184
1184
1183
1182
1180
1179
1176
1175
1172
1169
1165
1161
1155
1151
1147
1141
1130
1111
1094
1083
1083
1097
1119
1139
1151
1159
1173
1184
1194
1198
1194
1184
1170
1150
1140
1134
1130
1128
1128
1128
1132
1136
1143
1155
1173
1183
1190
1193
1190
1180
1169
1150
1129
1107
1080
1058
1043
1033
1026
1022
1019
1015
1015
1017
1024
1032
1049
1064
1067
1069
1071
1072
1073
1071
1068
1064
1058
1051
1051
1062
1089
1122
1140
1168
1205
1259
1324
1384
1417
1428
1420
1392
1330
1230
1105
0990
0913
0868
0841
0805
0758
0726
0715
0721
0742
0777
0828
0886
0939
0985
1007
1013
1015
1019
1024
1026
1032
1053
1086
1097
1103
1097
1071
1057
1051
1047
1046
1050
1058
1080
1118
1162
1182
1189
1179
1166
1155
1172
1189
1202
1211
1216
1226
1238
1247
1252
1241
1229
1218
1219
1234
1259
1284
1305
1328
1352
1374
1388
1395
1401
1405
1409
1410
1414
1420
1420
1410
1402
1394
1383
1369
1346
1327
1316
1309
1326
1337
1342
1346
1351
1353
1358
1362
1365
1367
1371
1376
1381
1395
1423
1443
1459
1460
1449
1417
1374
1348
1324
1306
1291
1283
1277
1273
1269
1263
1259
1255
1251
1245
1231
1208
1190
1177
1168
1161
1157
1152
1150
1151
1155
1164
1170
1177
1183
1187
1191
1195
1198
1200
1201
1201
1201
1201
1202
1205
1205
1194
1187
1182
1176
1172
1173
1175
1179
1180
1182
1184
1189
1191
1194
1191
1187
1177
1166
1141
1121
1112
1119
1137
1146
1152
1157
1158
1155
1150
1141
1132
1110
1090
1085
1090
1115
1136
1151
1162
1172
1180
1187
1186
1173
1154
1141
1140
1139
1137
1137
1139
1144
1152
1166
1193
1227
1259
1277
1290
1299
1305
1310
1316
1323
1326
1324
1320
1315
1310
1327
1353
1378
1414
1450
1498
1557
1624
1690
1741
1759
1753
1730
1654
1552
1432
1310
1215
1144
1089
1022
0932
0828
0758
0752
0792
0879
0960
1024
1075
1104
1133
1168
1190
1201
1209
1216
1220
1225
1227
1229
1233
1243
1262
1295
1344
1394
1449
1517
1595
1682
1783
1899
2020
2127
2214
2287
2350
2400
2426
2445
2459
2458
2438
2411
2379
2351
2328
2293
2258
2215
2160
2099
2039
1989
1947
1922
1899
1884
1872
1861
1848
1837
1827
1816
1802
1782
1757
1730
1704
1682
1665
1656
1644
1625
1603
1578
1550
1532
1524
1520
1516
1509
1500
1489
1467
1435
1417
1407
1399
1392
1385
1378
1370
1365
1371
1387
1398
1409
1402
1378
1353
1326
1299
1267
1231
