0922
0774
0627
0490
0377
0324
0327
0352
0365
0380
0402
0465
0580
0731
0912
1105
1295
1481
1660
1829
1969
2027
2045
2056
2067
2076
2088
2134
2211
2323
2454
2572
2630
2648
2622
2547
2414
2252
2087
1926
1777
1655
1596
1577
1603
1645
1692
1741
1779
1793
1801
1807
1812
1817
1819
1819
1819
1817
1812
1806
1798
1792
1786
1779
1774
1767
1759
1751
1745
1738
1736
1735
1735
1737
1740
1745
1751
1757
1763
1769
1776
1783
1789
1797
1803
1809
1817
1825
1835
1845
1857
1869
1880
1889
1896
1903
1908
1913
1915
1918
1918
1916
1913
1908
1901
1894
1886
1876
1862
1848
1839
1829
1796
1701
1554
1365
1152
0936
0729
0537
0354
0189
0060
0014
0000
0028
0060
0085
0098
0104
0125
0200
0331
0494
0677
0863
1044
1223
1402
1572
1708
1769
1786
1794
1801
1807
1812
1818
1823
1827
1832
1839
1852
1873
1888
1900
1910
1924
1940
1964
1996
2051
2128
2227
2352
2490
2612
2682
2704
2677
2596
2458
2296
2124
1960
1812
1691
1631
1611
1624
1664
1725
1783
1802
1782
1723
1599
1442
1269
1094
0921
0751
0587
0441
0368
0372
0465
0638
0836
1035
1223
1396
1555
1706
1834
1900
1918
1928
1935
1944
1951
1956
1962
1969
1979
1992
2005
2015
2021
2026
2031
2035
2038
2041
2042
2042
2042
2040
2037
2032
2026
2020
2013
2005
1995
1984
1972
1964
1954
1941
1926
1910
1895
1881
1869
1857
1844
1832
1819
1809
1799
1789
1779
1772
1768
1766
1763
1762
1761
1759
1757
1756
1755
1753
1752
1750
1747
1746
1746
1746
1746
1747
1747
1747
1746
1745
1743
1741
1737
1735
1732
1731
1731
1732
1736
1742
1751
1762
1776
1801
1825
1885
1965
2077
2225
2374
2453
2449
2359
2164
1904
1609
1294
0970
0657
0375
0192
0170
0235
0428
0655
0882
1089
1270
1428
1570
1687
1737
1752
1761
1767
1769
1769
1766
1759
1752
1745
1737
1728
1720
1711
1706
1702
1698
1695
1692
1690
1687
1684
1681
1680
1679
1680
1685
1690
1700
1712
1731
1761
1783
1804
1827
1852
1873
1891
1905
1916
1923
1928
1932
1936
1939
1940
1939
1935
1928
1919
1908
1891
1864
1845
1827
1807
1782
1764
1752
1743
1737
1733
1731
1728
1726
1723
1720
1717
1713
1711
1707
1703
1701
1697
1694
1692
1690
1690
1687
1685
1681
1679
1676
1675
1675
1675
1677
1680
1685
1690
1695
1700
1707
1716
1732
1748
1763
1787
1820
1880
1957
2058
2184
2320
2434
2491
2494
2449
2344
2208
2053
1890
1735
1601
1497
1456
1442
1460
1516
1578
1611
1626
1633
1639
1642
1646
1651
1656
1660
1664
1667
1670
1672
1676
1681
1686
1690
1695
1698
1702
1707
1712
1720
1726
1733
1745
1757
1768
1779
1791
1803
1814
1825
1837
1850
1863
1873
1881
1891
1900
1908
1913
1918
1921
1925
1930
1934
1937
1941
1944
1944
1944
1941
1937
1932
1926
1918
1905
1880
1859
1842
1827
1812
1796
1782
1771
1759
1750
1741
1733
1723
1713
1703
1697
1691
1689
1686
1682
1680
1679
1677
1680
1682
1686
1689
1690
1690
1692
1694
1695
1695
1696
1696
1697
1697
1698
1697
1697
1698
1698
1700
1701
1702
1703
1705
1707
1710
1713
1717
1721
1727
1733
1768
1825
1911
2030
2183
2361
2542
2672
2686
2621
2389
2064
1713
1408
1233
1207
1249
1372
1497
1593
1630
1642
1649
1650
1647
1641
1636
1633
1631
1629
1628
1625
1623
1619
1616
1613
1610
1608
1606
1605
1605
1605
1608
1610
1613
1616
1620
1623
1626
1630
1634
1638
1641
1650
1661
1672
1680
1686
1691
1697
1703
1710
1715
1720
1726
1732
1740
1746
1751
1758
1764
1771
1773
1773
1769
1762
1752
1742
1732
1716
1700
1687
1674
1665
1656
1649
1640
1633
1623
1614
1604
1596
1591
1585
1581
1577
1573
1568
1563
1559
1557
1555
1555
1555
1557
1559
1563
1567
1570
1573
1577
1579
1581
1584
1588
1593
1598
1603
1609
1615
1620
1625
1633
1642
1662
1703
1781
1881
2013
2175
2358
2526
2602
2587
2434
2127
1756
1422
1206
1143
1219
1360
1491
1562
1584
1595
1600
1604
1606
1609
1610
1610
1610
1610
1609
1609
1609
1609
1609
1608
1608
1606
1608
1608
1609
1610
1611
1611
1614
1616
1619
1623
1625
1629
1635
1647
1662
1675
1687
1703
1725
1747
1759
1767
1773
1778
1782
1786
1789
1794
1798
1802
1804
1808
1811
1817
1823
1827
1829
1825
1817
1806
1796
1786
1776
1764
1753
1746
1740
1735
1728
1722
1715
1706
1697
1689
1677
1665
1649
1639
1636
1635
1635
1633
1631
1630
1630
1631
1636
1642
1649
1656
1665
1676
1686
1696
1715
1745
1799
1875
1985
2134
2306
2469
2554
2545
2409
2128
1796
1503
1338
1318
1377
1513
1623
1651
1661
1659
1652
1649
1647
1646
1646
1646
1645
1644
1644
1642
1642
1642
1644
1644
1645
1646
1649
1651
1654
1656
1657
1660
1664
1667
1671
1674
1677
1680
1684
1687
1691
1697
1707
1718
1728
1740
1752
1762
1769
1777
1786
1794
1804
1814
1823
1829
1834
1839
1844
1845
1847
1844
1839
1833
1825
1814
1794
1781
1768
1755
1738
1727
1720
1713
1707
1701
1697
1695
1691
1690
1687
1685
1682
1680
1679
1676
1674
1672
1670
1669
1665
1660
1655
1652
1654
1659
1667
1690
1728
1786
1862
1964
2092
2247
2412
2555
2625
2615
2489
2219
1868
1521
1264
1157
1199
1330
1482
1604
1646
1659
1638
1620
1610
1603
1596
1591
1586
1584
1581
1577
1569
1557
1547
1542
1538
1535
1534
1533
1532
1534
1538
1543
1549
1557
1569
1578
1585
1593
1600
1608
1616
1625
1634
1642
1652
1665
1679
1690
1700
1706
1713
1722
1732
1742
1755
1764
1773
1779
1786
1791
1792
1791
1786
1779
1771
1758
1747
1735
1722
1710
1697
1687
1675
1664
1654
1642
1638
1634
1630
1628
1626
1625
1625
1625
1625
1624
1624
1624
1625
1625
1626
1626
1626
1626
1626
1628
1628
1625
1620
1614
1610
1608
1605
1603
1600
1598
1598
1598
1599
1601
1604
1606
1621
1651
1700
1772
1868
1986
2128
2281
2415
2489
2461
2303
2027
1690
1372
1152
1064
1102
1216
1336
1430
1477
1493
1501
1501
1502
1502
1503
1504
1504
1506
1508
1512
1516
1521
1530
1542
1547
1549
1550
1553
1555
1557
1560
1563
1565
1567
1569
1573
1577
1588
1611
1624
1629
1634
1638
1641
1645
1649
1652
1660
1670
1682
1697
1718
1740
1759
1781
1797
1803
1807
1811
1812
1812
1809
1807
1801
1792
1774
1761
1751
1737
1721
1702
1687
1671
1656
1636
1623
1616
1611
1608
1603
1599
1595
1593
1590
1588
1584
1581
1579
1577
1574
1572
1569
1567
1564
1562
1559
1557
1554
1552
1549
1548
1548
1548
1548
1549
1550
1553
1557
1567
1595
1644
1715
1813
1941
2101
2281
2450
2557
2562
2476
2227
1894
1544
1257
1084
1051
1141
1275
1386
1457
1474
1481
1484
1484
1483
1481
1478
1474
1469
1467
1472
1481
1489
1502
1513
1521
1525
1530
1534
1539
1543
1547
1549
1552
1554
1555
1558
1560
1563
1565
1570
1579
1599
1620
1638
1651
1667
1686
1702
1715
1721
1727
1733
1740
1748
1759
1769
1779
1787
1793
1797
1803
1809
1801
1786
1769
1755
1738
1725
1713
1701
1690
1677
1665
1657
1652
1647
1646
1645
1644
1642
1642
1642
1641
1641
1641
1641
1641
1641
1644
1646
1649
1650
1652
1655
1659
1662
1665
1665
1665
1662
1660
1659
1656
1652
1649
1649
1652
1657
1664
1672
1682
1697
1716
1743
1774
1820
1893
1992
2118
2266
2423
2560
2626
2615
2495
2232
1890
1552
1305
1198
1226
1335
1462
1565
1610
1619
1626
1631
1635
1638
1640
1641
1644
1645
1646
1647
1647
1649
1651
1655
1661
1667
1672
1676
1680
1681
1681
1680
1679
1676
1675
1674
1672
1672
1676
1681
1690
1705
1726
1737
1747
1757
1768
1784
1797
1804
1812
1818
1828
1843
1853
1858
1862
1865
1867
1867
1864
1862
1857
1852
1843
1830
1824
1815
1802
1788
1773
1757
1742
1732
1725
1717
1706
1695
1685
1676
1671
1666
1661
1656
1654
1652
1651
1650
1649
1647
1647
1646
1646
1647
1649
1651
1655
1659
1665
1675
1681
1696
1722
1761
1818
1898
2006
2145
2315
2496
2647
2714
2644
2417
2072
1694
1384
1243
1235
1334
1476
1578
1611
1614
1603
1596
1596
1598
1600
1601
1601
1603
1604
1606
1610
1616
1620
1624
1626
1628
1629
1630
1631
1633
1635
1638
1640
1641
1642
1642
1644
1645
1646
1649
1651
1659
1675
1686
1694
1706
1718
1731
1742
1753
1764
1772
1779
1792
1802
1807
1811
1811
1807
1801
1794
1784
1773
1763
1756
1748
1743
1736
1728
1716
1707
1700
1694
1690
1686
1682
1680
1676
1674
1670
1667
1664
1660
1654
1645
1642
1641
1640
1639
1638
1641
1649
1660
1677
1690
1695
1700
1705
1710
1716
1723
1732
1756
1794
1850
1929
2033
2165
2327
2505
2659
2740
2704
2525
2225
1875
1568
1375
1320
1380
1496
1611
1696
1741
1763
1773
1778
1782
1784
1788
1792
1794
1798
1801
1804
1809
1814
1817
1818
1819
1819
1820
1822
1823
1824
1828
1830
1834
1839
1845
1852
1860
1869
1878
1885
1890
1895
1903
1913
1925
1941
1954
1964
1975
1991
2011
2026
2035
2041
2046
2051
2058
2067
2073
2078
2082
2084
2084
2082
2077
2068
2042
2011
1984
1964
1951
1944
1940
1935
1932
1930
1928
1926
1925
1924
1921
1919
1918
1918
1919
1920
1923
1928
1942
1975
2011
2056
2119
2211
2330
2450
2549
2601
2605
2569
2480
2382
2283
2175
2051
1931
1837
1799
1797
1827
1862
1873
1879
1884
1890
1896
1889
1869
1786
1650
1458
1212
0921
0623
0363
0185
0117
0117
0185
0336
0566
0876
1244
1616
1916
2089
2130
2102
2064
2052
2062
2093
2130
2149
2159
2165
2170
2176
2181
2189
2198
2206
2216
2234
2252
2261
2265
2270
2272
2274
2275
2276
2276
2276
2274
2271
2267
2262
2256
2229
2160
2073
1975
1870
1762
1665
1575
1493
1418
1351
1296
1245
1182
1104
1019
0938
0866
0815
0796
0789
0785
0779
0770
0744
0706
0665
0624
0588
0576
0586
0613
0675
0748
0815
0847
0858
0843
0797
0735
0677
0641
0639
0672
0761
0892
1050
1221
1381
1502
1537
1451
1232
0904
0545
0251
0107
0090
0151
0272
0392
0481
0516
0527
0536
0541
0560
0594
0638
0687
0731
0767
0797
0816
0832
0843
0855
0867
0884
0904
0923
0943
0958
0970
0984
0999
1015
1031
1048
1064
1081
1101
1122
1145
1161
1173
1188
1207
1224
1252
1280
1318
1355
1387
1415
1433
1455
1472
1481
1484
1487
1489
1493
1496
1498
1502
1508
1507
1499
1487
1472
1458
1443
1428
1412
1401
1395
1390
1389
1389
1390
1394
1400
1410
1428
1445
1456
1467
1481
1499
1516
1525
1533
1538
1543
1552
1564
1573
1579
1583
1586
1589
1591
1594
1596
1599
1603
1606
1609
1613
1616
1621
1628
1635
1642
1649
1651
1654
1655
1656
1657
1659
1659
1659
1660
1661
1662
1662
1664
1664
1664
1665
1666
1667
1670
1672
1680
1697
1730
1769
1825
1908
2025
2179
2367
2574
2760
2846
2835
2694
2400
2022
1659
1400
1316
1318
1402
1517
1611
1667
1692
1701
1705
1708
1711
1715
1717
1718
1718
1720
1720
1721
1721
1721
1721
1720
1720
1718
1718
1718
1718
1718
1718
1713
1708
1705
1700
1696
1694
1695
1698
1703
1712
1727
1745
1764
1784
1798
1811
1823
1834
1847
1857
1864
1872
1878
1886
1905
1929
1949
1957
1962
1966
1967
1966
1962
1955
1945
1925
1909
1899
1891
1886
1878
1862
1839
1818
1804
1797
1789
1781
1772
1762
1751
1742
1737
1731
1723
1707
1698
1695
1692
1690
1690
1687
1685
1682
1680
1677
1675
1674
1672
1671
1669
1666
1660
1655
1652
1654
1657
1662
1681
1723
1792
1891
2022
2191
2393
2597
2756
2817
2730
2481
2109
1702
1369
1171
1123
1188
1293
1397
1457
1478
1482
1482
1482
1483
1484
1484
1484
1484
1486
1487
1489
1492
1494
1496
1497
1499
1502
1506
1508
1512
1516
1519
1522
1525
1529
1534
1543
1550
1554
1559
1565
1574
1585
1600
1619
1638
1657
1680
1701
1721
1738
1753
1771
1781
1784
1788
1791
1793
1793
1793
1792
1791
1788
1784
1779
1773
1761
1750
1733
1712
1690
1670
1655
1646
1638
1629
1625
1621
1618
1615
1614
1613
1613
1613
1614
1616
1619
1621
1624
1626
1628
1629
1630
1631
1631
1630
1629
1626
1626
1625
1623
1621
1620
1618
1616
1615
1616
1619
1623
1629
1636
1651
1660
1684
1723
1787
1870
1977
2117
2285
2466
2633
2717
2708
2575
2282
1903
1519
1224
1112
1109
1202
1330
1446
1521
1550
1560
1567
1573
1580
1585
1588
1590
1591
1593
1595
1598
1600
1601
1603
1605
1606
1608
1610
1611
1615
1624
1631
1639
1646
1652
1661
1670
1675
1679
1681
1685
1689
1692
1695
1698
1701
1706
1713
1720
1723
1727
1735
1748
1766
1783
1794
1801
1806
1807
1807
1808
1811
1801
1772
1748
1752
1784
1874
1997
2135
2282
2434
2582
2722
2855
2961
3002
3017
3009
3003
2999
2993
2983
2976
2968
2946
2873
2773
2654
2517
2362
2186
1998
1801
1604
1425
1272
1145
1040
0943
0857
0794
0772
0764
0764
0770
0781
0799
0816
0837
0876
0933
1014
1136
1314
1548
1801
2007
2094
2017
1776
1425
1066
0779
0619
0592
0667
0784
0892
0975
1025
1048
1059
1065
1070
1074
1076
1080
1084
1090
1100
1110
1125
1142
1156
1167
1174
1181
1189
1198
1211
1228
1249
1268
1299
1336
1371
1402
1421
1438
1452
1461
1466
1471
1474
1479
1483
1497
1525
1543
1565
1585
1600
1611
1623
1639
1650
1654
1655
1657
1659
1659
1656
1652
1649
1644
1639
1633
1626
1620
1615
1610
1605
1601
1598
1594
1589
1584
1579
1575
1570
1564
1560
1555
1550
1547
1542
1538
1534
1532
1530
1530
1529
1529
1529
1527
1525
1528
1534
1539
1544
1550
1557
1563
1568
1573
1579
1584
1589
1600
1615
1628
1644
1662
1680
1710
1756
1817
1896
2001
2135
2297
2454
2566
2593
2494
2264
1940
1599
1324
1203
1196
1282
1417
1542
1634
1656
1664
1667
1670
1670
1669
1666
1664
1662
1661
1664
1669
1672
1676
1680
1682
1685
1687
1690
1692
1694
1695
1697
1700
1702
1707
1712
1718
1723
1728
1738
1755
1766
1776
1787
1803
1824
1844
1858
1870
1881
1893
1905
1913
1916
1920
1924
1928
1928
1926
1924
1921
1918
1914
1908
1901
1895
1889
1880
1864
1847
1832
1815
1802
1787
1771
1755
1743
1732
1725
1720
1716
1713
1711
1708
1707
1706
1705
1703
1701
1700
1698
1697
1694
1691
1689
1682
1671
1660
1652
1647
1642
1639
1636
1634
1634
1635
1636
1641
1649
1672
1726
1808
1925
2076
2254
2439
2597
2684
2649
2465
2148
1759
1399
1160
1089
1158
1294
1422
1509
1524
1519
1477
1453
1446
1442
1445
1453
1467
1486
1503
1513
1516
1518
1521
1522
1522
1522
1523
1522
1521
1519
1524
1527
1528
1530
1534
1538
1542
1543
1544
1548
1552
1555
1560
1574
1584
1594
1601
1610
1620
1634
1651
1667
1682
1694
1705
1710
1713
1716
1712
1703
1690
1671
1656
1646
1638
1630
1624
1619
1611
1604
1594
1579
1563
1547
1529
1513
1503
1498
1493
1488
1483
1479
1476
1471
1463
1456
1447
1441
1435
1432
1436
1443
1452
1461
1469
1477
1482
1487
1489
1491
1488
1484
1479
1473
1469
1471
1477
1498
1527
1570
1631
1708
1806
1925
2067
2230
2394
2537
2615
2583
2419
2140
1792
1452
1204
1120
1118
1199
1316
1432
1512
1534
1542
1547
1553
1558
1562
1568
1573
1579
1583
1585
1590
1595
1604
1613
1620
1633
1656
1675
1686
1692
1697
1702
1706
1707
1703
1697
1691
1685
1680
1681
1686
1691
1697
1705
1712
1723
1741
1759
1777
1792
1809
1830
1850
1870
1890
1906
1919
1931
1946
1962
1972
1979
1976
1965
1950
1931
1920
1911
1903
1894
1878
1859
1845
1837
1828
1820
1801
1776
1761
1758
1771
1811
1854
1894
1931
1951
1957
1950
1926
1885
1829
1773
1737
1735
1756
1819
1921
2063
2241
2440
2630
2761
2794
2699
2491
2214
1928
1703
1588
1562
1552
1539
1512
1477
1464
1478
1522
1572
1590
1580
1564
1544
1533
1527
1522
1519
1521
1522
1523
1527
1538
1568
1605
1650
1702
1762
1819
1867
1888
1886
1858
1808
1753
1703
1667
1655
1650
1654
1685
1730
1783
1847
1909
1965
2010
2040
2051
2051
2038
2007
1966
1916
1860
1803
1753
1711
1672
1644
1635
1628
1621
1619
1614
1599
1567
1522
1478
1442
1413
1385
1374
1370
1367
1364
1361
1360
1362
1366
1372
1381
1400
1441
1489
1537
1580
1615
1626
1634
1631
1603
1558
1514
1499
1506
1525
1579
1642
1705
1758
1802
1832
1849
1875
1944
2088
2293
2495
2608
2582
2386
2036
1626
1270
1055
1019
1127
1299
1457
1543
1554
1530
1472
1422
1386
1357
1339
1321
1309
1308
1311
1323
1360
1412
1471
1527
1567
1585
1600
1618
1631
1638
1644
1651
1659
1689
1732
1767
1778
1768
1757
1747
1746
1752
1761
1767
1763
1758
1756
1758
1764
1758
1740
1730
1738
1764
1809
1850
1869
1880
1888
1894
1900
1905
1894
1858
1809
1763
1727
1698
1672
1645
1634
1634
1649
1689
1740
1791
1824
1834
1825
1799
1756
1716
1680
1669
1672
1687
1736
1796
1862
1925
1970
1985
1980
1966
1939
1908
1864
1812
1750
1690
1639
1610
1600
1606
1628
1665
1707
1751
1783
1793
1787
1766
1726
1679
1615
1543
1468
1408
1372
1354
1340
1321
1298
1288
1284
1291
1339
1402
1484
1589
1721
1872
2032
2201
2382
2593
2837
3069
3188
3178
3013
2673
2270
1905
1661
1569
1535
1528
1511
1468
1440
1428
1442
1484
1521
1534
1540
1545
1534
1521
1509
1508
1519
1535
1548
1558
1553
1535
1525
1524
1530
1549
1577
1613
1656
1708
1766
1811
1830
1837
1825
1789
1742
1697
1670
1660
1659
1667
1675
1681
1686
1690
1691
1695
1700
1700
1692
1686
1679
1690
1700
1706
1712
1717
1720
1722
1737
1768
1808
1852
1888
1919
1928
1932
1926
1881
1815
1737
1656
1583
1527
1488
1452
1441
1435
1440
1478
1534
1598
1660
1718
1767
1797
1808
1807
1794
1759
1706
1649
1599
1562
1550
1547
1544
1544
1545
1549
1560
1593
1659
1761
1903
2082
2279
2450
2530
2517
2376
2083
1722
1379
1130
1018
1046
1165
1289
1349
1367
1356
1343
1333
1343
1359
1379
1399
1418
1436
1453
1468
1479
1489
1497
1504
1511
1518
1528
1547
1570
1594
1616
1639
1661
1685
1708
1728
1742
1752
1759
1769
1786
1801
1811
1815
1819
1829
1854
1894
1940
1981
2017
2036
2046
2053
2056
2053
2047
2027
1998
1970
1961
1955
1951
1945
1935
1913
1879
1840
1807
1787
1767
1748
1735
1726
1726
1737
1764
1809
1867
1924
1970
1993
2001
1995
1975
1945
1929
1911
1895
1880
1864
1852
1842
1830
1815
1793
1752
1698
1647
1620
1620
1646
1697
1751
1792
1811
1825
1842
1862
1875
1884
1889
1875
1853
1833
1817
1803
1784
1750
1705
1665
1630
1618
1616
1620
1634
1659
1695
1755
1845
1972
2137
2328
2519
2666
2725
2651
2418
2066
1675
1346
1153
1120
1207
1346
1473
1533
1554
1560
1563
1572
1603
1640
1662
1671
1660
1641
1620
1608
1601
1599
1596
1593
1590
1586
1584
1580
1578
1574
1570
1567
1564
1563
1565
1568
1570
1574
1583
1596
1609
1618
1629
1640
1651
1660
1666
1671
1675
1680
1685
1690
1696
1703
1710
1717
1721
1725
1728
1731
1731
1727
1722
1717
1710
1701
1692
1684
1669
1649
1633
1620
1610
1600
1590
1578
1564
1552
1540
1533
1525
1521
1517
1513
1511
1509
1507
1506
1504
1503
1503
1503
1503
1504
1507
1509
1513
1519
1529
1549
1580
1629
1690
1771
1875
2012
2194
2407
2607
2720
2684
2479
2143
1759
1433
1263
1240
1298
1415
1501
1528
1538
1539
1535
1534
1532
1530
1530
1534
1539
1545
1552
1559
1568
1579
1589
1598
1605
1610
1613
1614
1616
1619
1618
1610
1605
1603
1599
1596
1595
1595
1598
1603
1608
1614
1620
1629
1638
1645
1647
1651
1657
1672
1690
1708
1727
1747
1768
1784
1793
1801
1803
1798
1786
1766
1740
1720
1705
1694
1681
1661
1645
1631
1616
1600
1586
1580
1574
1569
1567
1568
1572
1575
1580
1573
1565
1560
1554
1548
1540
1532
1533
1545
1567
1583
1588
1589
1591
1593
1594
1595
1598
1600
1603
1606
1609
1613
1619
1624
1626
1629
1631
1635
1640
1647
1666
1698
1746
1814
1904
2023
2175
2352
2519
2622
2628
2555
2337
2031
1700
1417
1228
1174
1178
1257
1355
1442
1482
1494
1486
1472
1462
1467
1483
1521
1559
1581
1590
1593
1590
1586
1583
1578
1575
1579
1586
1591
1596
1601
1603
1600
1595
1589
1579
1568
1568
1567
1565
1564
1565
1569
1575
1584
1603
1626
1647
1666
1686
1700
1710
1712
1712
1713
1715
1713
1708
1701
1695
1705
1733
1778
1827
1872
1893
1900
1904
1905
1904
1901
1895
1878
1852
1818
1801
1789
1779
1766
1732
1681
1623
1568
1528
1508
1494
1484
1481
1477
1473
1473
1482
1493
1512
1535
1554
1565
1573
1580
1589
1599
1610
1616
1621
1625
1631
1641
1667
1700
1741
1797
1883
2016
2191
2388
2576
2692
2691
2570
2282
1928
1589
1352
1277
1341
1462
1560
1586
1585
1570
1565
1560
1555
1552
1544
1537
1542
1562
1600
1636
1667
1677
1682
1685
1674
1654
1639
1631
1628
1625
1624
1625
1626
1628
1628
1629
1630
1631
1635
1640
1649
1662
1682
1695
1705
1716
1730
1747
1779
1814
1847
1867
1889
1909
1924
1934
1935
1929
1913
1886
1854
1834
1822
1815
1811
1806
1802
1797
1791
1779
1759
1738
1720
1711
1705
1701
1700
1702
1706
1711
1717
1723
1727
1728
1725
1722
1718
1717
1715
1712
1708
1702
1695
1681
1659
1644
1633
1623
1616
1611
1608
1608
1611
1620
1644
1684
1728
1789
1881
2007
2164
2346
2529
2673
2738
2739
2676
2539
2374
2190
2003
1839
1703
1614
1591
1596
1645
1705
1776
1850
1942
2074
2254
2474
2704
2902
3034
3074
3074
3058
3050
3044
3038
3029
2999
2987
2982
2989
3010
2973
2871
2723
2547
2373
2208
2059
1916
1774
1629
1486
1356
1252
1173
1120
1095
1086
1094
1115
1143
1173
1189
1214
1252
1314
1402
1499
1588
1659
1696
1710
1710
1697
1667
1605
1523
1435
1352
1293
1262
1254
1248
1244
1239
1235
1233
1227
1218
1209
1201
1192
1182
1173
1167
1163
1162
1165
1168
1182
1207
1247
1303
1366
1426
1478
1514
1534
1563
1605
1650
1670
1677
1676
1667
1660
1654
1647
1640
1631
1618
1604
1620
1669
1764
1894
2040
2166
2251
2267
2256
2180
2059
1906
1740
1577
1440
1362
1352
1381
1446
1501
1525
1535
1548
1578
1638
1705
1763
1808
1857
1919
1986
2020
2015
1950
1832
1700
1591
1514
1482
1472
1466
1466
1472
1479
1494
1512
1524
1538
1559
1598
1661
1741
1824
1898
1954
1981
1990
1981
1954
1925
1899
1872
1860
1855
1853
1854
1865
1896
1937
1954
1959
1950
1920
1891
1875
1848
1819
1781
1728
1670
1619
1599
1593
1604
1623
1642
1664
1682
1701
1722
1741
1753
1755
1745
1716
1686
1666
1659
1656
1655
1657
1660
1662
1665
1666
1666
1662
1654
1628
1596
1588
1585
1590
1628
1681
1743
1804
1854
1893
1931
1965
1979
1990
2002
2021
2064
2134
2230
2331
2424
2515
2613
2718
2783
2776
2676
2412
2062
1708
1460
1381
1453
1600
1740
1815
1823
1791
1721
1656
1599
1555
1527
1516
1509
1506
1503
1501
1499
1502
1508
1513
1518
1524
1529
1533
1538
1542
1545
1550
1554
1555
1553
1550
1544
1545
1570
1605
1641
1661
1680
1697
1716
1730
1738
1743
1735
1723
1715
1726
1762
1832
1911
1980
2028
2059
2078
2093
2103
2097
2076
2020
1951
1885
1829
1786
1750
1716
1675
1633
1610
1604
1599
1598
1598
1599
1601
1606
1620
1664
1713
1764
1806
1837
1848
1855
1853
1828
1784
1728
1674
1641
1630
1647
1696
1791
1925
2102
2322
2569
2809
2988
3045
2934
2654
2255
1823
1453
1232
1183
1269
1408
1521
1544
1540
1494
1469
1461
1471
1498
1525
1550
1583
1620
1657
1670
1676
1680
1671
1657
1639
1616
1600
1590
1583
1583
1591
1599
1606
1614
1624
1652
1698
1763
1834
1901
1954
1990
2021
2047
2056
2049
2032
1987
1936
1893
1878
1874
1880
1890
1898
1889
1880
1874
1869
1864
1860
1844
1813
1769
1728
1706
1690
1671
1652
1634
1615
1593
1577
1565
1562
1564
1572
1583
1603
1618
1626
1633
1635
1634
1630
1625
1615
1599
1585
1577
1577
1584
1591
1598
1600
1599
1594
1588
1590
1618
1666
1743
1852
1990
2154
2343
2540
2707
2784
2773
2637
2335
1934
1528
1224
1118
1120
1234
1407
1555
1646
1660
1656
1615
1573
1538
1511
1503
1503
1513
1540
1578
1608
1616
1623
1629
1635
1642
1654
1661
1671
1686
1706
1725
1755
1776
1783
1783
1776
1766
1753
1746
1740
1741
1751
1757
1762
1767
1773
1778
1788
1819
1847
1855
1862
1867
1872
1876
1884
1884
1876
1854
1820
1787
1758
1742
1720
1694
1661
1625
1598
1567
1558
1554
1562
1603
1656
1708
1752
1777
1786
1776
1761
1742
1711
1675
1635
1596
1562
1535
1525
1518
1509
1497
1478
1448
1413
1397
1390
1386
1382
1377
1372
1367
1360
1350
1349
1355
1371
1404
1450
1511
1594
1696
1815
1946
2082
2225
2377
2522
2636
2669
2591
2379
2066
1717
1412
1217
1152
1183
1252
1313
1331
1328
1305
1294
1290
1288
1289
1299
1308
1314
1320
1326
1333
1339
1345
1351
1355
1357
1360
1361
1364
1365
1369
1372
1379
1401
1435
1464
1494
1512
1528
1544
1572
1606
1625
1638
1645
1652
1661
1675
1694
1728
1745
1751
1751
1747
1743
1740
1751
1768
1791
1813
1837
1862
1879
1893
1894
1874
1832
1776
1716
1664
1618
1574
1543
1527
1512
1497
1483
1473
1463
1436
1400
1362
1343
1330
1323
1318
1314
1310
1306
1303
1300
1300
1304
1310
1326
1360
1408
1466
1529
1601
1670
1712
1728
1730
1716
1700
1686
1695
1726
1838
2026
2279
2566
2822
2968
2971
2840
2516
2091
1680
1372
1233
1262
1397
1578
1751
1883
1944
1951
1926
1848
1743
1639
1563
1550
1559
1618
1694
1772
1833
1865
1874
1879
1883
1886
1889
1891
1896
1905
1918
1925
1925
1905
1876
1850
1840
1838
1840
1849
1873
1910
1954
1987
1998
1991
1967
1920
1873
1837
1823
1823
1830
1852
1891
1944
2002
2058
2099
2113
2103
2077
2032
1985
1942
1901
1864
1828
1787
1742
1697
1655
1614
1569
1518
1474
1446
1437
1447
1476
1542
1621
1706
1789
1864
1930
1975
1992
1998
2002
2006
2008
2011
2013
2017
2032
2071
2117
2159
2171
2166
2149
2119
2088
2045
1985
1920
1860
1823
1812
1804
1799
1796
1781
1748
1710
1671
1619
1549
1478
1430
1415
1420
1437
1467
1488
1493
1498
1503
1508
1517
1525
1518
1499
1476
1467
1463
1461
1462
1463
1467
1476
1507
1565
1647
1740
1842
1972
2149
2378
2642
2887
3025
3025
2890
2574
2169
1763
1453
1314
1303
1385
1534
1679
1792
1864
1884
1890
1883
1859
1828
1798
1767
1747
1735
1728
1723
1721
1720
1721
1722
1723
1727
1730
1717
1681
1633
1577
1522
1472
1423
1366
1303
1244
1201
1171
1153
1138
1128
1128
1140
1168
1227
1293
1355
1415
1479
1553
1639
1726
1797
1824
1834
1829
1813
1786
1755
1721
1687
1651
1614
1601
1608
1626
1670
1713
1743
1745
1726
1684
1639
1599
1564
1529
1496
1463
1431
1417
1411
1406
1407
1421
1432
1443
1450
1448
1446
1442
1440
1447
1457
1466
1473
1492
1530
1593
1666
1736
1793
1838
1889
1961
2066
2213
2400
2601
2763
2814
2700
2414
2008
1599
1291
1165
1157
1244
1386
1516
1609
1662
1690
1698
1705
1707
1710
1713
1716
1720
1726
1735
1750
1772
1811
1854
1896
1930
1960
1981
1997
2010
2010
2001
1976
1931
1879
1835
1802
1773
1745
1733
1727
1723
1735
1771
1820
1880
1934
1974
1992
2003
2012
2023
2037
2054
2087
2118
2147
2173
2203
2220
2234
2242
2232
2204
2149
2077
1995
1914
1849
1801
1768
1738
1706
1677
1646
1636
1630
1634
1645
1652
1651
1642
1633
1624
1625
1639
1650
1664
1664
1657
1649
1641
1650
1667
1681
1686
1689
1690
1695
1702
1713
1725
1718
1697
1639
1578
1529
1493
1479
1471
1473
1499
1547
1605
1672
1737
1789
1818
1830
1837
1842
1833
1806
1773
1743
1730
1722
1717
1722
1740
1772
1822
1880
1945
2023
2149
2351
2602
2844
2984
2932
2674
2272
1847
1511
1346
1328
1394
1516
1626
1694
1713
1721
1720
1711
1689
1654
1629
1620
1616
1619
1626
1645
1671
1700
1710
1705
1690
1659
1644
1634
1628
1629
1639
1655
1675
1706
1723
1728
1732
1733
1735
1736
1736
1735
1732
1728
1725
1707
1679
1651
1621
1604
1593
1585
1581
1581
1584
1591
1614
1641
1656
1666
1674
1684
1707
1737
1758
1778
1793
1802
1809
1815
1819
1815
1809
1797
1783
1767
1736
1700
1680
1672
1682
1692
1702
1702
1690
1652
1600
1552
1496
1428
1362
1324
1310
1323
1359
1432
1518
1599
1662
1706
1730
1737
1725
1711
1700
1698
1711
1745
1825
1934
2045
2132
2169
2132
2016
1839
1641
1456
1315
1260
1242
1249
1260
1269
1264
1257
1250
1258
1279
1311
1359
1425
1493
1552
1593
1626
1661
1698
1736
1756
1762
1766
1769
1774
1781
1787
1797
1797
1791
1776
1740
1694
1639
1581
1530
1486
1446
1422
1416
1411
1407
1406
1406
1407
1411
1417
1425
1452
1501
1557
1618
1681
1733
1768
1782
1789
1794
1787
1761
1726
1685
1634
1599
1585
1585
1595
1623
1660
1702
1751
1796
1827
1837
1827
1798
1750
1702
1664
1651
1656
1672
1708
1752
1794
1817
1817
1792
1748
1707
1675
1646
1628
1606
1594
1589
1586
1595
1611
1628
1651
1698
1776
1881
2002
2127
2250
2368
2473
2529
2484
2307
1996
1613
1254
1010
0923
0982
1130
1309
1481
1615
1690
1700
1684
1619
1565
1547
1559
1599
1635
1647
1652
1650
1645
1639
1633
1621
1610
1601
1601
1610
1635
1669
1696
1716
1751
1811
1888
1965
2023
2045
2045
2021
1976
1920
1859
1793
1725
1665
1628
1614
1613
1619
1635
1669
1701
1732
1742
1750
1757
1767
1784
1823
1874
1928
1972
2010
2043
2059
2073
2073
2049
1993
1918
1840
1773
1743
1735
1727
1721
1715
1702
1690
1680
1672
1666
1650
1611
1564
1517
1489
1482
1476
1469
1463
1452
1435
1425
1420
1416
1413
1415
1420
1427
1450
1493
1562
1659
1783
1945
2137
2336
2506
2598
2559
2362
2035
1657
1321
1112
1051
1111
1230
1369
1506
1621
1713
1787
1850
1901
1926
1928
1904
1858
1808
1784
1776
1783
1791
1797
1797
1788
1763
1736
1696
1649
1593
1540
1513
1503
1503
1511
1519
1527
1533
1540
1549
1559
1570
1579
1586
1593
1598
1601
1610
1624
1639
1654
1669
1684
1698
1713
1738
1768
1813
1873
1940
2000
2026
2033
2037
2041
2043
2046
2048
2051
2052
2057
2077
2108
2118
2107
2077
2007
1931
1863
1822
1808
1827
1883
1995
2145
2323
2516
2703
2872
3019
3144
3238
3312
3368
3426
3512
3635
3785
3926
4010
3982
3819
3537
3190
2871
2666
2615
2671
2756
2815
2822
2806
2747
2676
2598
2509
2396
2246
2061
1854
1645
1448
1283
1161
1086
1066
1072
1122
1216
1330
1442
1530
1579
1595
1590
1578
1545
1508
1467
1431
1427
1446
1521
1621
1720
1793
1838
1870
1899
1909
1903
1885
1830
1759
1706
1690
1700
1713
1723
1723
1713
1703
1694
1687
1681
1662
1636
1614
1608
1616
1633
1644
1651
1647
1634
1629
1623
1616
1610
1586
1553
1543
1537
1542
1565
1578
1583
1579
1567
1562
1557
1549
1538
1503
1450
1399
1362
1349
1349
1360
1376
1396
1427
1456
1486
1503
1522
1542
1577
1616
1650
1677
1689
1695
1702
1710
1718
1741
1766
1797
1832
1873
1903
1913
1906
1889
1853
1799
1732
1666
1603
1548
1527
1519
1516
1513
1513
1514
1518
1523
1542
1584
1656
1758
1899
2084
2305
2522
2684
2735
2636
2388
2038
1686
1415
1310
1310
1411
1534
1595
1600
1567
1506
1472
1469
1494
1532
1570
1603
1618
1628
1633
1639
1646
1671
1701
1726
1735
1738
1738
1735
1726
1713
1695
1664
1640
1631
1633
1641
1649
1654
1660
1665
1672
1694
1731
1767
1801
1835
1878
1937
2010
2079
2132
2147
2152
2140
2123
2106
2081
2053
2033
2007
1985
1971
1964
1957
1949
1939
1921
1900
1872
1840
1814
1801
1787
1771
1752
1735
1705
1676
1644
1611
1580
1552
1534
1514
1494
1482
1476
1472
1468
1467
1466
1464
1463
1463
1461
1460
1458
1461
1468
1478
1488
1496
1513
1542
1579
1616
1647
1659
1664
1666
1669
1672
1662
1644
1630
1624
1621
1633
1669
1711
1772
1855
1972
2130
2311
2483
2591
2596
2510
2269
1960
1656
1420
1304
1288
1320
1360
1372
1365
1351
1335
1325
1320
1316
1313
1310
1306
1303
1300
1296
1291
1288
1285
1283
1283
1284
1287
1290
1295
1301
1311
1321
1333
1343
1354
1365
1375
1385
1399
1416
1431
1440
1447
1452
1462
1478
1497
1516
1534
1553
1570
1585
1599
1613
1621
1626
1629
1631
1633
1631
1629
1625
1619
1610
1590
1568
1548
1530
1514
1498
1481
1467
1458
1453
1451
1448
1445
1441
1438
1441
1447
1458
1472
1478
1481
1483
1484
1487
1488
1489
1491
1493
1496
1508
1535
1578
1636
1703
1787
1886
2013
2175
2366
2556
2703
2759
2679
2452
2110
1731
1408
1221
1192
1272
1380
1467
1498
1497
1484
1478
1474
1472
1472
1474
1478
1484
1491
1502
1512
1522
1532
1542
1554
1570
1588
1606
1629
1649
1665
1676
1686
1691
1696
1700
1706
1711
1720
1730
1742
1752
1759
1766
1771
1776
1782
1791
1798
1808
1823
1840
1860
1878
1891
1899
1905
1913
1920
1925
1929
1931
1932
1932
1929
1923
1914
1900
1879
1860
1843
1827
1809
1802
1798
1796
1793
1792
1791
1789
1788
1788
1788
1789
1789
1791
1793
1796
1799
1802
1804
1812
1824
1835
1845
1850
1852
1853
1854
1855
1857
1857
1855
1854
1852
1848
1844
1845
1855
1864
1869
1874
1879
1884
1889
1891
1895
1898
1900
1903
1904
1906
1908
1908
1909
1911
1914
1920
1936
1970
2016
2076
2158
2270
2418
2596
2785
2946
3028
2983
2791
2478
2101
1753
1529
1462
1523
1636
1737
1782
1793
1801
1806
1811
1814
1818
1820
1822
1824
1828
1832
1835
1837
1837
1834
1828
1819
1793
1762
1746
1737
1732
1727
1726
1727
1732
1740
1753
1771
1777
1779
1781
1783
1784
1787
1789
1793
1797
1803
1814
1834
1854
1872
1886
1901
1915
1931
1951
1972
1991
2005
2013
2020
2025
2028
2028
2025
2016
1993
1957
1925
1906
1886
1868
1839
1809
1781
1766
1758
1755
1751
1746
1741
1737
1733
1730
1726
1723
1721
1721
1722
1725
1728
1731
1733
1737
1740
1743
1747
1751
1757
1764
1794
1854
1949
2077
2235
2419
2615
2789
2873
2862
2720
2410
2021
1657
1410
1318
1366
1489
1611
1669
1686
1676
1665
1656
1662
1671
1677
1669
1655
1642
1636
1633
1630
1629
1631
1636
1642
1649
1657
1664
1669
1677
1690
1703
1717
1725
1730
1732
1735
1738
1742
1747
1755
1766
1776
1782
1786
1788
1791
1793
1797
1801
1804
1809
1818
1830
1838
1843
1847
1849
1845
1837
1828
1817
1807
1798
1791
1783
1774
1759
1738
1718
1700
1686
1675
1662
1649
1631
1621
1614
1610
1610
1609
1609
1609
1608
1608
1608
1608
1606
1606
1606
1608
1609
1610
1613
1615
1619
1625
1638
1652
1669
1697
1750
1832
1949
2106
2298
2504
2671
2732
2643
2392
2027
1651
1352
1206
1186
1234
1328
1408
1457
1479
1497
1516
1529
1539
1543
1539
1533
1527
1519
1516
1519
1527
1535
1547
1557
1568
1586
1600
1608
1613
1618
1621
1625
1631
1640
1650
1659
1665
1674
1681
1707
1735
1753
1771
1783
1793
1806
1825
1849
1872
1886
1895
1901
1905
1909
1913
1915
1915
1911
1906
1896
1881
1868
1853
1827
1799
1768
1733
1697
1677
1661
1649
1638
1628
1619
1610
1604
1599
1591
1583
1574
1565
1562
1564
1569
1573
1577
1579
1580
1579
1573
1568
1563
1558
1554
1552
1550
1553
1555
1560
1569
1585
1600
1615
1640
1681
1742
1829
1944
2083
2246
2428
2597
2695
2693
2585
2310
1935
1550
1257
1128
1115
1174
1272
1349
1391
1407
1417
1422
1425
1427
1431
1435
1436
1438
1440
1442
1446
1451
1458
1466
1472
1476
1481
1487
1492
1496
1501
1506
1511
1514
1518
1522
1528
1543
1559
1575
1591
1609
1630
1650
1669
1686
1701
1717
1731
1740
1748
1756
1762
1769
1779
1798
1812
1817
1820
1822
1819
1813
1806
1797
1789
1773
1746
1712
1694
1681
1670
1659
1642
1623
1609
1603
1598
1593
1588
1584
1580
1577
1574
1570
1567
1563
1560
1558
1557
1555
1554
1553
1552
1550
1548
1547
1545
1544
1544
1545
1545
1548
1549
1552
1554
1558
1560
1563
1565
1572
1577
1579
1583
1585
1586
1589
1590
1590
1591
1590
1588
1584
1580
1575
1572
1567
1563
1559
1557
1555
1557
1558
1560
1564
1568
1574
1586
1593
1609
1635
1675
1730
1804
1895
2007
2145
2306
2465
2591
2638
2566
2358
2041
1682
1367
1161
1097
1157
1272
1385
1467
1509
1530
1540
1547
1550
1554
1559
1564
1569
1574
1578
1583
1586
1589
1590
1593
1595
1598
1600
1604
1608
1613
1619
1625
1633
1639
1644
1647
1651
1657
1666
1674
1680
1684
1686
1690
1692
1697
1707
1723
1740
1755
1769
1783
1798
1815
1828
1835
1840
1843
1844
1844
1842
1839
1834
1825
1811
1797
1779
1761
1742
1727
1715
1705
1695
1686
1671
1661
1654
1649
1645
1642
1640
1636
1633
1633
1639
1645
1650
1650
1640
1633
1629
1624
1620
1618
1614
1611
1610
1608
1606
1605
1603
1601
1600
1600
1600
1601
1601
1603
1604
1605
1606
1609
1619
1650
1697
1769
1864
1986
2142
2327
2514
2664
2733
2669
2452
2110
1725
1392
1179
1112
1165
1280
1406
1503
1560
1578
1580
1583
1584
1584
1585
1586
1586
1586
1588
1589
1589
1590
1591
1593
1594
1598
1601
1606
1614
1623
1633
1640
1644
1647
1651
1656
1661
1665
1669
1671
1675
1679
1684
1690
1701
1721
1738
1755
1769
1784
1801
1819
1833
1840
1845
1845
1842
1835
1828
1818
1803
1782
1759
1746
1737
1730
1723
1716
1707
1698
1691
1686
1679
1671
1666
1662
1660
1656
1652
1650
1646
1644
1640
1635
1628
1623
1619
1616
1615
1614
1613
1611
1609
1609
1608
1608
1608
1609
1609
1611
1613
1615
1619
1621
1626
1638
1646
1666
1705
1772
1867
1993
2153
2336
2520
2661
2704
2606
2361
2011
1647
1359
1227
1216
1293
1426
1530
1574
1589
1596
1600
1604
1608
1611
1614
1618
1621
1626
1630
1633
1635
1638
1639
1640
1640
1641
1644
1645
1647
1649
1650
1650
1651
1651
1652
1655
1657
1665
1682
1696
1707
1716
1725
1733
1745
1753
1759
1764
1769
1773
1781
1794
1809
1819
1827
1833
1837
1840
1839
1835
1829
1818
1802
1788
1778
1766
1750
1730
1708
1690
1670
1650
1631
1611
1603
1599
1596
1594
1591
1590
1589
1588
1586
1586
1585
1585
1585
1586
1588
1589
1590
1591
1593
1595
1598
1600
1603
1605
1610
1620
1628
1633
1641
1655
1681
1723
1788
1884
2021
2203
2419
2627
2751
2758
2659
2391
2040
1701
1450
1351
1346
1417
1509
1581
1605
1614
1604
1596
1591
1588
1586
1588
1591
1595
1599
1601
1604
1605
1608
1610
1613
1615
1619
1621
1624
1625
1628
1631
1636
1649
1660
1669
1676
1682
1686
1690
1696
1708
1726
1742
1769
1799
1830
1852
1873
1895
1906
1913
1918
1920
1921
1920
1919
1915
1910
1904
1894
1883
1868
1847
1820
1797
1773
1750
1728
1708
1690
1670
1656
1647
1641
1636
1630
1623
1614
1608
1604
1600
1598
1601
1608
1619
1635
1644
1649
1651
1654
1656
1659
1660
1662
1665
1667
1674
1687
1698
1708
1720
1732
1743
1753
1758
1762
1764
1766
1767
1768
1766
1762
1758
1753
1748
1743
1738
1732
1728
1725
1722
1720
1707
1706
1726
1803
1929
2089
2274
2471
2671
2860
3037
3191
3302
3343
3354
3366
3379
3394
3439
3517
3617
3742
3888
4025
4095
4030
3780
3328
2715
2032
1395
0922
0669
0613
0667
0762
0863
0945
0994
1021
1038
1050
1060
1070
1077
1085
1089
1085
1075
1064
1051
1049
1046
1043
1044
1051
1062
1079
1095
1113
1133
1153
1173
1189
1202
1216
1230
1245
1263
1278
1293
1311
1331
1347
1361
1375
1397
1423
1452
1471
1492
1513
1534
1554
1572
1588
1601
1619
1639
1661
1684
1702
1718
1730
1736
1743
1750
1738
1718
1700
1684
1666
1651
1639
1628
1619
1611
1606
1603
1600
1599
1598
1595
1594
1593
1593
1598
1605
1613
1619
1628
1636
1640
1644
1646
1649
1651
1654
1654
1655
1655
1654
1652
1650
1647
1645
1642
1640
1638
1635
1633
1630
1628
1625
1624
1623
1623
1625
1626
1629
1631
1634
1635
1636
1639
1640
1642
1645
1649
1652
1656
1659
1661
1664
1667
1671
1690
1716
1746
1783
1837
1911
2006
2129
2285
2480
2694
2885
2990
2951
2740
2391
1985
1626
1392
1323
1387
1508
1618
1672
1690
1679
1667
1657
1652
1655
1660
1664
1666
1667
1669
1670
1672
1676
1679
1681
1684
1687
1690
1695
1700
1703
1706
1710
1712
1715
1717
1721
1726
1731
1743
1762
1777
1788
1797
1804
1812
1819
1829
1845
1867
1884
1896
1910
1926
1951
1971
1984
1989
1985
1977
1969
1959
1950
1940
1923
1908
1899
1891
1886
1880
1868
1852
1824
1798
1769
1742
1717
1690
1674
1666
1664
1662
1661
1661
1661
1662
1662
1661
1660
1660
1659
1659
1657
1656
1655
1654
1654
1652
1651
1647
1645
1644
1644
1646
1649
1650
1652
1654
1656
1659
1661
1664
1667
1671
1675
1679
1682
1686
1690
1701
1708
1711
1713
1716
1718
1722
1728
1737
1766
1822
1904
2031
2219
2453
2688
2855
2883
2740
2440
2045
1639
1316
1162
1143
1197
1313
1417
1489
1530
1550
1565
1575
1588
1595
1599
1603
1605
1608
1611
1614
1618
1623
1630
1642
1652
1662
1671
1684
1689
1690
1691
1694
1695
1696
1697
1700
1702
1703
1705
1706
1707
1710
1715
1725
1736
1751
1771
1794
1814
1828
1835
1844
1853
1864
1874
1875
1876
1878
1878
1875
1868
1859
1849
1838
1823
1804
1789
1777
1767
1753
1737
1711
1681
1661
1644
1633
1624
1618
1613
1609
1609
1613
1616
1619
1623
1626
1629
1630
1630
1629
1626
1625
1623
1621
1619
1621
1626
1634
1641
1651
1661
1670
1681
1692
1695
1696
1697
1698
1697
1692
1687
1679
1667
1660
1655
1649
1649
1659
1674
1690
1706
1723
1745
1762
1773
1781
1784
1779
1769
1757
1743
1736
1728
1721
1708
1697
1687
1676
1669
1662
1659
1657
1657
1657
1656
1656
1656
1655
1656
1656
1659
1660
1661
1662
1665
1665
1659
1651
1644
1634
1629
1625
1620
1615
1613
1616
1625
1633
1640
1647
1654
1676
1702
1738
1786
1853
1951
2089
2270
2486
2723
2947
3086
3089
2962
2627
2195
1776
1462
1320
1303
1357
1456
1535
1557
1562
1565
1568
1569
1572
1574
1575
1577
1578
1578
1579
1579
1581
1583
1584
1586
1588
1589
1590
1593
1594
1595
1596
1598
1598
1599
1601
1605
1614
1629
1654
1697
1753
1802
1838
1859
1873
1881
1885
1884
1876
1857
1829
1818
1819
1827
1834
1840
1848
1857
1870
1889
1918
1940
1949
1950
1944
1937
1932
1928
1921
1914
1900
1880
1859
1840
1825
1808
1773
1728
1685
1647
1631
1626
1621
1618
1616
1614
1614
1614
1614
1615
1616
1620
1624
1628
1631
1634
1639
1646
1652
1656
1659
1662
1666
1670
1674
1676
1680
1694
1721
1728
1732
1735
1736
1737
1738
1741
1741
1742
1743
1745
1748
1751
1753
1758
1764
1767
1764
1759
1753
1748
1742
1738
1730
1703
1665
1625
1604
1591
1583
1579
1579
1584
1593
1620
1656
1695
1736
1776
1814
1850
1890
1945
2032
2170
2358
2565
2732
2789
2695
2448
2093
1720
1408
1219
1163
1203
1289
1390
1486
1534
1547
1557
1562
1565
1567
1565
1565
1565
1565
1565
1565
1563
1562
1560
1560
1560
1560
1562
1562
1563
1565
1569
1573
1579
1590
1618
1650
1681
1706
1723
1732
1740
1747
1747
1733
1713
1698
1694
1690
1705
1720
1732
1742
1751
1756
1759
1762
1766
1768
1769
1769
1768
1766
1763
1759
1755
1747
1733
1722
1710
1697
1686
1674
1661
1649
1639
1630
1621
1610
1593
1577
1567
1568
1590
1620
1638
1650
1656
1662
1670
1679
1689
1700
1698
1686
1675
1665
1657
1651
1647
1639
1623
1599
1579
1568
1562
1558
1555
1553
1552
1549
1544
1545
1555
1570
1588
1603
1615
1636
1662
1698
1755
1835
1945
2088
2264
2464
2673
2849
2939
2887
2671
2332
1956
1645
1455
1396
1432
1504
1559
1577
1567
1548
1529
1523
1521
1518
1517
1516
1514
1514
1512
1509
1507
1506
1503
1502
1501
1498
1497
1493
1491
1484
1479
1476
1477
1481
1486
1492
1501
1507
1521
1549
1583
1616
1650
1682
1708
1722
1735
1748
1766
1781
1791
1796
1801
1806
1811
1820
1830
1837
1839
1830
1814
1798
1784
1772
1757
1743
1718
1692
1664
1642
1616
1594
1573
1553
1542
1534
1529
1527
1524
1523
1522
1519
1519
1518
1518
1519
1523
1528
1535
1563
1598
1629
1647
1661
1669
1677
1685
1698
1710
1712
1715
1718
1730
1759
1815
1876
1926
1944
1950
1952
1952
1949
1945
1934
1886
1834
1784
1747
1717
1700
1672
1649
1641
1641
1654
1672
1696
1720
1738
1751
1758
1750
1725
1685
1649
1624
1615
1621
1636
1692
1784
1915
2083
2276
2480
2658
2761
2734
2542
2210
1818
1468
1239
1168
1230
1356
1471
1528
1548
1540
1516
1487
1473
1464
1460
1456
1458
1463
1467
1468
1469
1471
1472
1474
1476
1478
1482
1484
1487
1491
1493
1498
1503
1508
1513
1519
1528
1540
1548
1554
1559
1567
1577
1591
1615
1640
1660
1687
1728
1781
1827
1864
1886
1894
1898
1898
1895
1890
1883
1875
1883
1903
1931
1941
1945
1942
1936
1921
1895
1854
1804
1757
1716
1690
1684
1674
1664
1652
1639
1631
1624
1618
1614
1610
1606
1603
1603
1609
1614
1618
1621
1625
1628
1631
1646
1680
1728
1781
1827
1865
1883
1896
1913
1934
1950
1960
1967
1955
1944
1936
1929
1923
1913
1881
1823
1761
1720
1705
1705
1715
1727
1741
1751
1776
1824
1894
1986
2099
2237
2393
2550
2673
2713
2628
2408
2086
1730
1416
1211
1145
1187
1280
1381
1448
1473
1487
1511
1569
1664
1767
1855
1898
1900
1875
1814
1742
1677
1624
1584
1568
1560
1555
1553
1557
1564
1572
1579
1585
1593
1600
1606
1614
1620
1628
1638
1644
1659
1686
1716
1733
1747
1755
1762
1768
1789
1825
1876
1934
1986
2027
2061
2074
2086
2086
2062
2018
1959
1895
1838
1799
1779
1762
1742
1721
1700
1680
1659
1642
1629
1618
1609
1600
1594
1588
1579
1570
1560
1549
1530
1521
1518
1516
1513
1511
1509
1508
1507
1504
1503
1503
1502
1502
1502
1502
1502
1503
1503
1504
1506
1507
1507
1508
1508
1509
1512
1513
1516
1522
1538
1568
1615
1687
1783
1908
2052
2221
2407
2581
2710
2742
2634
2386
2028
1644
1318
1156
1140
1222
1374
1509
1590
1610
1606
1588
1567
1553
1545
1540
1538
1537
1538
1540
1544
1549
1553
1558
1563
1567
1570
1575
1591
1619
1650
1661
1669
1674
1682
1697
1718
1735
1741
1745
1748
1751
1753
1756
1759
1766
1758
1748
1741
1746
1764
1793
1825
1843
1853
1857
1859
1862
1864
1867
1868
1869
1872
1875
1874
1863
1848
1829
1802
1773
1738
1701
1666
1652
1651
1659
1679
1707
1718
1722
1726
1727
1727
1721
1711
1696
1677
1665
1656
1667
1677
1684
1689
1691
1694
1697
1698
1701
1702
1705
1707
1707
1707
1706
1703
1701
1697
1695
1691
1687
1682
1680
1680
1682
1689
1696
1727
1792
1893
2032
2205
2399
2587
2732
2783
2713
2513
2211
1872
1565
1356
1280
1313
1387
1471
1540
1568
1574
1579
1584
1589
1594
1618
1651
1666
1674
1680
1670
1652
1633
1611
1595
1586
1583
1579
1578
1579
1584
1589
1594
1600
1606
1613
1619
1626
1638
1649
1660
1670
1682
1700
1717
1731
1746
1758
1767
1776
1781
1784
1788
1793
1798
1806
1820
1840
1855
1867
1880
1893
1903
1906
1903
1894
1879
1858
1835
1814
1796
1776
1753
1733
1718
1706
1696
1690
1682
1677
1672
1669
1665
1662
1659
1655
1650
1645
1639
1631
1625
1623
1620
1619
1616
1615
1614
1614
1616
1620
1626
1634
1646
1656
1667
1677
1689
1701
1717
1730
1740
1753
1788
1850
1947
2083
2262
2465
2653
2753
2742
2588
2275
1903
1574
1360
1290
1336
1435
1525
1572
1585
1574
1568
1564
1562
1558
1557
1554
1553
1552
1550
1550
1550
1550
1552
1553
1555
1559
1562
1565
1569
1579
1600
1615
1626
1636
1642
1646
1650
1652
1656
1660
1662
1666
1675
1690
1703
1720
1733
1740
1746
1752
1758
1766
1777
1789
1806
1823
1837
1849
1857
1863
1862
1853
1844
1834
1825
1802
1772
1735
1692
1672
1682
1748
1879
2042
2229
2428
2632
2831
3013
3165
3264
3287
3282
3249
3228
3217
3211
3206
3201
3196
3177
3129
3028
2854
2616
2340
2058
1797
1577
1402
1280
1233
1234
1289
1436
1645
1873
2051
2110
2032
1848
1606
1359
1146
0995
0909
0888
0891
0918
0953
0984
1013
1030
1045
1055
1066
1080
1100
1122
1145
1167
1187
1204
1224
1237
1243
1248
1252
1255
1258
1260
1263
1267
1270
1278
1287
1300
1316
1325
1336
1351
1366
1382
1400
1418
1451
1482
1516
1553
1590
1625
1656
1687
1703
1717
1725
1731
1736
1740
1742
1746
1747
1747
1745
1740
1733
1722
1702
1685
1666
1654
1646
1642
1639
1638
1636
1635
1634
1634
1639
1647
1652
1657
1662
1666
1669
1669
1666
1662
1657
1652
1647
1641
1635
1628
1620
1614
1606
1599
1593
1589
1590
1595
1603
1615
1636
1672
1718
1784
1876
2003
2171
2377
2582
2740
2798
2705
2452
2083
1687
1356
1198
1184
1270
1427
1565
1659
1686
1685
1654
1626
1619
1614
1611
1609
1608
1605
1601
1596
1594
1596
1604
1613
1623
1633
1644
1660
1672
1679
1686
1691
1698
1712
1727
1733
1737
1740
1745
1748
1753
1758
1764
1769
1774
1781
1789
1807
1832
1850
1863
1872
1884
1898
1920
1934
1940
1945
1950
1952
1954
1952
1951
1950
1946
1941
1935
1923
1900
1883
1863
1842
1822
1802
1778
1761
1750
1742
1736
1732
1727
1722
1717
1711
1705
1700
1695
1691
1689
1687
1687
1689
1690
1694
1700
1710
1726
1741
1759
1799
1864
1956
2077
2234
2417
2598
2733
2760
2632
2361
2015
1691
1468
1400
1399
1462
1514
1528
1529
1532
1533
1534
1534
1535
1538
1538
1539
1540
1540
1542
1542
1543
1544
1545
1548
1552
1558
1564
1570
1578
1585
1590
1595
1604
1620
1634
1640
1646
1654
1661
1675
1695
1716
1733
1746
1756
1769
1779
1787
1793
1798
1802
1806
1812
1820
1833
1842
1848
1853
1854
1853
1849
1843
1834
1818
1799
1782
1764
1745
1722
1703
1687
1669
1650
1631
1624
1620
1616
1614
1613
1611
1611
1611
1613
1615
1616
1619
1621
1625
1628
1633
1636
1639
1639
1636
1633
1629
1624
1619
1614
1614
1616
1623
1631
1645
1660
1679
1711
1759
1833
1940
2082
2251
2434
2607
2719
2725
2643
2392
2038
1657
1336
1141
1092
1165
1290
1410
1494
1533
1547
1553
1555
1557
1558
1558
1558
1559
1560
1562
1564
1565
1568
1570
1572
1574
1578
1585
1593
1599
1604
1611
1621
1633
1642
1650
1656
1662
1671
1685
1697
1715
1730
1742
1755
1772
1793
1815
1835
1847
1853
1860
1869
1883
1894
1898
1901
1891
1883
1876
1869
1862
1849
1833
1825
1822
1818
1813
1808
1801
1786
1769
1759
1745
1727
1707
1692
1686
1680
1677
1675
1674
1671
1669
1666
1665
1666
1669
1670
1671
1672
1674
1675
1677
1679
1680
1684
1696
1730
1784
1858
1952
2074
2226
2409
2600
2755
2814
2727
2480
2119
1735
1422
1280
1269
1350
1468
1549
1563
1557
1513
1489
1482
1479
1479
1478
1481
1484
1488
1494
1501
1508
1516
1523
1535
1555
1578
1598
1616
1635
1645
1650
1654
1657
1661
1665
1667
1672
1680
1690
1698
1710
1725
1741
1758
1771
1778
1786
1793
1804
1819
1827
1830
1834
1835
1837
1837
1834
1830
1824
1815
1799
1782
1764
1746
1728
1713
1701
1691
1680
1664
1647
1633
1621
1614
1609
1605
1600
1596
1594
1594
1595
1596
1598
1599
1600
1601
1601
1601
1600
1599
1595
1591
1601
1616
1636
1656
1670
1679
1686
1694
1701
1711
1722
1742
1789
1867
1975
2115
2286
2473
2651
2765
2771
2686
2423
2061
1685
1376
1192
1158
1237
1357
1471
1545
1564
1569
1572
1574
1578
1580
1584
1586
1589
1593
1598
1606
1614
1621
1625
1628
1629
1631
1633
1635
1636
1638
1639
1641
1642
1644
1646
1651
1660
1677
1691
1707
1725
1743
1762
1779
1791
1797
1803
1809
1814
1823
1838
1854
1873
1884
1891
1896
1899
1898
1894
1888
1879