2549
2613
2674
2727
2782
2810
2827
2836
2848
2864
2874
2885
2892
2895
2892
2884
2871
2849
2817
2791
2775
2769
2765
2762
2760
2767
2784
2808
2843
2875
2908
2934
2953
2967
2978
2986
2993
2992
2982
2967
2943
2907
2872
2842
2796
2748
2698
2646
2593
2543
2495
2463
2428
2392
2363
2342
2327
2321
2316
2313
2310
2308
2305
2302
2299
2295
2291
2287
2282
2271
2251
2234
2208
2176
2138
2106
2055
2008
1964
1920
1871
1837
1799
1765
1737
1707
1679
1648
1613
1580
1549
1519
1496
1477
1456
1435
1414
1397
1379
1362
1347
1336
1329
1323
1318
1317
1317
1318
1320
1324
1326
1330
1332
1326
1310
1285
1253
1207
1158
1105
1053
1002
0966
0926
0887
0850
0814
0783
0748
0712
0679
0630
0575
0516
0456
0397
0336
0276
0221
0168
0118
0069
0038
0019
0007
0001
0000
0006
0015
0031
0055
0079
0103
0127
0150
0188
0233
0286
0340
0397
0455
0513
0574
0640
0706
0767
0818
0865
0913
0961
1010
1059
1093
1116
1130
1141
1151
1161
1175
1193
1212
1237
1265
1307
1356
1414
1478
1544
1606
1660
1710
1758
1804
1850
1900
1931
1964
1995
2023
2054
2075
2089
2097
2097
2091
2083
2075
2067
2061
2061
2071
2088
2115
2154
2213
2280
2354
2435
2518
2597
2669
2730
2748
2756
2760
2743
2693
2644
2592
2565
2546
2533
2533
2549
2573
2597
2607
2611
2613
2615
2617
2622
2625
2629
2633
2637
2644
2651
2667
2697
2723
2749
2776
2800
2811
2817
2822
2826
2828
2830
2833
2836
2839
2843
2846
2850
2854
2863
2872
2882
2893
2909
2929
2948
2971
3000
3029
3060
3093
3124
3152
3179
3203
3232
3255
3269
3280
3288
3294
3297
3301
3303
3305
3306
3305
3301
3295
3285
3275
3253
3218
3190
3161
3137
3121
3110
3102
3094
3090
3095
3107
3126
3153
3182
3211
3259
3309
3366
3425
3479
3532
3561
3580
3592
3598
3590
3573
3546
3513
3460
3408
3374
3337
3304
3274
3243
3216
3197
3173
3161
3155
3150
3146
3143
3139
3137
3134
3132
3130
3128
3127
3126
3124
3122
3120
3116
3113
3108
3102
3095
3087
3074
3056
3036
3016
2997
2977
2952
2920
2897
2879
2862
2839
2812
2789
2761
2735
2715
2694
2672
2651
2634
2612
2586
2562
2533
2501
2467
2430
2392
2352
2319
2269
2224
2173
2137
2096
2059
2024
1989
1956
1925
1898
1871
1844
1817
1792
1766
1740
1712
1686
1667
1647
1630
1617
1606
1593
1582
1569
1555
1547
1543
1541
1539
1537
1535
1533
1533
1533
1534
1539
1544
1551
1561
1578
1595
1618
1644
1688
1732
1781
1830
1880
1902
1916
1926
1923
1901
1870
1830
1792
1752
1731
1722
1716
1710
1705
1699
1695
1691
1686
1681
1675
1663
1642
1626
1615
1608
1601
1594
1587
1580
1573
1564
1552
1541
1527
1506
1479
1456
1439
1422
1405
1389
1368
1356
1348
1341
1336
1333
1331
1330
1329
1329
1328
1326
1323
1322
1327
1340
1359
1388
1416
1446
1480
1513
1548
1580
1612
1642
1673
1704
1730
1748
1756
1760
1764
1767
1766
1755
1739
1724
1708
1694
1684
1676
1664
1649
1626
1613
1605
1597
1592
1589
1589
1590
1592
1595
1598
1601
1608
1612
1605
1589
1578
1569
1561
1556
1556
1560
1565
1571
1575
1579
1585
1589
1591
1592
1589
1584
1577
1571
1566
1560
1553
1546
1540
1534
1528
1523
1518
1513
1509
1505
1500
1496
1493
1493
1497
1503
1511
1523
1546
1583
1636
1683
1729
1775
1826
1881
1947
2022
2099
2180
2264
2351
2441
2533
2618
2687
2706
2714
2718
2703
2657
2606
2549
2493
2459
2432
2412
2397
2362
2304
2216
2096
1959
1822
1707
1659
1643
1663
1725
1804
1876
1927
1954
1978
2001
2037
2084
2137
2173
2214
2250
2283
2314
2340
2357
2378
2399
2420
2443
2457
2465
2473
2479
2488
2492
2493
2493
2497
2507
2522
2536
2545
2546
2543
2536
2519
2484
2423
2360
2298
2257
2234
2221
2214
2211
2213
2220
2230
2241
2254
2272
2288
2304
2320
2340
2366
2397
2444
2500
2562
2625
2685
2721
2747
2767
2786
2811
2847
2888
2920
2936
2942
2945
2944
2940
2936
2933
2931
2930
2929
2930
2934
2940
2944
2944
2939
2929
2909
2882
2858
2833
2806
2772
2749
2739
2735
2735
2738
2742
2742
2739
2736
2734
2731
2727
2724
2721
2720
2722
2728
2738
2747
2758
2774
2785
2798
2814
2826
2851
2883
2914
2932
2938
2939
2938
2933
2925
2915
2900
2886
2865
2833
2785
2719
2641
2564
2488
2424
2376
2350
2324
2298
2258
2217
2176
2139
2117
2103
2092
2089
2102
2136
2184
2224
2244
2251
2252
2242
2222
2200
2186
2178
2179
2190
2220
2252
2284
2320
2347
2360
2366
2366
2364
2363
2362
2360
2359
2359
2358
2354
2344
2322
2301
2283
2270
2262
2258
2258
2261
2265
2272
2284
2300
2314
2333
2354
2373
2388
2398
2409
2418
2427
2437
2445
2453
2460
2475
2494
2526
2562
2600
2634
2666
2697
2732
2765
2797
2827
2844
2860
2874
2888
2904
2916
2925
2933
2944
2957
2964
2972
2978
2978
2966
2952
2935
2912
2886
2856
2828
2802
2779
2755
2740
2721
2704
2689
2673
2658
2645
2629
2614
2591
2568
2540
2509
2479
2460
2441
2423
2416
2414
2414
2415
2416
2416
2415
2413
2411
2411
2407
2400
2392
2389
2395
2413
2444
2487
2540
2598
2651
2674
2654
2588
2486
2375
2283
2230
2214
2223
2234
2243
2248
2247
2247
2245
2244
2243
2242
2243
2244
2246
2247
2247
2247
2246
2246
2247
2252
2267
2282
2298
2316
2335
2356
2374
2388
2397
2403
2411
2418
2425
2436
2449
2463
2479
2505
2533
2561
2586
2611
2638
2666
2694
2712
2726
2736
2739
2735
2726
2713
2695
2670
2648
2623
2590
2557
2525
2501
2480
2457
2444
2421
2396
2371
2356
2344
2332
2313
2288
2260
2232
2204
2193
2172
2149
2122
2093
2075
2059
2046
2034
2021
2006
1994
1981
1968
1955
1940
1926
1913
1900
1891
1879
1873
1869
1868
1866
1864
1864
1865
1867
1871
1874
1878
1882
1887
1892
1897
1899
1899
1897
1894
1889
1878
1862
1848
1832
1815
1795
1779
1768
1763
1764
1765
1766
1764
1762
1762
1764
1769
1777
1787
1799
1817
1845
1880
1924
1974
2027
2080
2127
2169
2203
2234
2264
2292
2324
2353
2366
2369
2371
2372
2372
2372
2373
2375
2374
2371
2367
2363
2357
2349
2335
2330
2328
2327
2327
2326
2327
2328
2331
2334
2335
2336
2338
2340
2343
2344
2344
2342
2341
2345
2350
2353
2345
2329
2308
2284
2265
2254
2243
2238
2237
2246
2278
2321
2374
2430
2485
2547
2620
2687
2705
2697
2641
2553
2465
2401
2380
2372
2377
2388
2395
2382
2348
2312
2284
2276
2273
2273
2276
2279
2282
2281
2278
2272
2268
2263
2258
2252
2246
2242
2240
2242
2243
2243
2243
2246
2250
2254
2256
2257
2258
2258
2254
2246
2232
2210
2191
2174
2157
2136
2122
2119
2119
2118
2116
2114
2112
2112
2112
2115
2116
2115
2115
2116
2118
2122
2124
2124
2122
2120
2117
2115
2111
2105
2091
2081
2070
2062
2052
2041
2029
2020
2007
1989
1972
1953
1941
1935
1933
1931
1927
1923
1921
1920
1915
1905
1896
1889
1885
1883
1882
1880
1879
1881
1889
1900
1918
1931
1937
1942
1947
1957
1968
1978
1992
2004
2013
2024
2030
2035
2042
2045
2046
2044
2043
2043
2047
2052
2057
2062
2065
2067
2069
2068
2064
2056
2042
2019
1998
1983
1977
1976
1976
1975
1975
1976
1980
1985
1997
2012
2024
2031
2038
2048
2062
2072
2083
2093
2106
2119
2135
2154
2171
2181
2194
2206
2220
2228
2230
2228
2226
2226
2229
2236
2242
2249
2260
2266
2285
2310
2338
2366
2390
2415
2440
2456
2471
2480
2487
2492
2496
2499
2514
2540
2581
2635
2696
2757
2812
2850
2854
2832
2754
2646
2532
2443
2398
2381
2389
2411
2443
2455
2456
2453
2450
2449
2451
2453
2457
2461
2468
2481
2492
2498
2500
2502
2503
2504
2507
2507
2507
2506
2504
2504
2504
2502
2501
2500
2502
2509
2527
2547
2567
2589
2605
2612
2615
2613
2609
2606
2605
2604
2602
2598
2594
2591
2591
2592
2593
2589
2581
2569
2560
2554
2550
2541
2525
2512
2504
2500
2500
2505
2515
2528
2549
2571
2592
2607
2616
2622
2627
2630
2619
2604
2586
2562
2540
2514
2480
2455
2433
2419
2409
2393
2372
2355
2344
2342
2348
2358
2369
2379
2386
2390
2394
2399
2405
2411
2422
2442
2462
2487
2517
2545
2566
2579
2583
2586
2592
2597
2594
2579
2553
2524
2503
2485
2470
2452
2431
2412
2403
2403
2406
2409
2410
2412
2412
2411
2411
2410
2409
2403
2396
2387
2376
2376
2391
2414
2438
2453
2462
2467
2464
2453
2434
2409
2376
2348
2321
2293
2263
2245
2218
2193
2163
2126
2082
2035
1996
1964
1947
1926
1904
1893
1887
1885
1887
1890
1892
1891
1888
1889
1893
1898
1899
1898
1899
1907
1924
1951
1978
2002
2029
2068
2121
2182
2242
2287
2302
2294
2245
2156
2050
1957
1914
1898
1907
1937
1953
1962
1967
1969
1967
1963
1959
1956
1952
1950
1944
1946
1957
1973
1994
2016
2033
2043
2050
2050
2041
2027
2009
1981
1954
1925
1909
1892
1876
1861
1847
1838
1834
1833
1834
1836
1837
1839
1845
1857
1878
1909
1936
1950
1961
1970
1981
1998
2019
2038
2051
2063
2073
2087
2117
2156
2196
2232
2262
2288
2315
2342
2369
2384
2391
2393
2394
2394
2396
2396
2393
2390
2388
2386
2382
2375
2365
2354
2347
2342
2338
2335
2331
2321
2305
2294
2289
2281
2266
2247
2233
2222
2214
2205
2201
2199
2196
2193
2185
2172
2155
2135
2115
2100
2090
2078
2065
2047
2028
2011
2001
1990
1980
1963
1951
1943
1938
1934
1934
1935
1937
1939
1942
1948
1954
1960
1964
1968
1975
1988
2007
2028
2049
2066
2078
2092
2115
2143
2174
2202
2228
2251
2278
2310
2347
2384
2415
2442
2466
2482
2501
2515
2521
2522
2524
2526
2530
2536
2545
2559
2572
2588
2617
2648
2675
2701
2717
2732
2747
2763
2780
2795
2803
2809
2818
2830
2843
2858
2876
2891
2912
2932
2953
2980
3017
3063
3113
3166
3220
3272
3308
3311
3298
3234
3133
3019
2918
2849
2822
2821
2833
2842
2844
2837
2819
2792
2776
2761
2749
2744
2741
2739
2740
2747
2758
2776
2795
2812
2829
2841
2845
2847
2847
2845
2841
2822
2796
2769
2753
2736
2720
2704
2689
2678
2669
2661
2656
2651
2642
2635
2629
2624
2617
2610
2600
2591
2584
2574
2563
2552
2545
2541
2542
2549
2559
2566
2571
2575
2580
2582
2581
2577
2572
2563
2545
2531
2524
2520
2518
2515
2510
2508
2508
2509
2512
2518
2526
2539
2553
2573
2598
2624
2641
2654
2661
2667
2672
2670
2655
2634
2612
2584
2557
2526
2493
2459
2429
2411
2399
2394
2390
2388
2385
2385
2386
2389
2391
2390
2389
2386
2384
2380
2372
2353
2331
2307
2281
2258
2237
2218
2191
2158
2137
2115
2093
2074
2053
2030
2006
1992
1986
1983
1982
1982
1983
1987
1992
2003
2022
2039
2053
2066
2080
2096
2116
2141
2168
2196
2220
2240
2259
2278
2298
2312
2320
2325
2328
2329
2333
2342
2351
2362
2371
2381
2396
2416
2438
2458
2468
2473
2476
2476
2475
2472
2467
2458
2441
2422
2402
2390
2385
2380
2375
2371
2365
2358
2353
2349
2346
2340
2327
2308
2295
2289
2283
2275
2265
2255
2247
2247
2257
2272
2294
2322
2355
2392
2425
2439
2429
2395
2320
2229
2139
2066
2027
2012
2009
2009
2011
2015
2018
2020
2024
2028
2039
2069
2082
2088
2093
2096
2091
2083
2078
2072
2065
2061
2060
2060
2060
2059
2056
2055
2054
2055
2059
2062
2065
2068
2069
2071
2073
2076
2082
2089
2096
2100
2102
2100
2100
2103
2107
2110
2112
2113
2113
2114
2119
2127
2136
2149
2158
2168
2173
2178
2182
2186
2190
2193
2193
2194
2193
2191
2186
2182
2177
2167
2147
2129
2106
2093
2089
2088
2086
2085
2083
2081
2081
2080
2080
2080
2080
2077
2075
2075
2078
2082
2086
2091
2106
2120
2135
2150
2162
2176
2187
2201
2212
2222
2232
2242
2251
2262
2270
2276
2279
2280
2282
2284
2284
2284
2285
2286
2286
2286
2285
2285
2284
2282
2279
2276
2272
2268
2265
2260
2250
2240
2229
2217
2203
2192
2180
2169
2153
2141
2132
2125
2120
2120
2121
2125
2130
2137
2149
2170
2191
2213
2235
2256
2278
2297
2316
2335
2354
2377
2402
2428
2455
2484
2518
2550
2583
2610
2625
2631
2634
2635
2634
2633
2629
2619
2602
2574
2548
2523
2502
2489
2477
2468
2461
2453
2449
2449
2452
2457
2463
2468
2473
2475
2476
2478
2480
2483
2487
2493
2503
2523
2541
2562
2586
2611
2640
2668
2687
2701
2713
2720
2725
2731
2736
2742
2744
2745
2748
2759
2771
2807
2849
2900
2963
3041
3126
3209
3261
3280
3264
3212
3123
3019
2918
2840
2791
2771
2757
2742
2721
2697
2674
2654
2638
2625
2611
2598
2586
2580
2579
2579
2577
2574
2569
2565
2561
2558
2553
2546
2531
2517
2504
2495
2487
2480
2468
2447
2422
2398
2357
2322
2284
2246
2205
2179
2153
2129
2106
2080
2066
2063
2060
2059
2057
2055
2051
2050
2048
2047
2044
2037
2021
2002
1984
1966
1955
1945
1938
1927
1917
1902
1887
1874
1865
1854
1837
1813
1785
1759
1732
1707
1683
1658
1641
1632
1626
1640
1666
1695
1742
1789
1836
1867
1900
1926
1940
1950
1954
1947
1936
1916
1888
1865
1847
1830
1820
1812
1808
1807
1813
1827
1849
1882
1915
1940
1951
1956
1959
1960
1961
1960
1957
1952
1945
1938
1931
1922
1908
1896
1893
1893
1893
1892
1889
1890
1900
1919
1948
1983
2017
2044
2063
2080
2093
2105
2117
2129
2139
2147
2153
2158
2163
2173
2186
2205
2225
2245
2265
2283
2300
2317
2327
2333
2335
2333
2329
2321
2313
2309
2308
2310
2311
2310
2309
2308
2307
2308
2309
2308
2305
2300
2294
2290
2286
2284
2280
2276
2271
2267
2262
2247
2217
2183
2151
2117
2089
2074
2067
2060
2056
2059
2067
2081
2098
2121
2133
2139
2142
2145
2148
2151
2150
2147
2142
2137
2130
2124
2116
2107
2102
2105
2118
2154
2203
2265
2333
2402
2453
2471
2459
2425
2355
2283
2223
2187
2174
2164
2159
2158
2160
2167
2174
2183
2195
2219
2234
2240
2246
2252
2256
2257
2257
2258
2258
2261
2265
2269
2272
2275
2276
2276
2277
2278
2280
2282
2284
2284
2283
2284
2284
2285
2288
2291
2293
2295
2297
2300
2306
2316
2336
2352
2367
2381
2394
2402
2410
2419
2430
2441
2455
2471
2485
2500
2518
2545
2579
2606
2626
2637
2641
2645
2649
2652
2652
2647
2637
2625
2610
2592
2579
2570
2562
2552
2542
2532
2526
2521
2518
2516
2514
2511
2508
2507
2508
2510
2512
2518
2525
2533
2542
2557
2567
2576
2583
2588
2592
2595
2595
2593
2589
2588
2587
2587
2585
2582
2580
2576
2574
2573
2570
2560
2546
2531
2517
2502
2486
2470
2455
2440
2427
2415
2402
2390
2377
2369
2363
2353
2342
2329
2317
2309
2301
2293
2286
2277
2263
2252
2246
2242
2238
2230
2220
2206
2192
2181
2175
2168
2156
2137
2122
2112
2105
2102
2100
2100
2100
2099
2096
2093
2092
2092
2091
2089
2083
2074
2066
2056
2048
2042
2037
2032
2027
2023
2018
2012
2008
2003
1997
1988
1977
1965
1955
1945
1938
1931
1924
1916
1907
1898
1891
1883
1878
1875
1874
1872
1871
1870
1869
1869
1869
1870
1873
1878
1886
1892
1898
1908
1917
1925
1941
1964
1982
1995
2005
2015
2026
2041
2057
2073
2087
2098
2111
2130
2150
2169
2183
2190
2193
2194
2194
2195
2195
2196
2196
2196
2197
2198
2199
2200
2202
2204
2215
2237
2268
2304
2348
2395
2438
2471
2482
2471
2437
2363
2273
2190
2134
2112
2110
2124
2136
2148
2160
2170
2178
2187
2197
2205
2214
2223
2234
2244
2252
2256
2258
2259
2260
2262
2264
2265
2265
2265
2266
2268
2271
2275
2279
2282
2284
2284
2285
2287
2289
2292
2295
2300
2306
2315
2332
2352
2366
2374
2379
2384
2387
2390
2392
2394
2397
2402
2409
2418
2430
2441
2453
2462
2470
2476
2481
2486
2489
2492
2492
2488
2484
2482
2482
2481
2478
2475
2472
2467
2465
2463
2463
2463
2461
2458
2458
2461
2466
2473
2477
2481
2484
2487
2487
2481
2468
2452
2439
2427
2418
2412
2407
2405
2405
2408
2413
2418
2423
2428
2432
2436
2441
2454
2465
2475
2487
2504
2526
2542
2554
2564
2570
2574
2577
2581
2584
2587
2589
2592
2595
2596
2597
2600
2601
2600
2596
2592
2587
2581
2572
2566
2560
2549
2537
2525
2516
2509
2504
2500
2497
2494
2490
2485
2479
2474
2466
2454
2441
2432
2414
2388
2360
2333
2305
2278
2246
2215
2189
2169
2146
2133
2125
2116
2110
2104
2100
2102
2104
2108
2114
2124
2136
2157
2186
2201
2211
2217
2219
2218
2213
2203
2193
2184
2175
2168
2157
2139
2111
2092
2082
2071
2059
2047
2040
2033
2029
2026
2024
2022
2019
2015
2011
2010
2010
2011
2013
2016
2017
2019
2022
2027
2032
2037
2041
2045
2048
2051
2052
2051
2043
2030
2017
2006
1996
1986
1978
1974
1970
1967
1965
1964
1962
1960
1957
1955
1954
1955
1957
1961
1967
1976
1994
2023
2065
2117
2176
2238
2299
2350
2367
2358
2331
2260
2175
2097
2047
2029
2037
2063
2106
2152
2181
2207
2225
2235
2241
2247
2250
2248
2239
2225
2212
2197
2189
2183
2180
2177
2175
2174
2173
2170
2163
2155
2148
2138
2126
2114
2106
2098
2092
2087
2084
2083
2082
2078
2077
2081
2088
2095
2104
2112
2120
2128
2133
2138
2145
2150
2151
2153
2158
2168
2185
2213
2240
2265
2289
2319
2340
2355
2366
2368
2366
2366
2366
2366
2364
2358
2345
2330
2320
2309
2299
2294
2292
2294
2298
2305
2313
2320
2325
2330
2336
2342
2342
2338
2335
2331
2326
2319
2309
2295
2283
2270
2258
2244
2237
2234
2230
2226
2222
2219
2218
2216
2215
2215
2217
2219
2219
2222
2228
2237
2247
2256
2265
2276
2286
2302
2311
2317
2321
2321
2322
2326
2329
2331
2332
2334
2336
2338
2340
2343
2345
2347
2348
2349
2350
2352
2353
2356
2359
2365
2371
2373
2369
2359
2346
2325
2303
2281
2256
2232
2215
2204
2197
2193
2189
2185
2180
2170
2160
2151
2143
2137
2130
2122
2114
2104
2095
2089
2084
2080
2074
2068
2063
2059
2057
2056
2056
2056
2056
2056
2057
2057
2059
2061
2065
2069
2071
2074
2075
2076
2077
2078
2083
2087
2092
2093
2093
2093
2094
2092
2090
2088
2084
2077
2068
2055
2046
2041
2028
2009
1997
1988
1985
1987
1995
2004
2015
2027
2038
2052
2073
2090
2099
2104
2105
2106
2112
2127
2145
2163
2197
2232
2268
2305
2337
2350
2351
2341
2311
2262
2208
2161
2138
2131
2133
2148
2169
2183
2189
2193
2194
2192
2186
2181
2177
2176
2184
2197
2215
2234
2255
2289
2322
2353
2372
2392
2411
2430
2453
2478
2502
2524
2545
2566
2589
2613
2636
2654
2667
2676
2682
2688
2696
2709
2725
2741
2758
2779
2800
2820
2840
2861
2885
2909
2935
2964
2992
3013
3026
3034
3039
3044
3047
3048
3048
3044
3037
3028
3021
3010
3003
2998
2986
2970
2951
2931
2913
2902
2895
2888
2880
2868
2857
2850
2847
2846
2844
2837
2823
2801
2780
2760
2744
2727
2710
2687
2666
2650
2635
2625
2615
2605
2593
2585
2577
2570
2564
2561
2558
2553
2547
2540
2533
2527
2523
2520
2518
2514
2510
2507
2505
2505
2505
2504
2502
2498
2492
2477
2451
2406
2354
2302
2255
2225
2200
2181
2165
2148
2124
2107
2098
2090
2081
2072
2064
2049
2029
2018
2008
2004
2009
2023
2041
2059
2066
2069
2071
2072
2072
2073
2074
2071
2066
2061
2055
2052
2049
2045
2037
2026
2012
1997
1980
1966
1951
1935
1917
1907
1898
1891
1888
1887
1888
1889
1889
1892
1898
1909
1927
1958
1976
1984
1989
1991
1991
1990
1986
1977
1965
1948
1933
1918
1899
1869
1849
1839
1831
1825
1818
1813
1810
1810
1809
1805
1797
1784
1769
1757
1746
1739
1740
1748
1761
1779
1810
1832
1848
1858
1860
1852
1838
1814
1779
1743
1710
1685
1664
1638
1626
1618
1611
1605
1601
1598
1594
1592
1591
1592
1594
1596
1599
1604
1609
1622
1654
1692
1728
1781
1833
1869
1896
1916
1916
1900
1865
1814
1757
1734
1720
1710
1724
1736
1741
1746
1751
1756
1761
1763
1765
1768
1775
1793
1830
1868
1909
1951
1985
2011
2031
2045
2054
2061
2066
2069
2071
2074
2082
2094
2108
2125
2143
2162
2183
2208
2235
2262
2285
2304
2325
2343
2356
2367
2374
2380
2388
2396
2412
2436
2460
2483
2518
2554
2598
2651
2702
2747
2786
2824
2850
2867
2878
2886
2889
2889
2886
2883
2878
2872
2866
2854
2831
2809
2788
2767
2746
2721
2690
2653
2628
2622
2620
2618
2614
2610
2610
2612
2613
2613
2611
2609
2609
2607
2606
2601
2588
2571
2551
2529
2508
2486
2467
2454
2440
2428
2413
2398
2389
2380
2373
2366
2356
2345
2333
2323
2319
2315
2312
2310
2307
2305
2307
2312
2320
2328
2332
2335
2336
2336
2336
2334
2331
2326
2320
2313
2309
2307
2307
2305
2301
2298
2297
2294
2294
2297
2302
2311
2330
2350
2368
2384
2400
2418
2432
2437
2437
2437
2439
2440
2438
2437
2436
2433
2430
2429
2431
2432
2434
2438
2447
2464
2480
2497
2512
2527
2540
2553
2571
2589
2609
2625
2633
2637
2640
2640
2637
2629
2616
2597
2580
2565
2549
2537
2526
2518
2509
2501
2480
2453
2423
2393
2365
2334
2301
2270
2243
2225
2214
2207
2201
2192
2181
2174
2168
2158
2143
2125
2107
2089
2071
2057
2043
2028
2016
2004
1994
1982
1968
1955
1945
1941
1937
1934
1935
1937
1938
1935
1925
1915
1903
1892
1881
1870
1859
1856
1854
1851
1846
1843
1840
1840
1844
1848
1852
1854
1855
1854
1853
1852
1852
1853
1859
1876
1905
1942
1985
2034
2088
2133
2156
2154
2120
2052
1966
1880
1811
1774
1763
1772
1799
1823
1829
1830
1828
1828
1829
1830
1831
1831
1833
1850
1878
1910
1938
1963
1989
2017
2045
2072
2090
2104
2113
2119
2118
2114
2106
2094
2081
2067
2062
2059
2057
2060
2066
2073
2082
2093
2105
2120
2134
2146
2155
2164
2172
2176
2180
2182
2181
2181
2185
2186
2186
2187
2196
2207
2223
2241
2261
2281
2308
2334
2359
2375
2392
2405
2413
2417
2420
2419
2414
2406
2398
2393
2389
2384
2377
2372
2367
2363
2354
2342
2329
2320
2314
2311
2308
2306
2307
2307
2311
2317
2324
2330
2332
2333
2340
2346
2350
2353
2357
2365
2371
2375
2377
2377
2379
2381
2387
2395
2397
2398
2402
2415
2435
2450
2463
2480
2493
2499
2500
2502
2505
2503
2505
2512
2522
2528
2531
2533
2537
2536
2531
2527
2526
2529
2532
2537
2547
2561
2577
2593
2603
2609
2611
2610
2607
2602
2593
2576
2549
2529
2516
2504
2492
2480
2476
2477
2478
2477
2477
2480
2487
2499
2516
2530
2544
2557
2571
2589
2611
2638
2659
2673
2680
2693
2701
2716
2733
2746
2757
2761
2760
2756
2745
2722
2703
2696
2696
2702
2718
2730
2749
2759
2755
2741
2716
2682
2649
2620
2610
2609
2610
2609
2610
2611
2614
2613
2603
2576
2550
2526
2506
2486
2460
2432
2414
2392
2374
2360
2346
2330
2312
2304
2301
2294
2286
2280
2276
2271
2265
2262
2260
2259
2257
2257
2262
2287
2329
2387
2447
2502
2522
2510
2473
2388
2292
2214
2179
2168
2169
2173
2179
2184
2183
2172
2169
2160
2153
2156
2162
2167
2176
2176
2186
2202
2210
2214
2214
2205
2197
2185
2174
2167
2154
2146
2146
2147
2149
2149
2141
2137
2124
2107
2088
2073
2060
2051
2041
2047
2064
2087
2111
2153
2191
2234
2272
2306
2350
2393
2442
2485
2524
2568
2600
2637
2667
2680
2688
2692
2688
2679
2670
2660
2650
2636
2627
2610
2584
2558
2535
2518
2505
2494
2483
2472
2459
2442
2419
2399
2378
2362
2349
2338
2332
2326
2322
2322
2323
2324
2325
2325
2325
2326
2326
2322
2313
2302
2293
2289
2283
2275
2263
2256
2251
2249
2248
2241
2226
2205
2189
2178
2168
2157
2145
2132
2127
2125
2124
2120
2114
2106
2104
2103
2102
2102
2099
2097
2094
2092
2091
2095
2098
2099
2099
2096
2092
2088
2082
2073
2070
2068
2063
2060
2062
2070
2078
2087
2092
2093
2089
2082
2075
2065
2049
2040
2033
2030
2029
2029
2030
2031
2031
2030
2032
2034
2033
2032
2030
2027
2021
2010
2004
1995
1981
1970
1964
1964
1969
1978
1986
1997
2002
2006
2018
2032
2046
2060
2073
2096
2120
2141
2167
2185
2204
2222
2229
2230
2232
2232
2233
2233
2234
2233
2233
2235
2234
2233
2235
2236
2237
2235
2236
2240
2248
2260
2266
2277
2288
2299
2313
2332
2349
2373
2398
2438
2492
2558
2629
2705
2778
2835
2858
2836
2768
2672
2567
2486
2449
2438
2449
2477
2509
2522
2526
2529
2529
2525
2518
2510
2503
2499
2496
2495
2492
2488
2486
2483
2483
2484
2485
2486
2488
2490
2496
2512
2531
2545
2552
2559
2565
2572
2576
2582
2591
2607
2624
2632
2638
2640
2635
2626
2619
2617
2613
2603
2593
2587
2582
2577
2574
2573
2572
2571
2569
2566
2563
2560
2554
2549
2545
2544
2544
2542
2538
2530
2520
2507
2498
2483
2467
2454
2440
2416
2393
2365
2340
2325
2313
2303
2285
2270
2257
2250
2251
2251
2248
2232
2214
2204
2198
2196
2194
2183
2164
2152
2148
2146
2142
2137
2131
2119
2105
2094
2085
2077
2073
2075
2084
2109
2138
2165
2192
2220
2255
2301
2358
2428
2503
2589
2684
2787
2891
2988
3069
3125
3142
3147
3136
3103
3065
3028
2998
2980
2962
2940
2897
2820
2705
2564
2415
2278
2161
2068
2005
1978
1968
1964
1964
1968
1976
1983
1998
2016
2023
2026
2027
2028
2028
2025
2022
2019
2013
2009
2009
2012
2018
2023
2027
2032
2035
2035
2032
2025
2015
1998
1982
1963
1944
1931
1922
1917
1912
1910
1908
1908
1911
1914
1917
1922
1927
1936
1946
1958
1978
2002
2033
2065
2098
2135
2167
2198
2217
2226
2232
2235
2237
2239
2240
2241
2241
2241
2240
2240
2238
2235
2233
2230
2228
2224
2222
2219
2215
2211
2204
2200
2198
2197
2199
2200
2200
2199
2199
2200
2203
2207
2217
2237
2257
2277
2294
2311
2329
2352
2369
2379
2387
2389
2389
2390
2391
2391
2392
2394
2391
2380
2375
2372
2369
2367
2368
2372
2377
2382
2392
2403
2408
2411
2414
2414
2413
2412
2413
2415
2417
2418
2422
2428
2439
2453
2470
2487
2505
2524
2541
2552
2557
2560
2563
2562
2551
2537
2514
2501
2496
2492
2487
2483
2480
2478
2477
2477
2475
2471
2462
2450
2438
2428
2419
2412
2400
2380
2365
2355
2348
2344
2337
2329
2319
2311
2305
2300
2293
2287
2284
2281
2276
2270
2263
2257
2251
2247
2243
2240
2237
2235
2235
2236
2236
2240
2247
2263
2285
2304
2323
2344
2360
2369
2376
2376
2365
2334
2302
2280
2263
2252
2246
2243
2244
2248
2255
2263
2276
2294
2305
2312
2317
2319
2312
2302
2286
2263
2246
2235
2229
2227
2225
2225
2226
2226
2227
2228
2229
2229
2227
2224
2221
2218
2215
2212
2205
2197
2191
2184
2179
2174
2172
2178
2189
2199
2212
2220
2229
2245
2258
2267
2276
2283
2289
2299
2311
2328
2347
2359
2367
2372
2377
2380
2382
2384
2385
2385
2382
2382
2382
2385
2387
2391
2399
2417
2439
2459
2494
2529
2566
2601
2632
2660
2679
2696
2709
2721
2737
2758
2791
2831
2879
2931
2978
2994
2984
2957
2882
2788
2699
2634
2610
2602
2604
2619
2631
2642
2649
2650
2645
2636
2626
2612
2601
2591
2583
2574
2565
2557
2542
2523
2505
2485
2465
2444
2427
2413
2400
2389
2380
2371
2359
2351
2345
2338
2333
2330
2328
2326
2323
2321
2320
2317
2316
2315
2314
2315
2316
2319
2321
2325
2329
2335
2346
2363
2376
2391
2405
2421
2439
2455
2471
2480
2485
2490
2494
2496
2496
2495
2493
2490
2486
2480
2471
2455
2439
2422
2407
2394
2382
2374
2367
2363
2359
2355
2353
2350
2349
2350
2352
2355
2360
2366
2372
2382
2391
2399
2407
2415
2424
2436
2449
2460
2467
2474
2478
2479
2479
2479
2480
2480
2481
2481
2479
2475
2468
2463
2456
2449
2439
2432
2427
2420
2414
2409
2403
2396
2389
2381
2374
2365
2355
2346
2336
2328
2321
2314
2309
2304
2300
2298
2297
2295
2295
2295
2295
2294
2293
2292
2291
2290
2288
2288
2288
2287
2286
2285
2284
2283
2280
2277
2275
2273
2277
2282
2287
2295
2308
2321
2329
2336
2343
2349
2353
2356
2360
2365
2368
2373
2377
2385
2397
2410
2428
2447
2484
2527
2571
2615
2645
2654
2640
2598
2515
2411
2321
2275
2258
2267
2278
2285
2286
2279
2271
2265
2261
2266
2275
2280
2283
2285
2289
2293
2297
2300
2304
2311
2326
2337
2344
2351
2359
2366
2371
2375
2380
2385
2390
2397
2408
2418
2432
2450
2462
2473
2485
2501
2519
2537
2553
2565
2573
2577
2580
2583
2586
2576
2562
2542
2520
2500
2473
2446
2417
2386
2366
2344
2321
2295
2276
2257
2240
2226
2217
2210
2199
2186
2173
2159
2143
2127
2096
2067
2040
2010
1988
1969
1957
1950
1944
1941
1938
1936
1936
1943
1955
1974
1997
2013
2032
2051
2068
2076
2080
2083
2085
2086
2085
2083
2081
2077
2074
2071
2069
2067
2068
2072
2077
2084
2089
2094
2099
2103
2104
2099
2093
2086
2075
2060
2043
2025
2009
2005
2003
2002
2001
2000
1999
1999
1999
2000
2002
2004
2008
2012
2019
2026
2040
2054
2075
2099
2117
2130
2141
2152
2162
2173
2183
2195
2205
2219
2239
2263
2285
2306
2321
2327
2331
2335
2337
2338
2336
2333
2330
2328
2325
2322
2319
2316
2315
2314
2315
2319
2323
2329
2336
2350
2373
2410
2457
2512
2566
2607
2622
2607
2562
2471
2364
2267
2212
2193
2202
2230
2262
2271
2277
2279
2278
2275
2270
2265
2261
2256
2249
2245
2244
2247
2251
2257
2265
2277
2291
2303
2312
2320
2323
2325
2325
2325
2324
2324
2324
2325
2326
2327
2329
2330
2332
2334
2336
2340
2343
2349
2356
2364
2370
2376
2384
2392
2400
2410
2420
2433
2444
2452
2456
2460
2463
2464
2465
2464
2462
2459
2455
2450
2442
2430
2417
2401
2381
2366
2355
2347
2338
2330
2319
2304
2290
2281
2268
2257
2244
2233
2223
2217
2213
2208
2205
2204
2210
2220
2230
2238
2247
2257
2262
2264
2261
2256
2247
2233
2208
2183
2157
2136
2124
2113
2105
2102
2098
2095
2093
2091
2090
2089
2089
2089
2090
2091
2092
2094
2095
2097
2099
2103
2106
2109
2113
2118
2127
2136
2145
2153
2161
2170
2179
2186
2196
2207
2224
2241
2263
2290
2312
2329
2346
2357
2367
2373
2375
2372
2365
2356
2348
2340
2331
2325
2319
2314
2310
2306
2302
2299
2299
2302
2309
2317
2330
2350
2372
2402
2434
2478
2522
2552
2589
2622
2638
2646
2652
2657
2665
2670
2677
2685
2703
2739
2771
2789
2780
2754
2666
2551
2425
2319
2241
2206
2197
2192
2186
2179
2174
2168
2159
2147
2126
2108
2096
2087
2077
2069
2060
2053
2050
2047
2046
2045
2045
2044
2043
2042
2040
2038
2035
2034
2034
2033
2032
2031
2028
2023
2015
1997
1980
1961
1944
1933
1925
1920
1916
1914
1915
1919
1927
1937
1947
1960
1973
1980
1988
1996
2003
2011
2020
2029
2039
2047
2056
2067
2075
2084
2091
2097
2100
2099
2095
2088
2080
2069
2052
2038
2028
2022
2017
2012
2010
2008
2009
2013
2020
2027
2037
2046
2060
2073
2085
2097
2109
2119
2131
2141
2152
2167
2186
2201
2219
2245
2275
2306
2328
2341
2349
2353
2354
2354
2355
2355
2355
2355
2356
2357
2359
2359
2359
2358
2356
2352
2347
2342
2336
2330
2324
2320
2316
2313
2310
2306
2302
2298
2292
2289
2286
2286
2287
2289
2292
2298
2303
2309
2314
2320
2326
2333
2341
2348
2355
2364
2375
2392
2407
2421
2436
2452
2465
2479
2492
2502
2511
2522
2531
2541
2548
2555
2563
2571
2577
2583
2587
2591
2596
2602
2608
2615
2623
2631
2638
2646
2652
2659
2666
2672
2677
2680
2683
2684
2687
2691
2695
2702
2725
2757
2789
2849
2907
2970
2993
3007
2999
2930
2829
2721
2631
2588
2572
2566
2570
2581
2587
2592
2596
2601
2605
2610
2614
2618
2622
2623
2624
2625
2627
2629
2633
2636
2638
2640
2640
2639
2635
2629
2622
2614
2607
2601
2596
2592
2588
2584
2581
2576
2572
2569
2566
2563
2561
2559
2557
2554
2553
2551
2550
2549
2549
2548
2549
2550
2552
2553
2557
2559
2562
2565
2567
2571
2574
2579
2582
2586
2590
2594
2598
2604
2609
2613
2617
2622
2626
2629
2632
2634
2637
2639
2641
2642
2645
2647
2650
2652
2655
2658
2660
2663
2667
2669
2672
2674
2675
2677
2678
2679
2679
2680
2680
2680
2680
2680
2679
2679
2679
2678
2676
2674
2672
2669
2666
2662
2659
2655
2652
2649
2645
2637
2628
2617
2604
2588
2571
2554
2539
2520
2498
2475
2458
2444
2434
2423
2415
2411
2407
2405
2402
2400
2397
2395
2392
2389
2386
2382
2379
2375
2371
2366
2359
2351
2342
2332
2323
2313
2305
2295
2287
2280
2271
2264
2257
2251
2247
2244
2242
2239
2237
2235
2232
2228
2225
2222
2218
2214
2210
2205
2201
2197
2193
2190
2186
2182
2179
2176
2173
2171
2169
2168
2167
2168
2169
2171
2173
2176
2179
2183
2187
2193
2198
2205
2216
2240
2264
2295
2331
2387
2441
2495
2515
2515
2494
2431
2334
2238
2171
2147
2138
2139
2141
2140
2141
2141
2142
2143
2145
2147
2149
2149
2149
2148
2147
2147
2147
2147
2145
2143
2140
2137
2134
2130
2126
2121
2117
2113
2109
2105
2099
2095
2091
2087
2084
2080
2076
2074
2072
2070
2068
2066
2064
2062
2061
2060
2059
2059
2059
2059
2059
2059
2059
2057
2056
2055
2053
2051
2048
2047
2045
2044
2042
2039
2034
2030
2024
2015
1994
1976
1960
1944
1929
1911
1893
1877
1865
1855
1850
1846
1844
1843
1840
1838
1837
1837
1840
1844
1846
1848
1850
1851
1852
1854
1854
1855
1854
1853
1852
1851
1849
1848
1846
1846
1846
1846
1848
1849
1851
1853
1855
1856
1858
1861
1865
1868
1873
1880
1888
1895
1901
1909
1916
1923
1932
1939
1946
1953
1960
1969
1982
1995
2006
2020
2034
2055
2066
2071
2074
2076
2080
2081
2083
2084
2086
2087
2087
2087
2087
2088
2089
2091
2096
2107
2117
2129
2141
2156
2172
2189
2205
2223
2246
2273
2295
2312
2329
2347
2363
2370
2372
2372
2373
2373
2372
2371
2370
2370
2370
2371
2371
2372
2372
2373
2375
2378
2381
2385
2389
2393
2400
2409
2418
2428
2437
2449
2463
2478
2490
2503
2517
2527
2537
2549
2562
2577
2592
2607
2624
2638
2652
2667
2682
2691
2697
2701
2704
2706
2706
2707
2707
2707
2709
2710
2710
2710
2709
2707
2707
2710
2714
2725
2750
2790
2835
2888
2942
2993
3009
3000
2971
2892
2792
2700
2629
2584
2560
2540
2516
2487
2460
2415
2371
2344
2326
2317
2311
2307
2302
2295
2289
2284
2276
2266
2257
2249
2241
2235
2232
2230
2230
2230
2230
2230
2230
2229
2228
2227
2226
2225
2223
2221
2217
2212
2203
2187
2171
2154
2143
2135
2128
2121
2117
2114
2113
2113
2115
2118
2124
2129
2133
2141
2158
2173
2193
2220
2248
2277
2304
2332
2357
2373
2377
2381
2386
2370
2349
2331
2320
2303
2279
2251
2223
2194
2162
2138
2122
2109
2095
2081
2068
2059
2050
2045
2042
2039
2037
2035
2034
2033
2032
2032
2033
2034
2037
2038
2040
2041
2043
2046
2048
2051
2053
2056
2060
2064
2069
2078
2089
2097
2104
2110
2113
2116
2117
2117
2118
2121
2121
2122
2124
2125
2126
2128
2132
2135
2140
2152
2175
2196
2222
2250
2275
2299
2324
2347
2368
2393
2416
2435
2456
2477
2497
2516
2535
2555
2577
2601
2622
2633
2640
2647
2650
2649
2644
2634
2619
2595
2571
2543
2526
2519
2515
2511
2509
2507
2506
2505
2505
2505
2505
2506
2505
2504
2502
2499
2495
2488
2481
2475
2468
2463
2458
2453
2452
2455
2462
2474
2484
2499
2507
2511
2515
2517
2519
2519
2519
2518
2517
2515
2509
2502
2493
2481
2464
2457
2453
2452
2451
2450
2450
2452
2457
2465
2483
2512
2536
2550
2560
2564
2566
2566
2565
2561
2551
2541
2533
2528
2521
2515
2510
2506
2503
2501
2500
2497
2490
2480
2468
2458
2447
2439
2432
2427
2422
2420
2425
2439
2460
2490
2537
2592
2651
2690
2702
2684
2630
2533
2420
2321
2266
2246
2255
2259
2261
2263
2267
2270
2273
2275
2275
2272
2270
2271
2271
2273
2276
2276
2277
2277
2278
2278
2279
2279
2278
2277
2276
2275
2272
2270
2269
2270
2272
2272
2273
2276
2280
2285
2297
2309
2323
2332
2340
2346
2351
2353
2356
2358
2359
2360
2364
2368
2374
2382
2392
2401
2411
2418
2425
2431
2435
2440
2444
2446
2447
2446
2443
2438
2433
2422
2403
2382
2356
2327
2297
2273
2256
2239
2233
2228
2225
2223
2222
2222
2224
2226
2228
2230
2230
2232
2232
2232
2232
2229
2226
2223
2220
2218
2214
2210
2206
2201
2195
2187
2181
2175
2172
2169
2165
2163
2159
2156
2153
2150
2148
2145
2142
2138
2134
2128
2116
2105
2093
2081
2067
2056
2049
2045
2042
2039
2034
2033
2034
2037
2040
2044
2048
2052
2055
2059
2063
2068
2071
2074
2080
2086
2094
2102
2108
2114
2118
2121
2124
2127
2129
2129
2129
2127
2126
2124
2122
2120
2117
2116
2114
2115
2116
2116
2115
2113
2113
2113
2113
2114
2114
2114
2109
2107
2104
2103
2100
2093
2089
2085
2085
2090
2097
2107
2116
2132
2147
2168
2197
2226
2251
2271
2290
2310
2337
2354
2362
2367
2369
2371
2373
2376
2379
2379
2379
2377
2375
2374
2371
2369
2364
2358
2353
2346
2341
2332
2325
2319
2311
2309
2308
2310
2314
2320
2326
2331
2338
2345
2350
2356
2360
2365
2369
2371
2371
2372
2377
2389
2414
2452
2500
2553
2606
2645
2656
2641
2597
2515
2423
2342
2302
2291
2284
2280
2277
2275
2273
2275
2276
2276
2273
2270
2270
2275
2280
2283
2285
2291
2295
2304
2323
2342
2355
2362
2367
2369
2374
2380
2381
2385
2389
2397
2402
2407
2411
2415
2419
2423
2429
2435
2441
2444
2446
2451
2456
2462
2468
2474
2481
2487
2494
2502
2510
2517
2522
2528
2533
2537
2541
2545
2550
2557
2565
2572
2579
2584
2588
2590
2593
2591
2584
2572
2561
2544
2529
2508
2484
2462
2441
2422
2400
2376
2351
2325
2297
2280
2272
2268
2266
2264
2259
2256
2252
2249
2247
2245
2242
2238
2234
2229
2225
2223
2222
2223
2226
2228
2233
2236
2240
2245
2254
2265
2284
2300
2310
2317
2322
2327
2332
2336
2338
2338
2336
2335
2332
2329
2326
2323
2317
2312
2306
2299
2290
2282
2273
2264
2252
2241
2229
2222
2215
2207
2200
2192
2185
2176
2165
2156
2146
2133
2115
2102
2089
2078
2068
2061
2055
2050
2046
2041
2038
2034
2028
2021
2010
1999
1989
1982
1976
1972
1966
1960
1953
1945
1936
1927
1919
1911
1904
1898
1892
1886
1880
1876
1873
1870
1866
1864
1861
1859
1858
1857
1857
1857
1858
1860
1862
1867
1870
1872
1875
1880
1887
1893
1907
1918
1930
1950
1976
1995
2008
2023
2041
2065
2090
2115
2137
2151
2163
2183
2210
2234
2249
2260
2266
2271
2280
2289
2303
2317
2330
2347
2370
2393
2422
2458
2490
2516
2531
2538
2541
2541
2541
2539
2536
2526
2517
2509
2504
2500
2497
2495
2496
2497
2498
2499
2502
2506
2510
2515
2517
2519
2523
2535
2550
2574
2603
2646
2689
2735
2762
2772
2754
2695
2593
2474
2366
2280
2230
2217
2208
2202
2196
2192
2186
2179
2165
2148
2131
2113
2095
2086
2082
2080
2076
2075
2074
2073
2073
2073
2073
2076
2080
2081
2081
2082
2082
2081
2080
2078
2078
2077
2077
2080
2083
2085
2086
2088
2091
2096
2103
2115
2128
2136
2143
2152
2164
2177
2191
2205
2219
2234
2249
2263
2283
2304
2326
2342
2359
2372
2382
2392
2395
2398
2399
2400
2401
2400
2396
2389
2380
2370
2354
2340
2326
2310
2292
2279
2267
2258
2249
2243
2240
2237
2235
2232
2230
2229
2228
2227
2227
2228
2229
2230
2233
2236
2240
2245
2252
2262
2272
2291
2307
2322
2334
2344
2352
2360
2367
2374
2381
2390
2397
2403
2409
2415
2421
2428
2432
2436
2441
2447
2452
2457
2463
2472
2483
2494
2504
2515
2522
2528
2533
2539
2542
2543
2544
2544
2542
2538
2531
2525
2518
2509
2503
2495
2485
2477
2470
2461
2454
2449
2443
2439
2437
2435
2433
2430
2424
2420
2414
2409
2405
2400
2397
2394
2391
2388
2386
2384
2380
2378
2375
2374
2373
2373
2372
2372
2372
2371
2370
2368
2367
2365
2364
2363
2360
2358
2356
2355
2353
2351
2348
2346
2345
2345
2346
2347
2350
2353
2357
2363
2368
2374
2382
2395
2409
2421
2434
2449
2465
2478
2489
2497
2502
2507
2511
2515
2517
2517
2516
2510
2504
2496
2487
2476
2454
2438
2416
2389
2363
2334
2309
2290
2273
2257
2240
2219
2202
2187
2176
2169
2163
2157
2150
2145
2148
2161
2180
2207
2247
2287
2313
2325
2334
2315
2258
2185
2117
2064
2033
2020
2016
2012
2010
2009
2007
2005
2003
2003
2005
2009
2015
2021
2027
2032
2041
2061
2082
2098
2110
2120
2129
2138
2146
2150
2153
2155
2157
2161
2163
2165
2167
2168
2169
2171
2172
2171
2171
2174
2180
2187
2203
2237
2256
2264
2270
2273
2275
2270
2265
2258
2250
2244
2239
2233
2226
2223
2223
2224
2225
2225
2224
2223
2223
2222
2219
2217
2213
2208
2207
2208
2211
2213
2216
2217
2215
2212
2208
2205
2202
2199
2196
2186
2164
2153
2147
2141
2138
2137
2137
2138
2140
2141
2142
2143
2145
2146
2147
2148
2149
2150
2151
2152
2153
2154
2156
2159
2163
2168
2172
2176
2179
2182
2186
2191
2197
2203
2212
2218
2222
2226
2227
2229
2230
2236
2243
2254
2267
2285
2305
2317
2327
2335
2342
2346
2346
2343
2338
2330
2322
2314
2309
2304
2298
2292
2289
2287
2286
2285
2285
2285
2284
2284
2283
2282
2281
2280
2280
2280
2280
2279
2278
2276
2275
2272
2270
2269
2268
2267
2266
2264
2262
2261
2259
2257
2257
2257
2258
2259
2261
2262
2263
2265
2267
2269
2271
2272
2275
2277
2277
2277
2276
2275
2272
2271
2270
2269
2269
2269
2270
2272
2275
2277
2280
2282
2284
2287
2289
2291
2294
2298
2301
2304
2306
2307
2308
2308
2309
2310
2312
2314
2317
2320
2323
2326
2330
2333
2337
2342
2346
2353
2365
2388
2416
2452
2498
2548
2597
2635
2659
2659
2645
2605
2531
2455
2408
2394
2385
2375
2364
2355
2347
2337
2323
2304
2299
2295
2292
2289
2287
2288
2291
2297
2304
2309
2312
2313
2314
2314
2314
2312
2311
2310
2308
2306
2304
2304
2303
2303
2304
2305
2307
2310
2313
2316
2320
2324
2327
2331
2335
2341
2350
2362
2374
2387
2399
2412
2424
2437
2451
2466
2484
2501
2517
2533
2550
2565
2579
2585
2591
2596
2601
2604
2607
2608
2608
2608
2605
2602
2597
2593
2588
2583
2577
2571
2565
2555
2544
2536
2528
2522
2517
2511
2507
2503
2499
2495
2490
2486
2483
2480
2477
2474
2468
2462
2457
2452
2446
2442
2437
2431
2423
2415
2406
2395
2386
2377
2371
2364
2357
2352
2345
2337
2329
2320
2310
2300
2287
2276
2264
2251
2244
2238
2233
2228
2223
2218
2214
2210
2204
2198
2189
2181
2173
2165
2160
2157
2153
2150
2146
2141
2136
2132
2128
2122
2116
2110
2100
2090
2082
2074
2068
2064
2060
2057
2055
2054
2052
2050
2047
2044
2040
2035
2031
2028
2025
2024
2022
2020
2018
2016
2013
2010
2007
2004
2003
2001
2000
1999
1998
1996
1994
1991
1989
1987
1985
1984
1983
1983
1983
1983
1982
1982
1982
1982
1983
1986
1990
1995
2000
2005
2010
2015
2020
2025
2030
2035
2041
2046
2053
2063
2075
2090
2105
2118
2131
2139
2145
2147
2150
2152
2154
2155
2156
2156
2153
2146
2137
2128
2116
2099
2083
2068
2059
2052
2045
2040
2035
2032
2031
2031
2032
2034
2038
2044
2053
2064
2083
2116
2162
2210
2260
2303
2320
2319
2299
2242
2152
2060
1986
1955
1942
1941
1955
1963
1968
1974
1978
1982
1988
1995
2000
2005
2010
2018
2031
2044
2056
2064
2070
2075
2081
2084
2088
2092
2095
2097
2100
2104
2108
2112
2117
2121
2126
2128
2131
2135
2140
2150
2167
2184
2198
2208
2219
2228
2237
2248
2264
2282
2297
2310
2323
2335
2347
2358
2370
2381
2391
2398
2406
2414
2423
2432
2440
2449
2457
2464
2470
2474
2477
2480
2483
2486
2488
2489
2489
2486
2479
2470
2459
2451
2444
2438
2432
2427
2421
2417
2413
2410
2408
2408
2409
2411
2414
2418
2421
2425
2430
2435
2439
2444
2451
2458
2466
2475
2481
2487
2493
2497
2500
2504
2507
2510
2514
2516
2517
2517
2516
2512
2508
2502
2496
2489
2482
2470
2457
2446
2436
2422
2403
2385
2371
2362
2354
2346
2338
2333
2327
2321
2315
2309
2302
2294
2286
2279
2269
2258
2247
2236
2226
2218
2212
2205
2199
2194
2189
2184
2180
2175
2167
2154
2140
2127
2115
2107
2098
2090
2082
2072
2064
2054
2046
2038
2029
2021
2012
2001
1989
1978
1967
1959
1952
1945
1940
1935
1931
1925
1921
1917
1912
1907
1903
1902
1903
1908
1913
1920
1927
1935
1941
1948
1955
1960
1962
1962
1960
1957
1953
1947
1943
1940
1936
1933
1930
1927
1927
1929
1932
1935
1939
1945
1954
1963
1982
2015
2043
2074
2109
2140
2189
2237
2291
2322
2341
2353
2356
2346
2324
2292
2251
2211
2170
2130
2090
2066
2052
2043
2034
2028
2023
2019
2013
2006
1998
1991
1987
1987
1991
1999
2008
2023
2049
2088
2139
2195
2258
2323
2388
2447
2507
2544
2584
2619
2648
2667
2678
2687
2693
2696
2693
2681
2665
2644
2617
2595
2581
2566
2558
2557
2567
2585
2613
2651
2706
2760
2814
2870
2928
2966
3014
3053
3111
3176
3251
3325
3390
3417
3432
3442
3441
3425
3407
3386
3367
3347
3326
3306
3280
3248
3220
3191
3166
3147
3128
3114
3106
3099
3091
3085
3079
3069
3059
3047
3035
3022
3009
2996
2983
2967
2949
2929
2912
2897
2884
2870
2856
2843
2829
2814
2802
2791
2782
2771
2762
2750
2738
2724
2712
2700
2688
2674
2659
2645
2630
2614
2596
2584
2574
2566
2559
2552
2547
2542
2538
2535
2530
2527
2523
2520
2517
2512
2507
2502
2497
2492
2488
2485
2483
2482
2481
2480
2481
2481
2480
2479
2478
2477
2476
2474
2472
2468
2464
2460
2456
2452
2446
2441
2436
2430
2424
2418
2413
2409
2407
2407
2409
2413
2419
2425
2433
2439
2444
2450
2455
2461
2470
2476
2480
2480
2476
2468
2458
2446
2437
2428
2418
2409
2401
2395
2389
2385
2380
2377
2373
2367
2362
2356
2353
2352
2354
2359
2369
2381
2403
2442
2479
2522
2571
2612
2640
2655
2638
2597
2518
2425
2344
2310
2302
2294
2288
2284
2281
2279
2279
2282
2286
2291
2297
2300
2303
2305
2306
2307
2309
2311
2315
2321
2326
2330
2332
2334
2335
2334
2331
2328
2326
2324
2322
2321
2319
2316
2313
2310
2307
2304
2301
2297
2295
2300
2309
2321
2334
2352
2380
2406
2429
2452
2477
2501
2525
2544
2564
2585
2611
2635
2660
2687
2715
2740
2746
2752
2758
2755
2728
2689
2640
2597
2554
2522
2497
2471
2452
2438
2428
2419
2413
2407
2400
2392
2385
2382
2386
2394
2403
2412
2422
2432
2442
2452
2462
2483
2516
2548
2584
2620
2651
2666
2674
2680
2681
2677
2668
2656
2647
2635
2625
2617
2615
2618
2626
2637
2650
2666
2681
2697
2715
2735
2755
2774
2795
2814
2840
2873
2907
2947
2995
3036
3093
3152
3219
3297
3375
3449
3516
3577
3604
3619
3630
3627
3604
3571
3527
3484
3442
3412
3389
3371
3332
3279
3199
3091
2960
2822
2691
2581
2508
2459
2443
2434
2429
2422
2416
2418
2431
2460
2503
2543
2557
2561
2557
2544
2530
2512
2496
2486
2480
2474
2468
2465
2463
2461
2458
2455
2451
2444
2433
2415
2399
2386
2374
2362
2351
2346
2340
2336
2334
2333
2333
2332
2332
2332
2331
2329
2324
2317
2304
2281
2260
2238
2216
2191
2162
2132
2109
2095
2084
2076
2061
2038
2013
1988
1966
1952
1936
1919
1902
1883
1866
1847
1833
1820
1806
1792
1777
1762
1747
1734
1724
1715
1705
1697
1688
1682
1675
1667
1657
1647
1635
1623
1614
1599
1579
1560
1539
1515
1496
1481
1469
1457
1447
1442
1438
1433
1427
1424
1420
1417
1413
1409
1404
1399
1393
1389
1384
1381
1378
1377
1374
1371
1369
1368
1369
1373
1377
1379
1381
1384
1387
1389
1391
1394
1395
1399
1404
1413
1421
1432
1442
1450
1458
1464
1469
1476
1484
1489
1493
1499
1504
1511
1520
1530
1542
1552
1569
1589
1623
1666
1718
1775
1835
1897
1961
2026
2089
2145
2192
2234
2257
2270
2280
2286
2288
2284
2277
2265
2239
2206
2164
2118
2074
2048
2031
2022
2017
2011
2007
2002
1995
1985
1972
1959
1946
1940
1944
1959
1999
2052
2110
2170
2227
2284
2334
2375
2406
2419
2436
2456
2479
2501
2512
2517
2517
2514
2510
2508
2508
2507
2506
2506
2508
2524
2555
2606
2654
2676
2683
2687
2682
2669
2652
2634
2616
2598
2580
2562
2548
2536
2523
2506
2470
2430
2388
2365
2351
2345
2343
2347
2356
2368
2382
2397
2410
2419
2427
2435
2441
2447
2457
2463
2466
2467
2476
2498
2525
2553
2583
2611
2642
2677
2712
2741
2757
2766
2778
2789
2797
2800
2800
2802
2806
2809
2811
2813
2814
2814
2815
2817
2819
2821
2824
2827
2830
2837
2845
2849
2854
2862
2877
2906
2933
2956
2974
2987
2994
2982
2943
2877
2795
2706
2628
2567
2526
2512
2503
2499
2498
2490
2470
2446
2434
2423
2414
2394
2365
2332
2315
2310
2309
2311
2323
2359
2402
2453
2508
2568
2631
2691
2743
2792
2837
2875
2909
2931
2954
2976
2998
3020
3056
3089
3126
3144
3151
3153
3152
3151
3149
3144
3135
3123
3100
3077
3055
3035
3012
2983
2955
2929
2913
2911
2911
2914
2918
2932
2949
2965
2976
2982
2988
2993
2995
2993
2985
2975
2958
2936
2915
2898
2871
2841
2807
2772
2747
2719
2694
2675
2667
2661
2657
2652
2645
2634
2625
2613
2603
2594
2586
2579
2572
2565
2558
2546
2533
2519
2501
2483
2471
2464
2459
2447
2434
2423
2415
2407
2392
2377
2365
2351
2338
2327
2313
2297
2279
2264
2256
2248
2236
2220
2207
2202
2200
2196
2186
2175
2167
2164
2162
2158
2151
2140
2129
2117
2105
2086
2064
2043
2022
2001
1976
1946
1916
1887
1861
1837
1813
1787
1769
1749
1734
1720
1704
1688
1674
1659
1644
1630
1615
1590
1564
1546
1527
1509
1491
1472
1461
1456
1454
1452
1450
1447
1445
1443
1441
1436
1428
1422
1417
1413
1412
1412
1412
1414
1430
1460
1504
1561
1631
1707
1772
1807
1809
1777
1704
1613
1529
1472
1461
1458
1466
1498
1537
1573
1585
1586
1584
1583
1583
1579
1576
1574
1575
1577
1580
1580
1580
1580
1593
1616
1645
1678
1716
1761
1812
1867
1917
1962
2004
2044
2084
2121
2156
2184
2208
2233
2257
2283
2311
2343
2375
2407
2435
2450
2472
2493
2517
2540
2554
2569
2579
2595
2618
2646
2673
2698
2722
2744
2771
2792
2803
2805
2803
2792
2780
2768
2758
2749
2740
2731
2724
2719
2713
2702
2691
2682
2675
2668
2663
2663
2663
2663
2663
2663
2662
2662
2665
2667
2666
2666
2671
2677
2682
2683
2682
2683
2687
2690
2693
2698
2702
2706
2712
2718
2723
2725
2726
2728
2732
2733
2732
2732
2733
2735
2737
2741
2746
2749
2748
2748
2747
2746
2741
2737
2735
2733
2731
2727
2725
2723
2721
2719
2718
2717
2715
2712
2706
2697
2683
2662
2636
2604
2569
2538
2509
2481
2451
2418
2385
2366
2346
2328
2311
2291
2275
2262
2255
2249
2243
2235
2223
2207
2192
2178
2163
2148
2129
2112
2095
2082
2071
2062
2051
2041
2033
2025
2010
1992
1975
1955
1935
1913
1894
1879
1870
1866
1865
1861
1858
1853
1853
1858
1878
1911
1957
2016
2082
2140
2165
2161
2117
2034
1932
1832
1751
1721
1717
1716
1713
1714
1715
1714
1713
1709
1708
1712
1714
1713
1713
1715
1719
1722
1725
1727
1730
1731
1729
1725
1722
1718
1717
1722
1732
1746
1760
1769
1777
1780
1778
1772
1768
1766
1765
1766
1769
1774
1780
1785
1792
1802
1809
1812
1820
1832
1847
1864
1886
1909
1933
1957
1980
2001
2024
2048
2072
2097
2110
2119
2124
2127
2124
2118
2112
2106
2099
2096
2094
2091
2087
2083
2083
2085
2086
2086
2085
2084
2082
2078
2073
2071
2068
2067
2071
2077
2085
2091
2096
2107
2120
2136
2145
2150
2158
2167
2172
2174
2172
2169
2164
2165
2176
2191
2206
2219
2230
2238
2239
2229
2217
2197
2172
2150
2130
2112
2091
2071
2057
2043
2034
2033
2032
2032
2032
2034
2034
2031
2025
2020
2015
2009
2001
1996
1991
1992
1997
2000
2006
2017
2032
2052
2067
2075
2082
2085
2085
2084
2083
2083
2081
2082
2088
2096
2106
2121
2135