1044
0886
0753
0634
0572
0529
0500
0486
0495
0533
0567
0581
0591
0595
0605
0614
0624
0638
0648
0662
0672
0676
0686
0696
0705
0710
0715
0729
0743
0767
0791
0819
0848
0877
0905
0934
0967
1020
1096
1139
1163
1182
1201
1210
1210
1206
1196
1187
1172
1153
1115
1187
1310
1453
1573
1663
1744
1792
1816
1840
1868
1906
1945
1983
2021
2068
2130
2188
2231
2269
2293
2312
2331
2345
2359
2374
2378
2383
2393
2402
2402
2397
2388
2378
2374
2369
2359
2354
2345
2331
2321
2312
2297
2288
2273
2259
2245
2235
2226
2221
2216
2221
2235
2250
2264
2288
2312
2340
2369
2402
2450
2497
2526
2536
2550
2559
2574
2583
2588
2593
2593
2583
2569
2540
2502
2426
2312
2264
2245
2235
2226
2221
2211
2207
2192
2178
2164
2149
2140
2130
2107
2073
2002
1940
1887
1816
1725
1620
1549
1501
1463
1434
1401
1368
1334
1306
1282
1258
1239
1220
1201
1182
1167
1158
1148
1129
1110
1063
0962
0900
0858
0829
0829
0853
0891
0915
0939
0962
0977
0986
0977
0958
0929
0896
0858
0796
0762
0781
0834
0982
1215
1501
1835
2178
2459
2564
2626
2617
2450
2159
1821
1511
1229
0962
0877
0834
0805
0786
0777
0777
0777
0777
0772
0767
0757
0757
0753
0748
0738
0729
0715
0700
0686
0667
0629
0557
0452
0386
0338
0300
0266
0233
0204
0176
0123
0052
0028
0014
0000
0009
0061
0104
0133
0166
0219
0281
0328
0367
0405
0433
0467
0495
0529
0562
0600
0634
0667
0696
0719
0748
0781
0819
0858
0900
0939
0967
0996
1029
1063
1096
1134
1177
1220
1244
1272
1296
1320
1339
1363
1387
1411
1434
1463
1492
1515
1539
1563
1587
1606
1625
1635
1635
1635
1625
1611
1592
1568
1539
1492
1401
1330
1277
1244
1220
1210
1215
1234
1272
1334
1449
1577
1678
1740
1782
1782
1730
1706
1682
1663
1644
1630
1630
1639
1649
1668
1687
1711
1735
1768
1797
1821
1840
1854
1863
1873
1883
1887
1883
1878
1878
1878
1887
1892
1897
1906
1906
1911
1916
1921
1925
1925
1921
1916
1916
1925
1930
1940
1949
1964
1983
2002
2021
2040
2054
2059
2064
2068
2078
2088
2097
2111
2126
2145
2159
2178
2183
2183
2178
2164
2149
2130
2116
2097
2078
2068
2059
2049
2040
2035
2026
2011
2002
1992
1987
1983
1978
1968
1964
1959
1954
1949
1935
1921
1906
1897
1887
1887
1883
1878
1868
1859
1849
1844
1835
1821
1801
1787
1773
1768
1759
1754
1744
1740
1740
1744
1744
1744
1735
1720
1711
1701
1692
1678
1658
1644
1644
1644
1658
1678
1706
1740
1787
1868
1954
2064
2197
2416
2655
2903
2993
2993
2922
2822
2683
2426
2173
2016
1849
1678
1582
1530
1482
1439
1401
1363
1330
1291
1244
1201
1191
1196
1201
1196
1187
1258
1306
1325
1344
1368
1387
1406
1420
1434
1453
1463
1473
1477
1482
1487
1506
1525
1535
1515
1473
1420
1353
1258
1210
1177
1148
1125
1125
1163
1215
1282
1368
1434
1477
1515
1544
1558
1554
1535
1511
1487
1449
1458
1539
1654
1797
1887
1945
1973
1992
2006
2021
2030
2035
2049
2073
2107
2154
2202
2245
2297
2345
2369
2383
2397
2426
2459
2450
2364
2331
2307
2293
2278
2264
2254
2245
2235
2221
2202
2183
2169
2164
2159
2154
2145
2135
2121
2111
2097
2078
2049
2026
2006
1992
1997
2011
2030
2059
2088
2111
2135
2159
2173
2183
2192
2202
2216
2226
2235
2240
2240
2235
2231
2221
2211
2197
2183
2164
2154
2145
2130
2116
2107
2102
2097
2097
2092
2088
2083
2073
2064
2054
2045
2035
2026
2016
2006
1997
1983
1964
1940
1906
1868
1835
1801
1763
1735
1706
1682
1663
1644
1635
1616
1597
1573
1554
1530
1511
1492
1473
1453
1434
1415
1401
1382
1363
1339
1315
1291
1272
1258
1248
1239
1225
1210
1201
1196
1187
1177
1167
1153
1144
1134
1125
1115
1110
1105
1105
1101
1096
1077
1058
1044
1063
1110
1158
1187
1210
1229
1258
1277
1296
1310
1325
1330
1330
1330
1330
1334
1344
1368
1377
1358
1315
1296
1282
1268
1258
1248
1244
1234
1229
1229
1234
1239
1248
1258
1268
1272
1282
1291
1301
1315
1353
1368
1344
1296
1272
1258
1239
1220
1210
1201
1191
1191
1196
1206
1215
1234
1253
1272
1301
1339
1377
1387
1363
1334
1306
1272
1244
1234
1248
1287
1325
1358
1406
1444
1444
1406
1353
1315
1272
1234
1215
1229
1268
1315
1382
1468
1530
1558
1582
1601
1616
1625
1616
1587
1554
1525
1506
1487
1468
1453
1430
1411
1392
1372
1349
1330
1310
1296
1287
1277
1258
1229
1196
1182
1187
1220
1263
1306
1334
1368
1411
1444
1463
1463
1458
1449
1444
1434
1425
1411
1401
1406
1420
1434
1444
1444
1444
1449
1458
1468
1482
1496
1506
1515
1530
1554
1577
1616
1687
1863
2169
2564
2960
3284
3403
3370
3270
2860
2297
1749
1401
1277
1268
1296
1310
1320
1325
1330
1330
1334
1334
1334
1339
1339
1334
1325
1325
1325
1330
1330
1334
1339
1344
1344
1349
1353
1363
1368
1377
1387
1401
1434
1468
1487
1487
1482
1473
1473
1468
1463
1458
1449
1449
1463
1492
1520
1554
1582
1616
1644
1678
1711
1749
1797
1906
2035
2073
2102
2121
2130
2121
2102
2068
2045
2026
1997
1973
1949
1935
1935
1954
1987
2030
2073
2135
2245
2326
2402
2478
2540
2569
2593
2612
2626
2636
2641
2641
2636
2621
2602
2574
2545
2507
2450
2393
2340
2283
2226
2173
2126
2097
2073
2059
2045
2030
2016
1997
1978
1964
1945
1935
1921
1902
1868
1844
1840
1859
1892
1935
2021
2088
2097
2107
2121
2121
2097
2059
2011
1954
1897
1868
1854
1840
1821
1806
1801
1792
1782
1768
1749
1730
1711
1697
1682
1663
1639
1611
1592
1573
1558
1554
1544
1539
1535
1535
1535
1535
1535
1530
1530
1530
1530
1535
1535
1535
1535
1535
1535
1535
1530
1525
1520
1515
1515
1511
1506
1501
1492
1487
1477
1463
1449
1430
1415
1396
1382
1372
1372
1377
1382
1382
1392
1406
1430
1511
1892
2407
2979
3460
3618
3580
3227
2669
2073
1573
1239
1024
0905
0815
0748
0743
0777
0805
0839
0858
0829
0777
0748
0724
0705
0691
0686
0691
0700
0715
0734
0753
0767
0786
0800
0819
0834
0848
0853
0858
0853
0839
0824
0810
0791
0767
0748
0729
0705
0686
0667
0657
0643
0638
0634
0634
0643
0653
0667
0686
0710
0734
0767
0810
0862
0910
0967
1067
1215
1353
1477
1530
1549
1568
1582
1597
1606
1620
1639
1654
1673
1692
1711
1730
1744
1759
1773
1792
1806
1821
1835
1849
1863
1873
1878
1873
1868
1863
1854
1849
1835
1821
1806
1792
1773
1754
1725
1697
1668
1639
1611
1582
1554
1520
1496
1482
1468
1453
1425
1439
1511
1558
1592
1625
1644
1649
1644
1635
1616
1592
1568
1525
1496
1468
1439
1406
1415
1477
1539
1606
1668
1711
1740
1763
1778
1778
1759
1735
1711
1697
1673
1649
1635
1625
1616
1606
1601
1592
1577
1568
1558
1554
1544
1535
1520
1506
1487
1439
1382
1368
1358
1344
1339
1344
1368
1401
1453
1568
1649
1692
1725
1744
1749
1740
1720
1697
1658
1573
1506
1468
1434
1420
1430
1449
1482
1530
1587
1616
1644
1663
1611
1558
1520
1487
1463
1439
1406
1368
1377
1453
1482
1496
1511
1530
1544
1554
1563
1573
1582
1587
1592
1601
1606
1606
1606
1606
1606
1606
1611
1616
1625
1630
1639
1654
1668
1663
1644
1635
1625
1611
1597
1597
1606
1630
1649
1678
1716
1773
1778
1725
1697
1678
1654
1639
1625
1611
1597
1582
1568
1554
1535
1520
1506
1501
1501
1511
1530
1549
1582
1644
1735
1782
1816
1854
1897
1935
1968
1997
2011
2006
1992
1978
1968
1954
1940
1940
1949
1973
2002
2035
2088
2169
2240
2302
2364
2416
2455
2488
2521
2555
2579
2602
2655
2731
2774
2793
2812
2826
2831
2826
2807
2784
2755
2707
2645
2717
2779
2831
2855
2831
2779
2731
2674
2626
2588
2474
2321
2269
2269
2312
2335
2350
2364
2378
2388
2402
2412
2426
2436
2450
2464
2474
2483
2497
2517
2536
2550
2550
2531
2507
2474
2445
2402
2369
2335
2307
2283
2264
2254
2264
2283
2312
2364
2445
2478
2502
2521
2536
2536
2521
2497
2469
2431
2369
2364
2402
2455
2493
2440
2388
2345
2297
2245
2159
2088
2068
2049
2064
2149
2211
2273
2321
2326
2302
2273
2240
2197
2202
2264
2326
2388
2402
2407
2416
2412
2350
2264
2149
1954
1792
1735
1740
1797
1854
1911
1935
1945
1954
1959
1964
1968
1973
1973
1978
1978
1973
1964
1945
1925
1911
1892
1873
1835
1797
1754
1720
1678
1639
1616
1644
1716
1930
2307
2817
3351
3761
3880
3837
3513
3008
2464
1940
1492
1296
1234
1287
1353
1401
1344
1253
1182
1129
1148
1234
1282
1277
1206
1158
1129
1105
1082
1058
1039
1029
1020
1005
0982
0929
0824
0729
0667
0643
0624
0600
0657
0700
0729
0753
0767
0786
0796
0805
0810
0824
0843
0796
0729
0681
0715
0743
0757
0767
0777
0781
0791
0800
0810
0829
0853
0881
0934
0986
1024
1058
1096
1134
1201
1277
1325
1353
1392
1444
1535
1630
1673
1697
1720
1744
1773
1801
1830
1859
1897
1940
1997
2097
2216
2273
2312
2335
2335
2302
2250
2164
2040
1825
1577
1330
1105
0972
0829
0696
0567
0424
0324
0266
0224
0209
0214
0238
0276
0338
0462
0538
0576
0605
0638
0676
0715
0748
0767
0786
0800
0815
0834
0853
0872
0886
0900
0915
0929
0948
0972
1015
1096
1125
1144
1163
1172
1167
1134
1091
1063
1034
1010
0986
0977
0977
0991
1005
1024
1039
1048
1063
1072
1086
1101
1115
1134
1148
1158
1163
1172
1182
1196
1225
1291
1349
1387
1411
1434
1458
1477
1492
1506
1515
1525
1535
1544
1554
1558
1563
1573
1582
1592
1597
1611
1625
1639
1663
1687
1682
1644
1601
1568
1539
1515
1492
1473
1463
1453
1449
1439
1415
1382
1444
1639
1902
2283
2731
3155
3351
3413
3308
2998
2588
2159
1778
1506
1306
1244
1187
1139
1072
1001
0953
0920
0886
0872
0900
0972
1058
1153
1187
1210
1234
1244
1215
1158
1105
1044
1015
1044
1101
1148
1191
1229
1258
1282
1296
1310
1325
1339
1349
1358
1358
1358
1353
1339
1325
1301
1272
1225
1153
1139
1125
1115
1110
1134
1191
1239
1287
1330
1368
1406
1439
1473
1511
1549
1587
1625
1654
1682
1711
1735
1763
1782
1801
1816
1840
1883
1983
2073
2130
2169
2197
2211
2221
2235
2240
2250
2254
2259
2259
2254
2245
2231
2211
2188
2159
2130
2083
1997
1921
1883
1863
1844
1830
1821
1806
1797
1782
1768
1759
1754
1749
1749
1740
1730
1716
1692
1668
1654
1663
1678
1697
1706
1720
1735
1749
1759
1759
1754
1754
1749
1744
1735
1725
1716
1701
1697
1692
1687
1682
1682
1682
1687
1697
1706
1720
1735
1754
1782
1801
1768
1706
1678
1663
1644
1639
1620
1606
1597
1582
1568
1558
1554
1554
1558
1568
1577
1587
1597
1606
1611
1620
1630
1639
1639
1639
1635
1630
1625
1625
1625
1625
1625
1625
1625
1625
1630
1639
1644
1644
1649
1654
1658
1668
1682
1692
1701
1711
1716
1720
1730
1735
1744
1759
1773
1787
1806
1821
1830
1840
1844
1854
1873
1902
2045
2364
2803
3298
3766
4066
4095
3904
3294
2526
1821
1301
1134
1187
1439
1587
1639
1658
1673
1678
1673
1649
1611
1563
1506
1411
1315
1282
1263
1248
1239
1229
1220
1215
1210
1206
1201
1196
1191
1187
1182
1182
1182
1182
1177
1172
1167
1167
1167
1163
1163
1158
1153
1153
1153
1158
1163
1163
1167
1172
1187
1201
1220
1239
1263
1282
1310
1363
1425
1492
1554
1587
1611
1639
1654
1673
1692
1711
1725
1744
1763
1778
1787
1797
1806
1821
1835
1873
1959
2035
2078
2116
2149
2173
2178
2159
2126
2083
1997
1859
1792
1754
1720
1701
1692
1697
1711
1730
1749
1773
1811
1835
1811
1754
1706
1658
1625
1592
1563
1539
1515
1487
1468
1458
1473
1506
1549
1587
1616
1644
1668
1697
1720
1740
1744
1735
1730
1720
1706
1687
1668
1644
1611
1544
1525
1525
1520
1511
1606
1711
1806
1830
1830
1835
1844
1844
1792
1701
1644
1597
1554
1520
1511
1511
1511
1511
1511
1515
1515
1515
1515
1539
1563
1573
1577
1587
1597
1606
1620
1630
1639
1639
1639
1635
1635
1630
1630
1625
1620
1616
1611
1606
1606
1611
1611
1616
1616
1611
1611
1606
1601
1592
1587
1587
1587
1587
1582
1582
1577
1577
1577
1577
1573
1573
1568
1563
1544
1496
1496
1554
1582
1597
1616
1625
1635
1644
1658
1678
1692
1706
1725
1754
1787
1954
2221
2531
2860
3184
3284
3341
3322
3132
2907
2641
2326
1921
1535
1310
1234
1201
1196
1220
1253
1282
1301
1320
1344
1368
1406
1449
1492
1554
1601
1606
1558
1496
1444
1392
1349
1330
1330
1353
1387
1420
1458
1520
1525
1487
1468
1449
1430
1420
1415
1425
1449
1473
1492
1511
1525
1544
1568
1597
1616
1630
1639
1644
1654
1668
1682
1692
1697
1706
1720
1744
1768
1792
1806
1821
1840
1863
1902
1968
2016
2049
2088
2130
2154
2140
2107
2078
2045
2021
2026
2073
2135
2188
2245
2283
2278
2250
2221
2202
2192
2183
2173
2164
2154
2145
2130
2116
2102
2088
2068
2054
2035
2011
1983
1949
1911
1859
1811
1778
1744
1716
1687
1668
1658
1658
1658
1668
1687
1711
1740
1763
1787
1801
1816
1825
1840
1854
1868
1883
1892
1902
1911
1921
1930
1935
1935
1930
1925
1921
1921
1925
1925
1925
1925
1925
1930
1935
1940
1940
1935
1930
1921
1921
1921
1921
1921
1921
1925
1945
1945
1902
1883
1868
1854
1844
1835
1830
1825
1821
1816
1816
1825
1835
1849
1859
1873
1887
1902
1911
1940
1964
1959
1921
1859
1806
1744
1701
1682
1673
1663
1654
1644
1644
1654
1687
1725
1754
1778
1801
1825
1840
1849
1859
1859
1849
1835
1821
1797
1778
1754
1740
1716
1692
1663
1639
1620
1606
1597
1592
1592
1597
1601
1611
1625
1644
1720
1987
2412
2917
3379
3646
3670
3527
3112
2645
2216
1854
1644
1592
1558
1535
1511
1487
1458
1439
1425
1415
1406
1396
1392
1382
1382
1377
1377
1372
1368
1353
1344
1339
1339
1339
1344
1344
1349
1349
1353
1358
1363
1368
1372
1372
1372
1377
1382
1382
1382
1382
1387
1387
1392
1411
1420
1396
1344
1310
1277
1253
1239
1244
1268
1301
1325
1339
1358
1377
1392
1411
1420
1430
1444
1458
1477
1487
1501
1506
1520
1539
1568
1601
1639
1668
1701
1735
1768
1797
1825
1849
1878
1921
1916
1863
1816
1778
1740
1706
1673
1649
1620
1597
1587
1592
1601
1616
1635
1654
1597
1539
1492
1468
1477
1492
1506
1520
1525
1496
1449
1415
1392
1363
1349
1334
1334
1339
1344
1349
1353
1358
1358
1363
1363
1368
1372
1382
1392
1401
1411
1420
1425
1434
1444
1463
1506
1611
1716
1801
1844
1878
1892
1878
1844
1787
1697
1630
1582
1563
1573
1601
1616
1635
1644
1654
1649
1635
1601
1568
1539
1511
1487
1463
1458
1449
1444
1444
1439
1434
1434
1434
1434
1444
1463
1492
1525
1558
1616
1654
1682
1711
1740
1754
1740
1701
1663
1616
1558
1506
1449
1392
1344
1306
1287
1306
1353
1425
1520
1597
1644
1697
1735
1773
1792
1763
1711
1673
1644
1611
1587
1568
1568
1568
1573
1577
1582
1587
1601
1601
1568
1549
1530
1511
1511
1535
1563
1592
1620
1644
1658
1673
1682
1697
1711
1720
1725
1725
1716
1697
1678
1658
1644
1616
1582
1563
1573
1597
1639
1697
1792
1859
1902
1902
1878
1859
1840
1825
1811
1816
1830
1844
1863
1887
1883
1840
1725
1549
1453
1425
1406
1396
1406
1430
1473
1601
1744
1916
2097
2312
2602
2969
3346
3665
3804
3799
3627
3208
2612
1992
1535
1396
1353
1430
1525
1597
1549
1406
1239
1187
1158
1191
1258
1282
1306
1320
1330
1334
1330
1330
1325
1330
1330
1330
1330
1325
1320
1315
1330
1353
1387
1415
1453
1477
1453
1411
1368
1315
1315
1363
1387
1401
1415
1420
1425
1430
1439
1444
1453
1468
1482
1492
1501
1515
1530
1549
1573
1611
1644
1673
1692
1711
1744
1782
1816
1844
1863
1878
1887
1897
1906
1921
1935
1949
1964
1983
2006
2064
2159
2202
2231
2250
2259
2259
2240
2211
2188
2173
2154
2135
2116
2092
2068
2045
2021
1992
1964
1940
1916
1906
1892
1883
1868
1854
1835
1821
1811
1801
1787
1778
1768
1759
1759
1759
1759
1754
1749
1744
1744
1740
1740
1730
1720
1697
1673
1663
1678
1711
1754
1792
1844
1878
1878
1835
1792
1768
1754
1740
1725
1711
1697
1687
1682
1678
1678
1673
1673
1678
1682
1687
1692
1701
1711
1730
1759
1754
1673
1630
1597
1568
1549
1535
1530
1525
1535
1544
1568
1592
1620
1678
1673
1597
1563
1544
1525
1511
1492
1477
1463
1453
1449
1444
1444
1444
1449
1463
1477
1492
1506
1525
1549
1601
1701
1849
2040
2245
2459
2660
2865
3065
3151
3203
3241
3132
2798
2335
1863
1501
1296
1225
1201
1206
1215
1220
1225
1234
1253
1268
1277
1282
1287
1296
1296
1296
1296
1296
1296
1306
1310
1315
1310
1310
1306
1306
1310
1315
1315
1310
1306
1301
1296
1296
1296
1296
1291
1291
1291
1291
1296
1291
1287
1268
1268
1306
1349
1387
1434
1496
1525
1539
1549
1563
1573
1582
1592
1601
1611
1625
1639
1649
1658
1668
1682
1701
1725
1773
1873
1959
2045
2130
2173
2207
2240
2259
2250
2216
2197
2178
2169
2159
2149
2130
2107
2083
2059
2035
2011
1978
1945
1911
1873
1840
1806
1773
1735
1706
1682
1668
1658
1644
1639
1625
1611
1606
1601
1601
1597
1597
1592
1587
1592
1592
1587
1573
1573
1616
1644
1673
1706
1735
1763
1806
1849
1821
1797
1787
1773
1763
1754
1749
1754
1768
1782
1797
1811
1821
1835
1849
1859
1868
1878
1878
1878
1868
1859
1849
1840
1825
1811
1806
1797
1787
1778
1768
1763
1754
1744
1744
1744
1744
1749
1754
1759
1759
1768
1782
1816
1749
1682
1639
1592
1554
1520
1487
1463
1453
1453
1468
1487
1506
1525
1544
1554
1554
1544
1530
1525
1515
1506
1496
1492
1492
1496
1501
1515
1539
1477
1411
1358
1339
1334
1325
1315
1310
1334
1387
1463
1577
1687
1787
1945
2116
2350
2655
3017
3346
3441
3398
3089
2612
2011
1368
0900
0738
0681
0686
0757
0858
0982
1034
1058
1077
1096
1105
1115
1125
1129
1129
1125
1115
1105
1086
1063
1039
1010
0972
0896
0843
0800
0767
0753
0767
0810
0877
0991
1082
1139
1163
1144
1101
1039
0977
0962
0953
0939
0929
0929
0948
0982
1010
1034
1058
1077
1105
1139
1172
1210
1248
1287
1344
1392
1415
1439
1477
1563
1639
1682
1701
1697
1678
1668
1654
1644
1644
1649
1678
1720
1787
1906
2002
2068
2088
2097
2102
2107
2111
2111
2107
2102
2102
2097
2092
2092
2088
2078
2068
2054
2035
2016
2002
1987
1973
1959
1945
1930
1916
1906
1897
1892
1883
1878
1878
1883
1892
1906
1921
1935
1954
1978
2006
2073
2102
2111
2116
2121
2121
2126
2126
2130
2135
2140
2145
2149
2154
2159
2169
2178
2188
2207
2221
2250
2307
2312
2269
2231
2197
2159
2121
2059
1983
1949
1925
1906
1902
1911
1935
1964
1983
1997
2011
2021
2035
2045
2045
2035
2016
1992
1968
1940
1887
1859
1863
1873
1883
1892
1902
1906
1906
1887
1859
1821
1744
1673
1654
1644
1635
1635
1654
1687
1716
1749
1773
1768
1735
1692
1673
1658
1644
1635
1620
1606
1597
1587
1577
1577
1577
1582
1587
1601
1611
1630
1644
1668
1782
2068
2469
2917
3317
3494
3480
3236
2812
2369
1964
1639
1358
1120
0977
0881
0829
0786
0753
0719
0662
0543
0471
0438
0419
0400
0386
0371
0357
0343
0328
0319
0305
0286
0266
0209
0123
0095
0076
0057
0047
0047
0061
0090
0119
0147
0190
0224
0228
0214
0195
0181
0166
0152
0143
0143
0157
0185
0214
0233
0252
0271
0290
0314
0328
0348
0367
0390
0443
0543
0667
0762
0839
0939
1077
1177
1225
1248
1272
1291
1315
1344
1372
1415
1487
1558
1606
1639
1658
1682
1711
1740
1778
1821
1854
1873
1883
1897
1916
1925
1892
1830
1759
1673
1606
1582
1568
1554
1539
1530
1525
1515
1511
1506
1501
1501
1501
1501
1511
1520
1530
1539
1554
1563
1573
1582
1597
1611
1625
1639
1673
1701
1701
1678
1649
1635
1611
1592
1577
1577
1606
1644
1678
1706
1735
1763
1792
1811
1811
1801
1782
1768
1749
1740
1716
1692
1678
1678
1697
1725
1749
1763
1773
1782
1792
1801
1806
1811
1816
1816
1825
1830
1835
1840
1844
1849
1849
1849
1849
1849
1849
1849
1859
1873
1887
1925
1949
1921
1868
1821
1773
1749
1773
1821
1897
2006
2097
2164
2207
2250
2288
2211
2083
1997
1968
1949
1935
1935
1954
1987
2021
2040
2059
2078
2092
2102
2107
2097
2078
2049
2021
1997
1978
1954
1930
1911
1906
1911
1930
1954
1978
1997
2011
2030
2049
2068
2083
2097
2107
2102
2097
2083
2073
2059
2049
2035
2021
2002
1987
1983
1983
1987
2002
2021
2049
2078
2116
2178
2221
2235
2245
2254
2273
2283
2254
2192
2130
2054
2021
2006
1992
1978
1973
1997
2026
2054
2045
1964
1911
1878
1844
1825
1821
1835
1854
1878
1902
1916
1935
1949
1959
1968
1978
1987
1997
2011
2021
2030
2035
2040
2045
2045
2045
2045
2049
2054
2059
2073
2088
2097
2102
2107
2102
2097
2083
2064
2035
2006
1959
1873
1806
1773
1749
1730
1716
1711
1711
1716
1725
1735
1749
1749
1749
1754
1754
1754
1749
1749
1754
1754
1759
1763
1768
1778
1782
1787
1797
1806
1816
1830
1840
1859
1897
1935
1949
1954
1954
1964
1978
1968
1906
1863
1825
1797
1778
1778
1787
1811
1844
1897
2006
2097
2154
2183
2197
2211
2231
2169
2068
1940
1821
1740
1711
1682
1654
1697
1811
1997
2240
2564
2950
3341
3603
3694
3651
3522
3170
2731
2273
1844
1496
1334
1282
1287
1344
1396
1449
1453
1401
1339
1287
1358
1487
1582
1620
1644
1649
1616
1554
1511
1482
1463
1444
1430
1420
1411
1401
1396
1392
1387
1372
1358
1349
1339
1330
1325
1310
1296
1282
1277
1291
1320
1358
1396
1434
1501
1539
1539
1535
1525
1515
1506
1501
1506
1535
1577
1616
1654
1706
1749
1759
1754
1744
1735
1720
1711
1749
1821
1902
1997
2059
2145
2245
2312
2354
2378
2359
2312
2288
2273
2254
2235
2216
2202
2183
2164
2135
2111
2088
2068
2049
2040
2026
2006
1983
1959
1935
1911
1887
1863
1835
1806
1782
1768
1759
1749
1744
1735
1725
1711
1692
1678
1663
1644
1635
1620
1611
1606
1606
1616
1625
1630
1635
1639
1644
1649
1658
1663
1668
1668
1673
1687
1725
1716
1630
1568
1520
1487
1463
1444
1430
1415
1401
1372
1353
1363
1415
1477
1520
1563
1601
1635
1644
1639
1625
1601
1582
1568
1554
1539
1525
1515
1506
1496
1492
1487
1477
1473
1473
1473
1477
1482
1487
1487
1492
1496
1501
1506
1515
1515
1520
1525
1535
1539
1544
1549
1554
1558
1563
1568
1577
1587
1592
1597
1606
1611
1611
1611
1606
1606
1601
1601
1601
1606
1611
1616
1620
1630
1630
1620
1601
1582
1558
1530
1487
1463
1477
1501
1515
1530
1549
1563
1573
1563
1544
1525
1506
1482
1439
1415
1453
1525
1587
1654
1711
1735
1749
1754
1759
1768
1778
1792
1797
1801
1797
1792
1792
1782
1768
1749
1720
1687
1658
1644
1635
1625
1606
1587
1563
1535
1515
1492
1473
1458
1444
1430
1420
1411
1406
1392
1368
1339
1315
1296
1291
1296
1301
1310
1320
1339
1368
1358
1258
1201
1167
1134
1105
1082
1058
1034
1015
0996
0977
0953
0915
0843
0810
0781
0757
0824
1015
1291
1620
1930
2159
2240
2235
2149
1906
1687
1434
1101
0696
0309
0114
0047
0128
0276
0367
0395
0419
0338
0290
0271
0252
0233
0224
0219
0209
0204
0195
0190
0190
0195
0204
0214
0224
0228
0233
0247
0262
0276
0295
0309
0328
0357
0381
0414
0443
0471
0495
0510
0519
0524
0533
0533
0533
0533
0538
0538
0548
0557
0562
0567
0567
0572
0572
0572
0572
0572
0567
0567
0572
0576
0591
0600
0610
0624
0648
0691
0738
0800
0867
0934
1001
1058
1115
1163
1191
1220
1244
1268
1287
1296
1291
1282
1277
1272
1263
1258
1234
1210
1191
1206
1253
1306
1344
1392
1434
1468
1477
1468
1453
1430
1415
1392
1363
1344
1325
1320
1320
1330
1344
1358
1372
1387
1406
1420
1439
1453
1473
1492
1506
1515
1525
1535
1539
1554
1573
1592
1616
1635
1649
1658
1668
1678
1682
1682
1682
1682
1678
1682
1692
1701
1711
1720
1730
1735
1740
1740
1740
1735
1730
1725
1730
1740
1749
1754
1754
1759
1759
1768
1778
1787
1787
1782
1782
1782
1782
1787
1792
1792
1787
1787
1787
1787
1792
1787
1778
1768
1763
1759
1763
1763
1763
1754
1749
1754
1763
1782
1797
1811
1816
1825
1835
1844
1854
1863
1859
1854
1854
1849
1844
1844
1844
1844
1844
1840
1844
1849
1859
1868
1873
1883
1887
1892
1902
1916
1925
1930
1935
1940
1945
1954
1964
1973
1983
1987
1987
1983
1978
1964
1949
1935
1916
1902
1887
1873
1854
1830
1797
1754
1725
1720
1730
1744
1759
1763
1768
1773
1778
1782
1792
1797
1801
1806
1811
1816
1821
1825
1830
1835
1840
1844
1844
1844
1849
1849
1849
1859
1863
1873
1883
1892
1906
1921
1935
1945
1945
1945
1940
1930
1930
1935
1940
1945
1959
1978
1978
1973
1964
1945
1916
1925
2040
2350
2683
3008
3308
3608
3713
3766
3804
3685
3294
2764
2188
1682
1406
1306
1315
1444
1639
1787
1821
1840
1849
1854
1863
1868
1873
1878
1878
1878
1868
1854
1835
1811
1782
1759
1759
1797
1844
1887
1940
1983
1987
1949
1892
1835
1759
1720
1701
1678
1654
1639
1649
1682
1697
1701
1701
1701
1701
1701
1701
1706
1716
1725
1740
1749
1759
1768
1778
1787
1801
1816
1835
1859
1887
1930
1983
2035
2088
2135
2188
2235
2278
2326
2378
2426
2469
2483
2483
2478
2474
2469
2469
2469
2469
2464
2459
2436
2397
2350
2312
2288
2259
2240
2221
2207
2197
2188
2173
2164
2154
2149
2145
2145
2140
2130
2121
2116
2116
2116
2111
2107
2102
2097
2097
2102
2102
2102
2097
2092
2088
2083
2078
2054
2030
2026
2059
2111
2169
2235
2297
2364
2402
2436
2459
2483
2493
2493
2469
2436
2407
2378
2364
2354
2345
2335
2321
2307
2302
2297
2293
2293
2293
2288
2288
2283
2283
2283
2278
2273
2269
2264
2259
2254
2254
2250
2240
2226
2211
2192
2178
2159
2145
2135
2126
2126
2135
2149
2173
2197
2221
2250
2283
2316
2345
2354
2345
2316
2278
2226
2130
1997
1925
1878
1883
1973
2107
2269
2521
2788
3127
3494
3789
3894
3847
3689
3227
2617
1978
1444
1153
1058
1139
1387
1639
1725
1720
1644
1563
1487
1487
1597
1763
1906
1964
2002
2016
1964
1868
1806
1763
1725
1697
1678
1658
1644
1630
1616
1601
1592
1577
1568
1568
1573
1587
1606
1625
1639
1644
1658
1678
1701
1720
1730
1725
1716
1697
1682
1663
1649
1630
1601
1573
1554
1558
1587
1625
1658
1692
1730
1778
1835
1887
1949
2068
2211
2269
2307
2335
2364
2374
2374
2369
2364
2364
2359
2354
2350
2335
2326
2302
2269
2235
2192
2135
2078
2026
1968
1906
1854
1821
1792
1768
1749
1744
1749
1759
1768
1773
1787
1801
1801
1754
1692
1644
1597
1549
1515
1511
1520
1535
1544
1554
1563
1573
1587
1601
1611
1625
1639
1649
1663
1682
1697
1706
1720
1749
1782
1792
1782
1754
1711
1644
1515
1387
1253
1139
1048
0977
0896
0781
0653
0529
0443
0386
0328
0262
0224
0190
0162
0138
0123
0119
0123
0138
0157
0176
0204
0238
0295
0357
0424
0495
0576
0638
0691
0734
0786
0853
0962
1063
1115
1153
1153
1096
1063
1034
1010
0991
0982
0986
1010
1039
1067
1101
1153
1191
1201
1191
1177
1163
1144
1134
1148
1177
1191
1206
1215
1229
1234
1239
1239
1239
1229
1215
1196
1167
1172
1248
1291
1325
1353
1377
1396
1401
1406
1401
1396
1392
1377
1339
1358
1477
1549
1601
1635
1658
1678
1687
1668
1639
1606
1587
1558
1530
1506
1492
1487
1487
1492
1492
1487
1482
1487
1496
1506
1515
1520
1525
1539
1554
1573
1597
1620
1654
1720
1720
1644
1563
1473
1425
1392
1368
1353
1349
1363
1401
1439
1473
1515
1554
1573
1568
1554
1539
1515
1492
1506
1592
1701
1835
2026
2231
2497
2822
3174
3494
3680
3742
3670
3446
3022
2464
1949
1573
1411
1349
1349
1406
1449
1487
1515
1520
1496
1458
1425
1382
1363
1401
1473
1520
1558
1587
1611
1616
1611
1592
1568
1539
1496
1420
1377
1344
1310
1287
1282
1310
1344
1363
1377
1396
1411
1425
1434
1439
1439
1434
1434
1430
1430
1430
1425
1420
1411
1401
1406
1420
1444
1473
1501
1525
1549
1577
1606
1630
1644
1654
1673
1697
1735
1787
1844
1902
1925
1945
1964
1983
2002
2011
2016
2021
2021
2026
2026
2030
2030
2026
2021
2016
2021
2030
2040
2049
2059
2068
2083
2092
2088
2064
2026
1987
1954
1911
1868
1835
1806
1782
1763
1735
1706
1706
1744
1787
1830
1825
1754
1706
1668
1639
1616
1620
1644
1668
1692
1701
1716
1730
1749
1768
1782
1792
1801
1806
1806
1811
1811
1806
1792
1778
1759
1744
1730
1716
1701
1687
1649
1511
1392
1325
1277
1253
1272
1325
1377
1415
1458
1501
1530
1525
1501
1458
1411
1344
1253
1229
1229
1225
1220
1215
1220
1220
1244
1277
1310
1330
1344
1363
1382
1396
1411
1420
1430
1444
1453
1463
1468
1473
1477
1482
1482
1482
1482
1477
1473
1473
1477
1492
1501
1506
1501
1496
1487
1477
1473
1463
1449
1430
1415
1406
1411
1420
1439
1453
1468
1482
1501
1520
1535
1554
1568
1577
1587
1597
1620
1697
1997
2383
2779
3136
3389
3465
3398
3189
2903
2664
2412
2088
1692
1258
0986
0886
0881
0953
1148
1439
1544
1592
1625
1616
1525
1449
1387
1334
1287
1244
1201
1158
1120
1096
1086
1082
1077
1067
1067
1110
1187
1229
1258
1287
1310
1325
1339
1349
1353
1353
1349
1339
1330
1315
1296
1272
1244
1187
1148
1187
1258
1296
1325
1349
1368
1387
1411
1439
1463
1487
1511
1539
1568
1620
1711
1849
1911
1940
1964
1983
2002
2026
2045
2068
2088
2097
2111
2126
2140
2149
2159
2169
2178
2197
2216
2240
2254
2259
2245
2216
2178
2130
2030
1849
1763
1720
1682
1658
1644
1635
1625
1611
1601
1592
1577
1558
1530
1482
1487
1563
1611
1639
1668
1692
1706
1711
1706
1692
1682
1673
1668
1663
1654
1644
1625
1611
1606
1606
1606
1611
1616
1625
1639
1654
1678
1697
1716
1740
1778
1868
1949
2016
2073
2097
2059
1968
1868
1749
1654
1592
1535
1501
1501
1530
1577
1625
1687
1697
1668
1654
1644
1639
1635
1630
1635
1644
1658
1678
1687
1697
1706
1720
1730
1735
1740
1744
1744
1744
1749
1749
1754
1754
1759
1759
1763
1763
1763
1768
1773
1778
1782
1787
1792
1797
1811
1835
1844
1844
1835
1816
1792
1778
1754
1730
1716
1716
1720
1744
1782
1911
2159
2517
2922
3322
3580
3670
3594
3375
2836
2088
1387
0958
0815
0886
1005
1158
1349
1420
1420
1420
1415
1415
1415
1420
1425
1425
1425
1425
1425
1425
1415
1411
1401
1396
1392
1392
1392
1387
1387
1387
1387
1387
1387
1392
1387
1377
1368
1363
1353
1344
1334
1325
1320
1320
1320
1320
1320
1320
1310
1306
1301
1296
1291
1291
1291
1291
1291
1301
1315
1330
1344
1358
1372
1387
1401
1449
1573
1697
1840
1921
1968
2006
2040
2059
2064
2064
2054
2045
2030
2016
2002
1987
1968
1954
1935
1921
1902
1883
1868
1859
1854
1849
1835
1825
1806
1792
1773
1759
1749
1735
1725
1716
1701
1682
1654
1625
1611
1616
1639
1658
1682
1716
1730
1706
1663
1635
1606
1582
1568
1568
1601
1639
1673
1697
1716
1735
1754
1768
1782
1792
1797
1801
1806
1806
1806
1801
1787
1778
1763
1754
1740
1740
1744
1763
1778
1801
1811
1782
1725
1649
1577
1563
1558
1554
1544
1544
1558
1587
1620
1639
1658
1678
1697
1711
1725
1725
1725
1725
1725
1720
1720
1716
1706
1697
1692
1701
1740
1787
1840
1911
1949
1925
1868
1816
1759
1720
1697
1663
1635
1692
1873
2173
2517
2874
3222
3513
3685
3746
3665
3413
2993
2512
2054
1697
1597
1563
1544
1582
1620
1649
1644
1601
1577
1568
1554
1544
1535
1530
1520
1515
1506
1506
1506
1506
1515
1525
1535
1539
1544
1549
1549
1549
1549
1549
1554
1563
1573
1568
1535
1492
1458
1415
1382
1368
1382
1415
1449
1473
1492
1511
1535
1558
1582
1606
1630
1649
1673
1697
1720
1735
1754
1773
1797
1825
1854
1883
1916
1945
1978
2016
2049
2083
2102
2116
2130
2149
2183
2245
2316
2369
2412
2440
2445
2421
2393
2374
2359
2345
2335
2321
2307
2288
2273
2254
2231
2192
2126
2064
2026
2006
1992
1978
1968
1954
1940
1925
1911
1897
1887
1873
1859
1844
1830
1816
1801
1787
1763
1720
1658
1649
1644
1635
1644
1697
1754
1811
1868
1911
1940
1964
1978
1987
1997
2006
2011
2016
2021
2016
1992
1959
1921
1873
1840
1811
1792
1778
1768
1759
1754
1744
1730
1716
1697
1673
1639
1616
1635
1658
1682
1701
1716
1730
1730
1716
1687
1663
1639
1592
1568
1587
1620
1635
1639
1644
1644
1644
1644
1649
1654
1658
1663
1668
1668
1673
1673
1678
1678
1678
1673
1673
1673
1673
1678
1678
1682
1697
1711
1711
1701
1682
1668
1658
1654
1644
1625
1601
1577
1554
1539
1530
1525
1515
1506
1496
1487
1477
1473
1473
1468
1463
1458
1453
1453
1449
1444
1439
1430
1425
1425
1444
1473
1501
1525
1549
1568
1592
1616
1639
1649
1654
1654
1658
1658
1663
1663
1668
1668
1668
1673
1678
1678
1663
1644
1625
1597
1635
1663
1692
1706
1682
1644
1611
1582
1558
1539
1530
1520
1506
1482
1482
1525
1549
1568
1582
1597
1601
1606
1611
1611
1611
1606
1601
1592
1582
1573
1568
1558
1549
1530
1511
1482
1453
1415
1353
1325
1306
1282
1258
1263
1301
1392
1563
1711
1759
1711
1639
1573
1539
1520
1496
1458
1420
1392
1368
1349
1330
1320
1315
1320
1330
1344
1358
1372
1396
1430
1463
1463
1439
1392
1310
1263
1258
1253
1253
1258
1268
1296
1334
1396
1496
1535
1549
1563
1577
1587
1597
1601
1601
1606
1606
1601
1601
1597
1587
1573
1563
1554
1544
1530
1515
1496
1473
1458
1453
1449
1449
1444
1439
1439
1444
1458
1463
1473
1482
1487
1487
1482
1473
1453
1434
1401
1353
1353
1401
1444
1487
1530
1573
1644
1711
1754
1782
1730
1644
1573
1535
1506
1506
1539
1630
1806
2073
2402
2803
3222
3584
3727
3546
3065
2426
1830
1606
1535
1487
1434
1382
1268
1196
1177
1167
1191
1225
1248
1191
1091
1005
0962
0929
0939
1020
1091
1158
1187
1172
1148
1134
1120
1105
1096
1086
1086
1091
1101
1110
1125
1134
1158
1172
1163
1148
1134
1115
1120
1153
1172
1191
1206
1210
1215
1206
1196
1182
1163
1139
1101
1101
1158
1210
1263
1306
1339
1382
1434
1511
1573
1620
1658
1701
1740
1782
1835
1887
1940
1992
2049
2092
2126
2173
2250
2331
2426
2488
2521
2555
2593
2631
2664
2702
2731
2745
2731
2693
2655
2621
2588
2550
2521
2493
2469
2436
2393
2331
2259
2188
2121
2064
2021
1983
1964
2002
2073
2121
2159
2197
2226
2235
2226
2207
2178
2149
2111
2059
1997
1921
1868
1821
1787
1763
1744
1735
1720
1706
1682
1697
1787
1849
1892
1925
1954
1978
1987
1992
1992
1997
2002
2002
2011
2016
2021
2016
1992
1949
1911
1868
1811
1763
1759
1773
1792
1811
1835
1849
1816
1759
1720
1692
1668
1649
1644
1635
1630
1620
1616
1611
1606
1592
1577
1568
1568
1592
1625
1649
1678
1701
1701
1673
1635
1582
1511
1449
1368
1287
1248
1220
1210
1229
1277
1315
1353
1382
1396
1406
1415
1425
1430
1439
1444
1444
1444
1434
1420
1401
1377
1334
1272
1248
1225
1201
1210
1291
1406
1554
1797
2111
2455
2755
2831
2855
2807
2517
2121
1668
1206
0805
0638
0572
0572
0653
0872
1101
1177
1206
1225
1210
1129
1058
0991
0962
0986
1024
1058
1082
1101
1110
1105
1077
1034
0996
0953
0891
0848
0829
0810
0796
0777
0762
0757
0772
0791
0810
0829
0843
0853
0862
0858
0853
0843
0834
0819
0791
0796
0858
0920
0977
1034
1091
1120
1144
1158
1172
1187
1196
1210
1220
1229
1239
1244
1253
1263
1272
1287
1306
1344
1396
1458
1515
1563
1611
1649
1687
1720
1749
1773
1792
1806
1816
1825
1835
1849
1873
1854
1735
1630
1520
1477
1463
1453
1449
1439
1430
1425
1420
1415
1406
1406
1401
1406
1411
1415
1420
1425
1430
1434
1434
1430
1425
1420
1415
1420
1430
1439
1453
1468
1482
1492
1501
1511
1520
1525
1530
1539
1549
1568
1587
1616
1644
1668
1697
1725
1749
1778
1806
1854
1940
1968
1973
1973
1973
1973
1973
1978
1987
1997
2002
2002
2002
2002
2002
2006
2006
2006
2006
2006
2006
2006
2006
2006
2002
1992
1987
1983
1978
1978
1973
1964
1945
1921
1902
1892
1883
1873
1859
1844
1835
1835
1835
1840
1844
1849
1854
1863
1878
1897
1911
1925
1935
1940
1945
1954
1959
1968
1973
1983
1992
2002
2011
2016
2016
2021
2026
2030
2040
2049
2064
2097
2121
2126
2092
2049
1992
1921
1868
1830
1792
1773
1801
1854
1883
1897
1916
1925
1940
1949
1964
1978
1987
1997
1997
1992
1992
1987
1983
1978
1968
1964
1959
1959
1959
1959
1954
1949
1940
1935
1940
1940
1935
1930
1921
1911
1906
1902
1902
1887
1873
1849
1835
1821
1806
1782
1744
1701
1663
1639
1616
1577
1525
1511
1530
1544
1558
1573
1587
1592
1587
1582
1577
1568
1563
1554
1539
1520
1511
1520
1554
1592
1658
1782
1921
2059
2312
2645
3036
3394
3537
3584
3494
3208
2846
2393
1935
1587
1444
1368
1315
1310
1339
1363
1382
1396
1396
1377
1353
1339
1325
1310
1296
1287
1282
1272
1263
1258
1253
1248
1244
1244
1239
1239
1229
1220
1210
1210
1220
1244
1272
1296
1320
1344
1368
1396
1420
1439
1444
1439
1430
1420
1411
1401
1382
1349
1325
1353
1406
1434
1449
1463
1473
1477
1487
1511
1535
1554
1573
1592
1616
1644
1687
1787
1883
1916
1930
1945
1964
1987
2006
2021
2040
2054
2064
2068
2073
2078
2073
2073
2073
2073
2073
2068
2068
2068
2068
2064
2054
2045
2035
2021
2006
1987
1973
1949
1925
1911
1892
1878
1863
1849
1835
1825
1811
1806
1797
1782
1773
1759
1744
1735
1725
1716
1711
1706
1706
1706
1711
1711
1711
1711
1706
1697
1692
1682
1673
1663
1654
1654
1649
1649
1658
1673
1697
1716
1740
1754
1773
1792
1821
1849
1859
1854
1830
1811
1797
1792
1787
1773
1759
1735
1711
1692
1678
1668
1658
1649
1654
1663
1678
1692
1711
1730
1740
1749
1754
1759
1763
1763
1763
1773
1782
1797
1811
1830
1840
1849
1844
1825
1801
1773
1744
1720
1697
1673
1644
1630
1616
1606
1606
1606
1606
1606
1606
1601
1601
1597
1592
1587
1582
1582
1587
1592
1597
1597
1592
1587
1577
1573
1563
1544
1530
1515
1511
1515
1525
1535
1544
1558
1577
1597
1606
1592
1544
1492
1439
1363
1325
1353
1439
1687
1973
2288
2626
2998
3160
3255
3317
3213
2879
2402
1806
1282
1086
1015
1020
1067
1091
1101
1110
1120
1129
1139
1153
1163
1177
1191
1201
1206
1210
1215
1229
1239
1248
1258
1258
1258
1253
1248
1244
1239
1234
1229
1229
1229
1229
1225
1220
1220
1225
1225
1229
1229
1234
1239
1244
1258
1272
1282
1291
1306
1315
1330
1349
1372
1401
1425
1444
1473
1496
1520
1544
1563
1577
1592
1601
1611
1625
1639
1649
1663
1682
1701
1725
1749
1773
1797
1816
1835
1854
1887
1940
1987
2011
2016
2021
2030
2054
2073
2054
2006
1945
1868
1768
1725
1706
1687
1668
1644
1635
1630
1625
1620
1616
1611
1601
1597
1592
1592
1592
1587
1587
1587
1587
1587
1592
1592
1592
1592
1587
1582
1582
1582
1592
1597
1606
1611
1616
1620
1635
1644
1649
1654
1654
1654
1654
1649
1644
1630
1606
1573
1539
1468
1377
1334
1301
1339
1377
1396
1420
1453
1492
1520
1554
1601
1630
1616
1592
1577
1563
1544
1525
1496
1468
1430
1377
1349
1372
1420
1453
1492
1525
1535
1515
1482
1444
1401
1344
1291
1248
1191
1134
1229
1401
1525
1558
1577
1587
1597
1597
1587
1568
1544
1520
1496
1477
1463
1453
1439
1425
1415
1401
1387
1368
1353
1339
1330
1330
1330
1330
1330
1325
1315
1296
1287
1291
1320
1358
1387
1401
1411
1415
1425
1439
1449
1453
1468
1477
1492
1506
1515
1520
1530
1539
1549
1568
1597
1630
1806
2116
2464
2803
3046
3136
3136
3041
2779
2488
2216
2054
1873
1716
1630
1573
1520
1473
1320
1101
1015
1015
1110
1372
1620
1711
1720
1658
1568
1453
1382
1334
1315
1334
1358
1368
1372
1377
1382
1382
1392
1396
1406
1415
1425
1430
1430
1425
1420
1415
1415
1415
1411
1415
1425
1430
1434
1434
1425
1411
1392
1363
1315
1320
1387
1449
1501
1563
1625
1654
1678
1697
1711
1730
1749
1773
1792
1811
1830
1854
1878
1906
1935
1978
2026
2059
2092
2121
2149
2173
2192
2216
2235
2254
2259
2254
2235
2211
2178
2149
2121
2092
2054
2021
1983
1945
1906
1883
1859
1835
1816
1797
1782
1768
1759
1749
1740
1735
1725
1711
1697
1654
1601
1554
1506
1487
1506
1549
1616
1706
1749
1768
1782
1792
1801
1816
1830
1844
1859
1873
1883
1897
1916
1940
1997
2026
2002
1949
1883
1811
1782
1759
1740
1735
1749
1773
1787
1801
1816
1830
1835
1830
1816
1792
1768
1749
1735
1720
1701
1687
1668
1649
1639
1625
1616
1606
1592
1577
1563
1554
1544
1539
1539
1539
1544
1544
1549
1554
1558
1563
1563
1558
1558
1554
1554
1554
1558
1563
1563
1568
1573
1582
1582
1554
1535
1511
1492
1492
1515
1558
1601
1649
1682
1706
1716
1725
1740
1749
1754
1754
1749
1730
1701
1673
1644
1611
1554
1506
1501
1535
1582
1616
1644
1678
1697
1701
1687
1678
1658
1644
1620
1597
1597
1625
1658
1697
1749
1740
1654
1535
1425
1396
1382
1372
1368
1363
1358
1358
1363
1372
1387
1411
1444
1577
1854
2226
2650
3031
3236
3317
3317
3241
3022
2722
2388
1987
1587
1310
1229
1177
1125
1077
0982
0886
0824
0829
0982
1196
1458
1544
1587
1568
1444
1334
1268
1229
1210
1210
1234
1263
1287
1306
1320
1334
1334
1315
1287
1248
1191
1120
1115
1110
1105
1101
1091
1086
1091
1115
1139
1167
1187
1210
1229
1253
1272
1296
1315
1339
1363
1387
1411
1434
1468
1506
1539
1563
1582
1606
1630
1649
1678
1711
1740
1768
1787
1811
1835
1854
1863
1863
1854
1844
1835
1830
1821
1797
1778
1778
1816
1878
1945
2026
2054
2059
2068
2083
2097
2073
2011
1949
1883
1840
1811
1797
1787
1773
1754
1735
1720
1701
1687
1668
1649
1635
1620
1616
1611
1606
1597
1587
1573
1563
1554
1544
1535
1520
1511
1496
1492
1492
1501
1511
1520
1530
1539
1549
1558
1573
1587
1601
1616
1630
1639
1644
1663
1687
1711
1720
1720
1716
1701
1687
1678
1673
1673
1668
1668
1668
1668
1663
1663
1658
1654
1649
1644
1639
1639
1635
1630
1625
1620
1611
1606
1606
1606
1606
1601
1587
1573
1554
1539
1525
1515
1506
1501
1496
1501
1515
1535
1558
1587
1606
1630
1644
1673
1706
1735
1749
1744
1735
1716
1701
1687
1668
1635
1611
1630
1692
1887
2130
2478
2874
3222
3413
3484
3484
3394
3146
2846
2483
2045
1563
1167
1044
0991
0953
1048
1134
1196
1244
1268
1263
1244
1225
1206
1191
1172
1158
1158
1167
1182
1196
1210
1229
1253
1277
1287
1291
1287
1277
1268
1263
1253
1244
1234
1225
1215
1215
1225
1244
1263
1287
1315
1339
1372
1415
1453
1482
1482
1468
1444
1425
1411
1396
1377
1358
1353
1368
1401
1453
1506
1563
1630
1692
1740
1787
1835
1887
1925
1945
1959
1973
1983
1992
2006
2016
2030
2054
2088
2126
2178
2273
2359
2431
2488
2517
2488
2431
2374
2307
2250
2202
2140
2064
1964
1911
1878
1849
1830
1821
1811
1806
1806
1806
1806
1811
1811
1816
1816
1825
1835
1844
1849
1854
1859
1854
1849
1840
1830
1821
1811
1811
1816
1821
1821
1825
1825
1825
1825
1825
1830
1830
1830
1825
1821
1821
1821
1825
1830
1835
1840
1840
1844
1854
1863
1868
1873
1883
1892
1902
1911
1921
1925
1921
1916
1906
1902
1892
1883
1878
1868
1868
1863
1863
1859
1849
1835
1821
1806
1792
1782
1773
1763
1754
1749
1744
1730
1711
1692
1678
1673
1687
1711
1744
1782
1821
1883
1930
1940
1906
1868
1844
1825
1801
1782
1768
1759
1754
1744
1735
1725
1716
1711
1711
1711
1716
1716
1716
1716
1720
1716
1711
1706
1701
1697
1692
1687
1682
1668
1654
1635
1606
1554
1473
1554
1778
2197
2688
3170
3551
3761
3766
3584
3136
2612
2154
1825
1573
1473
1425
1396
1372
1353
1339
1325
1310
1291
1272
1258
1244
1239
1234
1229
1225
1229
1229
1225
1220
1215
1215
1215
1210
1210
1210
1210
1210
1206
1196
1187
1177
1167
1158
1148
1134
1115
1072
0986
0962
0943
0924
0910
0934
0986
1048
1129
1187
1272
1353
1401
1439
1453
1444
1415
1396
1382
1368
1353
1349
1358
1387
1420
1463
1511
1568
1620
1658
1701
1749
1806
1868
1935
1973
2002
2026
2049
2068
2083
2092
2092
2088
2083
2068
2049
2026
1997
1968
1945
1925
1906
1883
1859
1825
1797
1773
1749
1735
1716
1692
1673
1658
1639
1601
1563
1506
1444
1372
1325
1301
1282
1268
1253
1248
1253
1272
1301
1325
1349
1363
1372
1387
1401
1415
1430
1439
1449
1453
1453
1453
1453
1453
1453
1458
1463
1463
1463
1463
1468
1477
1482
1492
1496
1501
1511
1525
1549
1568
1582
1577
1563
1544
1525
1496
1449
1449
1492
1511
1525
1535
1544
1549
1549
1549
1549
1558
1568
1577
1582
1582
1582
1582
1587
1597
1611
1625
1711
1954
2273
2645
3050
3398
3580
3584
3437
3036
2536
2078
1754
1530
1415
1358
1325
1306
1296
1315
1353
1401
1439
1492
1539
1568
1592
1620
1649
1668
1639
1577
1549
1525
1496
1473
1453
1444
1430
1425
1415
1411
1401
1396
1392
1387
1382
1358
1363
1396
1430
1458
1449
1401
1368
1339
1320
1306
1301
1301
1310
1330
1353
1372
1387
1401
1415
1434
1453
1473
1492
1511
1530
1554
1582
1611
1644
1678
1716
1754
1797
1840
1883
1906
1940
2011
2092
2130
2149
2173
2197
2226
2254
2302
2354
2293
2240
2211
2183
2154
2126
2097
2078
2054
2030
2002
1968
1945
1911
1854
1797
1782
1773
1763
1759
1759
1759
1763
1768
1768
1773
1782
1792
1801
1816
1825
1835
1844
1854
1868
1887
1902
1911
1916
1916
1916
1916
1916
1916
1916
1911
1906
1902
1906
1911
1916
1916
1911
1897
1883
1863
1854
1844
1830
1821
1806
1801
1797
1797
1797
1797
1797
1797
1797
1801
1801
1801
1806
1806
1811
1821
1844
1844
1787
1763
1749
1735
1720
1706
1697
1682
1663
1649
1644
1630
1620
1611
1601
1597
1587
1568
1549
1539
1539
1549
1563
1582
1597
1606
1611
1625
1639
1644
1654
1658
1663
1668
1673
1678
1682
1692
1697
1706
1711
1716
1720
1725
1730
1735
1744
1749
1759
1768
1782
1792
1806
1821
1835
1844
1849
1859
1868
1883
1902
1940
1992
2026
2045
2002
1968
1949
1935
1921
1906
1897
1892
1883
1868
1849
1830
1811
1792
1773
1754
1735
1716
1697
1692
1701
1716
1740
1773
1887
2145
2469
2841
3222
3551
3732
3732
3546
3098
2593
2154
1787
1482
1334
1287
1330
1382
1420
1425
1396
1363
1334
1372
1401
1415
1425
1434
1439
1439
1439
1430
1420
1411
1392
1363
1306
1234
1210
1196
1182
1187
1210
1248
1291
1344
1363
1368
1377
1387
1344
1282
1229
1206
1191
1172
1163
1182
1220
1282
1368
1406
1430
1444
1453
1458
1468
1477
1487
1492
1501
1511
1520
1530
1544
1568
1597
1625
1658
1725
1840
1911
1954
1992
2030
2064
2083
2097
2121
2140
2154
2159
2154
2145
2126
2107
2088
2068
2040
2006
1968
1930
1902
1878
1849
1825
1801
1787
1782
1792
1806
1821
1835
1849
1887
1883
1830
1792
1759
1720
1673
1625
1597
1573
1549
1525
1511
1506
1511
1525
1539
1558
1573
1577
1582
1592
1601
1611
1620
1630
1639
1644
1654
1658
1668
1668
1668
1663
1663
1668
1673
1682
1697
1735
1792
1825
1844
1821
1797
1782
1768
1744
1720
1692
1639
1582
1563
1554
1544
1539
1544
1563
1597
1639
1716
1825
1906
1954
1902
1806
1692
1630
1592
1563
1549
1549
1554
1563
1568
1573
1573
1582
1587
1601
1625
1649
1673
1697
1725
1740
1735
1720
1701
1668
1639
1687
1840
2183
2636
3103
3480
3680
3746
3680
3456
3070
2607
2164
1778
1597
1544
1515
1492
1463
1439
1420
1392
1330
1210
1072
0962
0896
0853
0915
1010
1134
1215
1268
1296
1296
1268
1234
1215
1196
1172
1158
1144
1144
1148
1153
1153
1158
1163
1167
1182
1191
1191
1182
1167
1153
1134
1110
1091
1110
1148
1182
1225
1253
1272
1282
1296
1310
1320
1315
1301
1268
1296
1377
1415
1453
1482
1506
1558
1644
1725
1782
1844
1897
1940
1978
2016
2054
2092
2107
2083
2045
2030
2021
2016
2011
2006
2002
2002
1992
1987
1983
1973
1964
1959
1949
1945
1940
1930
1925
1916
1916
1906
1897
1887
1873
1863
1849
1835
1825
1811
1801
1787
1773
1768
1759
1754
1749
1749
1744
1735
1725
1706
1692
1673
1663
1649
1644
1639
1635
1635
1639
1644
1644
1649
1658
1663
1673
1682
1697
1711
1744
1778
1787
1778
1759
1740
1720
1701
1692
1692
1697
1706
1720
1730
1759
1773
1768
1754
1744
1735
1725
1725
1725
1730
1744
1763
1782
1801
1821
1844
1863
1878
1883
1878
1873
1854
1830
1797
1730
1606
1482
1406
1387
1368
1353
1415
1482
1525
1568
1616
1658
1687
1711
1735
1754
1768
1773
1778
1768
1749
1725
1697
1668
1644
1630
1606
1582
1558
1539
1520
1501
1487
1477
1473
1473
1473
1482
1492
1506
1520
1535
1554
1644
1863
2169
2555
2927
3065
3112
2998
2650
2169
1678
1291
1058
0920
0767
0672
0610
0638
0734
0786
0819
0829
0815
0786
0753
0734
0715
0705
0696
0686
0676
0672
0667
0667
0667
0662
0662
0662
0667
0667
0672
0667
0667
0662
0662
0662
0667
0672
0676
0676
0672
0662
0653
0648
0638
0629
0629
0657
0696
0729
0762
0805
0862
0929
0967
1001
1029
1053
1072
1086
1101
1120
1134
1144
1153
1167
1187
1234
1344
1444
1577
1673
1725
1763
1811
1849
1887
1921
1954
1987
2011
2030
2040
2049
2064
2078
2068
2016
1983
1964
1945
1921
1902
1883
1863
1844
1825
1806
1787
1768
1754
1735
1716
1692
1668
1649
1635
1620
1606
1592
1582
1573
1558
1544
1535
1530
1530
1539
1554
1577
1597
1620
1635
1649
1668
1678
1692
1701
1706
1711
1716
1720
1720
1711
1706
1701
1697
1692
1687
1678
1668
1649
1644
1678
1749
1792
1825
1854
1878
1902
1916
1925
1921
1911
1887
1863
1835
1806
1768
1692
1639
1592
1554
1515
1487
1468
1477
1501
1525
1549
1577
1601
1620
1625
1620
1606
1592
1582
1577
1568
1554
1544
1539
1535
1530
1535
1544
1554
1568
1577
1592
1601
1611
1616
1620
1625
1625
1625
1625
1630
1630
1635
1635
1630
1625
1625
1625
1625
1625
1625
1625
1625
1625
1625
1625
1620
1620
1620
1620
1616
1611
1611
1611
1611
1620
1635
1644
1649
1654
1658
1658
1663
1673
1678
1682
1687
1697
1711
1730
1749
1763
1768
1768
1759
1744
1735
1720
1711
1697
1682
1663
1649
1644
1639
1635
1635
1630
1635
1644
1654
1673
1687
1701
1711
1720
1735
1749
1763
1773
1782
1787
1797
1811
1821
1835
1849
1854
1859
1868
1878
1897
1916
1940
1997
2126
2335
2626
2998
3375
3603
3675
3589
3332
2865
2326
1878
1706
1649
1620
1606
1620
1649
1692
1735
1801
1835
1797
1711
1620
1520
1501
1487
1473
1468
1515
1587
1616
1635
1644
1654
1658
1663
1668
1678
1682
1687
1697
1711
1720
1725
1730
1735
1740
1744
1749
1754
1759
1768
1787
1840
1883
1906
1921
1954
1987
1921
1878
1854
1835
1816
1801
1801
1821
1859
1902
1945
1987
2040
2097
2154
2197
2231
2269
2321
2407
2483
2521
2545
2564
2579
2588
2593
2602
2602
2602
2593
2574
2559
2540
2517
2493
2459
2393
2335
2283
2259
2245
2235
2221
2211
2207
2197
2188
2183
2173
2164
2149
2140
2135
2135
2135
2126
2121
2111
2097
2088
2068
2054
2040
2021
2006
1992
1978
1968
1949
1940
1925
1911
1883
1854
1840
1854
1883
1911
1930
1949
1964
1978
1992
2006
2016
2026
2026
2026
2016
2006
1992
1978
1954
1930
1883
1830
1773
1706
1630
1554
1458
1306
1172
1091
1039
0996
0953
0910
0886
0886
0886
0886
0881
0872
0867
0867
0867
0867
0867
0867
0872
0886
0910
0939
0962
0986
1015
1072
1134
