2672
2667
2664
2664
2666
2669
2682
2699
2705
2705
2699
2695
2691
2688
2689
2692
2698
2707
2720
2733
2748
2766
2784
2795
2800
2804
2807
2808
2809
2810
2813
2808
2792
2783
2789
2805
2829
2836
2842
2846
2851
2863
2888
2909
2915
2920
2927
2934
2945
2956
2949
2937
2929
2923
2929
2942
2948
2953
2956
2959
2968
2997
3029
3039
3041
3042
3043
3045
3046
3048
3052
3057
3046
3029
3017
3012
3008
3012
3017
3021
3012
2999
2989
2983
2976
2968
2955
2931
2917
2905
2896
2886
2876
2867
2861
2856
2853
2851
2847
2844
2841
2838
2836
2833
2831
2830
2832
2835
2839
2846
2856
2861
2863
2866
2867
2869
2869
2868
2866
2863
2861
2857
2851
2850
2855
2858
2861
2863
2865
2867
2871
2877
2883
2874
2849
2817
2808
2805
2805
2805
2805
2805
2806
2810
2815
2825
2838
2845
2849
2851
2852
2852
2852
2851
2848
2844
2828
2806
2783
2775
2775
2780
2783
2785
2787
2789
2791
2793
2795
2796
2798
2801
2803
2806
2810
2813
2819
2819
2810
2803
2796
2790
2783
2777
2772
2768
2764
2760
2755
2749
2744
2735
2725
2724
2730
2734
2739
2742
2746
2748
2751
2755
2761
2761
2753
2741
2726
2716
2711
2705
2698
2686
2674
2665
2665
2686
2720
2760
2806
2853
2881
2891
2891
2884
2862
2828
2789
2751
2714
2680
2656
2648
2652
2667
2689
2703
2712
2715
2719
2721
2722
2722
2721
2720
2718
2716
2714
2712
2710
2708
2705
2703
2700
2696
2693
2687
2685
2690
2698
2707
2715
2722
2727
2736
2748
2753
2755
2758
2759
2760
2760
2759
2757
2754
2750
2746
2741
2733
2729
2731
2739
2760
2782
2789
2796
2802
2814
2823
2826
2827
2828
2827
2824
2822
2820
2818
2815
2810
2800
2789
2780
2776
2783
2797
2810
2815
2818
2820
2820
2819
2817
2813
2808
2794
2783
2778
2774
2772
2770
2768
2766
2763
2761
2754
2742
2732
2728
2724
2719
2715
2706
2692
2685
2682
2680
2679
2678
2676
2674
2672
2670
2669
2667
2666
2664
2658
2642
2631
2624
2620
2620
2623
2628
2630
2633
2635
2640
2645
2651
2656
2661
2664
2667
2670
2672
2674
2676
2678
2680
2682
2684
2686
2689
2692
2697
2707
2723
2748
2770
2783
2803
2824
2849
2878
2888
2894
2890
2879
2874
2870
2865
2861
2857
2854
2852
2848
2844
2840
2835
2830
2823
2816
2810
2800
2789
2780
2775
2785
2801
2812
2815
2817
2809
2798
2789
2784
2778
2766
2753
2745
2744
2747
2756
2781
2809
2830
2839
2848
2862
2877
2889
2896
2889
2878
2863
2853
2848
2846
2843
2840
2838
2835
2831
2825
2813
2800
2785
2767
2750
2734
2722
2718
2716
2714
2710
2704
2696
2681
2666
2661
2657
2654
2650
2646
2637
2629
2639
2654
2672
2690
2707
2734
2770
2810
2844
2856
2852
2839
2805
2763
2719
2680
2644
2611
2585
2576
2574
2572
2572
2571
2570
2570
2571
2573
2575
2579
2585
2598
2608
2613
2620
2626
2638
2652
2662
2671
2680
2692
2708
2719
2725
2730
2736
2742
2752
2764
2769
2771
2773
2777
2781
2787
2795
2805
2806
2797
2792
2788
2784
2782
2783
2784
2786
2790
2794
2803
2819
2834
2844
2846
2847
2848
2838
2821
2807
2797
2790
2780
2773
2766
2762
2761
2764
2771
2780
2798
2819
2834
2843
2849
2859
2883
2916
2953
2978
2978
2954
2899
2845
2829
2823
2823
2829
2834
2838
2841
2842
2840
2836
2832
2829
2825
2820
2813
2805
2795
2783
2780
2780
2780
2780
2780
2783
2788
2794
2800
2799
2791
2783
2776
2769
2764
2754
2739
2729
2723
2719
2715
2713
2711
2707
2702
2710
2724
2740
2751
2758
2762
2759
2752
2744
2730
2709
2686
2674
2667
2664
2661
2660
2660
2662
2666
2679
2699
2721
2729
2723
2713
2705
2702
2699
2700
2708
2718
2733
2744
2750
2752
2749
2742
2719
2694
2683
2679
2675
2674
2676
2681
2690
2703
2709
2712
2714
2716
2717
2717
2717
2717
2716
2713
2709
2694
2669
2658
2654
2652
2649
2644
2638
2633
2629
2624
2620
2616
2611
2592
2562
2552
2545
2539
2530
2515
2494
2477
2461
2445
2436
2431
2428
2427
2429
2431
2436
2449
2474
2488
2498
2504
2508
2512
2514
2517
2520
2522
2525
2529
2534
2545
2556
2564
2572
2586
2613
2653
2709
2782
2879
2976
3017
3012
2944
2835
2730
2656
2635
2637
2651
2659
2653
2636
2600
2573
2572
2591
2630
2663
2678
2683
2683
2678
2669
2658
2649
2646
2642
2638
2633
2626
2614
2605
2596
2591
2588
2588
2596
2616
2638
2652
2657
2660
2661
2661
2658
2653
2640
2614
2601
2597
2601
2614
2630
2634
2636
2639
2642
2644
2646
2649
2652
2655
2658
2660
2662
2665
2669
2669
2664
2656
2645
2633
2627
2632
2641
2651
2660
2666
2672
2680
2689
2704
2723
2729
2726
2716
2701
2689
2685
2682
2679
2675
2671
2670
2668
2670
2682
2695
2703
2708
2711
2713
2715
2717
2719
2722
2722
2716
2710
2704
2704
2710
2718
2727
2741
2762
2793
2817
2834
2848
2861
2877
2898
2925
2952
2977
3003
3037
3080
3129
3172
3206
3230
3237
3240
3240
3235
3231
3228
3226
3224
3223
3222
3222
3221
3220
3219
3219
3221
3223
3230
3247
3270
3297
3325
3351
3377
3402
3428
3448
3455
3448
3427
3381
3336
3320
3312
3298
3264
3229
3196
3169
3149
3137
3130
3126
3124
3122
3120
3118
3115
3108
3100
3095
3090
3083
3074
3057
3043
3039
3042
3045
3047
3049
3051
3054
3062
3077
3084
3088
3090
3092
3093
3093
3092
3090
3088
3079
3065
3052
3037
3015
2991
2973
2959
2946
2931
2916
2912
2909
2906
2904
2901
2898
2896
2898
2903
2908
2913
2906
2883
2860
2845
2838
2833
2830
2833
2841
2852
2867
2883
2889
2886
2875
2850
2823
2796
2770
2757
2752
2760
2764
2767
2769
2771
2772
2774
2775
2775
2776
2777
2778
2783
2797
2818
2832
2838
2839
2835
2831
2826
2817
2808
2800
2798
2796
2795
2794
2791
2788
2779
2761
2751
2735
2709
2673
2640
2616
2596
2582
2577
2573
2570
2566
2571
2585
2594
2596
2598
2598
2597
2596
2592
2587
2578
2562
2544
2529
2514
2495
2468
2439
2413
2400
2396
2394
2392
2392
2392
2393
2396
2398
2403
2404
2391
2368
2347
2339
2342
2348
2364
2377
2380
2386
2394
2417
2455
2489
2514
2531
2541
2548
2559
2582
2616
2648
2664
2670
2674
2678
2681
2685
2691
2697
2703
2703
2700
2695
2691
2696
2713
2723
2726
2719
2709
2701
2707
2726
2763
2798
2825
2845
2862
2872
2875
2871
2863
2854
2837
2814
2807
2804
2811
2828
2843
2847
2850
2852
2854
2859
2867
2871
2873
2875
2876
2878
2879
2880
2883
2895
2924
2944
2944
2921
2870
2814
2782
2779
2800
2832
2850
2856
2853
2846
2840
2837
2834
2841
2850
2857
2859
2860
2861
2861
2862
2863
2865
2867
2869
2871
2873
2874
2876
2877
2878
2881
2889
2904
2922
2931
2934
2930
2917
2899
2888
2884
2884
2887
2892
2897
2908
2922
2940
2955
2960
2960
2953
2942
2935
2933
2936
2942
2946
2946
2944
2942
2939
2943
2948
2952
2946
2927
2900
2877
2859
2844
2838
2835
2834
2834
2840
2857
2885
2917
2930
2929
2920
2914
2910
2908
2913
2930
2948
2972
3009
3058
3104
3122
3121
3099
3060
3013
2958
2891
2823
2782
2769
2776
2795
2824
2851
2866
2871
2867
2861
2857
2863
2873
2880
2871
2843
2807
2778
2753
2733
2727
2726
2725
2725
2724
2724
2725
2728
2730
2733
2736
2738
2741
2743
2746
2750
2759
2766
2771
2770
2763
2752
2739
2723
2711
2701
2692
2675
2660
2659
2672
2698
2707
2711
2713
2716
2724
2746
2769
2777
2768
2762
2758
2755
2752
2751
2751
2753
2756
2760
2776
2796
2803
2803
2799
2791
2786
2785
2785
2784
2784
2785
2787
2789
2792
2794
2796
2794
2790
2777
2758
2739
2727
2722
2717
2712
2704
2690
2673
2662
2659
2656
2652
2648
2635
2626
2622
2623
2628
2632
2635
2639
2642
2645
2650
2655
2652
2645
2630
2622
2609
2594
2576
2563
2560
2560
2561
2562
2563
2564
2564
2564
2563
2561
2558
2554
2549
2551
2558
2578
2586
2588
2582
2572
2561
2550
2541
2534
2527
2521
2514
2508
2501
2495
2491
2494
2503
2514
2517
2513
2504
2496
2493
2489
2485
2474
2453
2442
2439
2442
2452
2469
2484
2492
2498
2506
2521
2542
2554
2557
2559
2561
2563
2564
2565
2568
2572
2580
2587
2595
2606
2626
2648
2669
2688
2703
2709
2711
2716
2734
2760
2786
2793
2791
2773
2752
2739
2734
2730
2728
2719
2704
2699
2704
2719
2737
2743
2739
2726
2708
2699
2689
2678
2660
2640
2630
2626
2631
2646
2665
2682
2688
2690
2691
2694
2702
2726
2794
2893
2998
3057
3058
3005
2904
2797
2713
2676
2664
2670
2679
2685
2683
2680
2677
2681
2696
2708
2713
2714
2713
2711
2701
2688
2674
2662
2659
2663
2676
2691
2704
2723
2750
2786
2819
2837
2843
2837
2828
2821
2824
2830
2829
2818
2811
2809
2807
2806
2805
2803
2796
2781
2764
2757
2759
2771
2781
2792
2798
2799
2800
2801
2802
2804
2806
2805
2796
2796
2806
2829
2857
2883
2898
2903
2900
2897
2895
2892
2889
2879
2867
2863
2861
2863
2868
2882
2901
2912
2922
2933
2952
2972
2981
2986
2990
2989
2983
2977
2970
2969
2971
2972
2973
2973
2974
2973
2972
2970
2967
2959
2942
2925
2920
2915
2911
2897
2881
2876
2873
2870
2868
2866
2858
2840
2823
2813
2804
2798
2794
2790
2786
2787
2794
2804
2817
2830
2840
2845
2848
2843
2838
2835
2832
2829
2827
2816
2796
2773
2760
2756
2753
2752
2752
2752
2755
2759
2763
2774
2783
2785
2783
2766
2749
2738
2733
2730
2729
2728
2727
2725
2723
2720
2714
2706
2700
2697
2702
2710
2714
2708
2698
2691
2686
2688
2705
2733
2756
2765
2766
2763
2759
2762
2775
2786
2793
2797
2799
2798
2794
2789
2784
2790
2806
2827
2846
2853
2857
2860
2853
2848
2846
2844
2842
2840
2838
2837
2835
2831
2825
2818
2798
2779
2772
2771
2773
2776
2778
2770
2758
2747
2739
2735
2731
2727
2724
2720
2721
2728
2738
2749
2767
2796
2844
2913
2993
3062
3094
3092
3048
2966
2878
2809
2766
2757
2760
2783
2799
2805
2796
2770
2734
2695
2660
2645
2640
2646
2661
2674
2678
2680
2678
2675
2672
2671
2670
2669
2668
2667
2664
2662
2659
2656
2653
2651
2648
2646
2644
2642
2639
2635
2629
2624
2612
2594
2574
2566
2567
2573
2580
2586
2591
2596
2605
2613
2618
2617
2610
2602
2594
2587
2579
2565
2549
2537
2531
2527
2528
2535
2556
2586
2613
2624
2635
2658
2709
2767
2798
2799
2778
2742
2723
2717
2725
2747
2769
2785
2789
2792
2795
2797
2801
2807
2818
2827
2833
2839
2853
2866
2870
2863
2846
2829
2823
2820
2818
2816
2811
2797
2793
2803
2816
2826
2822
2812
2793
2783
2780
2786
2797
2806
2809
2812
2813
2813
2813
2810
2807
2802
2797
2795
2797
2807
2813
2813
2804
2796
2786
2784
2787
2790
2793
2798
2807
2813
2818
2822
2826
2829
2832
2837
2856
2886
2919
2947
2962
2962
2945
2910
2877
2853
2832
2817
2812
2816
2829
2850
2877
2903
2913
2916
2912
2907
2904
2903
2902
2902
2901
2905
2914
2927
2944
2949
2951
2946
2929
2919
2916
2913
2911
2908
2904
2900
2906
2916
2926
2932
2938
2946
2961
2982
3004
3017
3022
3020
3013
3002
2988
2975
2970
2970
2972
2979
2992
3007
3021
3036
3046
3051
3055
3059
3066
3071
3074
3076
3076
3074
3071
3062
3049
3045
3055
3083
3147
3236
3334
3420
3458
3431
3342
3208
3066
2964
2909
2896
2897
2912
2931
2954
2977
2984
2982
2960
2936
2919
2907
2894
2875
2852
2840
2836
2833
2831
2825
2812
2800
2797
2801
2811
2820
2823
2827
2830
2841
2855
2863
2868
2872
2867
2852
2829
2813
2805
2791
2769
2751
2739
2728
2722
2720
2723
2729
2729
2725
2727
2742
2753
2757
2758
2757
2756
2753
2750
2748
2741
2722
2700
2694
2695
2707
2718
2722
2725
2732
2743
2754
2763
2765
2760
2744
2729
2724
2722
2720
2719
2718
2716
2715
2715
2719
2725
2730
2726
2716
2708
2709
2715
2719
2715
2704
2687
2677
2673
2668
2657
2641
2626
2612
2605
2601
2598
2592
2587
2583
2580
2577
2574
2571
2568
2565
2564
2564
2565
2566
2569
2573
2577
2579
2580
2573
2565
2560
2556
2553
2545
2532
2524
2521
2524
2526
2529
2529
2528
2526
2527
2538
2549
2557
2563
2565
2568
2568
2567
2566
2563
2559
2555
2552
2553
2565
2582
2597
2610
2622
2634
2648
2663
2667
2669
2668
2659
2648
2645
2646
2649
2658
2668
2681
2687
2691
2693
2696
2699
2701
2704
2706
2708
2710
2713
2725
2744
2761
2771
2774
2771
2762
2749
2735
2729
2727
2726
2726
2726
2728
2729
2730
2733
2733
2730
2725
2717
2712
2709
2707
2705
2703
2701
2695
2688
2684
2683
2685
2697
2713
2730
2753
2786
2835
2901
2966
2995
2992
2947
2866
2780
2714
2689
2700
2731
2763
2779
2785
2785
2781
2775
2768
2764
2762
2760
2760
2761
2763
2765
2770
2779
2791
2795
2793
2787
2787
2794
2808
2813
2807
2791
2777
2773
2776
2781
2784
2781
2775
2774
2781
2801
2814
2815
2805
2785
2778
2775
2772
2768
2765
2762
2762
2765
2775
2787
2791
2788
2783
2780
2783
2789
2793
2795
2796
2795
2794
2793
2792
2792
2794
2796
2799
2804
2815
2829
2841
2847
2851
2854
2854
2848
2833
2825
2823
2827
2830
2833
2836
2839
2846
2862
2871
2875
2868
2858
2847
2839
2831
2819
2804
2791
2787
2783
2779
2772
2765
2760
2772
2797
2826
2846
2852
2849
2843
2829
2812
2798
2794
2798
2807
2807
2800
2796
2801
2820
2834
2839
2842
2844
2850
2867
2884
2897
2906
2916
2924
2929
2932
2934
2933
2930
2925
2921
2915
2912
2913
2916
2920
2923
2920
2916
2914
2917
2923
2927
2922
2909
2892
2877
2872
2868
2866
2863
2857
2850
2842
2837
2835
2834
2832
2830
2829
2829
2827
2824
2825
2837
2842
2844
2843
2839
2838
2837
2835
2834
2832
2827
2815
2811
2811
2814
2817
2820
2821
2820
2817
2815
2812
2809
2805
2798
2790
2779
2765
2761
2766
2783
2793
2796
2794
2791
2790
2788
2787
2785
2782
2777
2776
2786
2813
2840
2853
2859
2860
2859
2857
2852
2851
2861
2888
2932
2992
3052
3098
3129
3144
3144
3127
3066
2981
2885
2800
2753
2749
2770
2814
2853
2870
2871
2862
2848
2834
2818
2811
2806
2803
2801
2798
2796
2794
2791
2788
2782
2777
2773
2771
2768
2764
2752
2737
2731
2735
2746
2759
2760
2750
2737
2732
2730
2727
2719
2704
2688
2682
2680
2679
2674
2662
2646
2630
2624
2622
2621
2620
2622
2626
2635
2653
2658
2659
2656
2641
2629
2625
2623
2621
2620
2619
2617
2621
2634
2647
2651
2648
2644
2640
2646
2650
2654
2657
2659
2660
2665
2680
2690
2694
2689
2683
2679
2684
2694
2696
2688
2679
2675
2674
2674
2675
2677
2676
2666
2654
2649
2645
2641
2633
2624
2616
2608
2601
2594
2595
2607
2625
2643
2650
2652
2654
2655
2656
2656
2655
2653
2651
2647
2644
2638
2637
2642
2653
2666
2670
2673
2677
2681
2696
2721
2737
2742
2745
2746
2748
2749
2750
2751
2752
2753
2752
2750
2748
2743
2736
2732
2730
2729
2730
2731
2737
2751
2771
2789
2800
2805
2805
2801
2789
2765
2734
2705
2695
2696
2710
2733
2752
2768
2783
2788
2781
2769
2763
2761
2763
2770
2774
2774
2772
2771
2769
2768
2770
2777
2794
2816
2832
2845
2852
2860
2867
2872
2875
2869
2849
2828
2813
2808
2805
2802
2798
2791
2784
2778
2773
2770
2770
2774
2779
2786
2792
2797
2807
2821
2835
2839
2836
2827
2804
2786
2780
2776
2776
2787
2814
2860
2923
3001
3081
3144
3175
3164
3105
3012
2910
2827
2777
2762
2777
2807
2824
2825
2812
2790
2779
2779
2793
2814
2820
2821
2823
2822
2816
2807
2796
2784
2775
2769
2764
2763
2760
2762
2771
2778
2784
2788
2792
2795
2796
2798
2800
2803
2799
2788
2773
2754
2737
2718
2709
2696
2680
2658
2643
2638
2645
2665
2688
2696
2699
2703
2717
2740
2761
2767
2763
2750
2736
2732
2730
2725
2720
2716
2712
2708
2705
2701
2696
2693
2689
2683
2675
2674
2679
2687
2697
2705
2711
2714
2722
2735
2739
2736
2732
2728
2724
2714
2701
2686
2666
2641
2622
2615
2619
2623
2626
2629
2631
2641
2653
2662
2665
2665
2660
2644
2633
2629
2624
2621
2619
2617
2617
2619
2622
2632
2643
2646
2648
2648
2647
2644
2636
2629
2626
2625
2627
2631
2643
2661
2666
2667
2668
2667
2663
2655
2646
2639
2634
2634
2638
2648
2665
2668
2668
2669
2669
2670
2676
2690
2716
2746
2766
2772
2769
2759
2741
2729
2730
2749
2765
2771
2771
2767
2755
2737
2720
2712
2709
2712
2720
2730
2733
2736
2739
2748
2756
2758
2760
2761
2763
2764
2767
2771
2775
2770
2764
2760
2758
2759
2762
2766
2773
2778
2780
2781
2779
2774
2765
2758
2755
2753
2749
2745
2744
2752
2765
2771
2775
2777
2772
2765
2760
2765
2771
2776
2776
2774
2772
2770
2769
2767
2765
2762
2763
2779
2813
2857
2898
2930
2952
2955
2948
2913
2856
2793
2742
2725
2720
2722
2725
2720
2690
2653
2635
2637
2663
2698
2718
2725
2729
2730
2733
2737
2744
2753
2760
2763
2763
2750
2741
2737
2735
2735
2735
2736
2739
2745
2759
2764
2764
2759
2753
2748
2755
2775
2791
2790
2780
2774
2781
2801
2815
2819
2823
2826
2830
2843
2861
2875
2875
2864
2847
2839
2830
2822
2810
2796
2777
2755
2737
2731
2736
2741
2743
2746
2748
2749
2751
2760
2771
2769
2752
2724
2707
2701
2703
2708
2707
2699
2695
2695
2700
2714
2720
2722
2724
2728
2732
2738
2744
2742
2737
2726
2720
2716
2713
2718
2725
2730
2734
2737
2746
2756
2759
2761
2763
2764
2769
2784
2808
2831
2844
2848
2854
2867
2880
2886
2890
2895
2904
2924
2956
2992
3023
3046
3062
3073
3077
3077
3073
3070
3066
3066
3067
3069
3067
3051
3029
2996
2954
2915
2901
2902
2920
2957
2996
3026
3049
3061
3050
3030
3020
3016
3014
3012
3009
3005
2998
2992
2986
2976
2956
2932
2917
2913
2910
2909
2909
2910
2911
2914
2930
2950
2958
2961
2958
2953
2954
2960
2963
2963
2959
2955
2951
2948
2948
2949
2951
2958
2970
2987
2999
3003
3006
3010
3014
3020
3026
3024
3018
3000
2984
2972
2960
2954
2945
2932
2924
2925
2936
2949
2954
2954
2951
2943
2930
2911
2891
2876
2861
2845
2832
2826
2822
2820
2823
2830
2855
2893
2941
2994
3047
3095
3126
3134
3129
3089
3009
2913
2824
2758
2730
2745
2797
2855
2893
2896
2880
2846
2825
2818
2824
2843
2855
2859
2854
2840
2826
2813
2807
2800
2791
2781
2775
2779
2784
2791
2796
2797
2800
2803
2806
2811
2816
2814
2807
2788
2769
2756
2751
2747
2743
2738
2734
2731
2729
2726
2724
2721
2721
2727
2732
2736
2740
2743
2746
2750
2753
2751
2747
2726
2713
2707
2706
2707
2708
2709
2705
2697
2689
2675
2652
2630
2612
2607
2606
2609
2627
2651
2678
2702
2713
2717
2713
2704
2697
2690
2680
2661
2638
2609
2581
2558
2531
2504
2479
2454
2444
2446
2467
2495
2515
2522
2517
2510
2503
2496
2489
2480
2473
2466
2456
2438
2414
2387
2364
2348
2334
2319
2309
2305
2308
2316
2327
2334
2342
2350
2366
2391
2418
2428
2431
2433
2433
2432
2430
2421
2403
2392
2388
2391
2402
2415
2426
2431
2440
2457
2481
2493
2496
2496
2493
2496
2508
2516
2520
2524
2528
2533
2541
2553
2559
2561
2560
2553
2547
2543
2537
2530
2527
2525
2524
2525
2529
2540
2557
2575
2590
2603
2618
2642
2678
2727
2772
2810
2850
2889
2926
2951
2952
2937
2902
2868
2853
2852
2865
2895
2923
2941
2947
2942
2933
2927
2924
2926
2933
2938
2940
2942
2947
2959
2967
2970
2966
2961
2954
2948
2944
2940
2936
2925
2903
2880
2868
2864
2867
2871
2874
2872
2869
2867
2872
2887
2904
2912
2918
2926
2942
2962
2971
2971
2961
2950
2950
2964
3006
3067
3141
3208
3246
3236
3175
3089
3015
2970
2958
2952
2947
2933
2897
2872
2869
2880
2894
2895
2885
2861
2844
2844
2859
2872
2873
2864
2850
2844
2840
2834
2821
2804
2802
2807
2835
2858
2862
2854
2838
2831
2832
2845
2854
2854
2844
2833
2829
2827
2820
2805
2786
2774
2773
2780
2801
2818
2825
2827
2823
2811
2798
2787
2782
2778
2773
2769
2772
2781
2806
2834
2859
2871
2875
2870
2856
2843
2837
2833
2821
2803
2785
2781
2781
2780
2783
2791
2801
2813
2819
2825
2831
2835
2838
2839
2838
2834
2825
2801
2773
2749
2733
2719
2706
2700
2700
2704
2713
2731
2746
2750
2752
2754
2760
2747
2710
2663
2623
2596
2581
2572
2574
2591
2630
2662
2670
2669
2656
2629
2600
2585
2584
2594
2614
2635
2651
2664
2677
2685
2688
2683
2668
2651
2646
2646
2645
2648
2651
2652
2655
2657
2665
2676
2681
2683
2685
2686
2684
2679
2675
2669
2669
2673
2680
2687
2697
2710
2730
2755
2778
2786
2789
2782
2772
2763
2760
2757
2756
2755
2756
2757
2759
2766
2780
2795
2800
2797
2795
2793
2791
2788
2778
2767
2752
2733
2725
2727
2744
2753
2753
2748
2746
2746
2748
2756
2767
2771
2774
2778
2784
2799
2815
2820
2817
2808
2794
2780
2774
2771
2769
2768
2764
2760
2754
2748
2750
2761
2773
2780
2790
2804
2817
2833
2856
2885
2912
2929
2942
2949
2952
2948
2935
2924
2925
2936
2957
2989
3032
3080
3126
3168
3202
3215
3205
3177
3140
3106
3081
3079
3087
3126
3182
3248
3317
3390
3463
3534
3597
3645
3670
3679
3675
3663
3642
3627
3627
3644
3677
3710
3728
3728
3709
3672
3628
3574
3513
3450
3390
3338
3298
3270
3250
3231
3205
3176
3149
3124
3099
3070
3032
2991
2955
2936
2929
2925
2921
2908
2887
2871
2864
2859
2854
2845
2830
2810
2788
2773
2766
2758
2747
2743
2741
2738
2735
2729
2725
2723
2722
2720
2718
2717
2713
2710
2713
2721
2740
2748
2750
2746
2733
2720
2702
2683
2671
2659
2643
2625
2613
2608
2606
2607
2609
2611
2613
2606
2599
2595
2591
2590
2588
2585
2580
2576
2576
2586
2605
2618
2623
2626
2628
2628
2630
2631
2633
2635
2639
2647
2655
2659
2663
2666
2669
2672
2676
2679
2681
2683
2690
2704
2719
2733
2735
2727
2705
2683
2667
2653
2645
2642
2647
2655
2662
2667
2674
2680
2684
2684
2678
2663
2647
2642
2640
2638
2635
2629
2607
2591
2586
2591
2599
2608
2613
2618
2621
2630
2642
2657
2665
2668
2670
2672
2675
2681
2690
2701
2709
2712
2713
2714
2715
2717
2719
2723
2735
2755
2767
2770
2773
2774
2773
2773
2772
2771
2768
2749
2724
2699
2680
2664
2649
2637
2623
2605
2583
2561
2543
2535
2533
2532
2532
2533
2537
2546
2561
2580
2592
2596
2594
2587
2573
2558
2540
2527
2523
2527
2539
2553
2566
2581
2597
2612
2625
2638
2645
2646
2644
2640
2638
2637
2638
2643
2656
2687
2723
2763
2808
2851
2882
2892
2890
2869
2825
2764
2701
2654
2634
2633
2651
2679
2698
2706
2708
2702
2683
2666
2668
2694
2731
2757
2761
2754
2730
2706
2681
2656
2636
2625
2621
2621
2624
2634
2648
2668
2688
2712
2734
2753
2766
2772
2776
2779
2776
2765
2753
2746
2742
2738
2736
2736
2736
2738
2740
2748
2758
2761
2763
2765
2767
2771
2784
2810
2834
2846
2852
2856
2866
2884
2898
2899
2888
2872
2866
2866
2869
2873
2873
2860
2847
2843
2848
2863
2873
2876
2879
2882
2887
2895
2908
2924
2930
2935
2940
2948
2962
2973
2978
2979
2977
2974
2963
2948
2933
2918
2904
2890
2881
2876
2872
2872
2875
2884
2895
2898
2900
2901
2901
2899
2897
2894
2882
2867
2861
2858
2857
2855
2855
2856
2860
2864
2869
2877
2877
2873
2867
2859
2850
2841
2826
2806
2783
2763
2754
2747
2740
2725
2711
2702
2689
2673
2657
2651
2654
2662
2676
2685
2693
2699
2705
2713
2718
2715
2709
2690
2683
2680
2684
2688
2690
2692
2694
2696
2699
2701
2704
2707
2710
2713
2726
2753
2779
2796
2801
2803
2802
2799
2790
2773
2743
2704
2680
2671
2670
2673
2678
2686
2695
2705
2716
2726
2734
2735
2725
2713
2709
2707
2707
2710
2714
2721
2730
2746
2762
2780
2790
2794
2794
2791
2787
2782
2777
2762
2744
2732
2729
2727
2725
2723
2720
2712
2694
2677
2667
2660
2654
2648
2643
2638
2631
2623
2613
2596
2575
2551
2548
2558
2606
2682
2764
2831
2855
2853
2820
2766
2703
2636
2576
2532
2522
2525
2546
2564
2581
2587
2580
2556
2526
2506
2499
2502
2513
2532
2552
2563
2567
2567
2561
2546
2530
2524
2522
2521
2526
2530
2532
2534
2535
2534
2532
2530
2520
2506
2498
2490
2490
2503
2525
2544
2563
2579
2592
2608
2628
2652
2680
2704
2713
2716
2720
2726
2731
2735
2736
2735
2731
2725
2716
2711
2707
2705
2707
2712
2726
2745
2750
2753
2755
2756
2759
2759
2748
2730
2714
2709
2706
2710
2720
2726
2730
2731
2733
2733
2734
2735
2738
2741
2746
2752
2760
2762
2764
2766
2760
2750
2740
2724
2702
2676
2657
2649
2649
2653
2665
2683
2699
2714
2732
2752
2763
2781
2807
2845
2888
2926
2937
2940
2946
2954
2981
3032
3061
3069
3075
3078
3080
3082
3084
3095
3116
3134
3142
3146
3148
3148
3146
3140
3126
3099
3067
3034
3002
2974
2949
2940
2935
2932
2931
2933
2937
2941
2946
2946
2940
2932
2922
2912
2902
2894
2885
2868
2845
2818
2794
2775
2755
2747
2742
2738
2738
2745
2760
2780
2807
2837
2859
2871
2883
2896
2911
2919
2924
2921
2900
2874
2848
2829
2817
2808
2802
2803
2812
2835
2873
2914
2950
2974
2988
3000
3007
3005
3003
2997
2985
2976
2964
2948
2941
2935
2929
2923
2923
2935
2953
2970
2990
3013
3036
3041
3041
3042
3039
3033
3057
3116
3197
3272
3312
3298
3224
3113
3007
2950
2944
2964
3004
3021
3019
2994
2965
2953
2949
2955
2965
2974
2980
2985
2993
2998
3003
3007
3010
3013
3016
3020
3020
3015
3009
3003
2999
3003
3013
3019
3020
3018
3016
3014
3017
3023
3026
3021
3004
2985
2976
2968
2961
2951
2930
2904
2881
2863
2847
2836
2822
2812
2807
2805
2804
2802
2800
2798
2796
2793
2785
2773
2759
2751
2747
2748
2758
2773
2777
2779
2782
2784
2794
2809
2825
2830
2833
2835
2836
2842
2856
2861
2857
2846
2821
2796
2789
2786
2781
2775
2755
2732
2725
2723
2722
2722
2720
2719
2718
2717
2716
2714
2713
2709
2699
2683
2669
2665
2661
2658
2656
2646
2626
2608
2598
2590
2581
2571
2565
2563
2562
2566
2572
2580
2590
2600
2607
2612
2614
2611
2606
2599
2593
2589
2587
2585
2583
2581
2578
2573
2569
2568
2570
2572
2574
2577
2579
2586
2606
2634
2662
2668
2671
2672
2672
2672
2671
2670
2669
2665
2660
2650
2632
2605
2589
2591
2616
2650
2679
2691
2696
2696
2692
2682
2662
2652
2654
2671
2702
2738
2762
2771
2771
2769
2767
2765
2763
2763
2764
2766
2768
2774
2774
2763
2746
2729
2724
2730
2737
2742
2738
2733
2729
2725
2722
2716
2708
2700
2693
2689
2685
2680
2666
2654
2649
2647
2646
2646
2647
2648
2651
2660
2686
2709
2712
2699
2681
2675
2671
2668
2666
2663
2664
2674
2702
2755
2819
2888
2960
3030
3070
3052
2968
2842
2708
2603
2556
2572
2630
2699
2759
2799
2819
2826
2822
2811
2790
2764
2728
2684
2642
2621
2613
2622
2649
2679
2703
2722
2731
2738
2743
2743
2736
2727
2721
2717
2720
2728
2730
2732
2734
2736
2738
2740
2743
2750
2752
2736
2721
2714
2708
2702
2698
2694
2690
2686
2683
2680
2677
2675
2671
2664
2654
2640
2621
2607
2602
2609
2619
2632
2646
2659
2671
2683
2691
2696
2698
2697
2694
2691
2687
2687
2695
2706
2721
2736
2750
2762
2772
2785
2799
2814
2828
2832
2837
2841
2844
2847
2852
2853
2842
2822
2799
2780
2771
2764
2759
2757
2754
2754
2763
2777
2783
2787
2789
2790
2790
2789
2787
2782
2767
2749
2740
2737
2735
2734
2734
2736
2740
2750
2772
2787
2792
2795
2796
2796
2796
2795
2793
2791
2789
2788
2787
2787
2788
2789
2790
2792
2794
2794
2793
2791
2787
2781
2772
2767
2765
2763
2761
2759
2757
2755
2752
2748
2747
2750
2753
2757
2761
2772
2785
2791
2794
2796
2796
2795
2793
2791
2795
2802
2809
2819
2831
2843
2846
2843
2836
2829
2822
2815
2808
2801
2793
2787
2783
2783
2793
2802
2805
2800
2792
2791
2799
2813
2817
2818
2813
2807
2798
2789
2781
2769
2749
2722
2696
2687
2684
2682
2684
2689
2703
2719
2733
2751
2767
2773
2773
2767
2751
2723
2687
2654
2630
2614
2610
2613
2625
2655
2700
2752
2803
2840
2853
2852
2830
2779
2707
2630
2565
2530
2526
2538
2557
2567
2578
2584
2590
2578
2547
2499
2454
2438
2440
2465
2509
2562
2604
2628
2636
2633
2628
2620
2612
2604
2593
2578
2573
2573
2576
2579
2580
2581
2583
2585
2587
2591
2603
2614
2619
2623
2633
2653
2675
2696
2707
2706
2699
2695
2698
2708
2723
2729
2731
2738
2753
2776
2802
2815
2819
2817
2814
2813
2819
2825
2829
2832
2834
2835
2838
2845
2862
2871
2871
2860
2842
2836
2839
2848
2858
2861
2863
2863
2863
2861
2858
2850
2820
2779
2741
2713
2700
2692
2685
2680
2669
2653
2645
2642
2639
2637
2633
2628
2618
2612
2611
2611
2609
2607
2601
2588
2584
2582
2579
2577
2574
2563
2554
2550
2558
2567
2574
2579
2582
2588
2597
2616
2627
2623
2609
2601
2606
2614
2625
2638
2646
2650
2653
2656
2661
2667
2673
2668
2662
2657
2663
2680
2696
2713
2730
2747
2766
2779
2783
2779
2764
2746
2740
2739
2739
2739
2739
2740
2738
2736
2732
2724
2707
2686
2666
2652
2647
2653
2668
2688
2694
2697
2700
2702
2706
2716
2725
2731
2734
2732
2730
2728
2727
2726
2725
2724
2722
2720
2717
2713
2706
2710
2717
2717
2705
2678
2651
2633
2618
2600
2577
2550
2529
2516
2516
2528
2541
2546
2552
2557
2563
2563
2556
2539
2521
2503
2495
2489
2485
2489
2500
2527
2570
2624
2685
2750
2799
2804
2782
2715
2630
2549
2489
2456
2444
2438
2430
2412
2387
2356
2328
2306
2299
2296
2298
2314
2341
2370
2390
2400
2417
2441
2466
2479
2482
2485
2486
2487
2487
2486
2485
2484
2481
2484
2504
2525
2534
2542
2548
2553
2564
2580
2602
2617
2622
2625
2626
2627
2627
2627
2629
2630
2627
2622
2619
2625
2640
2657
2667
2676
2687
2710
2738
2761
2779
2789
2798
2805
2816
2833
2859
2895
2935
2975
3016
3061
3107
3151
3185
3209
3227
3245
3254
3260
3264
3263
3257
3251
3247
3244
3241
3238
3235
3224
3188
3134
3066
2993
2921
2857
2803
2761
2746
2748
2771
2791
2798
2798
2792
2785
2778
2771
2761
2749
2739
2731
2722
2710
2695
2680
2666
2653
2640
2629
2620
2614
2610
2616
2633
2657
2677
2690
2700
2705
2709
2711
2710
2708
2705
2701
2696
2696
2702
2711
2723
2737
2750
2760
2768
2773
2788
2809
2823
2832
2837
2842
2846
2852
2862
2876
2890
2901
2914
2938
2972
3009
3047
3093
3145
3199
3251
3299
3342
3381
3425
3473
3518
3551
3573
3585
3597
3608
3617
3623
3617
3609
3598
3587
3579
3570
3551
3527
3511
3500
3479
3444
3399
3349
3300
3255
3212
3170
3128
3079
3024
2979
2953
2944
2940
2937
2944
2954
2964
2973
2982
2993
2993
2978
2947
2913
2881
2855
2835
2829
2830
2837
2872
2931
3005
3078
3134
3158
3142
3091
3018
2949
2920
2911
2902
2894
2866
2816
2778
2766
2761
2755
2740
2711
2682
2672
2668
2674
2694
2713
2725
2730
2730
2724
2708
2688
2668
2660
2658
2657
2655
2655
2653
2652
2650
2649
2646
2636
2613
2582
2564
2559
2555
2553
2552
2551
2548
2546
2551
2569
2587
2593
2596
2597
2600
2602
2596
2587
2577
2568
2559
2551
2546
2546
2552
2567
2593
2619
2637
2643
2648
2653
2661
2668
2671
2673
2670
2665
2667
2674
2677
2680
2682
2684
2687
2697
2720
2742
2761
2779
2800
2832
2871
2903
2916
2920
2923
2924
2926
2928
2929
2930
2933
2934
2933
2928
2913
2895
2877
2852
2821
2788
2756
2727
2703
2687
2671
2652
2646
2645
2649
2676
2705
2736
2762
2775
2780
2782
2780
2774
2757
2726
2688
2666
2659
2666
2679
2685
2687
2686
2681
2679
2687
2714
2751
2793
2832
2863
2880
2885
2882
2873
2852
2826
2806
2801
2797
2793
2789
2784
2775
2766
2762
2763
2770
2768
2757
2751
2756
2768
2792
2817
2829
2832
2834
2835
2833
2831
2827
2814
2793
2773
2756
2739
2730
2720
2715
2713
2710
2718
2732
2746
2756
2764
2769
2772
2772
2769
2767
2766
2764
2762
2759
2756
2753
2749
2746
2747
2748
2751
2750
2743
2739
2743
2747
2749
2752
2756
2766
2797
2847
2907
2959
2988
2987
2954
2866
2752
2647
2578
2556
2579
2620
2643
2627
2588
2559
2558
2582
2624
2648
2650
2642
2618
2599
2593
2597
2609
2631
2651
2666
2674
2681
2688
2696
2702
2706
2709
2705
2697
2692
2688
2689
2701
2713
2716
2712
2706
2702
2707
2723
2737
2741
2743
2746
2748
2750
2754
2759
2759
2755
2750
2746
2745
2748
2753
2760
2772
2783
2786
2780
2764
2750
2744
2740
2738
2742
2746
2750
2753
2757
2769
2791
2818
2837
2844
2846
2852
2865
2886
2896
2899
2894
2876
2854
2837
2830
2821
2803
2779
2765
2760
2765
2779
2793
2799
2803
2805
2801
2789
2779
2768
2755
2737
2711
2679
2650
2633
2626
2624
2622
2618
2602
2593
2590
2586
2582
2569
2552
2546
2543
2550
2560
2567
2563
2559
2556
2554
2553
2552
2553
2555
2557
2560
2564
2569
2567
2559
2552
2546
2541
2530
2518
2514
2510
2521
2536
2549
2557
2563
2572
2588
2608
2626
2645
2658
2659
2650
2636
2630
2628
2624
2618
2610
2602
2595
2594
2604
2626
2645
2659
2667
2681
2704
2725
2741
2754
2760
2763
2764
2765
2765
2764
2762
2758
2752
2745
2740
2737
2739
2744
2744
2735
2725
2722
2726
2732
2736
2733
2730
2727
2730
2741
2749
2747
2733
2717
2707
2700
2694
2685
2675
2668
2664
2664
2675
2698
2743
2819
2917
3000
3038
3016
2937
2832
2738
2678
2664
2659
2659
2663
2668
2675
2680
2683
2680
2670
2650
2630
2622
2619
2618
2617
2617
2617
2618
2619
2621
2622
2624
2627
2630
2634
2643
2650
2656
2655
2645
2639
2637
2638
2641
2640
2628
2615
2607
2599
2594
2591
2584
2573
2569
2572
2580
2591
2595
2597
2600
2603
2606
2609
2612
2620
2635
2644
2646
2647
2649
2651
2654
2665
2675
2678
2681
2685
2696
2727
2759
2773
2774
2764
2754
2751
2753
2757
2755
2746
2741
2740
2746
2759
2772
2776
2778
2780
2783
2792
2810
2823
2830
2836
2840
2840
2833
2824
2814
2802
2787
2770
2757
2752
2747
2743
2739
2746
2755
2765
2772
2777
2777
2774
2772
2771
2769
2768
2767
2763
2751
2751
2763
2789
2818
2827
2829
2831
2832
2832
2830
2828
2824
2811
2789
2775
2766
2759
2754
2752
2750
2747
2750
2759
2775
2791
2805
2818
2833
2839
2843
2846
2846
2841
2834
2828
2819
2806
2786
2768
2759
2749
2744
2741
2739
2743
2750
2759
2777
2796
2807
2811
2813
2813
2815
2812
2798
2788
2774
2758
2749
2746
2744
2743
2744
2746
2749
2752
2758
2761
2763
2765
2764
2761
2759
2758
2757
2756
2755
2754
2753
2752
2751
2750
2748
2746
2741
2746
2750
2752
2754
2756
2758
2764
2778
2796
2823
2862
2917
2988
3054
3091
3095
3077
3024
2958
2899
2852
2821
2813
2810
2809
2809
2812
2815
2818
2820
2822
2824
2827
2829
2832
2835
2838
2844
2846
2845
2842
2838
2834
2830
2824
2815
2803
2794
2788
2787
2788
2790
2789
2783
2780
2786
2805
2825
2837
2837
2827
2811
2805
2808
2814
2813
2792
2767
2758
2760
2777
2791
2795
2798
2802
2805
2817
2848
2864
2870
2865
2862
2859
2856
2852
2846
2829
2809
2797
2797
2808
2829
2846
2855
2866
2878
2888
2892
2894
2895
2895
2894
2892
2888
2885
2881
2876
2871
2869
2866
2859
2839
2813
2803
2800
2797
2793
2788
2783
2776
2775
2779
2783
2787
2786
2779
2773
2766
2762
2760
2758
2756
2755
2754
2754
2756
2759
2763
2770
2779
2783
2786
2783
2779
2776
2779
2782
2784
2786
2787
2787
2786
2785
2784
2783
2782
2780
2778
2776
2774
2770
2766
2776
2788
2796
2789
2767
2757
2754
2758
2765
2770
2764
2757
2752
2757
2765
2771
2764
2745
2733
2730
2737
2744
2748
2751
2754
2757
2760
2762
2765
2769
2773
2777
2780
2788
2799
2807
2812
2814
2813
2808
2795
2777
2768
2763
2760
2757
2754
2750
2745
2735
2730
2727
2724
2723
2723
2724
2727
2730
2735
2742
2746
2748
2750
2744
2722
2708
2703
2701
2700
2700
2701
2704
2707
2713
2723
2730
2733
2739
2749
2777
2828
2878
2896
2891
2845
2767
2674
2583
2514
2496
2500
2538
2575
2591
2591
2576
2555
2549
2546
2543
2542
2540
2536
2528
2518
2510
2505
2500
2501
2508
2517
2528
2536
2542
2547
2550
2552
2554
2555
2558
2560
2563
2566
2574
2586
2598
2610
2621
2630
2639
2646
2650
2653
2646
2639
2634
2630
2629
2629
2632
2635
2641
2652
2662
2669
2670
2669
2666
2673
2691
2701
2706
2708
2715
2738
2760
2768
2768
2763
2757
2752
2749
2747
2740
2720
2701
2699
2711
2726
2730
2736
2742
2763
2791
2816
2832
2838
2841
2842
2840
2834
2826
2816
2803
2797
2791
2785
2778
2759
2734
2707
2689
2683
2681
2683
2691
2711
2734
2744
2748
2751
2755
2763
2785
2806
2813
2814
2809
2801
2791
2779
2765
2742
2727
2722
2731
2748
2763
2773
2781
2791
2803
2820
2832
2838
2843
2847
2851
2855
2864
2874
2879
2882
2876
2869
2862
2862
2870
2882
2899
2914
2932
2953
2963
2966
2969
2969
2962
2952
2939
2925
2911
2901
2895
2893
2894
2897
2907
2929
2955
2970
2978
2983
2987
2987
2985
2979
2963
2935
2907
2887
2881
2887
2897
2910
2918
2922
2925
2927
2928
2927
2925
2923
2920
2913
2901
2889
2877
2870
2866
2863
2860
2857
2851
2840
2829
2816
2803
2790
2769
2744
2739
2738
2742
2766
2790
2795
2796
2796
2796
2799
2808
2850
2910
2965
2982
2943
2863
2780
2736
2721
2725
2733
2712
2660
2599
2563
2560
2583
2624
2664
2688
2697
2697
2690
2679
2668
2663
2659
2659
2663
2666
2669
2673
2679
2686
2691
2696
2700
2704
2705
2705
2703
2700
2697
2691
2681
2675
2670
2675
2683
2695
2709
2724
2738
2746
2742
2731
2710
2693
2686
2686
2691
2696
2703
2712
2719
2725
2728
2729
2724
2718
2709
2700
2707
2719
2730
2738
2743
2745
2742
2735
2728
2719
2707
2694
2684
2690
2693
2695
2696
2697
2698
2698
2699
2699
2699
2699
2699
2698
2697
2695
2692
2689
2686
2679
2664
2642
2617
2609
2605
2602
2601
2598
2596
2606
2623
2634
2640
2638
2619
2601
2594
2594
2598
2601
2605
2610
2615
2631
2656
2666
2671
2674
2667
2660
2655
2649
2643
2635
2627
2615
2615
2621
2626
2630
2635
2640
2645
2654
2665
2672
2675
2678
2682
2688
2695
2703
2714
2714
2705
2698
2692
2686
2680
2676
2667
2656
2646
2641
2648
2655
2659
2662
2665
2668
2671
2673
2676
2680
2684
2688
2691
2693
2695
2696
2699
2700
2699
2696
2692
2687
2681
2682
2693
2708
2725
2735
2741
2749
2758
2769
2780
2781
2770
2753
2737
2729
2723
2717
2712
2708
2704
2701
2697
2694
2690
2686
2682
2677
2672
2670
2671
2676
2682
2694
2707
2712
2714
2717
2720
2725
2731
2742
2759
2789
2831
2886
2944
2973
2983
2970
2931
2863
2782
2708
2660
2655
2678
2713
2725
2716
2704
2694
2685
2678
2672
2667
2668
2671
2678
2700
2735
2762
2771
2765
2746
2714
2686
2663
2656
2656
2664
2687
2713
2728
2738
2744
2747
2746
2742
2736
2732
2729
2726
2723
2721
2721
2722
2724
2727
2730
2735
2744
2750
2754
2756
2758
2759
2760
2761
2763
2765
2767
2769
2771
2774
2776
2779
2783
2787
2791
2794
2798
2812
2832
2838
2842
2845
2847
2848
2848
2848
2849
2850
2851
2853
2855
2855
2856
2857
2859
2860
2860
2859
2856
2853
2849
2846
2840
2829
2819
2807
2794
2789
2787
2785
2783
2781
2778
2776
2774
2771
2769
2764
2759
2751
2741
2729
2714
2713
2723
2735
2745
2738
2730
2724
2724
2734
2747
2758
2747
2732
2721
2727
2744
2770
2778
2783
2791
2798
2805
2812
2819
2825
2830
2833
2837
2840
2843
2845
2848
2851
2854
2856
2859
2860
2862
2863
2865
2869
2872
2874
2874
2872
2867
2862
2858
2856
2854
2852
2849
2846
2844
2842
2840
2838
2837
2836
2836
2837
2838
2840
2841
2843
2846
2847
2849
2850
2851
2853
2857
2862
2865
2865
2861
2855
2850
2845
2841
2835
2830
2825
2819
2815
2812
2808
2804
2800
2798
2797
2799
2802
2805
2809
2813
2819
2830
2839
2844
2848
2851
2852
2850
2846
2841
2831
2812
2796
2784
2784
2792
2814
2863
2930
3012
3096
3165
3185
3176
3108
3008
2917
2879
2868
2861
2855
2851
2832
2789
2750
2737
2730
2730
2751
2782
2815
2837
2851
2859
2864
2866
2863
2859
2852
2847
2841
2834
2828
2822
2813
2803
2798
2794
2789
2801
2812
2819
2826
2829
2832
2834
2838
2843
2829
2820
2814
2809
2805
2802
2801
2802
2803
2804
2805
2805
2806
2808
2810
2812
2812
2811
2808
2803
2797
2786
2767
2753
2743
2736
2731
2729
2726
2725
2725
2729
2735
2741
2745
2748
2751
2755
2757
2758
2756
2753
2749
2745
2741
2738
2734
2730
2727
2723
2720
2718
2715
2712
2709
2707
2704
2702
2701
2698
2694
2688
2681
2675
2669
2664
2660
2656
2652
2649
2648
2649
2650
2652
2655
2657
2660
2663
2666
2668
2670
2673
2675
2679
2683
2688
2692
2697
2708
2713
2707
2696
2690
2683
2678
2674
2674
2676
2681
2687
2699
2718
2729
2735
2738
2737
2732
2727
2723
2719
2714
2710
2704
2700
2696
2693
2690
2687
2686
2685
2687
2689
2691
2694
2696
2699
2703
2707
2710
2711
2709
2704
2699
2696
2692
2688
2683
2680
2678
2680
2685
2692
2700
2708
2719
2729
2731
2732
2732
2733
2734
2735
2736
2736
2734
2730
2725
2720
2716
2711
2706
2700
2696
2692
2688
2680
2670
2681
2691
2698
2703
2703
2696
2686
2676
2664
2654
2646
2640
2634
2629
2626
2624
2625
2628
2634
2643
2673
2728
2799
2878
2938
2959
2948
2916
2863
2803
2739
2678
2629
2611
2602
2596
2619
2635
2644
2651
2657
2660
2662
2662
2663
2663
2665
2665
2665
2665
2666
2655
2647
2644
2641
2639
2638
2638
2641
2645
2650
2658
2675
2696
2702
2706
2709
2711
2712
2712
2712
2712
2711
2710
2709
2708
2707
2706
2706
2707
2708
2711
2714
2720
2727
2740
2752
2759
2763
2767
2770
2772
2772
2771
2770
2767
2764
2762
2758
2751
2750
2761
2768
2774
2780
2788
2797
2806
2815
2824
2831
2836
2837
2838
2839
2840
2843
2845
2847
2847
2845
2841
2837
2834
2831
2828
2823
2816
2806
2795
2779
2757
2747
2742
2737
2733
2731
2732
2734
2738
2742
2746
2753
2751
2737
2728
2722
2715
2711
2707
2705
2704
2702
2699
2696
2693
2691
2691
2694
2699
2706
2713
2720
2732
2738
2734
2726
2720
2716
2713
2710
2708
2705
2703
2700
2698
2696
2694
2693
2691
2690
2688
2686
2685
2683
2682
2681
2680
2679
2677
2675
2672
2669
2666
2664
2663
2663
2665
2667
2670
2675
2680
2687
2698
2717
2731
2739
2744
2748
2751
2754
2754
2753
2750
2749
2747
2746
2744
2742
2740
2740
2742
2746
2750
2754
2757
2760
2764
2768
2771
2774
2776
2776
2776
2774
2770
2765
2759
2752
2745
2737
2730
2717
2705
2700
2701
2703
2705
2707
2708
2708
2708
2708
2709
2711
2713
2715
2718
2723
2722
2712
2703
2695
2690
2695
2711
2755
2815
2887
2963
3028
3049
3041
3015
2952
2879
2806
2742
2707
2694
2689
2698
2717
2737
2759
2761
2742
2714
2676
2649
2632
2626
2631
2644
2658
2674
2685
2697
2709
2721
2728
2732
2737
2741
2746
2751
2756
2760
2763
2766
2768
2771
2773
2774
2777
2779
2782
2785
2788
2791
2793
2796
2799
2803
2807
2812
2818
2826
2835
2845
2859
2878
2878
2860
2845
2831
2820
2812
2804
2790
2773
2763
2755
2756
2771
2782
2791
2799
2809
2817
2826
2835
2846
2858
2870
2882
2892
2901
2910
2918
2926
2934
2943
2954
2965
2976
2985
2994
3001
3007
3009
3012
3017
3024
3005
2989
2979
2970
2959
2946
2933
2919
2902
2887
2877
2868
2856
2840
2823
2814
2807
2801
2797
2795
2794
2794
2796
2801
2808
2817
2835
2868
2886
2896
2904
2914
2926
2938
2948
2959
2970
2976
2976
2971
2962
2954
2948
2944
2940
2936
2932
2929
2924
2920
2916
2913
2909
2905
2900
2894
2882
2869
2856
2840
2820
2801
2789
2781
2775
2770
2764
2759
2753
2748
2742
2734
2723
2712
2699
2686
2672
2668
2666
2666
2666
2665
2664
2664
2666
2670
2677
2686
2697
2717
2733
2749
2765
2786
2807
2827
2848
2864
2876
2886
2897
2907
2915
2924
2931
2934
2930
2921
2907
2884
2851
2831
2817
2811
2806
2803
2801
2799
2797
2795
2794
2792
2790
2788
2785
2781
2775
2776
2789
2800
2809
2817
2823
2829
2837
2849
2866
2909
2974
3056
3133
3181
3186
3158
3070
2957
2847
2763
2737
2729
2739
2749
2757
2760
2758
2754
2750
2747
2744
2738
2731
2718
2697
2680
2668
2662
2658
2656
2655
2654
2653
2651
2648
2646
2643
2642
2640
2637
2635
2634
2633
2633
2633
2634
2633
2634
2636
2639
2643
2646
2650
2653
2656
2659
2663
2667
2672
2676
2680
2682
2686
2690
2695
2706
2733
2769
2785
2787
2789
2790
2791
2792
2790
2786
2781
2774
2765
2766
2777
2792
2816
2833
2843
2850
2855
2859
2862
2864
2867
2870
2873
2877
2881
2886
2892
2901
2901
2891
2881
2871
2864
2861
2854
2841
2826
2815
2804
2791
2773
2752
2733
2713
2698
2693
2691
2689
2688
2687
2685
2684
2682
2680
2679
2677
2674
2671
2662
2645
2618
2584
2553
2533
2512
2493
2481
2473
2464
2455
2443
2431
2425
2413
2382
2348
2318
2303
2291
2283
2296
2311
2324
2334
2347
2369
2388
2400
2409
2415
2423
2430
2438
2446
2458
2475
2490
2506
2522
2541
2558
2569
2580
2590
2600
2609
2614
2618
2621
2622
2622
2621
2619
2618
2616
2615
2618
2624
2630
2639
2649
2676
2709
2728
2744
2754
2755
2746
2722
2681
2631
2577
2530
2499
2488
2484
2486
2493
2512
2553
2600
2644
2664
2671
2672
2668
2662
2665
2680
2688
2687
2675
2658
2640
2626
2612
2588
2548
2492
2432
2387
2370
2362
2356
2357
2366
2391
2429
2479
2539
2607
2693
2804
2938
3066
3147
3154
3106
2981
2838
2717
2644
2633
2652
2717
2780
2810
2819
2815
2811
2808
2820
2859
2901
2942
2969
2979
2983
2981
2976
2972
2969
2967
2965
2967
2972
2978
2982
2989
2994
2994
2990
2984
2979
2972
2967
2964
2962
2960
2956
2954
2953
2955
2958
2962
2966
2973
2971
2955
2946
2938
2931
2926
2924
2925
2928
2931
2936
2951
2994
3031
3046
3056
3066
3074
3076
3076
3077
3079
3080
3080
3080
3079
3079
3078
3077
3077
3076
3074
3072
3071
3072
3074
3076
3078
3080
3082
3084
3086
3088
3089
3090
3090
3089
3088
3085
3081
3075
3069
3059
3041
3029
3016
3004
2993
2979
2961
2949
2943
2938
2935
2934
2935
2937
2939
2940
2943
2947
2949
2946
2938
2926
2906
2885
2858
2837
2825
2816
2811
2809
2807
2804
2799
2799
2804
2809
2813
2817
2819
2816
2811
2805
2801
2799
2797
2795
2792
2789
2786
2784
2784
2784
2783
2783
2782
2781
2781
2779
2774
2774
2779
2785
2790
2789
2776
2767
2760
2755
2752
2750
2750
2750
2749
2748
2746
2749
2762
2771
2778
2784
2789
2793
2796
2799
2805
2813
2813
2800
2788
2777
2767
2759
2750
2738
2728
2716
2696
2676
2663
2652
2640
2620
2596
2573
2557
2546
2542
2546
2553
2559
2566
2575
2587
2596
2605
2612
2615
2613
2607
2599
2588
2573
2564
2555
2548
2561
2600
2659
2726
2790
2834
2850
2850
2831
2778
2683
2591
2518
2477
2466
2460
2456
2451
2446
2442
2438
2434
2430
2425
2419
2414
2409
2404
2401
2397
2394
2390
2387
2384
2382
2379
2377
2375
2372
2370
2366
2360
2347
2335
2319
2309
2306
2305
2303
2302
2302
2305
2313
2322
2330
2335
2339
2343
2346
2349
2352
2354
2357
2359
2362
2364
2366
2366
2367
2367
2367
2369
2371
2374
2376
2384
2401
2418
2437
2456
2468
2471
2474
2475
2476
2477
2478
2480
2482
2485
2490
2496
2503
2519
2547
2594
2638
2662
2676
2685
2690
2684
2669
2645
2609
2589
2577
2568
2564
2563
2564
2566
2570
2575
2582
2586
2577
2557
2533
2509
2505
2502
2499
2498
2503
2514
2524
2532
2542
2552
2564
2587
2617
2645
2675
2707
2739
2757
2766
2773
2779
2785
2791
2796
2803
2812
2824
2830
2834
2836
2838
2839
2840
2841
2841
2841
2842
2842
2843
2842
2841
2839
2836
2834
2832
2830
2829
2826
2824
2823
2823
2825
2829
2835
2841
2847
2853
2861
2867
2872
2875
2876
2876
2876
2877
2879
2881
2883
2884
2884
2880
2876
2871
2865
2857
2852
2857
2867
2875
2882
2888
2894
2899
2902
2906
2911
2918
2924
2927
2929
2931
2935
2933
2918
2911
2906
2901
2897
2895
2893
2892
2892
2891
2892
2893
2894
2896
2898
2902
2907
2910
2907
2901
2896
2889
2886
2889
2897
2923
2966
3024
3084
3136
3159
3168
3167
3154
3119
3073
3028
2987
2961
2930
2907
2890
2879
2890
2910
2924
2930
2934
2931
2918
2911
2906
2903
2899
2897
2896
2896
2895
2896
2896
2897
2900
2903
2907
2911
2916
2924
2929
2929
2927
2925
2923
2921
2917
2911
2902
2886
2872
2868
2866
2863
2860
2857
2854
2850
2845
2845
2849
2852
2855
2857
2859
2860
2860
2861
2861
2861
2862
2862
2862
2862
2862
2862
2860
2858
2855
2852
2848
2844
2839
2836
2835
2834
2834
2834
2833
2832
2831
2830
2829
2829
2824
2825
2834
2839
2829
2822
2818
2815
2811
2805
2800
2793
2783
2768
2762
2754
2742
2718
2691
2674
2656
2637
2615
2593
2580
2573
2567
2564
2564
2567
2572
2577
2583
2590
2594
2591
2586
2582
2579
2575
2569
2563
2550
2537
2532
2529
2526
2525
2527
2531
2538
2559
2581
2587
2592
2595
2597
2597
2596
2595
2593
2591
2590
2588
2586
2584
2583
2583
2585
2588
2592
2598
2609
2613
2617
2620
2621
2620
2616
2611
2601
2586
2559
2534
2520
2510
2505
2500
2495
2490
2484
2478
2475
2479
2487
2496
2508
2513
2521
2533
2549
2563
2572
2579
2581
2579
2572
2560
2546
2538
2532
2533
2544
2560
2580
2601
2620
2647
2678
2689
2694
2697
2692
2687
2685
2682
2681
2680
2681
2683
2686
2690
2693
2699
2706
2714
2728
2746
2763
2781
2792
2797
2801
2805
2809
2814
2823
2840
2874
2927
2996
3075
3156
3225
3265
3279
3273
3255
3216
3172
3134
3117
3111
3108
3107
3108
3109
3111
3112
3114
3115
3118
3121
3127
3147
3183
3217
3227
3229
3230
3219
3205
3194
3187
3181
3174
3165
3154
3139
3107
3072
3040
3014
2990
2963
2933
2906
2896
2890
2885
2877
2861
2843
2832
2825
2820
2814
2806
2798
2792
2785
2786
2797
2814
2832
2857
2884
2915
2933
2940
2943
2944
2943
2939
2935
2930
2927
2922
2918
2913
2907
2895
2875
2858
2846
2837
2826
2811
2792
2776
2767
2761
2759
2763
2773
2799
2837
2882
2925
2963
2987
3005
3017
3023
3019
3009
2992
2970
2958
2952
2948
2945
2941
2939
2936
2931
2921
2898
2877
2863
2863
2877
2885
2891
2897
2901
2903
2902
2899
2895
2890
2885
2880
2872
2864
2855
2846
2833
2819
2818
2817
2816
2815
2815
2816
2816
2817
2818
2821
2825
2830
2841
2864
2893
2905
2908
2910
2896
2877
2862
2858
2854
2851
2852
2866
2887
2913
2926
2935
2940
2940
2936
2930
2924
2916
2916
2924
2933
2941
2941
2929
2898
2855
2800
2750
2717
2703
2693
2682
2665
2632
2598
2574
2564
2555
2530
2484
2429
2392
2380
2386
2404
2433
2445
2451
2455
2447
2422
2400
2387
2379
2374
2371
2371
2375
2380
2390
2404
2430
2455
2480
2508
2533
2548
2573
2602
2634
2663
2687
2696
2703
2712
2726
2742
2756
2768
2783
2811
2856
2917
2990
3069
3141
3192
3212
3211
3186
3130
3058
2976
2887
2784
2672
2559
2456
2364
2280
2201
2120
2042
1984
1978
2001
2087
2210
2357
2521
2692
2863
3030
3178
3277
3312
3286
3213
3107
2973
2819
2649
2470
2295
2129
1968
1798
1607
1405
1205
1012
0833
0662
0489
0319
0175
0075
0024
0006
0000
0005
0023
0078
0166
0283
0416
0559
0705
0854
1008
1164
1315
1459
1598
1736
1882
2047
2228
2415
2604
2789
2972
3152
3324
3479
3612
3723
3817
3890
3942
3981
4061
4095
4033
3942
3806
3633
3450
3279
