0896
0701
0497
0310
0194
0163
0139
0124
0112
0108
0103
0103
0105
0108
0115
0124
0139
0153
0168
0187
0218
0252
0283
0319
0365
0406
0430
0444
0456
0466
0473
0483
0495
0507
0519
0531
0543
0559
0579
0598
0617
0632
0646
0660
0677
0699
0720
0747
0773
0800
0824
0845
0865
0881
0889
0896
0901
0908
0913
0918
0927
0937
0944
0951
0963
0978
0999
1095
1273
1461
1576
1622
1622
1593
1552
1494
1393
1273
1143
1095
1059
1064
1155
1268
1352
1410
1437
1456
1473
1489
1506
1521
1538
1559
1593
1626
1655
1701
1768
1843
1910
1948
1973
1994
2021
2049
2071
2093
2112
2129
2141
2155
2170
2189
2203
2210
2206
2196
2184
2174
2162
2150
2150
2172
2198
2215
2232
2246
2261
2273
2290
2304
2316
2326
2335
2343
2350
2357
2364
2374
2381
2388
2395
2403
2410
2419
2424
2429
2434
2439
2446
2456
2460
2460
2460
2460
2460
2458
2453
2444
2427
2468
2516
2552
2576
2588
2595
2605
2614
2621
2629
2629
2619
2607
2590
2576
2561
2549
2532
2518
2504
2492
2482
2475
2463
2451
2427
2388
2374
2359
2347
2343
2355
2381
2422
2484
2590
2730
2912
3116
3313
3501
3672
3825
3955
4056
4092
4095
4066
3991
3842
3679
3518
3347
3157
2948
2720
2484
2261
2057
1896
1766
1650
1590
1559
1545
1533
1523
1521
1523
1535
1554
1578
1622
1687
1720
1742
1759
1771
1780
1790
1804
1821
1819
1792
1775
1766
1756
1749
1744
1739
1732
1725
1720
1718
1713
1711
1708
1701
1694
1694
1706
1727
1761
1824
1905
1948
1977
2006
2040
2093
2170
2230
2270
2273
2234
2138
1973
1744
1480
1191
0893
0595
0326
0132
0031
0000
0033
0088
0158
0240
0312
0372
0430
0516
0632
0716
0817
0901
1014
1124
1242
1352
1420
1475
1516
1554
1602
1667
1720
1763
1809
1852
1896
1927
1941
1946
1946
1946
1948
1953
1960
1968
1977
1985
1992
1999
2006
2018
2030
2049
2085
2102
2081
2035
1968
1884
1766
1631
1458
1278
1187
1155
1141
1139
1155
1177
1201
1230
1249
1264
1271
1280
1290
1297
1300
1297
1292
1283
1273
1266
1259
1252
1242
1235
1230
1225
1223
1223
1228
1235
1247
1261
1278
1292
1312
1345
1377
1398
1415
1425
1432
1439
1449
1456
1465
1473
1482
1492
1504
1516
1526
1533
1538
1545
1550
1554
1557
1559
1562
1564
1564
1566
1566
1566
1566
1569
1569
1569
1566
1566
1566
1564
1566
1569
1574
1576
1578
1581
1581
1586
1588
1593
1595
1598
1602
1607
1614
1619
1617
1605
1590
1574
1557
1535
1516
1501
1499
1504
1513
1528
1552
1610
1672
1713
1742
1756
1766
1771
1771
1771
1771
1773
1778
1783
1790
1792
1797
1802
1807
1814
1824
1836
1848
1869
1893
1917
1932
1956
2049
2186
2273
2299
2311
2307
2287
2261
2220
2153
2025
1886
1797
1778
1761
1747
1735
1725
1718
1713
1711
1708
1708
1713
1720
1727
1732
1732
1732
1732
1732
1732
1730
1730
1735
1739
1747
1751
1751
1749
1744
1742
1737
1732
1725
1720
1715
1713
1713
1718
1725
1739
1754
1771
1783
1795
1802
1809
1814
1819
1824
1828
1833
1836
1840
1845
1850
1855
1857
1862
1867
1872
1874
1876
1879
1881
1884
1888
1896
1903
1910
1915
1917
1920
1920
1915
1910
1903
1898
1893
1888
1884
1881
1876
1874
1872
1869
1864
1857
1850
1843
1836
1831
1828
1826
1821
1814
1809
1797
1775
1754
1754
1778
1802
1811
1819
1826
1833
1840
1848
1855
1860
1862
1862
1864
1864
1864
1867
1869
1872
1872
1872
1874
1876
1881
1888
1893
1900
1927
1980
2052
2162
2335
2520
2605
2585
2386
2047
1672
1357
1208
1199
1300
1456
1540
1562
1574
1583
1588
1588
1586
1578
1566
1554
1540
1528
1513
1501
1487
1475
1465
1456
1451
1444
1441
1437
1432
1429
1422
1413
1401
1396
1401
1417
1437
1451
1463
1473
1485
1497
1509
1526
1540
1557
1571
1583
1595
1607
1619
1634
1646
1655
1662
1667
1672
1677
1679
1684
1687
1689
1691
1696
1701
1708
1713
1718
1725
1735
1744
1754
1761
1768
1778
1790
1804
1819
1828
1828
1821
1809
1799
1790
1787
1783
1775
1768
1763
1756
1751
1747
1742
1732
1723
1718
1713
1708
1706
1701
1696
1691
1689
1684
1677
1670
1665
1658
1653
1650
1646
1643
1643
1646
1650
1660
1667
1672
1675
1679
1682
1684
1691
1696
1706
1711
1718
1723
1725
1730
1737
1747
1792
1908
1956
1977
1994
2001
1985
1944
1884
1787
1687
1612
1583
1569
1554
1545
1538
1535
1533
1533
1530
1530
1530
1530
1533
1535
1535
1533
1530
1528
1530
1533
1538
1542
1545
1547
1552
1554
1559
1564
1564
1566
1564
1562
1557
1554
1552
1550
1545
1540
1538
1535
1533
1533
1533
1528
1526
1523
1526
1535
1550
1569
1610
1648
1655
1660
1665
1670
1672
1672
1672
1670
1667
1667
1665
1665
1662
1658
1653
1650
1648
1648
1648
1648
1648
1646
1646
1646
1646
1648
1650
1655
1660
1665
1670
1675
1682
1689
1699
1706
1708
1699
1684
1667
1650
1624
1610
1619
1638
1648
1658
1670
1679
1684
1684
1679
1677
1670
1667
1662
1658
1650
1643
1638
1638
1641
1650
1662
1679
1708
1775
1836
1884
1932
1992
2061
2126
2206
2307
2362
2391
2367
2194
1917
1593
1384
1312
1345
1446
1600
1679
1706
1715
1718
1711
1703
1699
1694
1691
1689
1684
1677
1670
1658
1646
1634
1622
1612
1605
1590
1576
1564
1557
1562
1571
1583
1590
1595
1598
1602
1607
1610
1614
1617
1619
1619
1622
1622
1622
1619
1617
1617
1614
1614
1614
1617
1619
1622
1626
1631
1636
1641
1643
1653
1672
1694
1713
1732
1744
1754
1763
1771
1780
1787
1795
1799
1807
1816
1826
1836
1845
1852
1860
1867
1879
1891
1900
1910
1915
1915
1915
1910
1905
1898
1891
1884
1876
1867
1857
1848
1836
1826
1814
1804
1797
1790
1787
1785
1783
1780
1778
1773
1766
1761
1754
1749
1744
1742
1744
1751
1761
1771
1785
1797
1811
1826
1838
1848
1857
1867
1881
1893
1905
1912
1912
1912
1908
1905
1900
1893
1888
1879
1867
1860
1857
1862
1874
1888
1908
1934
1980
2021
2126
2278
2470
2638
2693
2624
2417
2059
1725
1533
1468
1504
1557
1629
1670
1689
1701
1708
1713
1715
1715
1708
1701
1687
1672
1658
1648
1636
1624
1612
1602
1593
1586
1581
1578
1581
1588
1595
1605
1619
1631
1641
1648
1655
1665
1672
1682
1689
1699
1708
1713
1720
1725
1725
1723
1718
1713
1708
1706
1699
1691
1687
1684
1682
1677
1670
1658
1648
1648
1658
1670
1682
1689
1691
1696
1701
1708
1713
1720
1725
1727
1735
1739
1747
1749
1754
1756
1761
1771
1790
1811
1831
1848
1867
1891
1905
1893
1860
1816
1771
1759
1747
1737
1739
1763
1778
1787
1797
1807
1814
1814
1811
1809
1804
1799
1795
1783
1780
1790
1795
1799
1804
1809
1809
1802
1790
1778
1768
1759
1749
1739
1732
1723
1715
1711
1708
1708
1703
1696
1689
1682
1682
1687
1699
1711
1727
1744
1773
1792
1785
1771
1751
1732
1751
1816
1915
2061
2237
2367
2371
2285
2035
1742
1566
1509
1538
1626
1679
1696
1648
1564
1506
1492
1485
1480
1475
1473
1473
1470
1470
1470
1473
1477
1485
1497
1509
1521
1530
1545
1571
1590
1602
1610
1614
1619
1624
1626
1629
1631
1631
1629
1626
1626
1624
1622
1619
1614
1610
1605
1602
1598
1593
1588
1583
1586
1590
1598
1610
1619
1634
1646
1646
1634
1614
1605
1595
1588
1578
1571
1566
1564
1569
1576
1586
1600
1612
1629
1655
1679
1701
1720
1747
1780
1787
1797
1807
1787
1768
1756
1747
1739
1735
1730
1727
1725
1720
1718
1713
1711
1708
1708
1706
1701
1696
1691
1689
1679
1662
1662
1684
1699
1708
1720
1730
1739
1747
1759
1773
1771
1749
1735
1723
1713
1706
1696
1689
1682
1675
1665
1648
1626
1600
1574
1547
1547
1566
1595
1634
1658
1670
1682
1687
1687
1684
1677
1670
1641
1574
1547
1540
1535
1530
1526
1521
1516
1506
1497
1530
1593
1631
1643
1650
1658
1667
1679
1694
1706
1720
1735
1751
1771
1807
1852
1879
1896
1903
1888
1857
1836
1819
1802
1790
1785
1780
1778
1773
1763
1754
1768
1785
1802
1785
1761
1744
1768
1807
1850
1876
1891
1898
1903
1900
1896
1888
1876
1857
1816
1792
1783
1773
1768
1763
1759
1754
1747
1742
1739
1735
1732
1725
1715
1699
1675
1658
1646
1636
1634
1643
1655
1667
1677
1687
1699
1708
1720
1732
1747
1759
1768
1778
1785
1797
1814
1814
1787
1761
1737
1715
1696
1662
1614
1564
1523
1487
1451
1415
1379
1357
1343
1336
1348
1372
1408
1461
1550
1653
1763
1869
1956
2030
2085
2107
2105
2069
2028
1989
1982
1973
1965
1982
2030
2126
2232
2285
2285
2232
2129
2004
1876
1766
1684
1610
1571
1550
1535
1526
1521
1521
1528
1540
1550
1557
1562
1566
1571
1578
1583
1590
1595
1600
1605
1612
1617
1619
1622
1622
1624
1629
1634
1641
1646
1650
1658
1665
1675
1682
1689
1696
1703
1711
1727
1744
1754
1756
1761
1763
1768
1771
1775
1778
1778
1778
1775
1773
1771
1768
1763
1756
1749
1735
1701
1665
1641
1634
1626
1619
1619
1641
1662
1679
1696
1706
1713
1720
1732
1739
1739
1735
1718
1727
1747
1749
1756
1761
1763
1766
1766
1768
1771
1775
1778
1780
1780
1778
1775
1775
1775
1775
1773
1771
1768
1766
1766
1766
1763
1761
1756
1754
1749
1747
1744
1742
1737
1732
1727
1723
1708
1699
1699
1711
1732
1751
1768
1787
1804
1819
1831
1840
1852
1862
1872
1879
1884
1886
1891
1893
1900
1905
1910
1912
1915
1915
1915
1915
1912
1905
1896
1884
1872
1857
1824
1768
1744
1727
1718
1715
1723
1739
1761
1802
1862
1960
2073
2220
2381
2463
2446
2280
1946
1540
1199
1028
1014
1110
1312
1492
1564
1588
1598
1598
1583
1564
1547
1535
1523
1518
1523
1535
1552
1583
1634
1675
1703
1715
1723
1730
1735
1739
1739
1732
1718
1703
1689
1677
1662
1648
1634
1624
1624
1631
1641
1650
1662
1672
1687
1701
1713
1718
1718
1713
1708
1708
1703
1701
1696
1689
1684
1679
1675
1670
1660
1653
1646
1636
1624
1595
1595
1624
1643
1660
1675
1687
1696
1703
1713
1730
1732
1718
1708
1703
1696
1691
1689
1691
1701
1711
1723
1739
1771
1797
1816
1833
1845
1850
1852
1855
1857
1860
1862
1864
1864
1857
1848
1831
1804
1756
1703
1675
1667
1662
1660
1658
1658
1662
1675
1689
1713
1754
1775
1787
1799
1811
1821
1833
1852
1876
1908
1982
2085
2177
2184
2129
1924
1631
1331
1110
1040
1050
1177
1345
1489
1583
1631
1648
1624
1550
1434
1336
1304
1326
1393
1461
1482
1501
1516
1542
1586
1629
1660
1675
1694
1723
1747
1763
1759
1727
1696
1665
1662
1660
1660
1658
1655
1655
1655
1660
1662
1667
1675
1687
1684
1655
1634
1612
1598
1588
1583
1581
1578
1574
1571
1578
1588
1593
1598
1602
1607
1610
1610
1610
1607
1602
1595
1590
1586
1581
1574
1564
1557
1557
1559
1569
1578
1590
1602
1614
1631
1646
1658
1670
1696
1732
1763
1790
1811
1836
1855
1864
1872
1879
1879
1864
1845
1826
1804
1778
1744
1711
1672
1646
1629
1619
1612
1612
1617
1626
1638
1662
1687
1696
1703
1682
1665
1655
1650
1646
1641
1634
1629
1622
1614
1610
1602
1593
1583
1571
1564
1564
1569
1578
1588
1607
1638
1687
1756
1864
2030
2232
2419
2511
2499
2350
2042
1675
1340
1155
1127
1160
1273
1379
1453
1523
1602
1679
1708
1718
1723
1725
1718
1708
1696
1677
1667
1660
1650
1648
1655
1670
1696
1725
1739
1749
1754
1759
1761
1761
1756
1749
1739
1730
1720
1708
1696
1687
1677
1670
1655
1634
1624
1617
1610
1607
1607
1607
1610
1614
1619
1624
1634
1646
1662
1682
1711
1735
1747
1744
1732
1727
1723
1718
1708
1699
1677
1658
1653
1648
1670
1694
1708
1725
1737
1747
1754
1761
1768
1771
1768
1759
1744
1732
1725
1718
1711
1706
1701
1696
1694
1696
1701
1706
1711
1718
1727
1747
1756
1754
1742
1732
1723
1713
1708
1706
1699
1689
1689
1694
1701
1708
1696
1672
1675
1742
1879
2052
2203
2261
2182
1980
1706
1439
1259
1240
1316
1499
1641
1677
1689
1670
1638
1610
1595
1588
1581
1576
1569
1562
1557
1550
1542
1538
1538
1540
1545
1554
1569
1588
1619
1636
1646
1658
1675
1691
1708
1730
1730
1715
1706
1699
1691
1682
1675
1665
1650
1624
1583
1562
1547
1540
1535
1538
1540
1547
1554
1569
1598
1626
1646
1662
1677
1691
1691
1675
1658
1641
1617
1600
1588
1578
1574
1578
1590
1607
1636
1684
1727
1771
1797
1814
1826
1833
1838
1845
1855
1826
1773
1742
1730
1723
1732
1739
1744
1749
1751
1751
1744
1737
1725
1706
1679
1670
1662
1658
1653
1650
1650
1653
1660
1667
1675
1682
1691
1701
1711
1720
1730
1747
1766
1747
1727
1708
1708
1723
1737
1751
1739
1723
1711
1727
1778
1852
1948
2073
2206
2268
2191
1951
1602
1244
0990
0910
1021
1235
1427
1499
1523
1545
1566
1602
1631
1646
1638
1595
1566
1552
1540
1542
1564
1598
1641
1689
1718
1732
1742
1723
1706
1691
1679
1665
1624
1581
1566
1559
1557
1564
1576
1593
1626
1667
1701
1713
1723
1730
1735
1735
1732
1727
1720
1718
1715
1711
1708
1708
1706
1706
1708
1708
1708
1708
1708
1711
1713
1718
1720
1720
1723
1725
1732
1739
1747
1756
1766
1778
1799
1816
1824
1828
1838
1845
1852
1848
1836
1828
1816
1809
1811
1816
1821
1824
1828
1831
1831
1821
1807
1792
1780
1768
1756
1747
1737
1732
1730
1727
1723
1715
1706
1694
1687
1682
1679
1677
1679
1684
1689
1691
1696
1699
1701
1706
1708
1715
1720
1725
1735
1747
1771
1787
1797
1804
1811
1816
1821
1826
1833
1843
1879
1977
2136
2321
2441
2441
2323
2049
1739
1504
1405
1461
1622
1799
1876
1867
1742
1602
1504
1475
1465
1492
1513
1526
1535
1542
1545
1550
1554
1557
1562
1566
1571
1576
1578
1581
1581
1578
1576
1571
1566
1559
1552
1542
1533
1523
1513
1506
1499
1492
1492
1497
1506
1518
1528
1540
1552
1562
1569
1578
1586
1593
1595
1595
1593
1593
1590
1588
1586
1586
1583
1583
1583
1583
1583
1586
1590
1598
1605
1614
1631
1672
1715
1747
1768
1790
1799
1802
1807
1809
1814
1819
1821
1826
1831
1836
1843
1857
1867
1872
1881
1888
1872
1843
1809
1787
1778
1768
1763
1763
1766
1773
1778
1785
1797
1802
1792
1778
1759
1737
1723
1715
1708
1708
1703
1701
1701
1699
1701
1706
1711
1720
1727
1732
1742
1751
1759
1768
1775
1780
1785
1790
1799
1816
1845
1922
2057
2227
2393
2482
2472
2345
2102
1855
1682
1643
1653
1696
1718
1694
1648
1617
1610
1605
1602
1598
1593
1590
1583
1574
1571
1583
1593
1605
1605
1590
1574
1557
1542
1533
1526
1523
1528
1542
1564
1595
1612
1622
1631
1634
1634
1629
1622
1614
1600
1586
1576
1569
1562
1554
1552
1557
1564
1578
1619
1682
1701
1711
1723
1735
1756
1771
1773
1775
1766
1754
1744
1761
1778
1790
1799
1799
1790
1775
1763
1747
1739
1747
1759
1778
1811
1855
1893
1932
1956
1968
1975
1980
1970
1953
1946
1944
1939
1934
1932
1927
1924
1920
1917
1915
1910
1908
1905
1905
1900
1891
1860
1814
1771
1732
1708
1706
1699
1696
1711
1737
1773
1804
1826
1843
1855
1869
1896
1936
1975
1994
2006
2013
2013
2004
1987
1958
1932
1917
1927
1994
2124
2290
2463
2595
2612
2568
2379
2121
1881
1744
1730
1790
1910
1989
1994
1936
1840
1751
1691
1667
1667
1689
1723
1754
1773
1785
1759
1720
1679
1648
1629
1617
1607
1600
1595
1593
1588
1586
1583
1581
1581
1581
1583
1588
1593
1598
1605
1617
1593
1574
1564
1554
1547
1542
1542
1547
1554
1564
1576
1622
1679
1696
1708
1725
1739
1754
1773
1780
1775
1761
1749
1732
1718
1708
1691
1677
1675
1672
1667
1689
1720
1756
1787
1826
1872
1908
1922
1929
1936
1941
1941
1936
1924
1908
1884
1838
1809
1795
1783
1773
1763
1756
1751
1747
1737
1737
1747
1759
1771
1773
1768
1763
1759
1754
1749
1744
1739
1735
1730
1723
1720
1720
1723
1730
1737
1747
1756
1768
1790
1804
1816
1824
1828
1833
1838
1845
1850
1857
1869
1910
2018
2179
2383
2559
2633
2530
2251
1869
1538
1405
1410
1566
1759
1888
1900
1833
1723
1631
1598
1583
1574
1576
1593
1602
1607
1612
1614
1619
1624
1629
1636
1648
1665
1665
1641
1607
1566
1547
1535
1528
1528
1533
1545
1559
1581
1612
1638
1653
1662
1670
1675
1684
1691
1703
1711
1720
1737
1761
1763
1751
1742
1737
1730
1720
1711
1701
1672
1648
1641
1636
1636
1653
1665
1672
1677
1682
1689
1696
1701
1708
1718
1742
1780
1807
1824
1836
1848
1857
1869
1876
1869
1857
1845
1833
1826
1816
1809
1804
1795
1783
1773
1766
1761
1754
1744
1742
1749
1761
1771
1780
1787
1792
1795
1792
1787
1780
1771
1751
1711
1675
1648
1629
1612
1595
1583
1569
1559
1576
1626
1699
1775
1850
1896
1934
1963
1982
2004
2045
2129
2283
2463
2571
2559
2386
2011
1595
1292
1206
1295
1453
1571
1641
1662
1679
1694
1713
1751
1783
1802
1802
1783
1756
1720
1691
1667
1636
1619
1610
1600
1593
1588
1586
1586
1588
1593
1598
1600
1602
1605
1610
1614
1619
1619
1617
1612
1605
1598
1590
1578
1571
1586
1614
1643
1675
1696
1708
1715
1725
1732
1730
1720
1706
1684
1662
1682
1703
1718
1718
1708
1694
1682
1682
1701
1713
1725
1735
1749
1763
1778
1795
1816
1828
1826
1816
1809
1797
1795
1804
1819
1831
1816
1804
1797
1792
1785
1778
1773
1761
1720
1684
1670
1662
1662
1670
1679
1689
1699
1708
1713
1718
1732
1730
1687
1641
1626
1626
1641
1653
1662
1672
1679
1687
1691
1703
1711
1694
1667
1648
1667
1696
1715
1723
1730
1732
1727
1718
1711
1706
1701
1699
1696
1699
1701
1703
1706
1708
1711
1718
1735
1766
1862
2037
2242
2417
2506
2439
2179
1773
1321
0956
0833
0838
0990
1177
1336
1396
1425
1449
1475
1501
1521
1540
1554
1566
1574
1564
1550
1538
1528
1521
1513
1509
1504
1499
1492
1482
1465
1456
1446
1439
1437
1446
1468
1489
1516
1538
1552
1564
1571
1569
1562
1552
1542
1564
1586
1595
1607
1619
1629
1641
1658
1682
1684
1662
1634
1590
1557
1535
1526
1523
1523
1518
1521
1530
1538
1542
1547
1554
1562
1571
1578
1590
1607
1622
1636
1655
1689
1718
1739
1715
1696
1684
1675
1667
1662
1660
1658
1653
1650
1648
1643
1638
1629
1619
1605
1588
1578
1574
1566
1562
1588
1614
1631
1643
1653
1658
1672
1691
1701
1708
1711
1713
1715
1718
1718
1720
1723
1703
1675
1653
1677
1706
1725
1739
1747
1761
1780
1816
1874
1958
2073
2232
2417
2542
2542
2422
2121
1749
1410
1220
1194
1249
1386
1528
1638
1708
1739
1751
1749
1732
1718
1703
1708
1732
1761
1787
1790
1773
1754
1737
1725
1713
1708
1706
1706
1701
1699
1696
1694
1691
1694
1694
1696
1699
1703
1708
1715
1706
1694
1682
1677
1682
1699
1713
1730
1749
1771
1807
1843
1857
1864
1872
1876
1879
1881
1881
1879
1879
1876
1874
1869
1864
1857
1843
1816
1799
1787
1787
1809
1845
1888
1924
1948
1968
1994
2016
2025
2033
2033
2016
1992
1958
1929
1905
1884
1872
1864
1857
1852
1848
1845
1840
1836
1831
1826
1821
1814
1807
1802
1795
1790
1783
1780
1775
1771
1766
1761
1759
1754
1749
1747
1742
1739
1735
1732
1730
1725
1715
1715
1725
1735
1744
1744
1737
1730
1720
1730
1742
1751
1751
1744
1739
1737
1732
1725
1720
1715
1708
1696
1715
1732
1742
1749
1756
1761
1763
1761
1756
1751
1747
1737
1725
1703
1655
1612
1583
1566
1557
1547
1542
1542
1557
1581
1619
1660
1670
1675
1679
1684
1687
1687
1689
1687
1684
1679
1675
1670
1662
1653
1638
1629
1624
1622
1617
1612
1612
1629
1646
1660
1667
1655
1636
1619
1602
1590
1590
1598
1610
1641
1725
1840
1975
2126
2287
2465
2571
2564
2422
2076
1653
1280
1124
1115
1220
1348
1398
1410
1429
1453
1538
1586
1598
1602
1610
1614
1619
1624
1626
1631
1636
1641
1648
1660
1665
1655
1634
1600
1557
1533
1518
1509
1506
1509
1516
1526
1545
1578
1602
1614
1624
1631
1638
1646
1658
1672
1653
1624
1590
1574
1562
1552
1550
1552
1557
1566
1581
1602
1643
1670
1687
1701
1708
1715
1725
1732
1732
1720
1706
1687
1658
1641
1626
1610
1610
1629
1646
1660
1679
1706
1744
1790
1814
1828
1840
1852
1867
1893
1920
1927
1932
1936
1939
1936
1924
1910
1886
1843
1790
1754
1739
1730
1723
1718
1720
1727
1739
1756
1775
1807
1828
1845
1857
1867
1869
1862
1848
1831
1816
1795
1771
1749
1730
1713
1703
1699
1706
1715
1727
1742
1759
1773
1780
1783
1785
1787
1790
1792
1795
1797
1804
1809
1811
1816
1824
1833
1845
1910
2081
2304
2532
2648
2638
2460
2112
1739
1463
1398
1413
1545
1689
1761
1787
1799
1802
1790
1766
1694
1643
1631
1624
1617
1612
1602
1593
1586
1576
1564
1554
1540
1518
1501
1504
1523
1550
1569
1590
1605
1610
1614
1619
1624
1629
1631
1626
1617
1607
1600
1593
1586
1578
1571
1569
1571
1576
1583
1593
1605
1617
1631
1648
1662
1677
1687
1696
1703
1708
1715
1720
1723
1725
1723
1720
1715
1711
1706
1699
1691
1675
1667
1677
1703
1725
1751
1773
1795
1831
1862
1874
1884
1881
1855
1833
1816
1799
1787
1778
1768
1761
1751
1742
1735
1732
1735
1742
1749
1756
1761
1768
1778
1783
1787
1783
1773
1761
1751
1744
1739
1732
1727
1723
1718
1715
1711
1708
1708
1706
1706
1706
1706
1708
1708
1711
1715
1720
1725
1730
1737
1744
1749
1756
1761
1766
1773
1780
1787
1792
1792
1792
1790
1785
1780
1775
1768
1756
1747
1754
1766
1778
1787
1795
1799
1797
1783
1766
1747
1735
1723
1711
1701
1691
1684
1679
1679
1679
1677
1677
1675
1675
1675
1672
1672
1682
1694
1701
1708
1711
1718
1720
1720
1715
1706
1691
1679
1667
1653
1638
1626
1617
1614
1619
1626
1638
1653
1682
1735
1773
1795
1811
1821
1826
1828
1833
1840
1845
1831
1807
1783
1756
1732
1708
1696
1684
1675
1665
1660
1660
1662
1670
1679
1689
1701
1715
1737
1766
1855
2009
2206
2417
2612
2674
2645
2441
2095
1735
1458
1372
1386
1449
1480
1504
1518
1533
1552
1578
1607
1622
1631
1641
1646
1650
1650
1650
1648
1646
1638
1629
1619
1607
1593
1578
1554
1533
1526
1528
1540
1552
1569
1595
1624
1662
1713
1744
1759
1768
1778
1783
1785
1785
1780
1773
1766
1759
1754
1749
1742
1735
1725
1720
1715
1711
1708
1708
1706
1703
1703
1703
1703
1703
1699
1694
1689
1687
1682
1677
1672
1667
1660
1655
1648
1638
1614
1614
1638
1672
1718
1749
1763
1775
1790
1802
1814
1826
1838
1848
1857
1867
1881
1893
1910
1932
1941
1927
1905
1891
1879
1869
1860
1855
1852
1855
1860
1867
1872
1876
1884
1891
1898
1898
1896
1888
1874
1855
1816
1787
1771
1763
1771
1785
1795
1804
1814
1821
1824
1824
1819
1811
1802
1795
1787
1778
1768
1759
1749
1742
1737
1727
1715
1691
1646
1598
1554
1528
1511
1501
1516
1554
1667
1848
2066
2287
2458
2528
2516
2388
2143
1867
1636
1497
1446
1441
1456
1468
1480
1485
1470
1441
1389
1352
1345
1369
1453
1528
1569
1588
1602
1610
1612
1614
1614
1614
1617
1619
1622
1624
1622
1612
1602
1595
1590
1586
1581
1578
1574
1571
1571
1571
1574
1576
1578
1581
1586
1590
1595
1598
1602
1605
1607
1610
1610
1610
1605
1600
1593
1588
1583
1578
1571
1566
1559
1554
1552
1547
1545
1542
1542
1542
1540
1538
1533
1523
1516
1526
1552
1595
1646
1667
1677
1684
1691
1696
1701
1706
1708
1708
1713
1715
1723
1732
1737
1727
1713
1703
1689
1684
1694
1711
1735
1761
1773
1783
1790
1797
1807
1816
1831
1848
1826
1807
1797
1785
1773
1763
1751
1725
1708
1699
1713
1759
1778
1797
1809
1821
1828
1833
1840
1845
1855
1864
1874
1893
1968
2126
2362
2588
2677
2532
2177
1713
1314
1155
1158
1324
1492
1612
1638
1643
1648
1650
1650
1650
1648
1643
1636
1626
1612
1588
1574
1562
1552
1550
1559
1578
1610
1650
1689
1727
1775
1804
1814
1819
1824
1826
1826
1821
1811
1799
1783
1759
1737
1708
1670
1634
1612
1602
1598
1593
1588
1586
1595
1617
1653
1682
1687
1689
1694
1694
1696
1696
1694
1691
1687
1679
1672
1662
1648
1634
1622
1614
1607
1600
1595
1595
1600
1610
1622
1641
1665
1675
1687
1677
1653
1643
1636
1631
1626
1622
1617
1607
1598
1617
1643
1665
1672
1675
1677
1679
1679
1679
1679
1679
1679
1679
1677
1677
1677
1677
1677
1679
1682
1682
1684
1684
1687
1689
1694
1696
1708
1727
1737
1747
1744
1725
1708
1694
1687
1687
1687
1687
1684
1684
1682
1679
1677
1672
1665
1660
1648
1631
1631
1643
1675
1751
1869
2021
2184
2297
2302
2225
1987
1679
1381
1211
1194
1288
1477
1658
1761
1771
1711
1590
1487
1444
1427
1432
1458
1499
1547
1574
1588
1598
1607
1614
1622
1629
1641
1662
1682
1703
1720
1730
1737
1744
1742
1720
1689
1658
1641
1631
1626
1634
1646
1653
1658
1662
1665
1670
1672
1675
1679
1679
1682
1684
1689
1691
1699
1708
1708
1689
1643
1593
1578
1569
1562
1562
1562
1564
1569
1576
1583
1593
1610
1612
1605
1598
1588
1607
1626
1641
1650
1646
1641
1636
1626
1626
1636
1643
1648
1653
1658
1667
1677
1689
1696
1706
1713
1718
1723
1720
1718
1713
1708
1699
1677
1655
1646
1638
1638
1646
1662
1677
1691
1708
1723
1732
1742
1749
1756
1761
1763
1763
1763
1761
1756
1754
1751
1744
1732
1732
1742
1775
1857
1953
2049
2136
2172
2165
2095
1958
1761
1521
1278
1100
1047
1107
1225
1357
1415
1432
1446
1463
1482
1518
1564
1605
1646
1682
1715
1749
1787
1831
1852
1860
1864
1852
1840
1831
1824
1814
1802
1790
1775
1766
1768
1775
1778
1783
1787
1790
1792
1795
1799
1802
1807
1811
1819
1836
1857
1862
1862
1864
1864
1867
1867
1869
1874
1876
1879
1881
1884
1886
1888
1893
1905
1905
1886
1867
1850
1836
1826
1811
1778
1742
1718
1718
1742
1759
1771
1785
1797
1807
1821
1848
1886
1903
1912
1920
1924
1927
1929
1929
1929
1927
1922
1917
1912
1910
1908
1903
1896
1888
1876
1862
1831
1802
1787
1799
1833
1848
1860
1867
1869
1867
1862
1857
1850
1824
1773
1754
1756
1771
1783
1795
1807
1814
1824
1860
1941
2064
2213
2371
2451
2381
2146
1790
1386
1081
0978
1059
1223
1393
1494
1526
1545
1554
1562
1576
1602
1619
1626
1634
1641
1648
1653
1665
1691
1715
1744
1768
1785
1785
1768
1742
1718
1708
1706
1699
1699
1701
1708
1713
1727
1747
1759
1766
1749
1730
1715
1703
1691
1672
1653
1643
1638
1636
1631
1631
1626
1624
1622
1619
1612
1605
1588
1571
1562
1557
1557
1574
1588
1600
1614
1629
1641
1655
1670
1684
1691
1701
1711
1727
1735
1742
1747
1739
1723
1699
1662
1631
1602
1583
1574
1566
1562
1557
1554
1550
1545
1547
1562
1578
1598
1612
1634
1660
1703
1751
1771
1771
1754
1737
1715
1696
1675
1655
1655
1667
1675
1682
1687
1691
1691
1689
1679
1670
1658
1650
1638
1626
1617
1610
1605
1598
1583
1586
1648
1790
2009
2254
2439
2492
2357
2045
1655
1340
1213
1280
1458
1631
1756
1775
1744
1646
1554
1492
1458
1439
1425
1417
1427
1449
1485
1509
1516
1521
1523
1513
1497
1485
1470
1463
1465
1475
1504
1559
1612
1646
1684
1711
1725
1735
1742
1747
1744
1735
1723
1711
1699
1689
1689
1701
1711
1718
1727
1735
1739
1744
1744
1742
1735
1727
1718
1708
1696
1687
1691
1703
1708
1715
1723
1732
1742
1749
1756
1763
1768
1775
1780
1783
1785
1787
1790
1795
1797
1804
1816
1814
1792
1771
1749
1739
1735
1727
1727
1744
1768
1804
1848
1893
1920
1936
1948
1953
1951
1944
1932
1922
1908
1891
1879
1864
1852
1836
1814
1797
1783
1768
1763
1768
1775
1785
1792
1802
1811
1814
1809
1799
1787
1775
1763
1749
1739
1727
1715
1706
1694
1687
1682
1675
1667
1662
1667
1684
1730
1824
1958
2126
2331
2446
2436
2268
1960
1638
1453
1432
1506
1612
1679
1706
1706
1687
1667
1648
1626
1607
1590
1578
1569
1559
1552
1545
1535
1526
1511
1482
1451
1439
1432
1427
1425
1429
1441
1461
1518
1583
1626
1665
1689
1708
1725
1739
1751
1763
1763
1754
1742
1727
1708
1682
1658
1638
1624
1612
1602
1590
1583
1583
1598
1617
1629
1643
1655
1662
1667
1665
1660
1653
1646
1636
1624
1614
1622
1636
1660
1696
1725
1744
1754
1761
1766
1773
1778
1771
1756
1749
1744
1739
1735
1730
1725
1723
1718
1715
1713
1713
1711
1708
1703
1694
1689
1694
1706
1718
1735
1732
1711
1691
1675
1662
1658
1653
1643
1634
1653
1682
1713
1759
1816
1838
1848
1855
1852
1828
1790
1766
1761
1754
1739
1706
1653
1634
1648
1699
1795
1908
2042
2194
2333
2410
2359
2170
1915
1732
1677
1739
1840
1896
1896
1840
1737
1626
1538
1501
1477
1463
1480
1511
1526
1530
1533
1513
1499
1492
1485
1482
1477
1477
1477
1480
1482
1482
1485
1485
1487
1487
1489
1492
1494
1497
1499
1501
1504
1506
1511
1516
1521
1523
1530
1538
1554
1566
1569
1571
1571
1574
1576
1578
1581
1586
1588
1590
1593
1598
1600
1605
1610
1612
1617
1622
1629
1638
1650
1667
1699
1737
1763
1783
1807
1867
1908
1920
1929
1934
1934
1932
1924
1915
1888
1828
1756
1723
1706
1691
1682
1675
1665
1653
1679
1703
1720
1735
1742
1751
1761
1778
1787
1795
1802
1809
1821
1833
1848
1864
1881
1898
1915
1932
1939
1932
1920
1898
1872
1845
1811
1785
1768
1761
1761
1766
1778
1814
1876
1982
2160
2386
2588
2686
2631
2441
2155
1884
1749
1730
1768
1850
1862
1836
1754
1689
1631
1578
1557
1557
1578
1595
1614
1622
1612
1600
1588
1578
1569
1569
1578
1590
1602
1617
1631
1643
1655
1662
1672
1675
1672
1665
1655
1643
1624
1605
1576
1554
1542
1533
1552
1583
1617
1648
1689
1732
1773
1809
1828
1838
1845
1819
1768
1725
1699
1682
1675
1670
1667
1665
1662
1662
1660
1660
1665
1672
1679
1689
1703
1720
1737
1749
1768
1797
1824
1840
1855
1872
1891
1900
1908
1910
1903
1886
1864
1840
1821
1799
1783
1783
1783
1783
1780
1780
1780
1780
1780
1780
1778
1775
1771
1766
1759
1751
1737
1713
1699
1677
1646
1619
1600
1595
1590
1588
1583
1588
1605
1631
1658
1699
1754
1845
1977
2155
2340
2494
2540
2513
2331
2025
1703
1446
1328
1319
1389
1477
1509
1511
1501
1492
1482
1499
1530
1566
1590
1607
1614
1614
1602
1590
1586
1581
1576
1571
1569
1566
1566
1569
1571
1576
1583
1598
1612
1617
1622
1624
1624
1624
1619
1612
1602
1593
1581
1578
1590
1598
1607
1612
1605
1590
1581
1571
1562
1559
1562
1569
1581
1598
1631
1667
1706
1730
1744
1756
1766
1773
1780
1790
1802
1804
1795
1778
1778
1814
1852
1864
1843
1824
1811
1799
1790
1780
1775
1771
1766
1763
1761
1756
1756
1756
1756
1756
1756
1759
1761
1763
1768
1778
1771
1730
1689
1658
1641
1629
1624
1622
1622
1614
1624
1667
1706
1730
1742
1751
1761
1768
1775
1780
1787
1792
1797
1802
1809
1816
1828
1848
1922
2049
2201
2350
2422
2352
2150
1850
1513
1232
1093
1155
1333
1489
1619
1708
1766
1785
1783
1756
1737
1725
1713
1701
1689
1679
1672
1667
1662
1658
1650
1648
1646
1643
1641
1641
1641
1641
1643
1646
1650
1653
1658
1660
1662
1662
1665
1667
1670
1672
1672
1672
1670
1667
1665
1662
1658
1648
1646
1662
1684
1715
1735
1744
1751
1756
1754
1747
1742
1739
1735
1727
1725
1727
1735
1742
1749
1759
1771
1778
1785
1795
1802
1809
1816
1824
1831
1840
1850
1860
1872
1879
1881
1886
1893
1905
1886
1833
1773
1737
1713
1696
1682
1670
1655
1641
1641
1665
1679
1689
1696
1703
1708
1706
1701
1694
1687
1679
1672
1667
1660
1653
1646
1641
1638
1636
1634
1631
1626
1624
1614
1622
1646
1655
1665
1672
1677
1684
1708
1756
1792
1807
1797
1780
1778
1790
1797
1785
1775
1766
1761
1763
1763
1766
1766
1768
1771
1768
1766
1763
1759
1754
1747
1742
1735
1725
1715
1708
1699
1687
1667
1648
1629
1619
1612
1605
1598
1595
1593
1593
1595
1600
1605
1607
1610
1612
1614
1617
1622
1624
1629
1629
1629
1629
1631
1629
1629
1626
1626
1624
1622
1619
1619
1617
1610
1607
1612
1624
1636
1646
1658
1670
1682
1689
1699
1706
1711
1718
1723
1727
1732
1737
1742
1747
1751
1754
1754
1754
1754
1754
1751
1747
1739
1732
1727
1720
1708
1696
1684
1670
1660
1650
1643
1636
1629
1624
1617
1614
1610
1602
1595
1588
1581
1574
1562
1550
1535
1511
1475
1432
1372
1312
1254
1187
1112
1067
1050
1074
1141
1242
1367
1521
1675
1778
1811
1824
1814
1802
1792
1809
1826
1843
1862
1912
2033
2186
2321
2393
2400
2357
2278
2201
2129
2042
1944
1852
1787
1756
1727
1703
1684
1672
1672
1687
1701
1713
1715
1713
1708
1708
1708
1713
1718
1720
1725
1725
1727
1725
1725
1725
1725
1725
1723
1718
1711
1708
1699
1682
1677
1672
1670
1667
1672
1682
1701
1720
1732
1737
1744
1751
1759
1768
1790
1821
1857
1884
1905
1932
1951
1963
1963
1946
1920
1888
1855
1833
1828
1824
1821
1819
1819
1816
1816
1816
1819
1821
1824
1828
1836
1843
1855
1876
1893
1910
1924
1898
1862
1833
1809
1790
1773
1763
1759
1756
1754
1751
1749
1747
1747
1747
1747
1747
1749
1751
1759
1768
1780
1797
1804
1790
1763
1751
1742
1732
1725
1718
1713
1708
1708
1706
1703
1701
1699
1696
1694
1687
1687
1708
1771
1840
1879
1900
1910
1915
1922
1932
1941
1956
1980
2071
2232
2417
2516
2501
2328
2013
1677
1391
1278
1280
1401
1540
1653
1737
1761
1771
1778
1751
1723
1706
1691
1682
1675
1665
1653
1636
1612
1571
1535
1523
1513
1506
1504
1504
1511
1521
1535
1583
1653
1677
1660
1646
1641
1636
1626
1612
1595
1574
1538
1494
1506
1540
1600
1619
1636
1653
1675
1711
1754
1773
1790
1787
1768
1744
1718
1699
1667
1631
1610
1598
1590
1583
1586
1593
1605
1619
1634
1648
1665
1682
1696
1718
1747
1756
1763
1771
1775
1775
1771
1761
1749
1739
1732
1723
1713
1706
1699
1689
1682
1675
1665
1658
1655
1655
1655
1655
1653
1653
1653
1655
1655
1655
1653
1646
1641
1634
1638
1662
1699
1742
1768
1780
1790
1797
1799
1802
1799
1795
1787
1775
1761
1742
1708
1696
1687
1677
1670
1670
1684
1706
1739
1792
1824
1843
1855
1857
1845
1828
1804
1773
1744
1715
1689
1670
1658
1650
1643
1638
1634
1631
1626
1622
1614
1607
1602
1605
1622
1641
1655
1667
1679
1689
1694
1691
1679
1665
1650
1638
1622
1607
1593
1583
1571
1562
1550
1535
1523
1521
1533
1554
1588
1636
1682
1720
1754
1792
1874
1999
2170
2359
2465
2448
2266
1944
1619
1422
1396
1468
1619
1735
1773
1787
1792
1778
1754
1742
1735
1730
1725
1723
1720
1715
1711
1706
1699
1694
1689
1687
1684
1684
1682
1679
1679
1677
1672
1667
1658
1650
1648
1646
1648
1648
1648
1646
1646
1646
1648
1653
1655
1655
1648
1638
1624
1595
1566
1554
1547
1540
1535
1538
1547
1559
1578
1622
1653
1667
1679
1694
1708
1720
1735
1751
1775
1790
1787
1787
1787
1785
1785
1787
1787
1792
1792
1797
1804
1811
1821
1833
1843
1850
1857
1867
1876
1886
1896
1900
1905
1908
1908
1905
1903
1896
1891
1881
1872
1864
1855
1848
1836
1824
1814
1802
1795
1790
1785
1783
1778
1773
1768
1761
1751
1744
1744
1747
1749
1756
1761
1768
1773
1763
1744
1732
1723
1713
1708
1708
1708
1711
1720
1735
1790
1891
2047
2249
2460
2552
2532
2333
2006
1701
1562
1562
1706
1920
2045
2085
2037
1893
1773
1727
1701
1691
1687
1684
1679
1677
1672
1670
1670
1670
1667
1667
1665
1662
1662
1662
1662
1660
1660
1660
1660
1660
1660
1660
1658
1653
1648
1646
1641
1626
1624
1646
1665
1687
1699
1689
1675
1667
1660
1655
1653
1650
1646
1641
1634
1631
1629
1631
1634
1636
1641
1643
1648
1658
1667
1677
1684
1691
1706
1720
1735
1749
1759
1768
1775
1783
1792
1802
1807
1809
1811
1814
1816
1819
1819
1816
1811
1804
1799
1792
1787
1780
1773
1754
1720
1708
1703
1699
1696
1694
1694
1694
1691
1694
1694
1699
1701
1703
1708
1711
1715
1723
1727
1727
1720
1708
1696
1675
1648
1638
1631
1626
1622
1619
1624
1638
1665
1739
1869
2023
2177
2309
2355
2338
2203
1994
1807
1732
1735
1790
1819
1838
1831
1785
1735
1677
1636
1622
1614
1610
1607
1605
1602
1602
1605
1607
1612
1619
1624
1631
1641
1655
1667
1675
1679
1687
1694
1687
1650
1624
1605
1586
1571
1559
1547
1533
1518
1506
1499
1497
1494
1489
1485
1511
1545
1574
1600
1614
1626
1636
1641
1641
1634
1622
1607
1593
1571
1557
1552
1547
1542
1538
1533
1533
1545
1566
1600
1641
1672
1708
1744
1787
1828
1860
1881
1896
1905
1912
1917
1920
1922
1924
1927
1932
1936
1915
1886
1860
1840
1819
1799
1785
1771
1759
1759
1771
1785
1799
1797
1773
1756
1742
1730
1730
1739
1749
1763
1780
1747
1720
1703
1689
1677
1672
1662
1646
1624
1610
1619
1677
1696
1699
1699
1696
1694
1691
1689
1689
1703
1727
1807
1963
2162
2355
2456
2451
2323
2057
1775
1571
1513
1581
1708
1824
1848
1836
1747
1701
1684
1670
1653
1634
1612
1614
1641
1667
1691
1706
1713
1720
1730
1727
1708
1682
1643
1622
1610
1602
1595
1593
1595
1600
1610
1622
1646
1677
1689
1699
1703
1708
1708
1708
1703
1696
1689
1682
1667
1653
1634
1610
1583
1564
1540
1513
1494
1482
1482
1494
1528
1588
1658
1708
1725
1744
1756
1763
1768
1773
1778
1783
1790
1797
1807
1814
1819
1828
1838
1845
1852
1852
1850
1843
1838
1831
1824
1807
1807
1828
1840
1850
1860
1867
1872
1869
1864
1860
1855
1850
1843
1831
1819
1802
1780
1763
1747
1730
1723
1715
1713
1708
1703
1703
1711
1725
1737
1720
1708
1703
1696
1689
1684
1682
1677
1665
1670
1708
1727
1732
1735
1730
1725
1718
1718
1744
1824
1951
2124
2283
2343
2237
1968
1614
1295
1124
1117
1252
1473
1629
1718
1751
1737
1713
1684
1646
1614
1588
1574
1588
1636
1708
1730
1737
1744
1739
1718
1696
1675
1667
1665
1660
1658
1655
1658
1658
1662
1665
1670
1672
1677
1682
1687
1689
1691
1701
1689
1636
1612
1605
1600
1595
1590
1588
1583
1578
1569
1583
1595
1600
1605
1610
1614
1619
1624
1629
1636
1643
1648
1653
1658
1660
1665
1670
1675
1679
1684
1691
1701
1720
1751
1766
1773
1778
1780
1785
1790
1797
1802
1809
1814
1819
1826
1836
1840
1843
1838
1831
1821
1807
1790
1778
1771
1766
1756
1747
1735
1711
1694
1687
1682
1677
1667
1655
1643
1629
1626
1638
1643
1650
1655
1660
1662
1662
1660
1658
1653
1653
1650
1648
1643
1638
1634
1626
1614
1617
1667
1766
1888
2013
2134
2232
2246
2210
2016
1708
1350
1062
0961
0970
1127
1345
1528
1605
1634
1650
1689
1739
1759
1766
1761
1747
1708
1658
1641
1653
1672
1687
1670
1643
1614
1593
1576
1554
1533
1513
1516
1538
1554
1566
1576
1581
1583
1586
1588
1590
1593
1593
1586
1578
1571
1566
1571
1583
1590
1595
1602
1605
1605
1605
1600
1593
1583
1569
1552
1569
1583
1593
1602
1612
1626
1648
1687
1725
1749
1754
1759
1768
1785
1809
1838
1857
1869
1881
1888
1898
1905
1910
1908
1898
1896
1891
1886
1884
1884
1879
1874
1869
1864
1857
1848
1828
1802
1790
1783
1775
1766
1756
1744
1727
1742
1749
1756
1761
1766
1768
1768
1766
1761
1756
1754
1747
1735
1735
1754
1809
1884
1987
2102
2210
2254
2237
2107
1848
1518
1203
1079
1086
1244
1470
1641
1672
1665
1590
1550
1538
1533
1526
1523
1521
1518
1506
1509
1552
1610
1646
1679
1715
1751
1785
1809
1824
1831
1826
1814
1802
1792
1775
1756
1725
1701
1691
1684
1703
1723
1742
1739
1723
1708
1694
1679
1665
1650
1638
1626
1619
1610
1598
1590
1595
1602
1605
1607
1607
1607
1610
1612
1614
1619
1622
1624
1626
1629
1636
1641
1650
1672
1701
1708
1713
1720
1732
1749
1768
1790
1790
1773
1756
1739
1723
1706
1689
1672
1662
1658
1653
1650
1646
1643
1650
1665
1682
1699
1689
1672
1679
1718
1747
1759
1766
1771
1773
1771
1766
1759
1749
1735
1713
1689
1672
1658
1648
1641
1638
1636
1634
1634
1631
1626
1648
1687
1723
1747
1759
1773
1785
1799
1828
1864
1920
1975
2033
2052
2021
1932
1711
1413
1103
0886
0797
0855
1011
1184
1312
1379
1415
1439
1461
1480
1509
1540
1557
1564
1569
1574
1578
1583
1590
1598
1605
1617
1626
1626
1622
1612
1607
1602
1598
1595
1595
1600
1610
1624
1653
1682
1694
1703
1679
1653
1631
1631
1646
1660
1672
1682
1687
1691
1696
1706
1708
1706
1691
1672
1650
1638
1629
1624
1619
1614
1607
1600
1590
1576
1559
1574
1600
1629
1648
1660
1675
1689
1701
1711
1723
1732
1742
1749
1759
1766
1773
1775
1775
1771
1766
1759
1749
1735
1735
1759
1773
1783
1790
1797
1802
1804
1804
1799
1795
1787
1783
1775
1768
1759
1749
1739
1730
1718
1699
1667
1655
1648
1643
1641
1641
1643
1653
1662
1703
1749
1763
1773
1778
1778
1773
1761
1747
1725
1703
1713
1751
1850
1973
2105
2206
2210
2129
1872
1506
1107
0819
0756
0889
1122
1374
1578
1622
1636
1643
1643
1636
1622
1600
1578
1559
1569
1612
1646
1660
1670
1679
1694
1708
1725
1747
1761
1775
1790
1804
1811
1802
1783
1768
1751
1742
1737
1739
1742
1747
1751
1761
1761
1747
1735
1727
1720
1715
1715
1718
1720
1723
1725
1732
1739
1713
1694
1677
1665
1658
1653
1650
1648
1643
1662
1682
1701
1701
1694
1687
1677
1713
1747
1768
1785
1799
1811
1821
1831
1848
1855
1845
1826
1811
1792
1778
1763
1751
1735
1715
1732
1761
1787
1807
1816
1824
1814
1797
1783
1766
1756
1756
1771
1785
1795
1804
1814
1819
1819
1811
1804
1792
1778
1756
1747
1744
1744
1742
1739
1739
1739
1737
1737
1735
1732
1732
1730
1730
1730
1727
1725
1723
1720
1718
1713
1708
1689
1670
1655
1641
1634
1636
1646
1675
1785
1944
2121
2302
2400
2391
2242
1898
1475
1071
0865
0857
1026
1273
1453
1504
1497
1427
1384
1369
1391
1456
1545
1581
1590
1595
1602
1607
1614
1626
1646
1679
1699
1708
1715
1720
1723
1720
1713
1708
1701
1694
1687
1677
1670
1660
1650
1643
1634
1619
1612
1612
1614
1622
1614
1581
1564
1586
1624
1648
1662
1655
1626
1612
1605
1605
1607
1607
1610
1612
1614
1619
1624
1631
1636
1624
1602
1586
1569
1554
1550
1554
1566
1581
1607
1646
1675
1713
1742
1756
1768
1775
1783
1790
1795
1797
1804
1814
1828
1850
1869
1884
1884
1862
1831
1797
1768
1739
1708
1684
1665
1653
1677
1694
1706
1713
1720
1723
1725
1727
1727
1732
1737
1730
1720
1713
1723
1737
1747
1720
1699
1684
1672
1662
1660
1658
1655
1650
1643
1667
1711
1737
1744
1742
1723
1713
1727
1766
1838
1939
2057
2177
2218
2196
2040
1768
1485
1264
1187
1196
1328
1513
1631
1670
1650
1598
1521
1480
1482
1526
1595
1662
1699
1727
1759
1778
1787
1797
1799
1795
1785
1771
1751
1725
1718
1711
1708
1706
1711
1727
1756
1780
1787
1790
1792
1797
1804
1814
1821
1833
1845
1855
1848
1836
1821
1809
1790
1768
1730
1703
1694
1689
1684
1679
1677
1672
1670
1667
1662
1658
1655
1658
1667
1679
1689
1699
1708
1715
1723
1727
1732
1735
1737
1737
1739
1742
1744
1747
1749
1754
1759
1763
1773
1780
1787
1792
1799
1807
1819
1828
1836
1836
1831
1824
1811
1802
1790
1773
1759
1749
1744
1742
1737
1732
1735
1756
1773
1785
1797
1807
1816
1824
1831
1838
1843
1848
1850
1845
1838
1828
1819
1807
1790
1773
1754
1744
1735
1730
1725
1720
1715
1713
1713
1711
1711
1711
1711
1711
1711
1715
1718
1723
1727
1735
1739
1747
1754
1771
1814
1888
2023
2201
2359
2407
2381
2191
1920
1665
1497
1458
1470
1533
1566
1578
1586
1590
1600
1610
1617
1624
1629
1636
1641
1646
1650
1653
1660
1670
1682
1701
1708
1699
1679
1650
1622
1607
1598
1598
1600
1605
1607
1612
1614
1612
1612
1610
1607
1607
1605
1605
1600
1595
1593
1586
1578
1566
1542
1501
1473
1456
1451
1463
1485
1499
1511
1523
1535
1545
1557
1569
1588
1595
1593
1586
1578
1571
1566
1569
1578
1593
1607
1624
1643
1665
1682
1696
1708
1718
1727
1737
1747
1754
1763
1773
1780
1787
1792
1795
1797
1797
1797
1802
1804
1807
1807
1804
1797
1790
1783
1780
1775
1768
1763
1759
1754
1751
1747
1744
1739
1735
1732
1730
1727
1725
1720
1715
1711
1708
1703
1699
1691
1687
1677
1665
1660
1670
1691
1720
1761
1824
1896
1999
2121
2242
2328
2357
2333
2256
2073
1838
1631
1521
1518
1605
1677
1677
1607
1518
1487
1504
1547
1658
1720
1742
1754
1763
1771
1785
1802
1780
1744
1703
1655
1619
1602
1595
1588
1588
1588
1590
1598
1605
1612
1624
1638
1658
1675
1689
1701
1701
1694
1684
1675
1667
1658
1646
1634
1624
1612
1600
1586
1574
1559
1547
1535
1516
1506
1511
1518
1526
1533
1542
1550
1559
1569
1581
1593
1607
1619
1634
1641
1648
1653
1660
1665
1672
1677
1682
1684
1689
1699
1708
1725
1739
1759
1780
1797
1809
1819
1828
1838
1845
1850
1857
1864
1869
1874
1876
1879
1881
1881
1888
1881
1838
1804
1773
1744
1720
1694
1677
1665
1660
1667
1682
1691
1701
1708
1713
1715
1713
1708
1706
1699
1691
1684
1677
1667
1655
1636
1607
1564
1530
1509
1504
1499
1509
1538
1550
1564
1578
1629
1826
2102
2374
2504
2494
2304
1985
1691
1526
1499
1526
1624
1711
1775
1799
1804
1797
1785
1771
1754
1730
1708
1684
1667
1660
1653
1646
1643
1641
1638
1638
1641
1646
1653
1660
1689
1744
1775
1792
1804
1811
1816
1814
1809
1799
1778
1720
1687
1662
1648
1636
1626
1617
1600
1583
1602
1629
1653
1672
1687
1696
1706
1708
1708
1708
1703
1701
1699
1694
1689
1687
1684
1687
1691
1701
1708
1730
1754
1761
1766
1773
1780
1792
1807
1816
1831
1840
1850
1855
1860
1862
1864
1869
1872
1876
1876
1876
1874
1872
1867
1860
1852
1840
1819
1797
1783
1773
1766
1759
1751
1747
1744
1742
1739
1735
1732
1727
1725
1720
1718
1713
1708
1701
1691
1684
1677
1672
1667
1662
1660
1655
1653
1653
1653
1653
1655
1658
1665
1675
1684
1723
1811
1963
2167
2364
2480
2424
2198
1872
1566
1393
1381
1492
1665
1792
1848
1852
1807
1756
1742
1735
1730
1727
1720
1713
1708
1706
1699
1689
1675
1662
1653
1646
1636
1626
1629
1653
1672
1689
1703
1711
1718
1727
1737
1735
1713
1703
1694
1687
1679
1677
1675
1672
1672
1670
1667
1665
1660
1653
1646
1636
1624
1612
1602
1598
1593
1593
1590
1588
1586
1583
1581
1578
1581
1583
1588
1598
1607
1624
1658
1718
1783
1840
1872
1898
1932
1960
1977
1985
1977
1953
1915
1874
1848
1828
1807
1795
1787
1780
1773
1768
1763
1761
1756
1751
1747
1742
1739
1742
1747
1756
1761
1771
1768
1749
1696
1643
1612
1590
1578
1571
1566
1571
1581
1590
1605
1626
1638
1648
1655
1662
1672
1679
1687
1694
1701
1701
1696
1684
1672
1655
1634
1605
1576
1559
1545
1540
1547
1569
1600
1641
1679
1718
1792
1927
2136
2391
2629
2727
2614
2314
1917
1538
1340
1326
1453
1602
1703
1739
1763
1787
1814
1814
1773
1735
1727
1723
1720
1718
1715
1713
1711
1711
1708
1708
1706
1699
1706
1713
1720
1720
1708
1691
1672
1653
1629
1610
1600
1590
1617
1636
1648
1658
1665
1672
1672
1670
1667
1665
1662
1658
1650
1650
1667
1677
1684
1689
1696
1699
1699
1696
1694
1689
1684
1679
1675
1670
1665
1660
1658
1655
1655
1660
1665
1675
1687
1708
1749
1775
1797
1816
1843
1869
1884
1891
1896
1900
1898
1893
1886
1876
1860
1826
1795
1766
1749
1737
1730
1730
1737
1744
1749
1754
1759
1761
1761
1756
1747
1732
1711
1672
1646
1631
1622
1617
1617
1622
1629
1641
1662
1691
1701
1708
1711
1715
1718
1720
1720
1718
1718
1715
1711
1706
1699
1682
1650
1626
1612
1634
1670
1703
1727
1751
1787
1838
1915
2023
2146
2283
2429
2501
2480
2292
1963
1590
1273
1139
1139
1268
1441
1607
1643
1653
1658
1665
1672
1677
1684
1694
1703
1711
1718
1723
1730
1737
1744
1739
1727
1708
1684
1670
1658
1653
1655
1658
1662
1670
1655
1638
1626
1614
1600
1586
1574
1569
1578
1598
1614
1634
1650
1665
1675
1682
1689
1694
1694
1687
1679
1672
1665
1658
1648
1643
1643
1646
1655
1665
1677
1696
1723
1744
1773
1797
1804
1807
1811
1814
1816
1819
1819
1821
1821
1821
1821
1821
1819
1819
1816
1814
1814
1811
1811
1809
1809
1809
1807
1807
1804
1802
1802
1799
1797
1792
1787
1780
1775
1771
1766
1761
1754
1744
1732
1720
1711
1701
1689
1682
1677
1672
1670
1662
1650
1650
1672
1687
1701
1711
1715
1715
1715
1713
1713
1711
1711
1711
1711
1711
1713
1718
1720
1725
1732
1739
1754
1783
1862
1999
2131
2246
2278
2266
2162
1973
1713
1444
1232
1141
1208
1386
1576
1708
1725
1679
1598
1571
1588
1614
1643
1694
1778
1845
1867
1850
1792
1735
1701
1675
1660
1648
1641
1634
1624
1607
1588
1576
1571
1566
1562
1557
1554
1554
1554
1557
1557
1559
1564
1571
1578
1588
1607
1638
1655
1667
1665
1650
1636
1622
1607
1588
1574
1559
1550
1547
1559
1574
1588
1605
1619
1636
1653
1675
1696
1713
1730
1737
1742
1747
1751
1756
1759
1763
1766
1768
1771
1773
1773
1775
1778
1780
1783
1787
1792
1795
1792
1787
1778
1754
1706
1660
1648
1641
1634
1624
1617
1610
1602
1593
1586
1586
1595
1610
1636
1675
1703
1718
1727
1735
1744
1754
1730
1696
1658
1626
1607
1629
1650
1670
1687
1706
1718
1730
1742
1747
1744
1744
1742
1737
1730
1749
1761
1771
1778
1783
1783
1780
1771
1759
1749
1737
1720
1708
1708
1713
1725
1749
1778
1804
1831
1855
1874
1891
1936
2018
2146
2297
2371
2297
2061
1715
1348
1057
0942
0949
1103
1309
1523
1612
1646
1655
1646
1629
1619
1612
1607
1600
1595
1595
1595
1600
1605
1610
1614
1619
1626
1636
1646
1650
1658
1660
1665
1670
1677
1687
1699
1711
1727
1751
1754
1744
1739
1732
1727
1723
1723
1727
1737
1749
1790
1848
1872
1886
1896
1896
1884
1867
1850
1826
1792
1756
1735
1720
1708
1691
1667
1638
1624
1612
1612
1631
1655
1682
1701
1723
1747
1759
1766
1749
1737
1730
1725
1718
1715
1715
1720
1727
1739
1749
1761
1780
1792
1790
1783
1775
1771
1761
1754
1744
1708
1662
1646
1646
1672
1687
1699
1708
1715
1720
1723
1723
1723
1720
1718
1713
1708
1701
1720
1759
1795
1814
1826
1831
1826
1816
1802
1785
1771
1747
1723
1711
1701
1701
1703
1708
1713
1706
1699
1694
1689
1689
1696
1711
1756
1814
1922
2071
2239
2410
2504
2484
2299
1936
1530
1220
1069
1064
1191
1360
1475
1513
1499
1485
1473
1465
1465
1475
1489
1497
1504
1511
1516
1521
1526
1530
1538
1550
1571
1607
1641
1667
1677
1684
1689
1694
1699
1701
1706
1708
1711
1715
1718
1715
1713
1708
1701
1670
1634
1624
1648
1667
1679
1689
1699
1706
1711
1715
1723
1730
1739
1744
1744
1737
1725
1715
1708
1696
1684
1675
1667
1660
1653
1646
1641
1636
1636
1636
1643
1653
1662
1682
1715
1749
1768
1780
1790
1795
1802
1807
1809
1809
1804
1797
1785
1768
1744
1723
1708
1699
1691
1684
1679
1677
1675
1672
1667
1665
1665
1672
1684
1696
1708
1720
1732
1744
1754
1763
1773
1780
1785
1790
1792
1795
1802
1814
1811
1792
1773
1756
1735
1708
1689
1672
1660
1648
1646
1646
1650
1660
1672
1713
1831
1960
2112
2273
2410
2424
2362
2109
1787
1506
1415
1425
1569
1658
1689
1677
1638
1533
1437
1372
1350
1352
1386
1475
1576
1626
1643
1643
1638
1634
1626
1629
1643
1655
1667
1672
1660
1636
1614
1595
1586
1595
1617
1653
1684
1696
1703
1708
1718
1725
1732
1737
1744
1749
1751
1751
1749
1742
1732
1720
1677
1631
1617
1607
1605
1605
1610
1619
1629
1648
1677
