1691
1720
1754
1788
1823
1855
1873
1886
1893
1896
1897
1900
1902
1904
1900
1891
1876
1854
1828
1800
1766
1739
1718
1686
1646
1613
1583
1557
1541
1530
1518
1504
1493
1484
1476
1469
1463
1456
1453
1450
1446
1444
1442
1440
1440
1441
1441
1442
1444
1446
1449
1452
1454
1455
1456
1456
1457
1458
1460
1462
1463
1464
1466
1469
1471
1473
1475
1477
1479
1480
1481
1482
1484
1485
1486
1488
1489
1490
1491
1492
1492
1492
1492
1492
1492
1491
1490
1489
1489
1489
1489
1489
1489
1490
1490
1490
1492
1493
1495
1496
1497
1498
1498
1500
1502
1504
1507
1510
1514
1519
1526
1533
1539
1544
1551
1555
1559
1561
1563
1565
1567
1569
1570
1571
1572
1572
1571
1570
1569
1568
1568
1568
1567
1565
1563
1561
1558
1553
1556
1567
1571
1573
1575
1578
1580
1582
1583
1585
1585
1585
1586
1586
1585
1585
1586
1588
1589
1591
1591
1591
1592
1594
1596
1597
1598
1600
1602
1607
1614
1622
1629
1636
1644
1651
1659
1665
1669
1672
1674
1676
1677
1678
1681
1684
1685
1677
1663
1647
1627
1614
1602
1588
1570
1562
1557
1553
1550
1547
1544
1543
1541
1540
1539
1539
1539
1540
1542
1542
1543
1544
1546
1549
1553
1558
1580
1627
1686
1768
1884
1984
2068
2157
2201
2215
2203
2165
2099
2007
1910
1822
1739
1686
1641
1598
1582
1568
1561
1559
1556
1553
1551
1549
1547
1546
1545
1544
1543
1543
1544
1546
1548
1550
1552
1555
1557
1561
1563
1567
1573
1588
1602
1615
1626
1635
1641
1649
1656
1656
1645
1626
1638
1703
1744
1790
1828
1838
1845
1847
1846
1837
1826
1786
1688
1672
1667
1668
1681
1691
1698
1704
1712
1718
1726
1735
1748
1758
1770
1789
1817
1847
1875
1894
1907
1919
1932
1944
1957
1967
1974
1980
1986
1989
1991
1990
1986
1980
1969
1949
1927
1903
1874
1847
1821
1796
1769
1746
1724
1704
1682
1660
1637
1615
1597
1576
1553
1533
1524
1520
1517
1516
1513
1510
1507
1503
1500
1497
1492
1487
1471
1451
1445
1443
1440
1437
1436
1435
1435
1435
1436
1441
1445
1448
1452
1455
1458
1462
1464
1467
1471
1473
1475
1478
1480
1481
1483
1486
1489
1494
1498
1501
1506
1513
1520
1525
1530
1534
1536
1539
1542
1544
1547
1549
1550
1551
1552
1552
1551
1549
1547
1545
1543
1541
1537
1534
1531
1527
1523
1517
1510
1502
1495
1487
1480
1472
1465
1459
1454
1450
1448
1445
1444
1441
1438
1436
1433
1431
1427
1424
1420
1416
1411
1407
1400
1394
1390
1390
1393
1400
1409
1426
1453
1477
1504
1528
1545
1557
1571
1588
1599
1605
1607
1605
1600
1591
1596
1619
1641
1657
1666
1673
1681
1691
1698
1705
1712
1716
1719
1721
1723
1725
1728
1731
1733
1734
1735
1735
1734
1732
1729
1724
1719
1713
1706
1699
1693
1686
1682
1676
1666
1650
1632
1605
1572
1541
1514
1474
1432
1404
1373
1345
1325
1310
1290
1263
1232
1212
1198
1189
1182
1177
1174
1171
1168
1166
1165
1165
1165
1166
1168
1170
1174
1180
1187
1201
1231
1289
1371
1458
1570
1689
1794
1855
1876
1855
1787
1668
1546
1463
1417
1372
1342
1313
1274
1259
1259
1273
1287
1303
1320
1340
1363
1391
1441
1470
1498
1528
1558
1589
1623
1659
1692
1726
1761
1795
1820
1837
1849
1858
1873
1897
1915
1926
1935
1941
1946
1950
1953
1956
1957
1955
1951
1943
1934
1921
1900
1882
1863
1845
1828
1814
1802
1792
1782
1776
1772
1768
1766
1764
1763
1763
1764
1766
1770
1775
1782
1795
1818
1849
1897
1958
2031
2118
2209
2321
2432
2541
2653
2751
2841
2916
2965
2998
3011
3015
3012
3004
2980
2930
2898
2837
2753
2661
2584
2507
2455
2400
2342
2301
2240
2165
2084
2023
1973
1939
1911
1892
1885
1890
1901
1918
1942
1962
1977
1986
1991
1995
1998
2002
2007
2014
2021
2027
2034
2040
2048
2054
2056
2055
2052
2046
2036
2016
1981
1955
1935
1920
1902
1880
1855
1828
1794
1765
1721
1682
1639
1613
1583
1554
1526
1499
1472
1450
1428
1409
1374
1338
1295
1245
1190
1141
1111
1080
1053
1036
1023
1008
0997
0988
0979
0969
0960
0954
0943
0930
0924
0920
0918
0915
0913
0914
0918
0923
0930
0942
0954
0971
0991
1014
1035
1065
1101
1141
1190
1241
1293
1338
1383
1435
1486
1536
1588
1649
1718
1772
1828
1883
1933
1961
2003
2080
2126
2154
2164
2149
2127
2114
2121
2125
2131
2135
2132
2122
2114
2105
2092
2075
2054
2036
2015
1992
1969
1944
1922
1906
1893
1889
1888
1886
1883
1893
1907
1919
1930
1943
1962
1985
2007
2044
2083
2132
2195
2261
2344
2438
2529
2625
2720
2815
2896
2965
3026
3072
3104
3113
3116
3113
3103
3081
3042
3018
2971
2940
2926
2899
2857
2821
2774
2693
2624
2579
2526
2470
2417
2358
2289
2230
2194
2167
2160
2178
2222
2269
2327
2343
2333
2292
2208
2111
1992
1864
1734
1618
1523
1441
1392
1355
1322
1303
1287
1277
1266
1256
1242
1227
1213
1196
1180
1156
1133
1126
1124
1129
1133
1135
1138
1141
1143
1142
1138
1131
1124
1100
1077
1062
1074
1094
1125
1157
1172
1182
1193
1205
1219
1223
1218
1203
1179
1165
1159
1160
1168
1181
1195
1205
1209
1213
1222
1236
1251
1261
1268
1278
1285
1290
1296
1304
1317
1338
1360
1370
1384
1397
1411
1425
1443
1467
1484
1502
1517
1535
1558
1576
1581
1579
1568
1546
1525
1510
1491
1472
1448
1427
1418
1410
1406
1401
1394
1388
1373
1345
1320
1312
1317
1325
1343
1354
1360
1363
1366
1371
1374
1376
1378
1378
1381
1385
1391
1398
1408
1419
1427
1435
1440
1447
1456
1466
1477
1486
1493
1501
1512
1525
1537
1548
1555
1561
1570
1580
1596
1605
1609
1611
1613
1614
1623
1638
1655
1668
1676
1682
1689
1700
1716
1733
1746
1752
1755
1754
1752
1751
1752
1752
1755
1760
1764
1769
1775
1786
1793
1799
1804
1811
1813
1820
1824
1816
1806
1802
1803
1813
1820
1822
1824
1824
1822
1823
1824
1828
1829
1832
1831
1831
1829
1822
1820
1822
1828
1834
1839
1841
1837
1830
1820
1818
1828
1838
1850
1839
1810
1782
1770
1776
1787
1802
1791
1780
1771
1775
1793
1820
1840
1835
1813
1789
1765
1755
1747
1737
1715
1707
1703
1702
1702
1709
1723
1730
1739
1742
1742
1740
1731
1721
1709
1700
1695
1688
1679
1666
1656
1650
1648
1647
1647
1645
1642
1641
1641
1638
1636
1634
1634
1634
1635
1635
1635
1633
1633
1629
1624
1614
1601
1589
1581
1570
1559
1543
1534
1527
1525
1521
1520
1518
1516
1510
1503
1497
1492
1483
1472
1463
1454
1449
1447
1448
1456
1466
1475
1489
1505
1530
1563
1606
1670
1751
1863
1992
2114
2208
2239
2212
2114
1994
1856
1732
1653
1604
1579
1568
1559
1551
1541
1525
1519
1516
1513
1507
1505
1502
1499
1498
1499
1500
1498
1496
1495
1493
1491
1491
1491
1493
1496
1498
1500
1502
1505
1510
1520
1528
1535
1543
1550
1561
1572
1581
1592
1600
1606
1611
1617
1627
1638
1647
1658
1669
1680
1686
1695
1704
1712
1720
1730
1743
1756
1769
1784
1800
1817
1830
1838
1843
1846
1853
1858
1863
1864
1866
1868
1872
1875
1884
1900
1912
1922
1934
1946
1961
1969
1976
1978
1972
1955
1928
1914
1888
1857
1828
1798
1767
1747
1733
1728
1723
1721
1719
1713
1708
1704
1704
1707
1718
1731
1753
1774
1786
1809
1835
1870
1906
1936
1962
1988
2016
2045
2070
2096
2124
2150
2166
2188
2217
2245
2269
2283
2296
2310
2327
2344
2356
2364
2372
2378
2382
2390
2401
2408
2414
2414
2406
2395
2383
2373
2362
2349
2334
2319
2309
2296
2281
2266
2240
2218
2193
2167
2138
2121
2094
2068
2040
2013
1998
1976
1946
1918
1891
1864
1837
1812
1799
1785
1772
1751
1727
1712
1687
1659
1629
1612
1596
1578
1558
1540
1525
1509
1496
1487
1479
1468
1451
1429
1409
1390
1372
1356
1338
1320
1304
1288
1271
1259
1249
1238
1225
1209
1197
1186
1175
1163
1152
1142
1136
1131
1126
1124
1122
1121
1119
1115
1111
1103
1091
1077
1062
1058
1055
1064
1078
1090
1100
1107
1113
1127
1151
1178
1186
1194
1196
1201
1201
1209
1228
1231
1237
1241
1247
1249
1252
1261
1277
1290
1300
1311
1325
1345
1356
1364
1370
1373
1376
1376
1375
1373
1367
1360
1342
1317
1299
1280
1266
1258
1254
1251
1255
1261
1266
1274
1282
1291
1303
1320
1333
1344
1353
1363
1377
1395
1413
1426
1436
1447
1463
1507
1565
1648
1759
1898
2063
2231
2374
2469
2527
2501
2434
2352
2221
2126
2040
2012
2003
2000
1998
1995
1990
1988
1987
1985
1985
1985
1982
1981
1983
1990
1993
1998
1999
2000
2004
2007
2007
2007
2004
1999
1995
1986
1973
1963
1953
1944
1935
1923
1909
1899
1891
1883
1875
1865
1854
1843
1835
1829
1825
1819
1813
1808
1803
1800
1801
1805
1809
1811
1814
1818
1827
1847
1900
1967
2077
2216
2398
2620
2878
3162
3433
3688
3883
4012
4086
4095
4065
3987
3883
3806
3719
3648
3585
3510
3439
3341
3282
3179
3113
3019
2905
2813
2684
2590
2471
2371
2275
2183
2094
1993
1899
1798
1705
1632
1555
1487
1430
1378
1329
1297
1266
1230
1205
1163
1113
1071
1048
1026
1009
0994
0983
0973
0965
0958
0952
0948
0945
0942
0937
0927
0922
0925
0933
0946
0966
0988
1012
1059
1105
1148
1186
1223
1263
1303
1350
1394
1436
1476
1498
1518
1541
1567
1591
1608
1624
1641
1651
1659
1660
1660
1662
1666
1668
1664
1659
1645
1621
1590
1563
1549
1525
1503
1489
1471
1453
1439
1437
1435
1431
1431
1431
1433
1434
1432
1439
1436
1438
1451
1464
1474
1487
1502
1529
1551
1575
1617
1650
1684
1747
1792
1848
1925
2000
2059
2150
2257
2348
2478
2605
2721
2845
2911
2965
2988
3001
3027
3072
3090
3100
3106
3100
3098
3095
3091
3086
3069
3057
3033
3005
2955
2903
2841
2774
2712
2653
2593
2541
2492
2452
2411
2377
2348
2321
2287
2248
2224
2208
2185
2161
2147
2127
2103
2077
2062
2041
2021
1998
1971
1941
1906
1871
1828
1775
1728
1686
1638
1596
1556
1517
1487
1458
1439
1423
1408
1391
1359
1335
1318
1293
1273
1257
1245
1234
1222
1210
1197
1194
1188
1188
1203
1235
1297
1378
1489
1611
1723
1794
1801
1784
1685
1561
1407
1306
1240
1201
1179
1156
1145
1148
1146
1147
1146
1169
1189
1193
1195
1201
1206
1212
1216
1222
1233
1244
1257
1266
1267
1272
1275
1275
1277
1276
1278
1279
1281
1283
1284
1284
1283
1286
1291
1293
1295
1298
1298
1301
1300
1301
1307
1320
1334
1342
1346
1350
1357
1368
1380
1390
1397
1406
1417
1428
1447
1461
1473
1482
1490
1497
1507
1519
1528
1534
1538
1552
1586
1609
1641
1671
1692
1704
1713
1729
1745
1762
1770
1774
1774
1773
1778
1774
1774
1770
1762
1741
1712
1689
1667
1655
1637
1618
1608
1600
1596
1590
1583
1577
1574
1570
1566
1563
1561
1562
1562
1564
1566
1570
1572
1575
1578
1579
1580
1581
1582
1583
1583
1582
1581
1581
1580
1580
1580
1579
1579
1578
1579
1579
1579
1580
1580
1581
1582
1583
1584
1586
1588
1589
1590
1591
1591
1590
1590
1590
1590
1591
1592
1592
1593
1592
1594
1595
1595
1596
1597
1600
1602
1603
1603
1603
1600
1597
1594
1588
1579
1570
1565
1561
1556
1551
1546
1543
1538
1534
1528
1524
1520
1517
1515
1511
1508
1507
1506
1505
1505
1505
1505
1505
1505
1506
1507
1507
1505
1502
1501
1499
1498
1497
1496
1494
1489
1486
1483
1480
1477
1473
1472
1469
1467
1466
1465
1465
1466
1466
1468
1471
1473
1474
1477
1480
1482
1484
1486
1488
1489
1489
1489
1489
1491
1492
1494
1497
1499
1503
1506
1507
1510
1514
1520
1527
1534
1544
1556
1561
1563
1567
1571
1579
1584
1597
1613
1621
1629
1636
1641
1647
1649
1646
1641
1633
1626
1624
1622
1620
1618
1617
1617
1618
1621
1624
1629
1632
1637
1640
1642
1644
1645
1646
1649
1651
1654
1652
1649
1645
1641
1637
1641
1657
1687
1734
1804
1897
2004
2127
2252
2331
2399
2372
2298
2171
2038
1914
1807
1745
1729
1724
1719
1718
1718
1718
1721
1717
1720
1721
1720
1715
1712
1712
1707
1701
1697
1695
1694
1693
1691
1691
1689
1688
1689
1692
1695
1699
1706
1710
1711
1710
1708
1706
1704
1703
1702
1704
1704
1704
1703
1704
1704
1706
1709
1713
1726
1749
1766
1785
1800
1811
1819
1826
1830
1834
1837
1839
1841
1842
1839
1840
1841
1846
1856
1869
1886
1918
1942
1962
1974
1986
1999
2010
2016
2021
2020
2018
2016
2013
2006
2003
2003
2004
2003
1998
1991
1977
1956
1932
1906
1877
1858
1837
1819
1793
1766
1749
1732
1715
1699
1685
1670
1658
1652
1650
1648
1646
1644
1641
1636
1632
1629
1622
1610
1604
1600
1599
1596
1596
1593
1592
1590
1588
1588
1589
1588
1586
1584
1581
1579
1575
1570
1570
1571
1575
1579
1581
1585
1589
1592
1596
1598
1601
1602
1591
1584
1580
1577
1576
1576
1577
1577
1576
1573
1571
1569
1568
1568
1568
1568
1566
1565
1563
1561
1559
1557
1555
1553
1552
1551
1549
1548
1544
1543
1542
1540
1538
1536
1535
1534
1534
1533
1531
1530
1529
1529
1528
1529
1529
1528
1529
1529
1528
1526
1525
1525
1525
1526
1527
1527
1525
1523
1522
1521
1522
1521
1520
1520
1521
1522
1518
1519
1529
1534
1539
1544
1549
1549
1544
1540
1535
1533
1528
1524
1521
1523
1525
1526
1527
1529
1530
1533
1535
1541
1546
1552
1560
1572
1589
1604
1616
1632
1643
1652
1658
1657
1649
1636
1619
1603
1585
1568
1551
1529
1514
1509
1507
1506
1504
1502
1500
1495
1491
1487
1482
1472
1455
1447
1441
1436
1434
1433
1435
1437
1442
1448
1457
1463
1481
1510
1575
1653
1761
1885
2018
2138
2193
2199
2148
2051
1899
1772
1642
1526
1489
1456
1441
1432
1428
1431
1441
1454
1463
1472
1470
1470
1464
1463
1462
1459
1460
1460
1463
1465
1469
1477
1480
1479
1478
1477
1476
1477
1477
1478
1481
1485
1490
1491
1494
1497
1501
1504
1507
1507
1508
1509
1509
1513
1516
1522
1534
1542
1546
1550
1554
1558
1561
1565
1572
1583
1591
1603
1616
1629
1636
1643
1649
1654
1660
1666
1671
1680
1691
1710
1745
1776
1806
1821
1833
1842
1853
1859
1864
1867
1871
1874
1874
1870
1865
1859
1851
1829
1796
1774
1749
1730
1713
1696
1680
1664
1651
1642
1633
1624
1615
1605
1593
1587
1581
1578
1575
1573
1573
1577
1582
1587
1596
1607
1614
1618
1619
1620
1622
1623
1623
1626
1628
1630
1632
1635
1639
1645
1658
1669
1677
1683
1686
1689
1694
1697
1702
1705
1708
1710
1711
1712
1713
1715
1716
1717
1717
1718
1718
1718
1718
1717
1717
1716
1716
1716
1717
1717
1717
1717
1718
1718
1719
1720
1721
1722
1728
1732
1731
1730
1728
1726
1725
1724
1727
1730
1734
1738
1741
1746
1748
1747
1741
1735
1730
1723
1718
1715
1717
1721
1723
1726
1728
1730
1732
1733
1730
1726
1719
1711
1703
1690
1681
1677
1674
1671
1668
1664
1664
1668
1672
1676
1679
1682
1684
1685
1684
1680
1675
1668
1659
1645
1631
1624
1621
1617
1614
1612
1610
1608
1606
1605
1604
1603
1601
1599
1596
1595
1592
1590
1588
1586
1584
1583
1582
1580
1579
1579
1578
1579
1582
1588
1595
1600
1606
1612
1617
1621
1623
1624
1626
1629
1631
1626
1614
1597
1574
1553
1530
1517
1512
1507
1503
1499
1497
1495
1493
1491
1489
1488
1487
1486
1484
1482
1480
1476
1474
1473
1474
1477
1481
1489
1501
1525
1563
1609
1671
1761
1882
2012
2139
2211
2234
2205
2117
1990
1858
1748
1681
1626
1567
1526
1510
1506
1502
1501
1499
1498
1496
1491
1487
1482
1479
1476
1472
1470
1468
1468
1470
1473
1478
1481
1483
1487
1491
1495
1498
1498
1498
1497
1495
1493
1490
1488
1484
1484
1489
1495
1501
1507
1513
1519
1526
1534
1542
1549
1555
1561
1570
1579
1585
1589
1593
1595
1596
1597
1599
1602
1605
1608
1612
1617
1626
1641
1652
1662
1673
1685
1695
1703
1711
1719
1729
1740
1755
1765
1772
1777
1784
1791
1797
1806
1816
1822
1818
1808
1796
1783
1770
1739
1698
1655
1610
1573
1558
1540
1521
1505
1495
1488
1481
1472
1457
1446
1437
1430
1426
1423
1421
1421
1419
1418
1433
1445
1453
1459
1465
1472
1477
1480
1483
1486
1489
1492
1494
1496
1497
1498
1499
1502
1504
1504
1504
1504
1504
1505
1507
1507
1507
1508
1511
1515
1519
1525
1531
1535
1540
1545
1551
1556
1560
1563
1566
1569
1571
1574
1577
1579
1580
1580
1581
1581
1580
1579
1577
1575
1572
1570
1570
1568
1566
1563
1561
1559
1557
1556
1555
1553
1552
1551
1550
1550
1550
1550
1551
1551
1552
1553
1556
1559
1561
1564
1566
1569
1571
1573
1575
1578
1579
1581
1584
1586
1588
1591
1593
1595
1596
1598
1600
1603
1605
1605
1605
1606
1607
1608
1609
1611
1614
1615
1619
1625
1633
1637
1634
1628
1620
1614
1607
1600
1597
1600
1605
1611
1618
1626
1634
1642
1650
1657
1661
1666
1670
1676
1680
1685
1688
1693
1699
1705
1712
1719
1724
1730
1738
1747
1754
1757
1760
1763
1766
1769
1770
1767
1761
1752
1741
1727
1712
1698
1684
1669
1655
1641
1636
1634
1632
1631
1629
1627
1626
1626
1626
1626
1626
1628
1631
1634
1640
1645
1651
1664
1691
1735
1808
1910
2029
2163
2298
2367
2390
2358
2257
2121
1961
1846
1796
1748
1701
1680
1655
1606
1588
1568
1550
1533
1522
1515
1508
1504
1505
1511
1521
1534
1550
1552
1553
1553
1554
1554
1556
1557
1558
1558
1559
1559
1559
1558
1557
1556
1555
1554
1556
1558
1561
1564
1567
1570
1571
1573
1574
1576
1578
1579
1581
1583
1585
1587
1589
1594
1599
1607
1616
1627
1638
1649
1658
1665
1675
1687
1700
1709
1715
1721
1728
1734
1742
1753
1768
1784
1793
1801
1807
1811
1815
1818
1821
1825
1828
1830
1829
1826
1819
1810
1797
1778
1759
1735
1702
1672
1650
1632
1615
1598
1578
1567
1560
1553
1548
1543
1539
1534
1532
1528
1525
1524
1523
1521
1520
1519
1516
1515
1511
1508
1507
1505
1504
1503
1503
1503
1503
1504
1506
1507
1507
1508
1509
1510
1511
1513
1515
1517
1520
1523
1525
1529
1533
1535
1537
1539
1542
1543
1545
1547
1548
1550
1551
1552
1554
1556
1558
1559
1560
1561
1561
1561
1562
1561
1561
1561
1561
1561
1561
1561
1562
1566
1570
1570
1565
1559
1554
1550
1545
1542
1539
1538
1538
1539
1541
1543
1544
1546
1548
1551
1552
1552
1552
1549
1545
1543
1542
1540
1539
1537
1535
1534
1533
1532
1532
1532
1532
1532
1532
1532
1532
1532
1531
1531
1529
1527
1525
1523
1521
1519
1516
1515
1513
1511
1510
1509
1508
1507
1507
1505
1504
1502
1501
1501
1501
1501
1502
1503
1504
1506
1507
1507
1509
1510
1511
1513
1515
1516
1516
1518
1519
1522
1524
1526
1529
1532
1535
1540
1549
1560
1570
1583
1593
1605
1612
1615
1617
1619
1621
1623
1623
1624
1623
1619
1612
1605
1599
1592
1584
1576
1567
1559
1554
1551
1547
1544
1542
1540
1537
1535
1533
1532
1531
1531
1532
1534
1535
1537
1540
1543
1548
1552
1558
1564
1599
1661
1759
1884
2022
2148
2220
2227
2194
2090
1951
1831
1704
1620
1560
1522
1516
1513
1508
1505
1501
1498
1496
1493
1491
1489
1489
1489
1490
1491
1493
1494
1496
1497
1498
1499
1500
1501
1501
1501
1502
1502
1503
1504
1505
1507
1508
1510
1512
1514
1516
1517
1519
1521
1524
1528
1543
1558
1574
1588
1602
1614
1624
1634
1643
1652
1660
1668
1677
1686
1694
1700
1707
1713
1721
1727
1735
1747
1765
1784
1803
1823
1844
1858
1868
1878
1887
1895
1904
1917
1935
1956
1976
1994
2002
2007
2011
2016
2018
2010
1992
1975
1957
1942
1928
1912
1892
1872
1850
1829
1808
1785
1764
1740
1724
1712
1702
1692
1680
1670
1667
1663
1660
1657
1654
1651
1650
1647
1646
1644
1643
1642
1642
1641
1641
1641
1641
1641
1642
1642
1643
1643
1644
1645
1647
1648
1650
1652
1654
1656
1657
1658
1659
1659
1658
1657
1657
1655
1654
1653
1651
1650
1649
1647
1645
1643
1641
1638
1634
1631
1626
1622
1618
1614
1610
1607
1603
1599
1596
1592
1588
1585
1580
1577
1573
1570
1567
1565
1563
1561
1559
1557
1555
1554
1552
1551
1549
1547
1545
1543
1543
1543
1543
1542
1542
1541
1542
1542
1542
1541
1540
1539
1539
1539
1540
1540
1541
1542
1542
1543
1545
1547
1548
1549
1551
1552
1553
1554
1556
1558
1561
1562
1565
1568
1570
1573
1576
1578
1579
1581
1583
1585
1587
1588
1591
1595
1598
1602
1605
1608
1611
1614
1615
1617
1619
1620
1621
1622
1623
1624
1626
1629
1633
1638
1644
1650
1656
1663
1671
1684
1704
1716
1722
1728
1731
1735
1736
1736
1731
1723
1714
1704
1695
1679
1665
1651
1639
1632
1628
1623
1618
1614
1609
1607
1605
1602
1600
1598
1597
1597
1598
1600
1602
1604
1606
1608
1611
1615
1620
1625
1641
1677
1738
1826
1922
2024
2116
2165
2167
2130
2055
1961
1878
1779
1715
1666
1623
1597
1586
1589
1599
1615
1613
1576
1544
1521
1505
1506
1528
1549
1570
1578
1579
1580
1583
1583
1575
1561
1553
1547
1541
1535
1533
1533
1537
1544
1552
1560
1566
1573
1581
1589
1595
1597
1597
1597
1596
1595
1592
1588
1581
1576
1582
1595
1602
1606
1610
1614
1617
1621
1626
1631
1636
1640
1644
1648
1653
1659
1668
1678
1688
1696
1705
1717
1731
1746
1761
1778
1798
1818
1828
1836
1842
1846
1849
1851
1851
1850
1847
1843
1836
1828
1812
1782
1749
1720
1693
1660
1624
1588
1567
1556
1548
1541
1533
1525
1520
1514
1507
1498
1490
1485
1481
1479
1478
1476
1474
1472
1472
1471
1470
1470
1470
1470
1471
1472
1474
1476
1479
1481
1483
1486
1488
1489
1491
1493
1496
1498
1498
1499
1499
1499
1499
1500
1501
1502
1504
1507
1509
1512
1516
1519
1521
1523
1523
1523
1523
1523
1522
1522
1523
1523
1524
1525
1525
1527
1528
1529
1529
1529
1529
1528
1528
1528
1528
1528
1529
1530
1532
1534
1535
1536
1537
1537
1538
1539
1540
1541
1542
1543
1543
1545
1547
1548
1550
1550
1550
1550
1550
1551
1554
1560
1562
1562
1560
1557
1555
1555
1554
1553
1552
1551
1549
1548
1546
1544
1543
1543
1543
1543
1545
1546
1546
1547
1548
1549
1550
1551
1551
1551
1551
1552
1552
1553
1554
1555
1556
1556
1556
1555
1554
1553
1553
1552
1552
1552
1552
1553
1553
1554
1555
1557
1560
1562
1566
1570
1576
1586
1606
1624
1632
1638
1642
1647
1651
1655
1659
1661
1663
1663
1664
1664
1663
1661
1659
1656
1652
1649
1645
1641
1637
1632
1625
1609
1602
1597
1595
1591
1588
1585
1581
1579
1579
1579
1579
1579
1579
1582
1585
1588
1592
1597
1603
1614
1646
1710
1793
1898
2001
2109
2207
2275
2283
2254
2189
2064
1940
1844
1755
1696
1659
1649
1642
1635
1625
1615
1607
1598
1588
1579
1572
1572
1580
1591
1601
1607
1611
1615
1619
1624
1629
1633
1637
1639
1641
1642
1643
1643
1642
1642
1642
1643
1644
1645
1647
1650
1652
1656
1661
1668
1674
1678
1683
1686
1691
1695
1699
1704
1708
1712
1715
1718
1721
1726
1730
1739
1755
1772
1784
1791
1796
1802
1809
1816
1825
1836
1850
1864
1876
1891
1909
1928
1939
1947
1953
1958
1962
1966
1970
1973
1977
1980
1985
1989
1993
1995
1993
1988
1979
1966
1945
1909
1874
1843
1815
1784
1758
1744
1731
1720
1712
1707
1704
1700
1697
1694
1690
1685
1679
1675
1671
1668
1665
1662
1659
1658
1656
1654
1653
1651
1650
1647
1645
1643
1643
1642
1641
1638
1636
1633
1632
1630
1627
1623
1611
1601
1590
1581
1571
1567
1573
1585
1591
1597
1604
1608
1610
1610
1607
1602
1596
1589
1582
1571
1561
1555
1558
1565
1573
1578
1581
1585
1588
1591
1595
1596
1596
1592
1588
1582
1577
1571
1565
1559
1552
1543
1534
1525
1515
1500
1493
1503
1519
1529
1536
1543
1550
1553
1552
1549
1543
1535
1528
1523
1514
1504
1497
1496
1499
1506
1513
1523
1538
1545
1552
1560
1559
1538
1514
1489
1482
1478
1473
1470
1471
1480
1493
1504
1518
1529
1531
1526
1521
1519
1516
1514
1511
1508
1507
1506
1505
1505
1505
1507
1507
1510
1512
1515
1516
1517
1518
1519
1519
1519
1519
1519
1521
1523
1526
1529
1532
1534
1537
1540
1544
1550
1563
1596
1624
1645
1660
1672
1683
1690
1692
1686
1674
1652
1634
1632
1629
1626
1623
1622
1621
1620
1619
1619
1619
1622
1625
1630
1634
1639
1641
1643
1645
1649
1652
1657
1660
1664
1668
1672
1677
1684
1692
1701
1719
1759
1833
1923
2038
2157
2275
2357
2385
2373
2334
2235
2118
1996
1890
1796
1769
1764
1761
1759
1756
1748
1739
1730
1723
1716
1710
1704
1701
1698
1695
1692
1687
1681
1677
1684
1695
1702
1705
1708
1711
1713
1715
1718
1721
1726
1730
1732
1735
1739
1742
1747
1752
1757
1767
1778
1788
1798
1807
1812
1817
1820
1822
1825
1827
1828
1829
1831
1833
1836
1838
1841
1845
1847
1850
1854
1856
1860
1863
1865
1867
1870
1873
1878
1882
1887
1891
1896
1900
1903
1904
1904
1904
1902
1900
1898
1895
1891
1887
1882
1877
1871
1860
1834
1808
1782
1756
1727
1697
1668
1645
1623
1602
1573
1554
1543
1532
1522
1512
1502
1492
1482
1472
1462
1453
1444
1436
1429
1425
1421
1417
1412
1409
1406
1403
1400
1398
1396
1394
1393
1392
1393
1394
1396
1399
1402
1406
1410
1415
1418
1423
1427
1432
1436
1444
1451
1458
1466
1473
1480
1487
1492
1497
1501
1505
1509
1514
1517
1521
1524
1528
1533
1537
1542
1546
1551
1556
1561
1566
1571
1578
1583
1588
1595
1600
1606
1614
1623
1638
1665
1686
1707
1728
1747
1772
1804
1837
1872
1907
1945
1988
2033
2083
2132
2179
2221
2244
2258
2267
2266
2254
2233
2199
2156
2099
2042
2012
1967
1901
1837
1768
1669
1585
1512
1445
1406
1368
1335
1284
1220
1195
1166
1128
1086
1054
1031
1012
0995
0977
0952
0929
0910
0891
0870
0856
0844
0835
0827
0820
0816
0811
0808
0804
0802
0799
0796
0794
0793
0792
0792
0794
0799
0805
0812
0821
0829
0838
0844
0849
0856
0862
0867
0873
0875
0878
0879
0878
0877
0875
0874
0872
0869
0866
0864
0861
0859
0856
0854
0851
0849
0847
0847
0848
0852
0856
0864
0871
0881
0892
0911
0927
0943
0960
0980
1000
1028
1064
1130
1210
1313
1423
1521
1586
1606
1593
1552
1466
1365
1296
1240
1169
1133
1110
1095
1088
1094
1107
1116
1124
1129
1135
1141
1148
1156
1167
1184
1208
1223
1230
1233
1235
1238
1241
1245
1249
1254
1259
1265
1272
1278
1286
1296
1307
1319
1329
1340
1350
1358
1365
1372
1378
1383
1388
1392
1396
1399
1403
1407
1412
1419
1432
1446
1462
1480
1501
1524
1539
1550
1559
1570
1580
1593
1609
1634
1653
1678
1709
1739
1775
1810
1830
1845
1855
1868
1883
1906
1930
1953
1974
1993
2009
2018
2023
2027
2033
2034
2027
2015
2001
1988
1975
1962
1948
1932
1916
1906
1899
1892
1889
1887
1889
1895
1902
1910
1918
1925
1933
1941
1949
1956
1963
1971
1979
1987
1993
1998
2002
2006
2008
2011
2014
2016
2018
2019
2020
2019
2018
2016
2013
2009
2004
1998
1992
1986
1979
1971
1963
1957
1952
1946
1941
1935
1928
1922
1916
1909
1901
1891
1874
1861
1854
1849
1846
1843
1839
1835
1830
1827
1822
1817
1811
1799
1777
1762
1752
1744
1738
1735
1734
1736
1737
1739
1742
1744
1739
1725
1711
1694
1684
1680
1678
1677
1676
1675
1674
1675
1676
1676
1677
1677
1676
1676
1675
1673
1671
1669
1667
1664
1662
1659
1658
1655
1653
1650
1647
1642
1637
1632
1629
1627
1626
1625
1625
1626
1626
1627
1629
1632
1633
1635
1637
1637
1637
1635
1633
1630
1625
1620
1614
1610
1605
1599
1595
1591
1589
1588
1586
1585
1585
1585
1584
1584
1583
1582
1581
1580
1579
1578
1577
1577
1577
1577
1578
1579
1581
1582
1584
1587
1589
1592
1594
1596
1598
1601
1605
1613
1622
1629
1634
1640
1646
1651
1651
1645
1635
1625
1614
1602
1588
1580
1574
1569
1563
1558
1552
1546
1542
1536
1533
1527
1522
1516
1512
1509
1510
1513
1518
1525
1532
1539
1551
1562
1572
1583
1602
1632
1684
1760
1861
1983
2105
2194
2205
2175
2063
1907
1771
1647
1555
1530
1521
1521
1534
1543
1552
1557
1557
1552
1545
1542
1540
1538
1537
1535
1534
1531
1529
1527
1526
1526
1525
1526
1526
1527
1528
1528
1529
1530
1531
1532
1534
1536
1538
1541
1543
1546
1549
1552
1554
1557
1559
1562
1566
1570
1576
1581
1586
1589
1592
1596
1598
1602
1606
1612
1618
1624
1632
1639
1647
1656
1666
1676
1686
1701
1719
1733
1747
1761
1779
1793
1804
1813
1822
1831
1841
1853
1859
1862
1864
1866
1869
1870
1870
1868
1863
1855
1845
1831
1808
1785
1764
1741
1720
1692
1654
1625
1607
1592
1578
1572
1570
1567
1565
1563
1561
1561
1559
1558
1558
1558
1557
1556
1555
1555
1554
1553
1553
1552
1552
1552
1552
1553
1554
1555
1556
1556
1556
1556
1555
1555
1554
1554
1554
1555
1557
1559
1561
1563
1566
1568
1570
1573
1575
1577
1579
1581
1584
1586
1588
1590
1593
1596
1598
1600
1603
1604
1605
1607
1608
1609
1609
1610
1610
1611
1613
1613
1614
1614
1613
1614
1614
1615
1615
1616
1616
1618
1620
1623
1625
1629
1632
1635
1638
1640
1641
1642
1643
1644
1646
1650
1653
1655
1652
1647
1640
1634
1628
1622
1617
1616
1620
1624
1631
1635
1642
1650
1653
1650
1645
1641
1640
1639
1639
1638
1637
1636
1634
1632
1632
1631
1629
1626
1624
1623
1623
1623
1623
1623
1622
1621
1618
1612
1605
1601
1603
1608
1614
1620
1624
1630
1634
1636
1634
1632
1627
1623
1619
1614
1610
1606
1603
1600
1600
1601
1604
1608
1613
1619
1628
1643
1659
1676
1686
1693
1698
1704
1707
1711
1713
1715
1716
1718
1720
1721
1724
1728
1730
1731
1730
1727
1721
1712
1704
1696
1686
1677
1668
1659
1653
1649
1644
1641
1638
1634
1632
1631
1629
1628
1629
1630
1632
1636
1641
1648
1656
1665
1682
1718
1778
1856
1945
2048
2157
2264
2321
2340
2313
2230
2112
1998
1900
1822
1738
1665
1630
1614
1606
1599
1592
1582
1572
1563
1558
1554
1550
1546
1543
1541
1539
1537
1535
1532
1529
1526
1525
1524
1523
1522
1521
1520
1518
1516
1516
1514
1511
1507
1502
1498
1495
1495
1499
1506
1512
1517
1522
1525
1530
1534
1538
1542
1546
1551
1555
1561
1564
1568
1571
1575
1579
1584
1591
1599
1608
1618
1626
1632
1640
1648
1658
1672
1686
1702
1719
1739
1761
1783
1803
1825
1845
1861
1872
1879
1883
1889
1892
1894
1891
1881
1867
1851
1826
1797
1776
1762
1749
1737
1726
1714
1701
1684
1670
1658
1646
1635
1625
1613
1604
1599
1596
1594
1590
1588
1585
1583
1580
1579
1577
1575
1573
1572
1572
1571
1570
1568
1566
1565
1565
1566
1568
1570
1572
1575
1578
1582
1586
1588
1592
1595
1597
1601
1605
1608
1614
1619
1625
1632
1641
1647
1653
1658
1661
1666
1670
1676
1683
1695
1706
1714
1723
1733
1743
1754
1765
1775
1784
1790
1796
1802
1810
1818
1826
1837
1848
1864
1879
1891
1903
1917
1933
1950
1969
1990
2016
2039
2069
2106
2135
2157
2182
2208
2233
2255
2283
2323
2369
2413
2455
2498
2539
2580
2613
2638
2663
2685
2703
2721
2736
2752
2769
2784
2801
2818
2835
2850
2866
2886
2909
2935
2953
2969
2979
2980
2974
2962
2945
2918
2870
2800
2760
2694
2624
2560
2497
2457
2415
2378
2323
2265
2237
2195
2115
2077
2024
1954
1893
1854
1810
1773
1721
1655
1614
1571
1530
1466
1395
1353
1277
1207
1164
1117
1074
1032
0992
0961
0937
0916
0894
0874
0851
0831
0815
0800
0786
0765
0732
0701
0669
0639
0605
0567
0531
0495
0457
0425
0401
0379
0357
0336
0308
0285
0264
0248
0236
0221
0203
0178
0159
0143
0131
0120
0111
0101
0091
0084
0084
0094
0111
0137
0178
0245
0321
0413
0498
0532
0558
0557
0506
0420
0337
0237
0160
0131
0097
0067
0041
0027
0018
0012
0005
0000
0000
0013
0031
0047
0065
0081
0092
0101
0110
0119
0128
0139
0151
0165
0177
0189
0200
0209
0215
0221
0226
0232
0239
0246
0255
0268
0284
0302
0324
0342
0358
0376
0399
0422
0441
0455
0469
0481
0492
0508
0529
0549
0570
0591
0616
0639
0658
0674
0688
0701
0712
0723
0737
0753
0774
0801
0822
0849
0886
0918
0942
0967
0992
1017
1035
1059
1093
1125
1149
1181
1202
1216
1227
1235
1239
1240
1241
1243
1245
1249
1251
1254
1252
1246
1235
1224
1214
1203
1190
1182
1181
1189
1202
1215
1227
1239
1252
1265
1277
1289
1301
1314
1330
1347
1364
1380
1399
1419
1438
1456
1470
1480
1489
1500
1511
1523
1536
1551
1569
1587
1603
1617
1629
1639
1647
1656
1664
1674
1685
1695
1704
1713
1722
1730
1739
1747
1754
1762
1768
1775
1783
1790
1796
1802
1808
1814
1820
1826
1830
1836
1841
1846
1848
1853
1856
1859
1862
1864
1865
1867
1868
1870
1873
1875
1878
1880
1882
1885
1888
1891
1893
1896
1898
1900
1903
1908
1912
1918
1924
1930
1940
1951
1962
1972
1981
1989
1997
2002
2006
2008
2011
2013
2015
2016
2020
2024
2026
2030
2032
2034
2034
2036
2037
2037
2037
2036
2035
2035
2034
2034
2033
2030
2026
2023
2020
2017
2013
2008
2004
1999
1996
1991
1989
1985
1980
1976
1971
1965
1961
1955
1951
1945
1941
1936
1933
1930
1928
1927
1925
1923
1921
1921
1922
1924
1926
1928
1931
1934
1937
1942
1945
1950
1953
1956
1960
1966
1974
1983
1989
1989
1985
1976
1965
1954
1944
1931
1917
1902
1889
1876
1864
1853
1839
1823
1809
1800
1793
1788
1784
1781
1776
1773
1769
1766
1766
1765
1765
1766
1768
1772
1778
1786
1796
1807
1828
1869
1936
2014
2107
2208
2309
2402
2436
2437
2399
2292
2146
2007
1873
1766
1712
1690
1678
1669
1661
1656
1651
1650
1648
1647
1646
1645
1644
1644
1642
1640
1636
1631
1625
1623
1620
1620
1620
1621
1623
1623
1625
1627
1628
1629
1628
1627
1625
1624
1623
1623
1623
1623
1623
1622
1623
1623
1627
1631
1634
1637
1641
1645
1650
1655
1659
1662
1665
1668
1671
1677
1682
1688
1694
1698
1704
1710
1714
1719
1721
1724
1727
1731
1738
1751
1792
1827
1845
1857
1864
1870
1873
1877
1879
1882
1883
1885
1886
1886
1881
1873
1859
1843
1822
1792
1739
1696
1664
1638
1617
1599
1583
1578
1574
1570
1566
1561
1558
1555
1552
1550
1548
1546
1544
1544
1545
1547
1548
1548
1547
1547
1548
1549
1549
1550
1550
1550
1550
1552
1554
1557
1559
1561
1562
1564
1566
1568
1570
1569
1567
1566
1565
1565
1566
1568
1569
1569
1570
1571
1574
1576
1577
1578
1578
1579
1580
1581
1582
1583
1583
1583
1585
1587
1588
1589
1590
1591
1593
1595
1596
1598
1599
1599
1599
1599
1600
1599
1598
1597
1596
1596
1596
1596
1596
1595
1596
1596
1599
1602
1604
1605
1606
1607
1609
1611
1614
1615
1617
1618
1620
1622
1623
1623
1623
1623
1623
1624
1625
1626
1626
1626
1625
1624
1624
1624
1623
1623
1622
1622
1622
1623
1624
1625
1626
1626
1627
1627
1626
1626
1626
1625
1624
1624
1623
1623
1623
1624
1624
1625
1626
1626
1626
1625
1624
1623
1623
1622
1622
1622
1622
1623
1623
1623
1624
1626
1628
1630
1632
1632
1634
1636
1637
1639
1640
1641
1643
1645
1648
1651
1654
1659
1665
1672
1679
1687
1695
1703
1711
1718
1726
1735
1744
1752
1757
1762
1763
1762
1758
1753
1746
1737
1729
1720
1712
1707
1702
1696
1690
1683
1676
1669
1663
1658
1652
1647
1644
1643
1645
1647
1650
1652
1656
1659
1663
1670
1678
1686
1693
1714
1770
1870
1985
2117
2247
2353
2392
2393
2356
2257
2124
1962
1836
1759
1730
1723
1717
1711
1704
1696
1691
1687
1684
1681
1677
1674
1672
1670
1669
1668
1666
1665
1664
1663
1663
1662
1662
1662
1662
1662
1663
1663
1663
1664
1665
1665
1667
1668
1670
1673
1676
1679
1682
1686
1687
1690
1693
1695
1697
1700
1703
1705
1708
1712
1715
1719
1721
1724
1726
1728
1730
1731
1734
1737
1740
1749
1762
1776
1788
1799
1809
1818
1828
1837
1845
1852
1859
1865
1870
1875
1880
1886
1893
1905
1924
1926
1914
1900
1886
1928
2060
2266
2530
2743
2811
2696
2363
1961
1685
1582
1547
1577
1663
1591
1565
1556
1552
1548
1545
1543
1540
1537
1532
1526
1516
1498
1454
1418
1399
1385
1380
1378
1378
1377
1399
1508
1615
1654
1661
1673
1665
1639
1628
1613
1579
1539
1523
1513
1504
1494
1487
1479
1472
1466
1461
1455
1449
1444
1444
1445
1445
1445
1445
1445
1445
1446
1449
1451
1453
1455
1457
1460
1462
1463
1465
1467
1469
1470
1471
1472
1473
1473
1474
1475
1476
1476
1476
1475
1474
1473
1472
1472
1471
1470
1468
1467
1466
1465
1464
1463
1462
1459
1456
1453
1450
1446
1444
1440
1437
1436
1435
1433
1430
1428
1426
1424
1422
1420
1418
1414
1412
1410
1409
1408
1407
1405
1403
1402
1401
1401
1400
1400
1400
1400
1400
1400
1401
1403
1405
1407
1409
1411
1415
1418
1420
1424
1427
1429
1432
1434
1436
1437
1438
1440
1443
1445
1448
1451
1454
1457
1460
1463
1465
1467
1469
1471
1472
1473
1475
1477
1480
1481
1485
1488
1491
1495
1498
1502
1505
1507
1510
1513
1516
1519
1523
1526
1532
1539
1548
1556
1564
1571
1579
1588
1599
1610
1621
1633
1650
1669
1683
1692
1699
1704
1706
1700
1687
1675
1669
1665
1660
1657
1652
1649
1645
1641
1639
1636
1633
1632
1630
1629
1628
1627
1629
1630
1632
1633
1636
1638
1641
1644
1650
1656
1662
1669
1714
1787
1884
2000
2137
2255
2346
2378
2364
2319
2219
2112
2022
1946
1885
1835
1795
1705
1644
1590
1547
1531
1533
1556
1582
1608
1626
1636
1641
1646
1650
1655
1660
1666
1670
1676
1681
1688
1700
1721
1732
1739
1744
1748
1750
1746
1735
1721
1707
1689
1678
1677
1676
1675
1674
1673
1674
1673
1672
1672
1671
1672
1675
1677
1682
1686
1690
1693
1696
1700
1704
1707
1712
1715
1719
1723
1729
1739
1755
1771
1783
1791
1798
1807
1817
1828
1840
1856
1870
1882
1891
1898
1903
1909
1912
1915
1918
1920
1925
1928
1927
1918
1904
1882
1848
1819
1789
1757
1729
1702
1674
1652
1636
1621
1606
1592
1576
1563
1553
1545
1538
1532
1525
1519
1513
1506
1498
1487
1473
1459
1440
1415
1392
1376
1362
1349
1339
1328
1316
1302
1285
1272
1253
1231
1212
1188
1166
1150
1139
1132
1126
1122
1118
1116
1114
1112
1110
1107
1105
1104
1104
1108
1116
1126
1139
1159
1172
1185
1195
1205
1215
1232
1255
1278
1303
1329
1355
1383
1414
1447
1481
1517
1552
1584
1612
1639
1665
1691
1718
1739
1752
1763
1771
1783
1794
1803
1808
1811
1813
1815
1817
1818
1818
1817
1816
1813
1809
1804
1799
1793
1790
1786
1784
1782
1780
1778
1777
1775
1774
1772
1770
1768
1766
1766
1765
1764
1765
1766
1766
1768
1770
1772
1774
1775
1776
1777
1778
1779
1781
1782
1784
1786
1789
1792
1796
1801
1806
1811
1815
1820
1826
1833
1843
1854
1863
1872
1881
1891
1900
1909
1917
1921
1925
1927
1931
1934
1935
1938
1940
1941
1942
1943
1944
1944
1946
1948
1949
1951
1953
1953
1955
1958
1961
1964
1967
1970
1972
1975
1978
1980
1983
1986
1988
1989
1989
1988
1986
1983
1979
1973
1962
1938
1910
1886
1866
1843
1825
1816
1808
1796
1784
1775
1764
1755
1748
1744
1739
1733
1727
1718
1706
1699
1693
1688
1685
1683
1683
1685
1687
1693
1699
1725
1768
1821
1906
2006
2114
2204
2265
2269
2230
2131
2016
1895
1797
1680
1608
1533
1504
1492
1484
1474
1463
1442
1416
1401
1393
1387
1384
1385
1388
1391
1393
1396
1398
1391
1377
1366
1355
1345
1337
1329
1321
1316
1310
1302
1296
1291
1287
1284
1283
1281
1278
1275
1273
1271
1269
1268
1266
1266
1265
1264
1263
1262
1259
1256
1256
1262
1272
1284
1301
1318
1329
1336
1340
1346
1351
1356
1359
1363
1367
1371
1375
1380
1385
1393
1420
1494
1532
1580
1600
1615
1636
1658
1674
1685
1665
1605
1561
1550
1542
1533
1525
1516
1498
1469
1446
1429
1413
1392
1365
1344
1332
1321
1311
1301
1288
1271
1249
1224
1203
1195
1189
1185
1181
1178
1180
1186
1190
1195
1199
1202
1205
1209
1213
1218
1224
1231
1236
1240
1243
1245
1249
1254
1257
1261
1265
1267
1270
1271
1273
1274
1274
1274
1277
1282
1281
1274
1265
1256
1273
1296
1319
1341
1364
1384
1406
1437
1462
1477
1473
1445
1421
1382
1323
1294
1273
1258
1255
1253
1250
1248
1248
1254
1264
1272
1280
1287
1287
1284
1281
1278
1275
1273
1270
1272
1279
1291
1329
1387
1257
1105
1049
0925
0782
0742
0714
0658
0626
0636
0713
0896
1025
0983
0960
0925
0704
0526
0347
0155
0062
0318
0719
1150
1452
1516
1507
1403
1262
1315
1336
1358
1371
1378
1383
1388
1391
1397
1400
1405
1410
1414
1419
1426
1433
1440
1445
1450
1454
1457
1460
1462
1464
1466
1468
1468
1469
1470
1471
1472
1474
1475
1476
1477
1479
1480
1483
1487
1491
1498
1513
1547
1575
1596
1614
1631
1644
1659
1674
1683
1689
1695
1699
1704
1709
1712
1717
1721
1727
1738
1756
1773
1796
1824
1847
1865
1886
1912
1945
1981
2018
2058
2097
2136
2177
2222
2266
2306
2342
2376
2407
2453
2525
2616
2722
2836
2924
3003
3031
3033
3020
2978
2913
2837
2762
2690
2615
2594
2588
2584
2574
2556
2535
2513
2490
2462
2426
2392
2357
2321
2287
2253
2219
2185
2149
2117
2098
2082
2069
2045
2012
1987
1971
1954
1935
1922
1913
1906
1899
1891
1882
1874
1866
1857
1846
1827
1808
1789
1784
1780
1776
1774
1770
1767
1765
1763
1763
1763
1762
1761
1760
1760
1760
1761
1761
1762
1762
1762
1761
1762
1762
1762
1762
1762
1762
1763
1764
1765
1765
1765
1763
1762
1761
1761
1760
1759
1758
1757
1755
1754
1752
1749
1746
1739
1724
1706
1686
1668
1651
1636
1620
1608
1603
1599
1596
1595
1594
1592
1591
1590
1589
1588
1588
1587
1587
1588
1588
1589
1591
1593
1596
1597
1599
1601
1601
1602
1602
1602
1602
1601
1600
1598
1597
1596
1594
1592
1590
1588
1587
1585
1583
1581
1579
1577
1573
1569
1564
1558
1551
1543
1535
1529
1523
1517
1512
1507
1504
1500
1498
1495
1491
1489
1485
1482
1479
1474
1470
1466
1463
1461
1458
1455
1453
1449
1445
1439
1431
1415
1399
1388
1376
1360
1339
1318
1299
1284
1268
1255
1239
1220
1195
1185
1177
1171
1165
1159
1155
1151
1149
1147
1146
1146
1146
1148
1150
1152
1154
1157
1160
1164
1169
1177
1195
1218
1237
1252
1272
1294
1309
1319
1327
1334
1340
1346
1350
1354
1357
1360
1365
1373
1386
1400
1418
1440
1464
1487
1516
1553
1586
1609
1633
1658
1682
1704
1733
1775
1817
1846
1867
1893
1931
1974
2019
2059
2087
2100
2116
2147
2187
2229
2265
2292
2322
2363
2407
2472
2543
2602
2668
2735
2781
2836
2884
2928
2964
3009
3073
3149
3264
3380
3483
3600
3720
3814
3891
3913
3921
3907
3826
3719
3596
3472
3322
3180
3020
2845
2676
2489
2328
2175
2034
1918
1815
1744
1708
1687
1675
1659
1642
1589
1513
1407
1291
1159
1004
0849
0709
0591
0507
0440
0374
0338
0315
0302
0293
0290
0294
0304
0320
0346
0394
0488
0598
0752
0959
1211
1495
1791
2086
2369
2638
2868
3045
3176
3262
3330
3365
3390
3407
3387
3354
3313
3267
3222
3176
3128
3039
2940
2783
2632
2476
2325
2205
2077
1974
1856
1759
1641
1529
1428
1329
1257
1192
1152
1110
1070
1042
1024
1013
1007
1001
0994
0991
1000
1020
1041
1067
1095
1124
1150
1165
1176
1186
1192
1192
1182
1167
1140
1100
1063
1032
0986
0910
0843
0776
0695
0627
0579
0479
0439
0424
0419
0428
0446
0476
0512
0564
0651
0740
0831
0971
1075
1222
1473
1719
1965
2205
2461
2711
2945
3149
3326
3463
3567
3647
3675
3690
3676
3583
3479
3348
3220
3065
2961
2862
2783
2686
2547
2385
2204
2119
1926
1640
1468
1573
1820
1900
2043
2052
1962
1791
1573
1347
1082
0835
0697
0645
0594
0446
0410
0400
0394
0386
0379
0372
0362
0340
0312
0296
0283
0259
0198
0115
0093
0080
0071
0061
0053
0048
0044
0039
0031
0025
0021
0021
0024
0026
0030
0045
0128
0176
0224
0270
0297
0312
0324
0336
0351
0402
0481
0550
0797
0911
0946
0925
0777
0577
0394
0321
0222
0162
0094
0094
0210
0144
0147
0177
0189
0198
0206
0214
0222
0225
0235
0248
0260
0276
0298
0325
0349
0376
0406
0432
0455
0479
0495
0503
0509
0518
0529
0544
0570
0614
0656
0693
0727
0757
0800
0851
0879
0901
0918
0932
0970
1017
1065
1124
1177
1208
1268
1320
1352
1414
1474
1509
1570
1621
1650
1698
1747
1780
1819
1855
1882
1902
1925
1947
1971
1996
2012
2022
2030
2036
2043
2048
2052
2057
2061
2066
2070
2075
2078
2078
2078
2078
2078
2079
2079
2080
2081
2082
2082
2083
2085
2087
2088
2091
2095
2099
2108
2127
2156
2199
2256
2316
2378
2439
2476
2489
2469
2408
2347
2235
2132
2028
1930
1838
1793
1772
1757
1748
1740
1734
1712
1684
1677
1671
1666
1660
1655
1646
1634
1623
1617
1615
1613
1611
1609
1608
1606
1604
1603
1601
1599
1598
1597
1596
1596
1595
1593
1589
1586
1583
1583
1586
1588
1592
1596
1600
1604
1603
1598
1590
1581
1568
1552
1543
1539
1534
1531
1528
1525
1522
1518
1516
1513
1511
1508
1505
1500
1490
1482
1477
1471
1464
1465
1477
1486
1492
1498
1505
1511
1517
1522
1526
1531
1535
1538
1538
1536
1533
1528
1522
1510
1489
1465
1444
1423
1403
1384
1367
1350
1339
1336
1334
1332
1331
1331
1332
1333
1334
1334
1335
1336
1336
1331
1324
1314
1301
1288
1283
1279
1275
1272
1269
1266
1265
1264
1264
1264
1264
1264
1263
1263
1263
1263
1263
1262
1260
1258
1256
1251
1245
1240
1234
1230
1228
1230
1235
1243
1251
1264
1276
1284
1291
1297
1302
1309
1313
1316
1318
1320
1321
1323
1325
1327
1329
1330
1333
1337
1339
1343
1346
1349
1355
1361
1365
1368
1370
1372
1373
1374
1377
1379
1381
1382
1383
1386
1389
1393
1398
1407
1429
1450
1464
1475
1486
1496
1499
1500
1502
1503
1504
1505
1506
1507
1511
1516
1525
1541
1557
1568
1579
1589
1600
1611
1619
1626
1632
1639
1647
1661
1680
1694
1704
1712
1715
1717
1719
1721
1724
1728
1730
1736
1747
1764
1774
1779
1784
1789
1794
1798
1802
1807
1811
1818
1825
1833
1850
1875
1896
1918
1942
1959
1965
1969
1971
1973
1976
1979
1980
1980
1980
1981
1983
1986
1989
1989
1983
1973
1962
1955
1948
1941
1935
1930
1930
1931
1935
1940
1946
1960
1981
1998
2011
2024
2041
2059
2087
2123
2184
2266
2374
2476
2554
2573
2563
2489
2396
2300
2205
2110
2043
2013
2011
2033
2069
2080
2083
2083
2084
2084
2085
2085
2085
2086
2086
2086
2087
2087
2089
2090
2091
2093
2095
2097
2099
2101
2104
2105
2108
2113
2119
2124
2127
2127
2125
2123
2121
2119
2117
2115
2113
2109
2108
2108
2110
2113
2116
2122
2127
2134
2143
2151
2159
2169
2181
2193
2201
2206
2211
2214
2218
2221
2224
2230
2239
2251
2269
2288
2303
2315
2326
2333
2339
2344
2343
2335
2325
2318
2312
2307
2301
2296
2292
2288
2282
2273
2258
2245
2228
2203
2175
2147
2120
2090
2059
2031
2006
1981
1962
1947
1935
1921
1908
1892
1878
1864
1849
1835
1821
1802
1791
1784
1780
1775
1772
1768
1764
1760
1757
1756
1753
1748
1743
1733
1726
1721
1717
1715
1713
1712
1710
1708
1706
1704
1700
1696
1694
1690
1686
1682
1678
1673
1667
1661
1657
1652
1649
1644
1641
1639
1636
1633
1632
1631
1628
1626
1625
1623
1621
1619
1617
1615
1614
1612
1610
1608
1607
1605
1605
1603
1601
1599
1597
1595
1593
1590
1588
1586
1583
1581
1579
1578
1576
1575
1573
1572
1571
1570
1570
1568
1566
1563
1561
1561
1560
1559
1559
1560
1560
1561
1561
1562
1562
1562
1561
1560
1557
1555
1554
1552
1552
1552
1552
1553
1557
1561
1565
1569
1571
1573
1575
1577
1579
1580
1582
1583
1585
1588
1590
1594
1596
1596
1596
1596
1597
1597
1598
1598
1599
1600
1602
1605
1607
1609
1612
1614
1618
1623
1629
1638
1652
1668
1679
1688
1696
1704
1712
1716
1721
1724
1728
1730
1730
1729
1726
1721
1714
1708
1698
1680
1667
1653
1641
1639
1637
1635
1634
1632
1632
1631
1631
1630
1630
1630
1630
1631
1632
1635
1638
1641
1644
1650
1654
1666
1693
1740
1808
1906
2025
2163
2288
2373
2382
2348
2228
2087
1911
1792
1700
1663
1649
1640
1632
1624
1616
1611
1605
1600
1596
1594
1594
1595
1596
1597
1599
1602
1604
1597
1587
1580
1576
1570
1566
1563
1562
1562
1563
1566
1568
1570
1570
1571
1572
1573
1574
1575
1576
1576
1577
1579
1580
1581
1582
1584
1586
1588
1590
1593
1596
1598
1601
1605
1611
1617
1623
1628
1632
1637
1642
1650
1659
1668
1677
1688
1703
1721
1738
1752
1765
1774
1780
1784
1787
1790
1793
1794
1794
1793
1789
1783
1774
1765
1753
1732
1718
1706
1687
1659
1631
1602
1572
1544
1518
1490
1463
1433
1406
1390
1379
1373
1352
1258
1210
1162
1136
1128
1123
1119
1119
1125
1138
1169
1264
1279
1275
1274
1274
1273
1272
1272
1272
1272
1272
1274
1276
1278
1284
1288
1293
1299
1304
1310
1317
1323
1330
1337
1342
1347
1352
1360
1373
1382
1391
1394
1397
1400
1401
1403
1406
1409
1412
1416
1420
1425
1429
1434
1439
1446
1454
1461
1463
1465
1468
1472
1476
1480
1484
1486
1485
1483
1480
1478
1473
1465
1467
1489
1505
1519
1531
1535
1537
1539
1543
1549
1527
1511
1501
1492
1486
1482
1482
1487
1492
1498
1503
1508
1515
1522
1527
1530
1528
1522
1514
1507
1499
1489
1480
1475
1480
1490
1503
1513
1523
1532
1539
1542
1542
1538
1532
1526
1519
1510
1502
1502
1512
1524
1528
1532
1535
1538
1541
1543
1546
1549
1552
1556
1559
1561
1561
1562
1563
1565
1567
1569
1571
1574
1578
1584
1592
1600
1607
1614
1623
1633
1648
1664
1681
1708
1745
1783
1818
1872
1925
1981
2043
2079
2101
2114
2123
2127
2124
2116
2104
2084
2052
2029
2012
1996
1980
1968
1955
1943
1933
1926
1918
1912
1903
1893
1885
1879
1873
1867
1862
1857
1855
1855
1857
1861
1867
1875
1886
1928
2000
2089
2203
2325
2434
2498
2520
2494
2415
2312
2178
2045
1946
1842
1772
1743
1732
1732
1742
1750
1759
1764
1757
1741
1732
1726
1720
1714
1710
1706
1702
1698
1695
1692
1691
1690
1689
1689
1688
1687
1686
1684
1682
1679
1677
1677
1677
1677
1679
1680
1682
1683
1685
1686
1686
1686
1685
1685
1686
1686
1687
1689
1691
1693
1695
1697
1701
1704
1706
1708
1711
1716
1723
1730
1738
1745
1753
1760
1768
1777
1785
1793
1802
1809
1817
1825
1834
1845
1856
1867
1875
1882
1890
1896
1900
1902
1900
1896
1888
1879
1867
1850
1820
1802
1779
1747
1712
1675
1641
1616
1593
1578
1569
1561
1555
1547
1538
1529
1520
1512
1507
1502
1498
1495
1491
1489
1487
1484
1481
1478
1474
1472
1469
1467
1466
1466
1467
1468
1469
1469
1467
1463
1457
1453
1451
1452
1453
1454
1455
1458
1462
1464
1465
1465
1464
1463
1463
1463
1462
1460
1457
1455
1454
1454
1455
1456
1457
1459
1461
1463
1465
1468
1469
1469
1469
1469
1469
1470
1470
1471
1472
1472
1473
1474
1475
1476
1476
1477
1478
1479
1479
1480
1480
1479
1478
1478
1478
1477
1476
1475
1473
1472
1472
1472
1472
1471
1471
1470
1469
1469
1469
1468
1467
1466
1464
1463
1463
1463
1462
1462
1462
1462
1462
1462
1461
1461
1461
1460
1460
1461
1461
1462
1463
1463
1465
1466
1467
1467
1468
1468
1468
1469
1469
1469
1471
1472
1475
1479
1481
1483
1485
1486
1487
1489
1489
1490
1492
1493
1496
1498
1502
1507
1512
1517
1523
1530
1537
1546
1556
1570
1595
1604
1607
1609
1614
1614
1606
1588
1571
1552
1534
1516
1507
1499
1494
1489
1483
1478
1474
1470
1466
1463
1460
1456
1454
1452
1449
1445
1441
1434
1428
1427
1430
1438
1452
1469
1501
1551
1617
1678
1746
1789
1825
1849
1851
1830
1774
1689
1600
1517
1445
1399
1363
1344
1327
1311
1292
1271
1273
1293
1340
1446
1569
