3045
3283
3533
3786
3999
4095
4088
4025
3989
3972
3961
3953
3944
3927
3903
3872
3834
3809
3751
3645
3530
3435
3360
3309
3252
3195
3160
3140
3126
3116
3106
3097
3083
3060
3030
3007
2990
2978
2968
2962
2958
2951
2942
2935
2935
2944
2958
2971
2988
2988
2964
2938
2912
2884
2847
2803
2760
2727
2706
2692
2714
2750
2793
2820
2836
2847
2850
2846
2835
2818
2792
2747
2695
2655
2625
2583
2528
2490
2474
2465
2459
2450
2441
2431
2421
2404
2376
2350
2318
2278
2258
2247
2240
2229
2217
2204
2189
2164
2132
2124
2118
2112
2117
2143
2177
2226
2283
2321
2348
2348
2296
2217
2141
2069
2035
2016
2003
1994
1991
2003
2020
2032
2042
2051
2060
2069
2078
2088
2098
2109
2123
2140
2152
2155
2158
2163
2169
2166
2140
2100
2068
2057
2051
2045
2042
2040
2045
2052
2063
2071
2078
2086
2095
2103
2108
2109
2108
2106
2101
2095
2085
2068
2034
1974
1897
1821
1773
1729
1699
1693
1687
1683
1713
1764
1818
1856
1884
1904
1920
1937
1936
1907
1862
1811
1741
1669
1584
1482
1353
1225
1150
1126
1110
1107
1110
1121
1136
1162
1209
1288
1403
1546
1709
1897
2101
2284
2419
2511
2540
2554
2539
2439
2286
2115
1957
1833
1742
1669
1594
1495
1385
1294
1251
1221
1198
1172
1144
1118
1098
1084
1070
1061
1061
1070
1092
1155
1235
1313
1356
1377
1388
1397
1405
1413
1420
1426
1433
1442
1454
1463
1462
1445
1420
1394
1359
1356
1374
1400
1439
1479
1518
1560
1597
1624
1641
1638
1607
1581
1558
1540
1529
1520
1502
1477
1459
1446
1474
1558
1675
1792
1891
1953
1973
1948
1910
1862
1808
1753
1690
1652
1629
1632
1690
1778
1859
1888
1888
1859
1816
1770
1747
1732
1727
1736
1758
1788
1838
1890
1939
1979
2006
2017
2023
2029
2034
2035
2025
2006
1977
1931
1879
1847
1838
1833
1830
1825
1821
1816
1811
1804
1790
1744
1664
1592
1568
1554
1545
1572
1660
1761
1862
1954
2012
2032
2042
2042
2032
2017
2005
1993
1979
1966
1957
1945
1928
1904
1870
1824
1769
1738
1721
1709
1701
1698
1695
1693
1692
1690
1686
1683
1692
1710
1738
1778
1822
1867
1907
1933
1911
1876
1828
1804
1795
1788
1785
1781
1776
1772
1764
1759
1756
1752
1747
1741
1730
1706
1652
1595
1551
1518
1480
1436
1385
1319
1284
1265
1273
1342
1422
1498
1581
1669
1716
1761
1808
1868
1908
1931
1945
1922
1853
1765
1730
1716
1710
1704
1698
1689
1680
1672
1664
1657
1644
1630
1610
1571
1531
1509
1494
1508
1522
1532
1538
1529
1508
1492
1477
1465
1460
1466
1479
1492
1505
1522
1534
1534
1523
1508
1482
1436
1382
1339
1301
1270
1253
1242
1244
1271
1347
1448
1592
1767
1939
2080
2172
2207
2212
2198
2155
2082
1985
1865
1741
1669
1649
1637
1621
1609
1594
1534
1443
1413
1400
1391
1414
1483
1561
1653
1756
1847
1856
1813
1638
1380
1092
0830
0676
0625
0664
0784
0896
0932
0897
0794
0734
0756
0932
1228
1541
1778
1874
1805
1607
1371
1179
1124
1106
1136
1224
1302
1333
1351
1365
1376
1393
1419
1460
1515
1574
1610
1626
1632
1641
1652
1669
1721
1811
1899
1974
2049
2132
2213
2244
2266
2261
2194
2108
2023
1974
1922
1871
1833
1807
1807
1825
1854
1894
1933
1971
2012
2046
2066
2082
2080
2054
1982
1902
1853
1821
1802
1788
1784
1788
1802
1824
1865
1916
1948
1966
1939
1896
1853
1831
1821
1811
1807
1808
1816
1828
1841
1850
1861
1871
1879
1884
1884
1879
1873
1865
1854
1833
1781
1746
1724
1709
1696
1687
1680
1670
1661
1652
1643
1632
1621
1610
1595
1589
1597
1620
1681
1759
1831
1870
1893
1908
1917
1917
1907
1882
1818
1733
1690
1652
1618
1571
1503
1431
1405
1405
1428
1460
1511
1569
1621
1701
1782
1859
1888
1899
1908
1911
1904
1884
1851
1810
1775
1739
1716
1703
1693
1693
1704
1727
1787
1859
1934
1985
2022
2046
2059
2063
2066
2068
2071
2072
2074
2074
2075
2074
2071
2065
2057
2048
2035
2011
1986
1930
1859
1818
1773
1729
1680
1647
1629
1618
1646
1692
1746
1788
1822
1853
1893
1945
2006
2057
2094
2121
2141
2167
2201
2230
2249
2233
2184
2111
2043
2003
1970
1943
1922
1902
1884
1884
1910
1953
1985
1994
2002
2000
1983
1970
1959
1953
1954
1970
1996
2035
2091
2140
2190
2229
2253
2264
2258
2243
2218
2177
2146
2129
2118
2114
2118
2134
2158
2238
2372
2549
2761
2970
3114
3129
3063
2832
2542
2276
2095
2017
1991
1979
1979
1989
2008
2035
2082
2123
2152
2172
2186
2200
2206
2197
2175
2140
2105
2091
2080
2082
2108
2178
2247
2316
2388
2468
2514
2543
2563
2571
2562
2539
2519
2502
2484
2465
2447
2411
2356
2324
2306
2292
2289
2293
2306
2322
2350
2404
2468
2523
2551
2568
2580
2585
2582
2574
2557
2505
2434
2333
2187
1996
1764
1515
1274
1067
0894
0750
0636
0549
0489
0469
0464
0471
0484
0498
0513
0529
0549
0564
0578
0589
0587
0569
0541
0492
0435
0395
0349
0312
0288
0274
0265
0259
0253
0247
0243
0242
0247
0256
0270
0288
0312
0351
0385
0432
0483
0526
0576
0607
0619
0629
0636
0642
0649
0656
0661
0664
0670
0679
0701
0756
0823
0880
0932
0977
1043
1135
1253
1371
1474
1518
1537
1549
1557
1557
1537
1509
1479
1439
1436
1463
1540
1634
1735
1775
1799
1815
1787
1747
1696
1640
1604
1589
1578
1581
1618
1710
1808
1911
1966
1994
2011
2022
2029
2031
2023
2005
1979
1936
1864
1816
1785
1761
1739
1673
1584
1477
1434
1408
1388
1350
1294
1225
1178
1146
1133
1144
1164
1187
1215
1236
1285
1379
1460
1489
1498
1489
1463
1434
1396
1360
1316
1278
1250
1253
1314
1410
1452
1472
1485
1497
1515
1535
1554
1572
1592
1610
1630
1657
1686
1689
1669
1614
1522
1471
1429
1403
1433
1480
1543
1615
1673
1758
1851
1960
2040
2066
2051
1997
1907
1796
1755
1732
1716
1752
1859
2016
2213
2418
2589
2714
2752
2767
2747
2671
2600
2546
2510
2508
2534
2559
2583
2582
2540
2427
2259
2088
1942
1835
1750
1661
1624
1595
1598
1670
1792
1928
2063
2204
2358
2511
2615
2617
2522
2263
1927
1604
1414
1394
1475
1667
1810
1858
1821
1713
1523
1431
1400
1442
1568
1693
1804
1864
1922
1976
2016
2042
2043
2025
1968
1879
1781
1687
1635
1554
1463
1391
1370
1353
1342
1337
1337
1340
1347
1354
1362
1371
1382
1396
1413
1439
1514
1670
1848
2035
2227
2410
2583
2749
2898
2974
2994
3011
3021
3027
3031
3033
3033
3031
3028
3024
3016
3007
2993
2970
2918
2873
2841
2809
2789
2773
2760
2746
2734
2720
2701
2675
2638
2615
2600
2586
2574
2559
2546
2533
2516
2491
2448
2396
2368
2353
2342
2332
2324
2316
2306
2296
2289
2281
2275
2266
2255
2238
2201
2157
2135
2123
2114
2103
2094
2085
2075
2066
2060
2055
2051
2048
2045
2045
2043
2040
2037
2032
2028
2020
2012
2005
1994
1983
1970
1956
1940
1913
1859
1827
1807
1788
1775
1769
1770
1778
1785
1792
1801
1811
1818
1819
1818
1811
1805
1801
1796
1792
1784
1776
1773
1779
1798
1819
1839
1854
1870
1885
1899
1910
1916
1916
1910
1900
1888
1877
1867
1859
1848
1838
1828
1819
1815
1813
1815
1818
1821
1825
1831
1838
1848
1859
1867
1867
1856
1833
1804
1750
1666
1541
1416
1279
1146
1021
0942
0883
0851
0823
0796
0771
0753
0734
0719
0710
0708
0716
0733
0756
0796
0877
0975
1035
1057
1072
1081
1080
1064
1040
1011
0971
0934
0909
0888
0874
0873
0888
0914
0946
0989
1046
1080
1104
1126
1139
1147
1144
1133
1118
1101
1081
1052
1037
1050
1092
1213
1382
1569
1744
1896
1993
2025
1973
1815
1508
1120
0718
0378
0170
0101
0125
0197
0359
0529
0685
0826
0974
1150
1382
1653
1902
2095
2227
2295
2338
2365
2387
2407
2424
2444
2457
2459
2448
2434
2421
2404
2391
2390
2399
2413
2422
2431
2441
2445
2444
2441
2436
2433
2427
2421
2418
2427
2448
2471
2484
2494
2507
2519
2530
2540
2548
2554
2556
2557
2556
2554
2553
2551
2549
2548
2548
2546
2545
2542
2539
2534
2528
2520
2511
2500
2490
2479
2468
2456
2444
2425
2393
2373
2361
2350
2344
2338
2330
2322
2313
2304
2292
2276
2243
2169
2083
1986
1876
1772
1669
1577
1492
1414
1368
1340
1324
1316
1322
1340
1365
1408
1474
1525
1558
1535
1459
1288
1047
0767
0497
0309
0242
0242
0296
0342
0386
0408
0389
0357
0332
0308
0286
0277
0285
0309
0345
0401
0507
0575
0610
0636
0656
0675
0685
0693
0707
0765
0889
1037
1107
1150
1179
1175
1115
1031
0926
0823
0748
0713
0688
0676
0687
0711
0728
0744
0759
0768
0768
0764
0754
0745
0736
0721
0727
0770
0817
0866
0908
0963
1041
1130
1196
1221
1236
1248
1256
1261
1264
1264
1259
1253
1244
1233
1218
1207
1222
1259
1290
1324
1350
1356
1351
1344
1340
1337
1334
1331
1328
1324
1317
1310
1304
1299
1294
1291
1282
1264
1264
1287
1350
1452
1603
1761
1845
1871
1841
1795
1738
1684
1644
1600
1568
1543
1526
1522
1525
1528
1534
1541
1551
1515
1479
1451
1437
1442
1452
1468
1483
1452
1420
1402
1382
1356
1324
1264
1202
1159
1156
1227
1330
1445
1509
1551
1577
1592
1592
1580
1555
1486
1376
1256
1212
1190
1175
1205
1232
1245
1256
1268
1282
1296
1317
1360
1428
1489
1552
1666
1785
1902
1973
2043
2111
2146
2164
2178
2186
2186
2178
2166
2151
2124
2072
1974
1839
1683
1528
1394
1344
1337
1354
1405
1511
1653
1815
1968
2052
2077
2097
2112
2132
2198
2356
2560
2747
2872
2881
2809
2551
2213
1913
1738
1681
1726
1775
1816
1818
1790
1756
1726
1761
1876
2014
2071
2100
2121
2118
2075
2009
1960
1940
1928
1979
2069
2124
2141
2152
2147
2124
2097
2071
2100
2189
2301
2436
2605
2800
2985
3137
3183
3197
3208
3203
3169
3142
3117
3097
3080
3062
3031
2973
2898
2820
2737
2658
2582
2500
2410
2336
2275
2213
2154
2088
1968
1881
1853
1882
1971
2129
2296
2442
2496
2520
2536
2502
2459
2418
2370
2330
2295
2258
2217
2190
2172
2157
2144
2134
2121
2112
2103
2095
2088
2077
2057
2022
1957
1923
1902
1885
1870
1859
1851
1845
1844
1844
1845
1851
1859
1868
1881
1893
1907
1922
1937
1957
1991
2025
2040
2028
1999
1966
1942
1913
1887
1870
1870
1879
1896
1920
1963
2034
2098
2167
2229
2275
2313
2345
2375
2376
2344
2295
2230
2166
2105
2045
1994
1965
1945
1936
1945
1963
1980
2002
2012
2000
1973
1940
1900
1870
1854
1845
1839
1835
1827
1818
1808
1799
1790
1781
1772
1761
1749
1729
1712
1703
1696
1690
1684
1675
1667
1663
1664
1673
1689
1707
1724
1744
1764
1782
1801
1828
1861
1884
1897
1908
1916
1920
1920
1916
1911
1904
1897
1887
1881
1894
1925
1959
2000
2035
2062
2083
2097
2097
2083
2060
2022
1954
1885
1807
1715
1644
1606
1578
1578
1614
1653
1696
1746
1779
1810
1828
1828
1815
1795
1772
1741
1706
1658
1594
1520
1463
1433
1414
1403
1403
1420
1456
1558
1696
1847
1993
2129
2256
2296
2318
2299
2169
1979
1781
1649
1604
1624
1675
1773
1838
1876
1896
1913
1922
1923
1920
1916
1910
1899
1859
1770
1661
1546
1439
1360
1333
1324
1334
1365
1413
1474
1498
1509
1517
1523
1528
1531
1534
1538
1545
1551
1555
1558
1560
1558
1560
1561
1564
1568
1572
1578
1586
1597
1607
1620
1634
1647
1663
1680
1704
1729
1744
1759
1788
1821
1838
1851
1853
1841
1833
1825
1819
1816
1815
1821
1835
1853
1870
1887
1911
1936
1947
1943
1928
1905
1877
1838
1801
1770
1747
1721
1695
1612
1468
1233
0915
0570
0254
0076
0018
0072
0234
0484
0751
1004
1241
1451
1548
1578
1514
1405
1339
1308
1321
1443
1535
1571
1571
1541
1512
1483
1468
1486
1525
1557
1591
1614
1614
1594
1569
1552
1535
1522
1515
1523
1541
1568
1615
1692
1738
1767
1781
1767
1733
1680
1612
1577
1552
1538
1538
1563
1601
1663
1756
1856
1908
1923
1936
1942
1927
1893
1865
1836
1815
1816
1842
1879
1913
1953
1979
1986
1994
2003
2012
2019
2008
1986
1968
1947
1936
1945
1962
1974
1986
1997
2000
1994
1980
1962
1940
1910
1896
1890
1885
1881
1876
1871
1867
1862
1858
1853
1847
1838
1827
1805
1750
1683
1629
1598
1575
1564
1569
1586
1612
1657
1704
1741
1762
1776
1744
1719
1703
1690
1681
1678
1683
1695
1713
1733
1761
1804
1831
1853
1874
1893
1911
1923
1937
1950
1957
1954
1947
1936
1928
1922
1916
1910
1904
1896
1887
1879
1871
1865
1861
1854
1850
1844
1839
1833
1828
1822
1813
1805
1796
1790
1785
1779
1773
1762
1739
1703
1673
1647
1635
1644
1672
1753
1893
2055
2226
2390
2530
2577
2556
2491
2293
2046
1808
1634
1574
1554
1592
1664
1701
1710
1715
1672
1630
1601
1581
1581
1598
1624
1672
1713
1727
1736
1732
1699
1612
1503
1377
1230
1070
0929
0833
0797
0780
0777
0787
0799
0817
0836
0816
0759
0639
0507
0437
0414
0435
0498
0595
0721
0865
1018
1162
1287
1317
1322
1327
1330
1314
1284
1258
1228
1215
1224
1245
1305
1383
1403
1419
1436
1451
1466
1488
1517
1518
1488
1449
1416
1434
1459
1477
1446
1406
1376
1399
1463
1600
1755
1893
2002
2109
2235
2319
2347
2361
2359
2330
2289
2252
2206
2177
2171
2166
2161
2154
2160
2207
2284
2332
2341
2352
2358
2356
2344
2324
2292
2235
2195
2177
2161
2141
2118
2091
2039
1966
1916
1876
1836
1785
1724
1664
1592
1505
1425
1307
1166
1029
0900
0750
0563
0365
0185
0046
0000
0035
0139
0388
0705
1035
1212
1268
1301
1311
1304
1282
1253
1204
1116
1040
0992
1029
1135
1304
1508
1703
1851
1983
2068
2161
2235
2283
2318
2353
2396
2462
2548
2588
2597
2605
2599
2562
2517
2474
2450
2434
2421
2413
2419
2456
2500
2539
2579
2617
2643
2661
2681
2724
2786
2836
2869
2855
2833
2816
2861
2913
2956
2961
2941
2919
2898
2893
2910
2939
2925
2858
2813
2775
2737
2698
2660
2565
2427
2273
2131
2046
1962
1884
1847
1828
1818
1805
1793
1779
1769
1759
1741
1706
1634
1557
1479
1393
1334
1308
1290
1281
1296
1334
1403
1446
1452
1457
1454
1423
1344
1238
1136
1103
1084
1072
1060
1046
1038
1046
1072
1143
1262
1324
1365
1399
1437
1489
1558
1606
1634
1652
1664
1675
1696
1732
1793
1884
1916
1928
1911
1874
1815
1755
1722
1698
1698
1727
1804
1968
2197
2444
2660
2800
2844
2813
2727
2559
2336
2068
1781
1502
1222
0958
0721
0587
0544
0517
0504
0501
0503
0506
0509
0512
0517
0520
0523
0529
0540
0556
0576
0602
0655
0742
0788
0813
0831
0840
0842
0837
0830
0817
0802
0777
0779
0819
0865
0911
0946
0961
0971
0977
0983
0989
0995
1003
1011
1017
1021
1027
1035
1044
1057
1089
1144
1222
1333
1494
1707
1956
2190
2322
2324
2198
1914
1581
1284
1187
1159
1143
1133
1129
1123
1118
1107
1098
1115
1127
1135
1144
1153
1159
1164
1172
1181
1193
1204
1213
1219
1222
1224
1225
1228
1235
1241
1248
1256
1264
1273
1281
1287
1290
1293
1296
1299
1302
1308
1314
1322
1333
1344
1357
1370
1383
1397
1410
1423
1434
1443
1451
1459
1465
1469
1475
1482
1488
1492
1497
1502
1506
1511
1515
1518
1522
1526
1529
1534
1538
1541
1546
1549
1552
1555
1558
1560
1563
1564
1566
1566
1568
1569
1571
1571
1572
1572
1574
1574
1574
1575
1575
1575
1577
1577
1578
1580
1580
1581
1583
1586
1587
1591
1592
1595
1597
1598
1601
1603
1606
1607
1610
1614
1617
1620
1624
1627
1632
1635
1638
1640
1643
1646
1649
1652
1657
1663
1670
1680
1689
1696
1704
1712
1718
1722
1729
1735
1741
1747
1756
1762
1772
1781
1790
1798
1805
1811
1818
1825
1835
1845
1858
1873
1891
1919
1968
2052
2106
2137
2158
2164
2160
2152
2138
2098
2011
1899
1827
1788
1770
1758
1747
1738
1730
1721
1715
1712
1709
1706
1703
1699
1695
1690
1686
1683
1678
1673
1669
1664
1660
1655
1650
1644
1634
1614
1614
1640
1709
1830
2005
2203
2414
2623
2786
2853
2876
2843
2738
2566
2373
2209
2141
2118
2154
2261
2410
2543
2671
2823
2973
3025
3042
3002
2879
2711
2602
2542
2502
2479
2453
2427
2342
2226
2178
2157
2140
2143
2171
2192
2209
2224
2240
2256
2279
2322
2388
2488
2614
2732
2773
2773
2735
2689
2645
2623
2609
2596
2586
2586
2602
2626
2658
2695
2675
2617
2523
2419
2352
2301
2267
2256
2275
2312
2368
2433
2459
2474
2487
2493
2494
2490
2477
2459
2424
2373
2347
2329
2318
2315
2316
2318
2319
2321
2322
2316
2299
2253
2155
2025
1893
1755
1620
1574
1577
1578
1580
1583
1592
1606
1647
1747
1851
1887
1862
1821
1795
1785
1775
1747
1661
1489
1337
1291
1299
1344
1367
1348
1296
1218
1135
1093
1063
1024
0989
0968
0991
1026
1070
1103
1123
1135
1135
1130
1123
1112
1100
1129
1215
1360
1534
1678
1788
1867
1893
1899
1910
1902
1828
1733
1615
1485
1376
1287
1187
1080
1031
1008
0994
0985
0983
0988
1001
1026
1101
1195
1268
1311
1354
1400
1439
1463
1465
1437
1356
1307
1288
1288
1305
1351
1442
1575
1706
1779
1807
1805
1779
1752
1719
1690
1649
1607
1569
1572
1650
1784
1877
1914
1930
1962
2039
2101
2120
2095
2057
2014
1983
1968
1950
1930
1905
1819
1742
1719
1704
1695
1692
1693
1699
1709
1722
1769
1871
1971
1982
1934
1833
1764
1726
1666
1563
1419
1251
1069
0909
0800
0747
0716
0693
0695
0724
0805
0891
0960
1000
1037
1081
1169
1307
1497
1667
1732
1722
1604
1382
1129
0997
0954
0978
1049
1199
1386
1482
1517
1518
1505
1483
1497
1620
1830
2062
2275
2450
2530
2554
2534
2477
2410
2295
2154
2048
1977
1943
1930
1925
1919
1916
1911
1905
1899
1891
1879
1864
1833
1773
1716
1669
1638
1612
1581
1540
1494
1449
1448
1522
1629
1742
1861
1940
1968
1971
1956
1916
1798
1637
1459
1296
1182
1158
1158
1158
1156
1156
1155
1156
1162
1173
1189
1241
1360
1546
1776
2023
2244
2410
2491
2493
2422
2233
2065
2008
2034
2074
2121
2204
2289
2385
2503
2649
2800
2930
2990
3033
3062
3033
2948
2829
2709
2612
2576
2549
2488
2399
2283
2175
2140
2120
2106
2094
2077
2057
2059
2089
2123
2154
2129
2057
1934
1805
1753
1736
1772
1818
1859
1896
1943
2019
2083
2126
2144
2135
2111
2072
2014
1974
1950
1936
1937
1954
1979
2002
2031
2055
2075
2135
2227
2293
2370
2437
2474
2496
2511
2516
2510
2497
2482
2465
2445
2433
2444
2470
2507
2553
2588
2629
2674
2717
2763
2815
2873
2905
2922
2916
2850
2752
2620
2465
2295
2134
2014
1966
1974
2059
2203
2362
2523
2681
2775
2807
2793
2755
2652
2520
2378
2207
2043
1980
1982
2059
2131
2158
2158
2135
2103
2055
2003
1947
1885
1841
1818
1802
1785
1770
1727
1657
1617
1603
1627
1706
1764
1781
1796
1816
1833
1854
1882
1881
1847
1805
1769
1795
1828
1851
1838
1801
1752
1733
1765
1824
1864
1877
1888
1894
1887
1868
1842
1802
1736
1635
1572
1552
1541
1541
1551
1569
1600
1637
1678
1772
1897
1954
1976
1983
1979
1960
1908
1813
1687
1552
1417
1301
1242
1218
1189
1147
1127
1124
1141
1238
1325
1377
1410
1437
1457
1468
1480
1491
1468
1399
1302
1236
1215
1202
1199
1204
1215
1235
1298
1456
1678
1897
2074
2215
2299
2306
2256
2115
1905
1647
1388
1192
1072
1012
0997
0988
0981
0974
0971
0968
0961
0938
1034
1290
1597
1822
1877
1867
1749
1601
1482
1440
1426
1437
1457
1457
1420
1371
1313
1282
1232
1170
1136
1149
1238
1373
1468
1506
1551
1597
1614
1614
1594
1535
1433
1347
1317
1334
1386
1462
1489
1518
1577
1634
1652
1663
1672
1678
1706
1790
1881
1951
1974
1956
1931
1913
1917
1928
1925
1887
1838
1798
1784
1795
1813
1808
1753
1683
1658
1643
1647
1670
1683
1669
1627
1574
1538
1472
1362
1235
1152
1126
1116
1109
1104
1106
1115
1136
1201
1278
1342
1371
1379
1386
1396
1406
1443
1522
1580
1601
1603
1600
1594
1604
1680
1793
1913
2020
2123
2236
2384
2545
2622
2617
2517
2342
2140
1934
1752
1610
1557
1566
1667
1836
1989
2051
2040
1928
1719
1586
1592
1764
2088
2381
2530
2536
2411
2144
1907
1767
1713
1698
1713
1736
1761
1799
1848
1914
1973
2006
2062
2132
2158
2167
2151
2097
2049
1993
1928
1897
1874
1851
1828
1831
1887
1947
1966
1948
1893
1839
1769
1695
1670
1676
1696
1753
1838
1950
2080
2213
2313
2384
2431
2428
2368
2293
2264
2263
2273
2302
2372
2451
2542
2625
2689
2709
2697
2657
2599
2569
2531
2484
2457
2448
2474
2553
2652
2717
2738
2717
2688
2666
2674
2684
2694
2675
2615
2542
2493
2474
2460
2450
2441
2441
2450
2477
2536
2605
2657
2700
2701
2663
2563
2464
2408
2390
2379
2376
2378
2384
2396
2431
2513
2588
2599
2576
2514
2493
2487
2511
2531
2546
2559
2563
2562
2554
2543
2510
2434
2368
2350
2342
2350
2368
2379
2391
2405
2450
2559
2740
2971
3189
3301
3304
3197
2996
2839
2772
2743
2726
2701
2651
2622
2614
2606
2600
2596
2574
2520
2479
2465
2457
2450
2444
2431
2410
2382
2356
2330
2309
2292
2293
2332
2376
2395
2413
2456
2517
2559
2572
2551
2490
2416
2381
2370
2362
2358
2355
2345
2352
2404
2479
2543
2539
2456
2293
2132
1983
1824
1653
1479
1316
1184
1087
1055
1043
1038
1038
1044
1054
1069
1097
1127
1156
1210
1258
1301
1324
1347
1370
1393
1408
1414
1423
1419
1390
1362
1334
1310
1290
1268
1227
1179
1132
1106
1090
1083
1077
1073
1077
1081
1089
1101
1127
1159
1184
1198
1207
1207
1198
1184
1170
1161
1155
1156
1172
1192
1221
1251
1270
1276
1281
1279
1267
1233
1192
1159
1149
1141
1138
1139
1143
1149
1156
1170
1190
1198
1202
1205
1209
1210
1212
1210
1207
1204
1201
1196
1190
1186
1190
1201
1207
1210
1213
1216
1219
1222
1225
1228
1233
1236
1242
1255
1278
1301
1317
1324
1327
1330
1328
1321
1308
1290
1265
1255
1248
1244
1241
1239
1241
1247
1253
1261
1267
1274
1282
1287
1290
1293
1294
1296
1298
1299
1301
1301
1302
1299
1296
1290
1285
1279
1276
1271
1265
1261
1256
1253
1250
1247
1242
1239
1236
1233
1232
1228
1225
1222
1219
1218
1218
1219
1222
1224
1227
1230
1235
1238
1242
1248
1253
1258
1262
1270
1284
1299
1336
1382
1425
1443
1451
1456
1462
1466
1471
1477
1485
1472
1459
1448
1440
1431
1416
1394
1374
1351
1334
1324
1317
1317
1321
1325
1333
1328
1307
1294
1305
1337
1388
1405
1411
1405
1385
1373
1365
1359
1340
1285
1221
1172
1153
1146
1139
1141
1159
1210
1319
1483
1667
1833
1957
2009
2028
2006
1943
1833
1690
1520
1356
1233
1162
1129
1118
1106
1093
1081
1070
1061
1054
1047
1041
1035
1031
1026
1024
1023
1020
1015
1027
1109
1247
1400
1552
1709
1861
2002
2147
2296
2414
2476
2497
2510
2517
2525
2530
2525
2516
2491
2419
2309
2184
2065
1959
1870
1804
1761
1747
1739
1756
1850
1996
2123
2183
2210
2232
2233
2203
2143
2089
2039
1996
1980
1997
2026
2046
2063
2103
2201
2304
2342
2304
2224
2149
2111
2097
2088
2063
1979
1859
1778
1782
1885
2072
2246
2391
2539
2698
2875
3053
3198
3294
3309
3291
3226
3182
3154
3134
3122
3114
3106
3100
3093
3080
3063
3042
3010
2979
2959
2948
2941
2930
2918
2887
2846
2823
2801
2784
2758
2718
2669
2628
2612
2600
2588
2568
2551
2540
2533
2526
2520
2513
2505
2496
2487
2477
2465
2450
2424
2396
2381
2368
2352
2333
2316
2302
2286
2264
2247
2233
2220
2206
2195
2184
2172
2161
2152
2144
2137
2129
2121
2114
2108
2101
2097
2091
2080
2066
2048
2028
2012
2002
1985
1974
1966
1960
1956
1951
1947
1942
1937
1933
1927
1920
1913
1905
1896
1882
1868
1862
1858
1854
1853
1851
1848
1845
1842
1839
1836
1833
1828
1824
1815
1796
1782
1767
1755
1741
1732
1726
1721
1716
1713
1712
1709
1707
1704
1703
1701
1699
1698
1696
1693
1692
1690
1689
1690
1690
1692
1693
1695
1698
1701
1701
1689
1678
1669
1661
1652
1644
1638
1630
1624
1617
1610
1603
1587
1566
1549
1537
1525
1517
1514
1511
1508
1505
1502
1495
1491
1485
1480
1474
1466
1462
1456
1452
1448
1443
1434
1420
1408
1396
1386
1386
1405
1456
1555
1706
1899
2124
2336
2480
2516
2425
2230
1980
1742
1557
1440
1405
1393
1405
1425
1442
1451
1457
1459
1457
1452
1446
1440
1442
1456
1471
1486
1491
1492
1494
1495
1498
1502
1505
1509
1515
1523
1537
1555
1574
1592
1598
1601
1604
1606
1609
1610
1612
1615
1617
1621
1626
1637
1658
1681
1703
1739
1775
1815
1839
1862
1887
1925
1962
1983
1999
2006
2014
2020
2029
2059
2101
2124
2138
2144
2151
2154
2155
2155
2152
2146
2129
2086
2062
2055
2051
2046
2039
2029
2017
1993
1963
1943
1925
1891
1848
1798
1762
1756
1749
1744
1741
1738
1735
1733
1732
1729
1724
1715
1696
1684
1680
1675
1670
1666
1658
1646
1627
1615
1607
1621
1638
1653
1670
1684
1699
1713
1732
1747
1758
1749
1703
1680
1673
1669
1667
1666
1666
1672
1681
1692
1713
1741
1753
1761
1765
1767
1770
1770
1772
1773
1775
1775
1769
1762
1756
1750
1746
1739
1736
1732
1726
1719
1730
1739
1744
1747
1752
1755
1759
1761
1765
1769
1775
1779
1781
1775
1767
1759
1750
1739
1724
1699
1673
1660
1652
1644
1635
1626
1610
1583
1560
1546
1535
1528
1522
1517
1514
1511
1508
1509
1514
1518
1526
1537
1551
1554
1555
1558
1558
1549
1540
1529
1515
1506
1497
1492
1497
1508
1522
1543
1566
1591
1603
1609
1615
1618
1621
1621
1621
1620
1617
1615
1614
1612
1609
1606
1604
1601
1601
1601
1604
1607
1612
1615
1620
1623
1626
1629
1630
1632
1632
1632
1629
1623
1618
1612
1607
1603
1600
1595
1591
1587
1583
1581
1580
1578
1578
1578
1578
1580
1581
1583
1584
1587
1591
1597
1600
1595
1584
1575
1563
1561
1571
1592
1647
1739
1873
2048
2255
2464
2629
2695
2637
2465
2221
1970
1773
1684
1673
1709
1770
1819
1835
1827
1799
1735
1663
1603
1583
1578
1597
1652
1706
1750
1772
1804
1841
1884
1904
1919
1930
1916
1893
1870
1836
1795
1742
1689
1670
1666
1661
1658
1664
1673
1681
1687
1692
1696
1701
1706
1710
1716
1724
1736
1746
1752
1761
1770
1782
1792
1799
1807
1815
1822
1833
1845
1861
1874
1890
1904
1917
1931
1943
1951
1959
1963
1965
1963
1957
1950
1939
1925
1911
1894
1873
1858
1848
1838
1825
1810
1793
1778
1762
1749
1735
1719
1692
1670
1658
1650
1646
1643
1641
1640
1638
1637
1635
1635
1634
1632
1632
1632
1632
1632
1630
1630
1630
1630
1630
1632
1634
1635
1638
1640
1643
1646
1649
1652
1653
1655
1658
1660
1663
1666
1670
1673
1678
1681
1686
1687
1690
1690
1689
1687
1684
1683
1680
1676
1673
1672
1669
1667
1666
1664
1660
1657
1653
1653
1655
1658
1663
1667
1670
1673
1675
1678
1680
1681
1684
1686
1689
1692
1695
1698
1699
1701
1703
1704
1707
1709
1712
1715
1719
1726
1736
1747
1758
1765
1776
1792
1811
1821
1827
1833
1836
1838
1838
1835
1831
1828
1825
1821
1816
1816
1824
1835
1845
1858
1865
1867
1867
1868
1871
1874
1874
1873
1867
1859
1853
1845
1839
1838
1841
1847
1854
1864
1877
1891
1907
1917
1925
1931
1937
1943
1948
1953
1956
1959
1962
1965
1970
1973
1973
1971
1966
1960
1954
1948
1940
1930
1916
1905
1893
1871
1836
1815
1801
1792
1785
1784
1782
1781
1781
1781
1781
1781
1781
1779
1778
1776
1775
1775
1773
1772
1772
1772
1770
1769
1767
1761
1759
1765
1788
1851
1970
2143
2367
2614
2830
2925
2915
2769
2494
2204
1986
1908
1887
1873
1865
1858
1851
1847
1841
1836
1831
1825
1821
1818
1815
1810
1804
1793
1775
1758
1749
1742
1738
1733
1732
1732
1736
1742
1750
1761
1776
1795
1802
1805
1808
1811
1813
1815
1815
1816
1816
1818
1821
1822
1822
1824
1824
1825
1827
1827
1830
1833
1836
1845
1877
1905
1922
1936
1947
1954
1959
1963
1968
1971
1976
1979
1983
1986
1991
1994
2000
2005
2009
2011
2008
2003
1997
1988
1977
1957
1936
1905
1868
1833
1795
1756
1715
1687
1670
1660
1655
1652
1650
1650
1649
1647
1646
1644
1643
1641
1638
1635
1630
1627
1623
1620
1617
1614
1610
1607
1603
1600
1595
1592
1587
1583
1578
1575
1574
1574
1574
1572
1571
1571
1571
1569
1566
1563
1558
1557
1558
1564
1572
1581
1587
1594
1600
1607
1614
1620
1624
1630
1634
1635
1638
1640
1641
1644
1647
1650
1653
1658
1663
1669
1676
1683
1690
1699
1709
1722
1749
1762
1775
1781
1785
1790
1795
1799
1802
1805
1805
1804
1802
1798
1793
1787
1781
1773
1765
1761
1755
1747
1738
1730
1722
1718
1713
1709
1704
1699
1693
1684
1678
1675
1673
1670
1667
1666
1667
1675
1687
1695
1701
1707
1715
1722
1732
1742
1756
1784
1824
1842
1854
1862
1865
1859
1847
1831
1818
1796
1785
1795
1816
1848
1897
1927
1943
1954
1959
1954
1943
1928
1904
1868
1813
1753
1715
1673
1637
1604
1583
1575
1572
1569
1568
1566
1566
1566
1566
1568
1569
1571
1574
1577
1581
1584
1589
1598
1604
1604
1594
1577
1564
1549
1538
1537
1548
1571
1637
1767
1947
2158
2372
2546
2603
2586
2444
2213
1976
1795
1729
1704
1718
1735
1747
1746
1721
1698
1675
1664
1658
1655
1652
1650
1649
1652
1661
1675
1696
1739
1784
1830
1861
1879
1891
1891
1884
1868
1847
1810
1770
1747
1739
1736
1733
1730
1729
1727
1729
1735
1742
1752
1761
1769
1781
1792
1802
1811
1819
1825
1833
1842
1854
1868
1882
1902
1934
1948
1953
1957
1962
1966
1970
1971
1973
1974
1974
1974
1973
1971
1968
1963
1959
1954
1948
1943
1936
1922
1907
1893
1868
1831
1802
1785
1765
1746
1730
1718
1709
1699
1690
1684
1678
1672
1667
1664
1663
1661
1658
1657
1655
1653
1652
1649
1647
1647
1646
1647
1647
1649
1650
1652
1653
1653
1655
1657
1658
1658
1660
1661
1663
1664
1667
1669
1672
1673
1675
1676
1678
1680
1680
1681
1681
1683
1684
1686
1687
1689
1690
1692
1693
1695
1696
1698
1699
1699
1701
1701
1701
1703
1704
1704
1706
1706
1706
1707
1707
1707
1707
1707
1707
1707
1707
1707
1707
1707
1707
1707
1707
1707
1707
1707
1709
1710
1712
1713
1715
1716
1718
1719
1721
1722
1722
1724
1726
1727
1730
1732
1733
1735
1738
1742
1747
1752
1758
1764
1776
1807
1841
1864
1879
1891
1897
1900
1900
1902
1902
1900
1900
1900
1902
1904
1904
1905
1905
1905
1905
1904
1904
1904
1904
1904
1904
1904
1905
1907
1908
1911
1914
1916
1917
1919
1919
1919
1919
1919
1919
1917
1919
1920
1923
1925
1925
1916
1904
1890
1877
1865
1851
1839
1827
1816
1805
1792
1775
1764
1762
1762
1761
1761
1761
1770
1793
1807
1819
1830
1836
1838
1833
1827
1816
1807
1798
1787
1776
1767
1764
1767
1772
1779
1793
1842
1939
2083
2267
2473
2674
2818
2836
2780
2582
2321
2060
1839
1699
1672
1672
1670
1704
1733
1752
1764
1773
1781
1787
1790
1792
1795
1798
1798
1799
1799
1801
1801
1802
1804
1804
1805
1805
1805
1805
1807
1807
1808
1810
1813
1815
1818
1819
1821
1822
1825
1828
1830
1831
1833
1836
1841
1844
1847
1851
1854
1859
1862
1868
1873
1879
1884
1891
1899
1910
1920
1931
1940
1951
1965
1986
2019
2052
2072
2088
2100
2108
2111
2108
2100
2088
2074
2057
2032
2012
1996
1974
1948
1914
1870
1813
1756
1706
1666
1620
1586
1568
1551
1532
1515
1503
1492
1483
1475
1469
1463
1459
1454
1451
1448
1446
1445
1443
1442
1440
1439
1437
1437
1436
1434
1434
1431
1429
1428
1428
1428
1431
1433
1436
1439
1443
1449
1456
1462
1468
1474
1492
1551
1618
1680
1716
1739
1753
1755
1738
1709
1660
1592
1532
1474
1448
1436
1423
1413
1405
1400
1396
1394
1394
1397
1400
1406
1413
1422
1433
1443
1469
1531
1595
1649
1678
1696
1707
1707
1690
1663
1615
1548
1485
1434
1413
1400
1391
1386
1385
1390
1403
1422
1437
1446
1456
1463
1472
1480
1486
1491
1497
1502
1506
1509
1512
1514
1515
1517
1518
1522
1526
1537
1578
1640
1703
1769
1821
1845
1864
1873
1862
1835
1790
1730
1672
1637
1626
1620
1615
1610
1609
1610
1615
1624
1637
1653
1681
1716
1767
1822
1873
1922
1970
2028
2066
2088
2103
2111
2114
2115
2115
2115
2115
2115
2115
2117
2115
2105
2091
2078
2071
2065
2062
2057
2054
2049
2046
2045
2043
2043
2040
2037
2034
2031
2028
2025
2022
2019
2016
2012
2009
2005
2000
1993
1976
1960
1959
1970
1993
2060
2190
2364
2569
2784
2968
3042
3030
2887
2629
2319
2039
1854
1805
1792
1782
1773
1761
1747
1730
1712
1689
1673
1669
1667
1667
1667
1666
1664
1670
1684
1707
1747
1808
1868
1910
1928
1940
1948
1947
1930
1908
1885
1858
1835
1815
1804
1795
1787
1781
1775
1773
1773
1778
1787
1799
1813
1827
1839
1858
1877
1891
1897
1902
1905
1908
1911
1916
1919
1922
1925
1927
1930
1934
1939
1943
1948
1953
1959
1965
1976
1986
1994
1994
1988
1976
1962
1933
1887
1848
1802
1761
1730
1696
1667
1643
1614
1578
1561
1551
1540
1532
1523
1515
1511
1505
1502
1498
1497
1495
1494
1492
1492
1494
1494
1495
1495
1497
1497
1497
1497
1497
1497
1497
1498
1498
1500
1502
1503
1506
1509
1511
1514
1515
1517
1520
1522
1523
1525
1526
1528
1529
1531
1532
1534
1534
1535
1537
1538
1538
1540
1540
1541
1541
1543
1545
1545
1545
1546
1548
1549
1551
1552
1554
1555
1557
1560
1561
1563
1564
1566
1568
1569
1572
1575
1578
1581
1584
1589
1592
1597
1600
1604
1607
1610
1614
1617
1620
1623
1626
1629
1632
1635
1640
1643
1646
1649
1652
1655
1658
1660
1663
1664
1667
1670
1673
1678
1681
1686
1689
1693
1696
1701
1704
1709
1713
1719
1726
1733
1746
1758
1770
1782
1793
1804
1813
1822
1830
1836
1842
1848
1854
1859
1862
1864
1861
1853
1845
1833
1822
1810
1799
1788
1775
1762
1755
1749
1747
1749
1755
1764
1778
1795
1828
1891
1951
2014
2082
2155
2200
2223
2240
2250
2255
2252
2240
2226
2210
2197
2180
2163
2155
2158
2167
2187
2247
2358
2490
2625
2669
2654
2609
2431
2206
1982
1836
1782
1779
1810
1894
1997
2105
2147
2163
2169
2174
2178
2181
2184
2187
2187
2184
2181
2178
2174
2167
2160
2155
2151
2149
2147
2146
2144
2143
2141
2140
2140
2138
2137
2137
2137
2137
2138
2138
2140
2140
2141
2143
2144
2147
2151
2152
2157
2160
2164
2167
2172
2177
2181
2184
2189
2192
2195
2198
2203
2206
2209
2213
2220
2224
2229
2233
2235
2236
2235
2233
2230
2224
2218
2209
2200
2189
2177
2163
2144
2105
2072
2046
2019
1991
1965
1940
1917
1899
1879
1856
1835
1822
1813
1805
1799
1795
1790
1785
1782
1778
1775
1770
1767
1764
1761
1758
1756
1753
1752
1752
1750
1750
1749
1749
1747
1746
1746
1744
1742
1739
1738
1736
1735
1735
1733
1732
1730
1729
1729
1729
1727
1727
1726
1724
1724
1722
1722
1721
1721
1721
1721
1721
1721
1721
1721
1721
1721
1721
1721
1719
1718
1716
1715
1715
1712
1710
1707
1706
1703
1701
1698
1695
1690
1687
1683
1678
1666
1627
1598
1561
1509
1452
1397
1340
1285
1261
1248
1239
1233
1227
1224
1224
1224
1228
1233
1242
1251
1262
1281
1317
1351
1396
1452
1514
1572
1632
1686
1732
1785
1813
1824
1835
1844
1851
1858
1862
1864
1865
1865
1865
1864
1861
1856
1848
1839
1828
1818
1805
1779
1724
1672
1621
1566
1525
1508
1495
1486
1480
1479
1480
1485
1489
1492
1495
1497
1500
1503
1506
1505
1498
1491
1482
1472
1466
1460
1452
1446
1440
1436
1433
1429
1428
1426
1425
1425
1425
1426
1428
1429
1433
1434
1437
1439
1442
1442
1443
1443
1443
1445
1446
1449
1451
1454
1457
1462
1466
1472
1479
1491
1508
1575
1724
1928
2172
2416
2568
2620
2563
2396
2128
1865
1675
1630
1621
1615
1609
1604
1600
1595
1592
1591
1591
1591
1591
1595
1600
1604
1609
1614
1617
1623
1629
1635
1643
1650
1660
1667
1675
1683
1689
1696
1703
1709
1715
1719
1724
1729
1733
1738
1741
1746
1750
1756
1761
1765
1770
1775
1781
1785
1792
1799
1808
1819
1831
1845
1858
1868
1881
1891
1904
1916
1928
1939
1950
1959
1966
1973
1979
1985
1991
1996
1999
2000
1999
1996
1989
1982
1973
1962
1947
1922
1900
1881
1858
1831
1799
1776
1759
1741
1722
1706
1692
1678
1666
1658
1655
1653
1652
1650
1650
1649
1649
1647
1646
1646
1644
1644
1647
1652
1658
1666
1673
1683
1693
1706
1721
1735
1750
1765
1788
1822
1856
1891
1925
1959
1986
2006
2023
2040
2054
2062
2066
2071
2077
2080
2083
2086
2088
2091
2092
2095
2097
2098
2100
2101
2105
2106
2106
2106
2105
2103
2103
2101
2100
2098
2098
2097
2097
2094
2072
2055
2040
2026
2022
2026
2040
2059
2085
2117
2123
2128
2132
2137
2135
2121
2108
2100
2094
2089
2085
2080
2075
2072
2072
2075
2082
2088
2094
2101
2111
2123
2143
2157
2160
2161
2163
2166
2169
2172
2172
2164
2152
2138
2123
2105
2086
2068
2051
2034
2023
2017
2014
2009
2003
2000
2012
2035
2052
2065
2075
2085
2092
2101
2111
2121
2131
2138
2149
2160
2167
2169
2163
2154
2140
2120
2091
2069
2059
2051
2046
2040
2034
2026
2017
2008
1997
1986
1973
1954
1923
1905
1894
1888
1882
1877
1873
1868
1865
1864
1864
1864
1865
1865
1867
1870
1873
1876
1881
1887
1890
1894
1908
1907
1882
1815
1660
1382
1006
0602
0277
0112
0056
0084
0168
0273
0323
0348
0360
0369
0382
0394
0409
0443
0492
0536
0566
0581
0590
0586
0558
0540
0521
0507
0501
0507
0520
0541
0575
0629
0661
0678
0691
0708
0725
0741
0762
0787
0811
0833
0857
0886
0906
0922
0935
0945
0934
0905
0871
0831
0811
0797
0785
0776
0776
0780
0790
0799
0811
0810
0779
0698
0613
0560
0518
0492
0469
0448
0426
0405
0386
0372
0348
0314
0256
0167
0144
0139
0135
0133
0144
0164
0176
0185
0193
0199
0205
0210
0217
0224
0228
0233
0240
0251
0299
0431
0639
0928
1268
1614
1907
2105
2180
2200
2213
2221
2227
2233
2240
2246
2252
2259
2273
2296
2295
2266
2220
2178
2160
2146
2149
2181
2217
2252
2275
2287
2296
2304
2310
2313
2315
2307
2296
2283
2270
2255
2236
2218
2207
2198
2194
2190
2189
2186
2183
2178
2175
2174
2171
2169
2166
2163
2161
2161
2161
2161
2160
2158
2157
2154
2152
2147
2141
2137
2138
2151
2169
2190
2218
2240
2258
2278
2278
2250
2212
2157
2108
2074
2062
2054
2045
2039
2052
2078
2091
2100
2109
2117
2124
2132
2138
2143
2144
2144
2143
2138
2132
2124
2115
2108
2101
2095
2091
2085
2077
2071
2065
2062
2060
2063
2068
2074
2080
2088
2094
2098
2105
2112
2120
2128
2134
2140
2144
2147
2152
2158
2164
2172
2187
2197
2186
2163
2141
2117
2094
2071
2032
1994
1977
1965
1960
1968
1985
1999
2012
2023
2028
2025
2017
2006
1985
1948
1920
1904
1882
1856
1815
1761
1712
1669
1630
1594
1569
1554
1548
1555
1575
1598
1627
1650
1672
1698
1729
1790
1891
2048
2267
2530
2789
2965
2987
2928
2714
2425
2123
1874
1715
1627
1586
1558
1538
1508
1477
1446
1425
1394
1357
1334
1321
1314
1322
1340
1371
1417
1446
1462
1472
1483
1494
1505
1522
1543
1569
1604
1646
1675
1695
1709
1719
1724
1729
1730
1730
1729
1729
1729
1730
1733
1735
1738
1742
1744
1747
1749
1750
1755
1761
1769
1782
1796
1815
1838
1879
1934
1977
2023
2071
2129
2164
2184
2201
2212
2220
2223
2220
2210
2200
2189
2178
2166
2149
2132
2121
2109
2091
2066
2042
2020
2005
1986
1965
1943
1922
1900
1879
1864
1851
1841
1833
1828
1825
1825
1827
1831
1836
1844
1850
1858
1867
1884
1897
1905
1911
1919
1925
1928
1919
1887
1801
1687
1537
1365
1196
1050
0948
0912
0929
0978
1060
1113
1132
1141
1144
1139
1133
1123
1107
1075
1037
1011
0992
1020
1073
1121
1158
1199
1242
1290
1331
1360
1379
1390
1400
1413
1408
1388
1334
1273
1253
1247
1253
1267
1288
1324
1348
1362
1370
1371
1367
1357
1345
1328
1330
1353
1386
1433
1515
1592
1669
1722
1781
1831
1862
1881
1888
1885
1871
1850
1818
1769
1719
1683
1667
1657
1647
1643
1646
1660
1676
1690
1706
1724
1741
1753
1764
1784
1822
1865
1904
1940
1970
1986
1997
2002
1996
1977
1928
1884
1867
1867
1879
1885
1890
1894
1900
1902
1899
1896
1890
1879
1854
1810
1785
1770
1759
1752
1747
1750
1756
1764
1772
1779
1793
1824
1850
1865
1862
1844
1792
1733
1672
1610
1540
1520
1512
1506
1523
1575
1635
1699
1761
1816
1873
1956
2082
2258
2474
2689
2872
3016
3096
3099
3031
2839
2560
2272
2039
1887
1845
1831
1848
1873
1890
1864
1821
1781
1761
1749
1736
1724
1712
1696
1695
1715
1742
1784
1830
1858
1848
1819
1733
1603
1434
1265
1143
1109
1098
1126
1207
1324
1465
1617
1773
1928
2048
2114
2140
2151
2157
2163
2167
2169
2164
2155
2143
2132
2120
2109
2109
2120
2135
2149
2167
2181
2190
2223
2276
2355
2442
2499
2500
2456
2335
2177
2016
1864
1715
1563
1402
1244
1149
1121
1104
1086
1075
1058
1000
0908
0825
0762
0728
0698
0679
0675
0670
0665
0664
0661
0655
0649
0639
0627
0612
0589
0586
0599
0633
0736
0871
1020
1178
1340
1505
1658
1781
1877
1939
1960
1947
1907
1839
1755
1643
1498
1322
1129
0938
0782
0676
0649
0644
0642
0641
0635
0625
0596
0536
0535
0587
0773
1044
1342
1584
1681
1686
1614
1534
1526
1564
1676
1790
1882
1939
1959
1968
1966
1959
1943
1899
1830
1736
1617
1472
1304
1118
0932
0788
0751
0761
0851
0986
1144
1290
1408
1511
1604
1692
1719
1710
1683
1609
1561
1543
1545
1564
1583
1603
1603
1586
1560
1522
1482
1440
1403
1379
1368
1356
1347
1359
1399
1479
1566
1630
1652
1667
1681
1704
1744
1793
1819
1831
1825
1769
1704
1664
1634
1614
1612
1624
1657
1703
1744
1793
1865
1933
1974
1988
1976
1943
1896
1845
1818
1773
1722
1643
1554
1482
1462
1456
1452
1472
1503
1534
1557
1574
1589
1630
1689
1750
1807
1828
1835
1838
1841
1844
1848
1854
1865
1900
1963
2059
2169
2276
2370
2422
2439
2424
2373
2309
2246
2189
2151
2137
2132
2135
2143
2147
2154
2158
2152
2137
2115
2086
2065
2051
2062
2091
2181
2318
2490
2680
2858
2971
2982
2925
2763
2571
2411
2318
2283
2259
2233
2186
2118
2045
2016
2008
2002
1997
1991
1970
1925
1879
1833
1813
1804
1799
1796
1795
1795
1795
1799
1807
1827
1891
1973
2062
2158
2255
2344
2419
2482
2516
2528
2525
2507
2493
2480
2471
2465
2462
2459
2457
2456
2454
2453
2451
2451
2451
2451
2454
2459
2462
2467
2471
2474
2479
2485
2490
2493
2494
2493
2490
2485
2479
2473
2465
2451
2437
2425
2410
2393
2379
2365
2353
2338
2319
2295
2269
2238
2203
2167
2129
2095
2063
2034
2006
1977
1957
1947
1936
1927
1916
1904
1887
1867
1856
1850
1845
1841
1836
1833
1827
1821
1816
1810
1804
1799
1796
1792
1787
1782
1779
1776
1773
1770
1769
1765
1764
1761
1761
1759
1758
1756
1755
1753
1750
1747
1744
1741
1736
1732
1726
1719
1713
1707
1699
1692
1686
1681
1676
1675
1673
1672
1670
1669
1667
1666
1664
1664
1663
1661
1658
1653
1649
1644
1640
1635
1629
1618
1609
1603
1601
1598
1595
1592
1589
1589
1600
1612
1623
1632
1640
1647
1649
1649
1646
1643
1637
1632
1624
1617
1614
1615
1618
1623
1624
1627
1630
1634
1637
1637
1634
1630
1624
1620
1617
1614
1609
1604
1601
1597
1594
1589
1584
1580
1574
1569
1563
1554
1540
1528
1522
1515
1511
1506
1502
1503
1511
1523
1532
1545
1555
1569
1583
1591
1598
1604
1610
1617
1620
1623
1626
1627
1627
1629
1630
1632
1634
1637
1638
1640
1640
1634
1624
1614
1600
1577
1563
1555
1551
1546
1543
1540
1538
1537
1537
1537
1538
1540
1543
1548
1552
1558
1568
1586
1604
1630
1664
1693
1713
1730
1744
1755
1765
1782
1830
1910
2034
2204
2404
2600
2747
2801
2744
2586
2359
2117
1902
1750
1698
1678
1678
1695
1742
1798
1816
1821
1824
1825
1825
1821
1815
1807
1799
1793
1798
1805
1811
1816
1821
1822
1822
1819
1813
1805
1799
1792
1784
1781
1787
1796
1808
1819
1830
1841
1847
1853
1858
1862
1867
1868
1871
1874
1879
1884
1888
1893
1900
1910
1923
1937
1950
1960
1968
1976
1982
1988
1994
1999
2008
2022
2034
2042
2046
2051
2054
2054
2052
2048
2042
2034
2025
2016
2003
1991
1977
1960
1937
1914
1891
1870
1847
1828
1816
1805
1795
1782
1772
1761
1750
1736
1719
1704
1695
1687
1681
1675
1669
1664
1661
1658
1657
1657
1657
1658
1661
1667
1672
1680
1687
1696
1704
1716
1741
1761
1776
1782
1787
1792
1796
1799
1804
1807
1808
1811
1813
1815
1816
1816
1816
1816
1815
1815
1815
1815
1813
1811
1810
1808
1805
1802
1799
1795
1790
1787
1782
1778
1770
1752
1738
1729
1718
1709
1704
1712
1729
1742
1758
1767
1769
1761
1746
1729
1706
1683
1653
1617
1594
1580
1568
1554
1538
1520
1498
1486
1479
1472
1468
1466
1466
1475
1486
1497
1503
1508
1512
1517
1523
1528
1534
1538
1543
1548
1551
1555
1558
1560
1563
1564
1568
1571
1574
1577
1580
1583
1586
1589
1594
1597
1600
1601
1603
1604
1607
1610
1614
1617
1620
1624
1630
1638
1649
1658
1667
1675
1681
1689
1699
1715
1735
1758
1770
1781
1792
1799
1802
1802
1796
1787
1776
1769
1765
1762
1761
1758
1755
1750
1747
1746
1742
1738
1735
1730
1729
1726
1724
1721
1718
1715
1712
1707
1704
1698
1686
1673
1666
1664
1669
1678
1696
1759
1879
2052
2266
2488
2681
2787
2792
2706
2510
2278
2055
1888
1787
1750
1739
1732
1727
1724
1724
1730
1741
1755
1773
1801
1821
1835
1847
1856
1858
1848
1836
1828
1824
1819
1815
1811
1808
1802
1798
1792
1787
1782
1779
1776
1772
1765
1759
1741
1733
1730
1729
1724
1719
1716
1716
1724
1735
1746
1756
1764
1773
1782
1792
1799
1805
1813
1824
1839
1854
1871
1888
1910
1937
1951
1960
1968
1974
1979
1982
1983
1983
1982
1979
1974
1968
1962
1954
1943
1925
1905
1885
1867
1850
1833
1818
1801
1784
1764
1746
1724
1703
1680
1663
1647
1643
1638
1635
1632
1629
1626
1624
1623
1623
1621
1620
1620
1620
1620
1620
1621
1621
1623
1624
1626
1627
1630
1632
1634
1637
1638
1641
1643
1644
1646
1649
1650
1653
1655
1658
1661
1664
1667
1670
1673
1675
1676
1678
1680
1681
1683
1683
1684
1686
1687
1689
1690
1692
1693
1695
1696
1698
1698
1699
1699
1699
1699
1701
1701
1701
1701
1701
1703
1703
1704
1704
1704
1703
1703
1703
1701
1701
1699
1699
1699
1699
1701
1701
1701
1701
1703
1703
1704
1704
1706
1706
1707
1709
1710
1713
1716
1718
1721
1722
1726
1727
1729
1730
1732
1733
1735
1736
1738
1739
1741
1744
1746
1747
1750
1753
1755
1758
1761
1761
1764
1769
1773
1776
1781
1785
1790
1795
1799
1804
1808
1813
1818
1822
1827
1831
1836
1842
1848
1854
1861
1867
1873
1876
1877
1876
1873
1867
1858
1848
1839
1830
1822
1815
1808
1802
1796
1790
1784
1779
1773
1769
1764
1761
1759
1756
1755
1753
1752
1752
1752
1750
1750
1750
1750
1749
1749
1747
1744
1739
1733
1735
1752
1782
1877
2025
2226
2465
2701
2873
2899
2853
2646
2376
2120
1940
1885
1870
1859
1845
1828
1815
1805
1799
1793
1787
1782
1778
1776
1773
1769
1765
1761
1761
1759
1761
1761
1764
1765
1769
1773
1776
1782
1787
1793
1799
1807
1813
1821
1835
1850
1864
1874
1884
1891
1897
1904
1910
1914
1919
1923
1930
1934
1942
1950
1957
1965
1971
1977
1985
1994
2002
2011
2017
2023
2026
2031
2034
2037
2039
2040
2040
2042
2045
2048
2051
2052
2052
2049
2045
2037
2026
2014
1999
1974
1951
1930
1902
1873
1847
1824
1799
1773
1753
1736
1718
1699
1686
1675
1666
1658
1652
1647
1644
1643
1643
1643
1643
1641
1641
1641
1641
1640
1640
1640
1640
1640
1640
1641
1641
1641
1643
1643
1643
1641
1640
1638
1637
1635
1634
1632
1630
1629
1627
1626
1626
1626
1626
1626
1624
1624
1624
1623
1623
1623
1621
1620
1620
1618
1618
1617
1615
1615
1614
1612
1610
1610
1612
1612
1612
1614
1614
1615
1617
1618
1618
1618
1618
1618
1620
1621
1621
1623
1624
1626
1629
1630
1632
1634
1635
1635
1635
1634
1634
1632
1630
1630
1630
1629
1630
1630
1632
1632
1634
1634
1634
1635
1635
1635
1634
1634
1634
1635
1635
1637
1637
1638
1638
1640
1640
1641
1643
1644
1644
1646
1649
1655
1663
1673
1689
1709
1733
1756
1787
1822
1836
1841
1845
1848
1851
1853
1854
1858
1859
1862
1864
1865
1868
1868
1870
1870
1871
1871
1873
1876
1879
1887
1893
1891
1881
1865
1838
1802
1788
1782
1776
1773
1769
1767
1764
1762
1762
1762
1764
1765
1767
1770
1773
1776
1781
1785
1790
1798
1804
1804
1795
1778
1752
1719
1696
1683
1703
1762
1908
2118
2373
2628
2826
2904
2830
2620
2342
2077
1896
1851
1839
1833
1827
1821
1816
1813
1808
1802
1785
1756
1735
1722
1718
1724
1736
1742
1746
1749
1752
1755
1759
1761
1767
1772
1775
1779
1785
1790
1799
1819
1839
1850
1859
1865
1871
1876
1877
1877
1874
1871
1868
1865
1859
1854
1851
1853
1862
1873
1887
1908
1931
1948
1960
1973
1983
1993
1999
2005
2009
2014
2019
2022
2026
2029
2031
2034
2037
2040
2045
2049
2057
2063
2062
2051
2034
2020
2003
1988
1977
1966
1951
1931
1916
1904
1890
1873
1850
1821
1787
1759
1749
1742
1738
1735
1733
1730
1729
1726
1724
1721
1718
1715
1710
1699
1693
1699
1707
1713
1719
1724
1727
1729
1726
1722
1716
1709
1703
1693
1684
1675
1669
1661
1653
1646
1640
1635
1632
1630
1629
1626
1624
1621
1623
1630
1640
1650
1655
1660
1664
1670
1675
1680
1683
1684
1684
1684
1684
1684
1683
1678
1673
1669
1664
1660
1649
1643
1644
1646
1649
1650
1653
1655
1652
1646
1637
1621
1598
1583
1572
1568
1572
1584
1597
1610
1624
1635
1643
1647
1652
1658
1666
1672
1678
1683
1689
1696
1704
1709
1709
1704
1695
1684
1664
1640
1632
1629
1626
1623
1620
1618
1618
1620
1623
1627
1634
1641
1652
1672
1687
1706
1732
1759
1788
1805
1811
1816
1821
1824
1827
1830
1835
1838
1841
1842
1845
1850
1856
1871
1894
1904
1910
1914
1914
1907
1899
1888
1874
1861
1844
1821
1799
1775
1744
1727
1722
1718
1719
1732
1742
1750
1758
1762
1764
1767
1772
1778
1772
1767
1764
1761
1758
1753
1746
1735
1712
1689
1673
1666
1653
1655
1689
1765
1890
2060
2264
2490
2695
2816
2824
2743
2539
2289
2054
1871
1752
1704
1690
1681
1680
1681
1687
1698
1716
1746
1772
1805
1827
1838
1845
1850
1854
1858
1861
1862
1865
1868
1874
1877
1874
1868
1862
1856
1853
1854
1861
1873
1885
1902
1910
1916
1923
1910
1888
1859
1824
1788
1749
1726
1718
1712
1729
1758
1785
1830
1877
1931
1982
2025
2039
2051
2063
2072
2083
2094
2105
2114
2124
2132
2138
2144
2152
2151
2138
2103
2063
2022
1977
1933
1890
1847
1804
1790
1781
1772
1764
1756
1741
1719
1689
1658
1630
1604
1575
1549
1532
1523
1512
1500
1486
1472
1457
1443
1433
1425
1417
1411
1410
1414
1423
1436
1454
1479
1498
1518
1540
1560
1577
1587
1600
1614
1627
1640
1652
1663
1664
1664
1666
1666
1667
1669
1670
1670
1672
1672
1673
1676
1678
1681
1683
1686
1690
1695
1695
1689
1676
1658
1626
1598
1577
1558
1546
1538
1531
1526
1522
1518
1515
1512
1508
1505
1498
1494
1492
1498
1509
1526
1555
1597
1630
1664
1687
1701
1709
1710
1701
1684
1660
1621
1591
1571
1564
1558
1551
1551
1569
1598
1632
1683
1735
1790
1810
1819
1825
1827
1822
1816
1811
1824
1839
1850
1850
1835
1818
1801
1799
1810
1822
1835
1835
1816
1788
1753
1729
1712
1706
1713
1730
1759
1788
1801
1808
1813
1818
1816
1815
1811
1808
1808
1808
1807
