1184
0941
0648
0341
0096
0005
0000
0040
0082
0177
0238
0239
0206
0207
0243
0261
0233
0201
0177
0163
0158
0155
0152
0148
0145
0143
0143
0150
0167
0187
0214
0253
0273
0322
0410
0508
0564
0616
0669
0755
0839
0870
0899
0936
0981
1014
1032
1052
1073
1086
1096
1105
1113
1123
1134
1144
1157
1179
1215
1247
1281
1311
1338
1372
1419
1468
1515
1595
1696
1825
1958
2095
2215
2281
2305
2301
2266
2215
2154
2061
1970
1886
1818
1798
1784
1776
1772
1776
1783
1794
1811
1842
1887
1926
1972
2006
2024
2038
2048
2058
2068
2083
2105
2132
2161
2188
2213
2244
2291
2328
2349
2367
2384
2399
2413
2425
2435
2445
2453
2462
2470
2492
2535
2577
2607
2639
2673
2705
2734
2759
2780
2800
2819
2835
2849
2864
2884
2905
2918
2928
2937
2945
2952
2959
2966
2971
2977
2982
2993
3008
3038
3070
3099
3123
3143
3163
3187
3212
3222
3228
3228
3229
3231
3233
3233
3234
3236
3239
3243
3246
3249
3253
3258
3263
3270
3277
3283
3290
3297
3304
3312
3319
3326
3332
3336
3341
3344
3349
3354
3361
3375
3403
3432
3462
3493
3520
3549
3577
3613
3635
3648
3660
3669
3675
3679
3682
3684
3686
3687
3691
3694
3697
3701
3702
3697
3689
3675
3662
3647
3626
3608
3593
3577
3560
3542
3525
3508
3483
3446
3408
3366
3327
3298
3270
3253
3244
3236
3231
3226
3219
3212
3207
3200
3195
3187
3177
3162
3146
3135
3121
3106
3087
3067
3045
3020
2989
2957
2917
2859
2810
2773
2736
2705
2683
2665
2648
2633
2612
2592
2570
2550
2530
2511
2489
2465
2445
2426
2408
2389
2369
2345
2318
2300
2288
2279
2274
2269
2264
2262
2262
2262
2268
2278
2288
2300
2310
2320
2335
2350
2362
2367
2366
2357
2347
2337
2328
2322
2311
2300
2288
2278
2266
2252
2232
2205
2178
2148
2121
2097
2075
2055
2039
2028
2017
2009
2002
1997
1994
1995
1999
2007
2019
2034
2090
2197
2320
2465
2606
2737
2820
2847
2832
2788
2714
2607
2479
2344
2227
2132
2109
2107
2104
2102
2102
2105
2114
2127
2144
2168
2193
2220
2247
2274
2301
2323
2340
2352
2361
2367
2369
2362
2347
2330
2317
2301
2286
2278
2276
2279
2290
2303
2323
2352
2382
2425
2475
2511
2533
2557
2582
2604
2622
2638
2646
2650
2653
2655
2656
2656
2656
2655
2655
2653
2651
2651
2650
2650
2648
2648
2648
2648
2650
2651
2655
2658
2665
2671
2680
2700
2751
2791
2822
2840
2854
2864
2873
2878
2874
2861
2842
2805
2764
2749
2739
2732
2732
2741
2758
2781
2820
2857
2898
2918
2930
2939
2945
2949
2950
2950
2950
2947
2942
2935
2928
2920
2913
2908
2900
2891
2883
2876
2874
2876
2883
2893
2903
2917
2930
2950
2969
2982
2994
3001
3004
3008
3009
3011
3015
3018
3023
3028
3033
3037
3042
3047
3052
3060
3075
3109
3138
3153
3165
3175
3185
3194
3202
3206
3209
3209
3211
3212
3214
3216
3217
3221
3222
3224
3222
3217
3212
3204
3195
3187
3177
3167
3157
3148
3140
3131
3119
3101
3070
3038
3006
2974
2942
2915
2891
2868
2842
2812
2778
2756
2729
2690
2644
2597
2557
2528
2501
2487
2479
2472
2467
2462
2455
2450
2445
2438
2433
2423
2408
2379
2349
2318
2290
2269
2241
2200
2158
2110
2078
2063
2053
2043
2036
2031
2026
2021
2016
2011
2004
1999
1992
1987
1979
1968
1953
1931
1919
1914
1903
1891
1921
2011
2134
2295
2472
2633
2741
2776
2746
2648
2491
2344
2203
2119
2095
2083
2073
2065
2056
2044
2031
2024
2036
2058
2073
2085
2095
2104
2110
2112
2112
2112
2109
2104
2097
2092
2083
2075
2068
2063
2058
2055
2053
2051
2051
2051
2050
2048
2044
2041
2039
2036
2036
2038
2044
2051
2061
2072
2087
2107
2124
2136
2144
2153
2159
2163
2161
2151
2137
2121
2104
2083
2063
2044
2026
2012
2001
1990
1982
1973
1967
1960
1953
1948
1943
1936
1930
1923
1914
1906
1897
1889
1881
1874
1865
1857
1848
1842
1838
1837
1838
1843
1852
1860
1870
1887
1918
1950
1973
1992
2007
2022
2036
2046
2058
2070
2080
2088
2093
2097
2099
2102
2107
2109
2100
2080
2051
2002
1968
1952
1938
1931
1928
1926
1921
1919
1919
1918
1916
1918
1924
1938
1953
1972
2002
2036
2066
2088
2110
2127
2144
2168
2197
2222
2239
2247
2254
2259
2261
2257
2251
2244
2234
2225
2219
2205
2195
2186
2185
2191
2203
2215
2222
2229
2237
2244
2251
2256
2262
2268
2273
2278
2281
2283
2284
2284
2288
2288
2290
2293
2298
2305
2310
2315
2322
2325
2327
2323
2318
2313
2308
2303
2296
2291
2284
2274
2244
2207
2178
2149
2122
2099
2073
2050
2031
2012
1994
1967
1935
1921
1911
1906
1897
1892
1891
1886
1882
1881
1879
1877
1874
1872
1872
1869
1869
1864
1862
1860
1857
1855
1852
1850
1845
1840
1833
1832
1837
1853
1879
1955
2055
2186
2333
2496
2655
2758
2793
2756
2651
2477
2283
2117
1985
1909
1881
1911
1965
2017
2065
2119
2149
2164
2173
2181
2193
2203
2215
2225
2237
2254
2279
2308
2332
2344
2354
2362
2371
2377
2382
2386
2389
2393
2396
2394
2399
2401
2401
2399
2401
2401
2399
2401
2401
2404
2404
2404
2408
2410
2411
2413
2418
2423
2428
2435
2443
2453
2467
2484
2496
2511
2524
2548
2572
2592
2611
2626
2639
2650
2655
2661
2666
2671
2678
2682
2685
2688
2690
2693
2693
2692
2692
2690
2690
2688
2685
2682
2678
2677
2671
2668
2666
2661
2655
2648
2643
2643
2653
2668
2690
2717
2759
2797
2827
2852
2879
2906
2922
2933
2945
2957
2969
2977
2986
2994
3008
3023
3037
3050
3067
3086
3099
3114
3131
3151
3172
3194
3217
3236
3256
3270
3277
3282
3283
3287
3288
3288
3287
3285
3285
3283
3282
3282
3282
3282
3282
3280
3280
3280
3278
3280
3282
3285
3290
3295
3297
3300
3302
3304
3304
3304
3305
3309
3312
3317
3324
3331
3337
3351
3363
3371
3375
3380
3381
3386
3390
3388
3375
3359
3351
3346
3341
3339
3336
3334
3331
3327
3324
3320
3317
3314
3309
3304
3295
3271
3219
3177
3143
3102
3062
3025
2996
2976
2957
2935
2911
2876
2822
2778
2742
2709
2677
2641
2600
2560
2521
2487
2453
2420
2379
2335
2293
2261
2227
2195
2163
2132
2102
2068
2033
1997
1965
1933
1903
1889
1875
1862
1865
1899
1945
2002
2104
2224
2362
2469
2502
2484
2421
2241
2007
1771
1597
1541
1519
1539
1559
1580
1576
1548
1534
1529
1526
1522
1515
1507
1500
1494
1488
1485
1485
1487
1490
1495
1499
1504
1507
1510
1515
1521
1527
1539
1566
1593
1620
1652
1688
1723
1750
1771
1788
1808
1830
1850
1869
1886
1899
1909
1919
1926
1933
1940
1948
1958
1970
1985
2016
2066
2112
2161
2202
2235
2269
2295
2313
2327
2342
2357
2366
2374
2376
2377
2379
2379
2381
2379
2382
2389
2393
2396
2398
2403
2408
2410
2416
2426
2445
2489
2526
2565
2607
2651
2700
2742
2776
2807
2830
2857
2886
2910
2930
2947
2967
2989
3008
3025
3038
3050
3064
3075
3086
3097
3108
3121
3135
3151
3168
3187
3211
3234
3263
3285
3302
3317
3329
3334
3339
3339
3339
3339
3337
3334
3334
3334
3334
3332
3334
3337
3342
3346
3351
3358
3368
3378
3388
3400
3417
3434
3446
3437
3418
3393
3361
3312
3271
3234
3197
3163
3140
3121
3108
3089
3067
3045
3033
3026
3020
3013
3003
2996
2986
2977
2971
2962
2955
2950
2932
2893
2847
2795
2748
2704
2670
2646
2622
2599
2573
2540
2504
2470
2452
2445
2443
2440
2433
2423
2413
2404
2394
2382
2374
2366
2354
2333
2313
2293
2276
2259
2246
2232
2217
2198
2173
2146
2127
2110
2095
2080
2066
2055
2043
2031
2019
2006
1989
1968
1943
1918
1889
1857
1825
1799
1779
1757
1728
1706
1693
1686
1673
1657
1666
1712
1769
1845
1980
2121
2273
2308
2313
2288
2121
1924
1722
1576
1531
1514
1500
1487
1477
1470
1472
1472
1473
1477
1482
1488
1499
1509
1519
1531
1561
1592
1622
1666
1727
1784
1847
1904
1946
1995
2022
2039
2053
2066
2077
2085
2093
2102
2112
2124
2142
2161
2186
2212
2229
2244
2257
2269
2279
2290
2298
2306
2317
2330
2354
2381
2413
2447
2480
2516
2550
2567
2579
2590
2599
2607
2616
2622
2628
2628
2628
2626
2619
2614
2607
2599
2592
2584
2575
2565
2555
2541
2508
2474
2445
2415
2377
2327
2293
2271
2251
2232
2213
2195
2178
2164
2151
2141
2132
2126
2119
2117
2117
2117
2119
2126
2132
2136
2142
2148
2154
2156
2156
2154
2153
2148
2141
2136
2129
2127
2122
2117
2115
2112
2110
2110
2114
2121
2129
2137
2146
2156
2166
2175
2183
2193
2205
2217
2235
2254
2273
2286
2301
2323
2359
2408
2462
2531
2614
2688
2768
2851
2944
2993
3013
3028
3038
3043
3042
3038
3038
3038
3038
3040
3045
3050
3055
3064
3072
3080
3092
3106
3121
3138
3157
3175
3189
3202
3207
3209
3207
3199
3189
3177
3163
3146
3126
3104
3077
3025
2979
2944
2923
2908
2896
2883
2873
2861
2844
2829
2815
2803
2786
2768
2741
2709
2682
2653
2631
2616
2606
2595
2587
2580
2573
2567
2557
2548
2538
2528
2521
2509
2497
2484
2465
2445
2426
2415
2411
2413
2418
2431
2453
2480
2524
2609
2758
2930
3080
3138
3140
3075
2893
2626
2398
2266
2220
2195
2195
2213
2244
2278
2325
2372
2393
2403
2406
2408
2410
2410
2411
2413
2415
2415
2420
2426
2437
2450
2465
2480
2497
2513
2526
2541
2555
2568
2580
2589
2595
2602
2606
2606
2602
2595
2587
2579
2568
2563
2558
2557
2555
2558
2563
2567
2570
2575
2582
2590
2597
2611
2626
2641
2650
2651
2648
2634
2612
2585
2550
2496
2447
2404
2371
2335
2300
2262
2225
2186
2148
2126
2110
2100
2090
2083
2075
2068
2061
2053
2050
2044
2036
2033
2024
2016
2004
1987
1963
1938
1908
1879
1855
1838
1821
1806
1798
1794
1794
1801
1815
1833
1852
1870
1886
1899
1908
1918
1921
1926
1933
1941
1953
1960
1965
1970
1977
1990
2017
2065
2170
2273
2369
2447
2508
2565
2607
2633
2655
2675
2693
2712
2741
2781
2835
2889
2947
3004
3062
3119
3180
3243
3298
3347
3368
3375
3381
3386
3390
3395
3398
3403
3408
3410
3408
3407
3405
3407
3405
3403
3407
3410
3415
3422
3430
3440
3451
3462
3473
3483
3496
3505
3515
3523
3533
3545
3557
3567
3577
3591
3603
3611
3615
3620
3623
3625
3626
3630
3638
3652
3674
3697
3711
3707
3689
3664
3626
3571
3523
3476
3429
3373
3327
3287
3253
3222
3184
3141
3089
3037
2986
2932
2884
2842
2819
2807
2797
2785
2783
2807
2856
2928
3033
3145
3234
3293
3334
3334
3283
3138
2966
2805
2670
2633
2604
2573
2540
2518
2487
2437
2374
2362
2361
2361
2359
2361
2359
2359
2366
2369
2377
2391
2403
2418
2430
2443
2447
2435
2410
2374
2335
2284
2235
2197
2156
2114
2072
2029
2009
1995
1982
1972
1965
1958
1952
1945
1938
1931
1926
1921
1914
1909
1906
1903
1897
1894
1892
1894
1896
1896
1901
1904
1909
1911
1914
1918
1921
1926
1926
1930
1931
1931
1926
1919
1909
1897
1884
1865
1852
1837
1821
1815
1803
1788
1776
1761
1752
1740
1733
1735
1739
1747
1761
1774
1796
1815
1835
1862
1894
1936
1973
2007
2041
2066
2099
2115
2124
2134
2134
2136
2136
2137
2136
2137
2139
2139
2139
2136
2136
2131
2122
2117
2115
2112
2110
2112
2121
2127
2129
2136
2137
2139
2137
2132
2129
2121
2117
2110
2104
2099
2095
2090
2083
2073
2063
2055
2046
2038
2026
2022
2022
2028
2031
2036
2050
2060
2073
2080
2090
2100
2104
2110
2109
2110
2115
2117
2122
2124
2131
2136
2139
2148
2148
2153
2158
2159
2168
2170
2178
2188
2195
2207
2210
2215
2219
2210
2203
2190
2173
2163
2142
2134
2124
2115
2114
2105
2104
2102
2100
2110
2110
2117
2124
2129
2134
2134
2131
2129
2119
2115
2104
2095
2087
2072
2058
2043
2019
1994
1958
1931
1908
1897
1896
1908
1926
1953
1980
2043
2136
2278
2467
2548
2607
2650
2604
2453
2234
2021
1906
1862
1838
1818
1799
1784
1771
1766
1759
1755
1759
1761
1764
1764
1769
1779
1789
1804
1823
1838
1857
1882
1918
1958
1987
2017
2043
2055
2063
2070
2073
2080
2082
2090
2100
2115
2132
2149
2166
2188
2207
2222
2237
2254
2271
2290
2303
2322
2335
2350
2362
2369
2372
2377
2377
2379
2379
2377
2388
2394
2406
2431
2452
2482
2519
2553
2600
2655
2693
2717
2731
2751
2763
2773
2775
2758
2734
2702
2670
2628
2589
2548
2511
2477
2442
2411
2393
2377
2369
2357
2345
2342
2347
2364
2393
2418
2452
2491
2521
2536
2540
2551
2563
2568
2543
2502
2482
2467
2452
2438
2426
2416
2411
2410
2410
2411
2416
2425
2431
2440
2447
2457
2460
2464
2453
2459
2464
2465
2464
2452
2433
2415
2399
2391
2382
2374
2367
2361
2354
2349
2345
2342
2339
2333
2330
2327
2325
2323
2322
2318
2315
2311
2310
2308
2306
2305
2303
2300
2298
2295
2291
2284
2278
2273
2268
2264
2266
2274
2288
2305
2322
2337
2349
2361
2371
2379
2384
2391
2398
2404
2411
2418
2425
2431
2437
2445
2452
2459
2467
2475
2491
2508
2521
2535
2545
2555
2562
2568
2572
2577
2579
2582
2585
2590
2594
2599
2604
2609
2616
2622
2629
2636
2644
2655
2666
2682
2710
2739
2756
2768
2780
2795
2810
2829
2852
2888
2950
3026
3136
3248
3386
3459
3518
3554
3518
3408
3243
3111
3008
2969
2967
2991
3013
3031
3038
3023
2994
2972
2947
2930
2932
2955
2991
3033
3086
3129
3157
3177
3192
3206
3219
3228
3234
3238
3239
3241
3243
3244
3248
3253
3258
3263
3270
3277
3285
3292
3298
3304
3309
3312
3315
3319
3324
3329
3334
3341
3346
3351
3356
3359
3363
3366
3366
3368
3368
3368
3368
3366
3364
3363
3361
3359
3358
3356
3354
3351
3351
3349
3347
3346
3344
3341
3337
3336
3332
3329
3326
3320
3317
3310
3305
3297
3290
3278
3246
3217
3194
3165
3133
3096
3080
3072
3065
3058
3053
3050
3045
3038
3031
3025
3018
3009
3003
2996
2988
2977
2959
2940
2932
2925
2920
2917
2911
2905
2900
2896
2895
2896
2901
2908
2915
2922
2928
2942
2954
2959
2952
2933
2913
2900
2888
2878
2868
2857
2849
2840
2834
2829
2824
2819
2813
2808
2802
2797
2790
2781
2771
2759
2748
2736
2724
2710
2699
2688
2680
2671
2663
2653
2639
2614
2577
2545
2521
2492
2460
2448
2442
2435
2428
2423
2420
2416
2415
2413
2411
2411
2410
2408
2408
2410
2408
2408
2406
2406
2404
2403
2403
2403
2403
2403
2403
2403
2401
2401
2399
2398
2396
2394
2391
2389
2386
2384
2384
2382
2381
2379
2379
2377
2376
2374
2372
2371
2367
2364
2361
2357
2352
2345
2339
2330
2322
2311
2291
2269
2251
2234
2220
2205
2191
2186
2193
2207
2229
2264
2327
2437
2565
2715
2856
2989
3033
3016
2959
2781
2577
2371
2244
2186
2105
2019
1984
1935
1857
1821
1820
1818
1818
1820
1830
1843
1850
1855
1860
1864
1869
1875
1884
1889
1896
1899
1903
1908
1911
1913
1913
1914
1918
1919
1923
1926
1928
1931
1936
1940
1943
1945
1948
1952
1955
1962
1968
1982
2009
2034
2056
2097
2153
2198
2234
2284
2315
2335
2349
2361
2371
2381
2388
2396
2404
2418
2437
2460
2491
2514
2535
2550
2555
2555
2551
2550
2548
2545
2511
2474
2442
2433
2430
2426
2423
2420
2421
2437
2457
2472
2486
2497
2508
2518
2524
2535
2543
2551
2562
2570
2575
2573
2567
2555
2541
2524
2501
2467
2453
2447
2440
2435
2431
2430
2428
2426
2425
2423
2420
2416
2415
2415
2415
2413
2411
2410
2406
2403
2393
2371
2345
2306
2259
2220
2190
2161
2146
2139
2132
2129
2126
2124
2122
2119
2115
2110
2107
2104
2100
2099
2095
2092
2087
2080
2068
2041
2026
2016
2009
2002
1999
2004
2016
2031
2048
2070
2087
2099
2110
2122
2137
2159
2180
2200
2217
2230
2254
2290
2318
2342
2369
2394
2415
2435
2459
2479
2497
2516
2531
2550
2573
2604
2619
2631
2641
2653
2665
2670
2675
2678
2683
2690
2695
2702
2707
2714
2719
2727
2734
2739
2739
2736
2731
2720
2709
2685
2644
2626
2617
2612
2609
2606
2602
2597
2594
2589
2584
2580
2577
2573
2570
2567
2562
2553
2546
2541
2541
2546
2553
2565
2600
2693
2810
2952
3084
3228
3341
3378
3356
3290
3148
2981
2847
2788
2769
2759
2753
2749
2744
2736
2727
2746
2768
2786
2785
2761
2724
2671
2611
2562
2496
2431
2369
2293
2244
2190
2134
2080
2029
2006
1990
1980
1973
1972
1975
1985
1999
2012
2026
2043
2060
2075
2090
2105
2127
2161
2188
2215
2242
2266
2288
2308
2332
2355
2377
2413
2440
2460
2479
2496
2513
2524
2535
2543
2553
2563
2575
2587
2602
2626
2665
2692
2719
2742
2773
2795
2812
2824
2829
2829
2829
2829
2830
2832
2820
2798
2780
2759
2746
2741
2739
2736
2732
2729
2727
2732
2749
2771
2795
2825
2842
2851
2859
2868
2873
2862
2840
2815
2783
2756
2720
2670
2644
2633
2622
2614
2609
2604
2602
2599
2599
2599
2600
2600
2604
2609
2617
2628
2638
2650
2675
2727
2759
2778
2791
2802
2810
2815
2819
2824
2827
2830
2834
2835
2835
2837
2837
2837
2835
2830
2827
2820
2815
2808
2803
2798
2795
2791
2788
2785
2781
2778
2776
2775
2775
2778
2781
2786
2791
2797
2802
2807
2813
2820
2827
2832
2834
2832
2825
2817
2807
2793
2775
2741
2707
2660
2599
2562
2541
2526
2519
2519
2524
2536
2553
2584
2624
2646
2663
2670
2660
2636
2614
2592
2565
2535
2506
2474
2455
2442
2431
2423
2418
2413
2411
2411
2415
2421
2431
2445
2470
2526
2560
2573
2585
2592
2600
2607
2614
2621
2626
2631
2636
2646
2668
2720
2781
2839
2932
3016
3045
3026
2971
2812
2599
2396
2252
2207
2222
2268
2361
2421
2489
2558
2589
2600
2611
2617
2624
2629
2633
2634
2636
2636
2638
2638
2639
2638
2638
2639
2641
2643
2646
2648
2651
2653
2658
2661
2665
2668
2671
2680
2690
2700
2709
2714
2712
2707
2700
2692
2682
2665
2634
2604
2585
2570
2558
2551
2551
2557
2567
2582
2612
2663
2712
2764
2820
2874
2911
2935
2957
2979
3004
3031
3055
3069
3079
3087
3094
3096
3092
3080
3065
3043
3015
2969
2933
2888
2835
2759
2680
2595
2548
2524
2514
2506
2502
2502
2511
2526
2545
2560
2567
2572
2575
2580
2585
2590
2595
2599
2602
2606
2607
2609
2611
2611
2609
2607
2606
2604
2604
2602
2602
2602
2602
2604
2604
2606
2607
2609
2612
2614
2616
2619
2621
2624
2628
2631
2634
2636
2639
2643
2648
2658
2670
2678
2682
2677
2663
2646
2626
2595
2546
2502
2460
2423
2408
2403
2396
2389
2386
2386
2398
2416
2437
2467
2499
2540
2587
2621
2650
2675
2710
2744
2753
2756
2758
2759
2759
2761
2763
2764
2768
2771
2775
2778
2781
2783
2786
2790
2797
2807
2827
2847
2868
2881
2895
2906
2915
2920
2918
2911
2898
2881
2849
2800
2763
2717
2666
2622
2584
2540
2499
2472
2462
2455
2450
2447
2445
2452
2469
2492
2521
2565
2589
2621
2663
2707
2758
2857
2996
3189
3390
3591
3697
3706
3633
3452
3246
3069
2991
2960
2960
2991
3006
3015
3023
3028
3033
3040
3048
3055
3062
3069
3075
3084
3091
3104
3129
3141
3150
3157
3167
3163
3138
3101
3055
3011
2969
2930
2888
2849
2822
2807
2802
2800
2798
2797
2795
2793
2791
2790
2786
2783
2780
2776
2773
2769
2766
2759
2749
2720
2683
2658
2639
2626
2616
2607
2602
2599
2595
2592
2590
2587
2582
2572
2553
2531
2506
2464
2430
2386
2335
2290
2239
2210
2197
2186
2176
2170
2164
2158
2153
2148
2144
2139
2134
2131
2126
2122
2119
2114
2114
2115
2119
2124
2129
2136
2141
2148
2158
2168
2176
2183
2188
2193
2198
2203
2207
2210
2210
2207
2203
2200
2197
2190
2178
2180
2200
2220
2241
2259
2278
2298
2322
2339
2349
2359
2364
2366
2364
2355
2344
2330
2317
2296
2284
2281
2278
2278
2278
2278
2276
2273
2273
2273
2274
2276
2278
2279
2279
2281
2284
2288
2291
2295
2296
2300
2303
2310
2317
2323
2330
2335
2342
2349
2359
2369
2379
2389
2396
2401
2406
2410
2411
2413
2413
2413
2411
2413
2415
2416
2420
2423
2425
2426
2426
2426
2426
2425
2421
2418
2415
2410
2404
2399
2396
2391
2384
2374
2362
2349
2335
2320
2305
2286
2271
2261
2256
2252
2249
2247
2246
2244
2242
2241
2239
2241
2244
2251
2259
2271
2284
2310
2359
2440
2530
2636
2732
2810
2839
2839
2803
2702
2563
2406
2283
2195
2164
2151
2151
2161
2176
2202
2244
2288
2332
2362
2381
2389
2382
2362
2332
2288
2247
2222
2208
2202
2195
2190
2188
2191
2205
2224
2244
2276
2300
2332
2381
2433
2465
2477
2484
2491
2494
2492
2480
2462
2431
2384
2357
2344
2333
2325
2320
2320
2322
2328
2335
2345
2355
2371
2389
2410
2440
2484
2530
2572
2600
2622
2646
2677
2712
2737
2754
2771
2788
2842
2913
2994
3080
3163
3238
3324
3349
3359
3346
3273
3195
3155
3133
3123
3116
3106
3092
3074
3045
2989
2911
2873
2847
2832
2832
2842
2856
2866
2876
2883
2883
2871
2849
2825
2795
2768
2749
2736
2724
2710
2699
2685
2666
2639
2609
2577
2546
2519
2497
2480
2464
2445
2425
2403
2379
2354
2328
2295
2259
2232
2220
2212
2205
2198
2193
2191
2190
2191
2195
2202
2208
2217
2227
2237
2251
2268
2281
2295
2310
2330
2362
2393
2431
2479
2526
2570
2611
2655
2695
2722
2744
2754
2761
2766
2769
2773
2778
2785
2790
2795
2802
2807
2817
2839
2879
2910
2930
2944
2950
2955
2962
2966
2971
2972
2971
2969
2964
2957
2949
2932
2895
2854
2815
2753
2688
2614
2545
2519
2494
2479
2469
2462
2455
2452
2450
2448
2447
2445
2442
2440
2437
2438
2448
2465
2492
2533
2600
2683
2800
2927
3040
3096
3091
3011
2856
2660
2467
2303
2210
2178
2166
2175
2195
2217
2244
2264
2276
2283
2288
2293
2300
2308
2317
2323
2332
2342
2355
2367
2377
2388
2394
2401
2408
2413
2416
2416
2413
2408
2403
2399
2394
2386
2379
2379
2388
2401
2423
2460
2479
2484
2489
2492
2496
2499
2502
2504
2508
2511
2513
2516
2518
2519
2521
2521
2524
2530
2538
2548
2560
2573
2594
2617
2639
2653
2665
2675
2678
2673
2663
2650
2634
2611
2602
2599
2595
2594
2592
2590
2587
2584
2577
2570
2558
2538
2508
2479
2450
2430
2415
2403
2391
2382
2376
2371
2366
2364
2362
2364
2369
2376
2386
2398
2423
2464
2496
2530
2555
2573
2587
2599
2607
2614
2617
2621
2624
2624
2624
2624
2621
2616
2609
2600
2590
2568
2530
2511
2501
2492
2489
2492
2502
2516
2530
2555
2575
2597
2619
2643
2666
2690
2710
2726
2737
2749
2759
2769
2780
2788
2800
2810
2824
2847
2878
2905
2935
2960
2981
3006
3042
3079
3101
3116
3123
3123
3114
3097
3072
3031
2959
2879
2813
2754
2719
2680
2636
2612
2602
2594
2587
2582
2579
2577
2573
2572
2570
2568
2567
2567
2565
2563
2562
2560
2557
2555
2551
2546
2543
2538
2533
2528
2523
2516
2508
2502
2506
2514
2524
2540
2562
2579
2621
2678
2756
2851
2964
3070
3163
3197
3189
3116
3004
2871
2736
2633
2580
2560
2560
2582
2612
2651
2675
2692
2700
2695
2682
2661
2634
2617
2606
2602
2612
2633
2658
2685
2688
2693
2699
2680
2658
2638
2614
2600
2590
2584
2579
2573
2572
2568
2568
2568
2567
2565
2560
2579
2595
2609
2619
2631
2641
2651
2663
2668
2661
2643
2622
2599
2580
2568
2558
2550
2546
2551
2560
2572
2579
2585
2594
2599
2604
2609
2614
2619
2622
2631
2646
2668
2677
2683
2682
2661
2641
2616
2590
2555
2514
2474
2431
2401
2382
2364
2345
2333
2320
2310
2306
2310
2318
2330
2349
2386
2418
2435
2457
2480
2496
2508
2518
2524
2531
2533
2535
2536
2538
2538
2540
2540
2541
2545
2546
2553
2562
2572
2584
2600
2621
2646
2658
2666
2673
2680
2687
2690
2695
2699
2702
2704
2705
2709
2710
2714
2717
2726
2741
2771
2800
2822
2842
2859
2879
2905
2917
2925
2930
2933
2937
2935
2930
2918
2905
2888
2861
2835
2824
2817
2812
2807
2803
2800
2798
2795
2791
2788
2785
2781
2778
2776
2773
2768
2761
2748
2720
2699
2678
2656
2636
2609
2573
2543
2521
2492
2470
2452
2438
2431
2426
2421
2415
2410
2410
2411
2421
2437
2486
2570
2692
2847
3028
3197
3309
3319
3260
3091
2873
2658
2491
2440
2423
2460
2489
2504
2514
2521
2531
2540
2548
2557
2562
2570
2579
2589
2599
2606
2604
2594
2580
2568
2562
2555
2550
2543
2538
2531
2524
2519
2514
2509
2504
2501
2499
2496
2494
2486
2469
2448
2438
2431
2425
2418
2415
2411
2411
2413
2416
2420
2421
2423
2425
2428
2431
2435
2437
2438
2440
2442
2442
2443
2443
2443
2443
2443
2443
2442
2442
2440
2438
2435
2433
2430
2426
2421
2416
2410
2403
2391
2367
2342
2317
2295
2273
2256
2246
2239
2234
2232
2229
2227
2225
2224
2222
2220
2219
2215
2212
2208
2205
2203
2198
2191
2185
2175
2163
2136
2115
2095
2082
2068
2058
2053
2051
2055
2063
2077
2093
2117
2153
2188
2210
2224
2235
2244
2249
2252
2251
2246
2237
2224
2175
2090
1973
1833
1705
1571
1460
1394
1346
1318
1303
1299
1297
1294
1289
1287
1299
1331
1379
1455
1502
1524
1541
1554
1566
1576
1585
1595
1610
1639
1674
1696
1708
1717
1722
1728
1735
1742
1747
1754
1759
1766
1771
1777
1783
1788
1791
1796
1801
1804
1810
1816
1821
1830
1838
1850
1862
1877
1887
1901
1928
1973
2055
2156
2278
2413
2557
2665
2673
2611
2435
2212
2024
1906
1874
1853
1842
1832
1825
1818
1811
1806
1799
1789
1779
1776
1784
1798
1813
1826
1847
1864
1875
1892
1913
1935
1963
2001
2039
2082
2114
2134
2149
2163
2173
2180
2185
2191
2198
2207
2217
2230
2251
2281
2306
2330
2355
2376
2401
2437
2475
2509
2541
2575
2611
2650
2687
2712
2720
2726
2729
2732
2734
2732
2731
2729
2727
2724
2722
2722
2732
2748
2766
2791
2813
2829
2840
2851
2856
2854
2844
2827
2803
2763
2722
2683
2663
2653
2644
2636
2631
2626
2622
2616
2606
2590
2575
2557
2535
2521
2516
2513
2506
2502
2497
2496
2494
2492
2491
2489
2486
2484
2482
2479
2475
2472
2469
2462
2448
2421
2372
2328
2274
2224
2193
2136
2083
2024
1995
1975
1946
1919
1904
1891
1879
1860
1830
1811
1799
1793
1789
1791
1798
1806
1821
1855
1897
1933
1955
1973
1990
2012
2044
2075
2097
2110
2122
2137
2156
2171
2181
2188
2197
2203
2212
2229
2262
2290
2303
2313
2323
2332
2339
2349
2361
2372
2382
2398
2420
2457
2492
2499
2504
2508
2511
2513
2516
2521
2523
2526
2531
2535
2541
2548
2562
2587
2602
2621
2650
2678
2695
2707
2714
2720
2724
2727
2729
2732
2736
2737
2742
2749
2775
2822
2893
2991
3111
3241
3381
3506
3582
3591
3547
3417
3292
3155
3035
2994
2979
2984
2993
2984
2964
2955
2950
2945
2939
2932
2925
2920
2911
2900
2889
2881
2873
2866
2857
2847
2837
2824
2808
2798
2790
2781
2775
2769
2764
2761
2758
2754
2751
2746
2742
2742
2748
2756
2766
2776
2790
2802
2812
2820
2829
2837
2847
2856
2862
2869
2876
2879
2881
2879
2874
2868
2859
2847
2829
2812
2802
2793
2788
2785
2778
2773
2768
2763
2759
2756
2753
2749
2744
2739
2734
2729
2722
2714
2697
2663
2633
2612
2602
2599
2595
2594
2590
2589
2589
2589
2589
2590
2592
2594
2595
2599
2604
2607
2599
2584
2568
2553
2540
2535
2530
2524
2519
2516
2524
2545
2565
2587
2606
2617
2638
2670
2688
2697
2705
2710
2712
2712
2710
2709
2705
2704
2700
2699
2695
2692
2692
2690
2692
2695
2700
2705
2709
2715
2722
2726
2726
2719
2710
2702
2693
2682
2671
2666
2661
2658
2655
2648
2643
2643
2650
2656
2660
2663
2666
2668
2671
2673
2677
2680
2682
2682
2678
2675
2671
2666
2661
2655
2648
2643
2638
2633
2628
2621
2612
2607
2606
2607
2609
2612
2616
2619
2621
2628
2633
2638
2639
2634
2626
2614
2594
2555
2533
2523
2516
2509
2502
2497
2494
2489
2484
2479
2470
2453
2430
2398
2359
2327
2305
2300
2296
2293
2296
2311
2354
2410
2499
2604
2712
2817
2922
3006
3035
3026
2996
2895
2761
2600
2480
2406
2384
2371
2364
2361
2357
2355
2354
2350
2345
2345
2359
2398
2474
2563
2638
2709
2736
2751
2761
2761
2739
2705
2665
2644
2634
2628
2622
2621
2621
2624
2631
2639
2648
2658
2671
2683
2687
2688
2688
2690
2693
2690
2673
2646
2609
2577
2555
2543
2535
2526
2521
2523
2531
2545
2562
2584
2602
2619
2633
2648
2665
2675
2685
2693
2700
2702
2699
2692
2683
2675
2666
2655
2643
2633
2624
2616
2606
2597
2585
2570
2555
2543
2535
2528
2523
2518
2511
2504
2497
2492
2486
2479
2472
2465
2460
2453
2447
2440
2435
2428
2421
2415
2410
2401
2391
2379
2371
2371
2376
2388
2401
2418
2442
2457
2469
2477
2484
2489
2494
2499
2504
2511
2521
2528
2538
2545
2551
2558
2563
2570
2573
2579
2584
2589
2592
2595
2597
2599
2599
2599
2597
2594
2592
2587
2582
2577
2570
2563
2557
2550
2540
2518
2501
2489
2480
2474
2467
2462
2460
2460
2465
2472
2477
2482
2484
2487
2491
2496
2499
2502
2504
2506
2506
2506
2504
2504
2504
2502
2502
2501
2499
2497
2494
2491
2486
2480
2475
2469
2464
2452
2420
2382
2344
2308
2284
2252
2212
2171
2127
2100
2085
2077
2072
2070
2070
2070
2070
2070
2070
2070
2068
2066
2065
2061
2061
2060
2058
2058
2060
2061
2063
2063
2063
2061
2060
2056
2055
2053
2051
2050
2048
2050
2051
2056
2063
2072
2083
2124
2219
2350
2536
2741
2935
3028
3031
2952
2754
2543
2377
2293
2269
2254
2242
2229
2217
2207
2197
2188
2181
2175
2170
2166
2164
2161
2158
2154
2151
2148
2144
2139
2134
2127
2121
2112
2102
2088
2068
2050
2029
2012
1999
1985
1972
1960
1948
1940
1930
1919
1913
1911
1913
1918
1928
1940
1960
2006
2039
2060
2077
2093
2107
2121
2132
2144
2154
2164
2176
2188
2202
2220
2235
2249
2261
2271
2281
2293
2310
2328
2347
2371
2391
2410
2426
2440
2455
2475
2497
2514
2526
2540
2550
2558
2567
2573
2579
2582
2585
2587
2590
2595
2599
2602
2606
2611
2614
2619
2626
2634
2644
2656
2678
2722
2754
2776
2795
2810
2827
2840
2851
2861
2871
2876
2879
2878
2873
2862
2847
2832
2808
2771
2744
2729
2717
2709
2704
2700
2702
2709
2719
2731
2744
2756
2771
2786
2798
2805
2810
2815
2820
2824
2827
2830
2832
2834
2835
2835
2834
2832
2830
2825
2822
2815
2810
2805
2800
2795
2791
2783
2776
2771
2769
2775
2783
2791
2800
2805
2808
2810
2813
2817
2820
2824
2827
2832
2837
2840
2844
2847
2851
2854
2859
2864
2869
2879
2905
2923
2937
2949
2962
2971
2969
2957
2937
2913
2878
2846
2817
2790
2785
2785
2785
2783
2783
2783
2785
2786
2788
2788
2790
2793
2797
2803
2810
2815
2822
2830
2837
2842
2842
2834
2820
2803
2780
2746
2714
2688
2668
2653
2638
2628
2619
2614
2609
2604
2600
2597
2595
2595
2599
2604
2609
2616
2622
2631
2641
2656
2670
2683
2702
2737
2788
2866
2964
3079
3206
3326
3388
3408
3375
3270
3124
2966
2834
2744
2715
2697
2682
2668
2655
2639
2626
2612
2597
2585
2573
2563
2558
2560
2568
2582
2599
2617
2641
2665
2685
2700
2714
2726
2734
2737
2734
2724
2709
2690
2665
2624
2587
2558
2535
2519
2513
2508
2504
2504
2502
2501
2501
2499
2499
2499
2501
2501
2502
2504
2508
2513
2519
2523
2528
2533
2538
2543
2550
2555
2562
2567
2572
2575
2582
2590
2599
2611
2624
2646
2668
2683
2697
2714
2734
2744
2751
2751
2753
2753
2753
2753
2753
2751
2751
2751
2753
2754
2756
2756
2758
2759
2759
2761
2761
2763
2763
2764
2768
2769
2775
2781
2790
2795
2798
2797
2788
2776
2763
2746
2724
2702
2680
2656
2628
2590
2551
2526
2509
2494
2486
2479
2472
2469
2464
2459
2453
2448
2440
2428
2411
2393
2369
2337
2305
2271
2242
2217
2190
2166
2144
2119
2090
2063
2036
2011
1984
1960
1941
1928
1916
1906
1899
1896
1899
1908
1923
1945
1980
2039
2093
2151
2198
2229
2256
2281
2291
2298
2301
2303
2305
2305
2306
2308
2311
2315
2320
2325
2328
2332
2335
2340
2345
2350
2355
2362
2372
2396
2418
2430
2442
2448
2457
2465
2472
2477
2479
2474
2467
2457
2450
2443
2437
2430
2421
2415
2413
2418
2430
2447
2465
2479
2489
2497
2506
2513
2519
2521
2524
2526
2528
2530
2531
2533
2536
2538
2540
2543
2545
2546
2548
2546
2543
2541
2541
2540
2540
2540
2541
2543
2550
2555
2562
2570
2580
2590
2656
2781
2940
3113
3258
3309
3278
3187
2979
2751
2584
2518
2494
2499
2543
2573
2599
2617
2629
2628
2614
2594
2575
2568
2563
2558
2553
2548
2543
2536
2531
2526
2521
2519
2516
2514
2511
2509
2508
2506
2504
2504
2504
2504
2504
2502
2501
2499
2496
2492
2489
2486
2482
2480
2479
2477
2477
2475
2475
2474
2474
2472
2470
2470
2469
2467
2465
2465
2465
2467
2470
2474
2475
2477
2479
2480
2480
2482
2482
2482
2480
2480
2477
2475
2474
2472
2470
2467
2462
2457
2452
2447
2442
2435
2426
2416
2394
2369
2345
2322
2301
2283
2266
2249
2232
2215
2200
2185
2171
2158
2144
2132
2119
2105
2092
2080
2068
2058
2048
2039
2031
2028
2028
2031
2041
2051
2065
2078
2092
2104
2121
2137
2153
2163
2164
2159
2151
2141
2131
2122
2114
2104
2095
2088
2088
2099
2114
2132
2149
2161
2171
2181
2191
2202
2213
2222
2232
2239
2246
2251
2257
2264
2271
2279
2290
2308
2330
2357
2382
2401
2415
2428
2440
2453
2465
2475
2486
2496
2506
2513
2518
2521
2524
2528
2530
2533
2535
2536
2538
2538
2540
2543
2545
2546
2548
2551
2553
2555
2558
2560
2563
2565
2567
2570
2573
2579
2584
2589
2595
2602
2619
2638
2658
2673
2690
2707
2726
2746
2768
2795
2820
2835
2847
2857
2866
2874
2883
2891
2900
2905
2910
2917
2925
2935
2952
2989
3031
3089
3157
3222
3290
3359
3437
3495
3530
3555
3576
3594
3626
3684
3750
3822
3907
3988
4044
4079
4095
4078
4040
3985
3897
3804
3706
3635
3587
3569
3574
3589
3616
3611
3518
3212
2785
2408
1881
1473
1336
1566
2061
2660
3241
3446
3515
3572
3707
3701
3527
3645
3626
3559
3530
3511
3496
3486
3476
3469
3464
3459
3457
3452
3449
3447
3447
3446
3440
3435
3430
3425
3420
3413
3407
3398
3386
3375
3353
3305
3261
3224
3194
3160
3126
3099
3077
3060
3045
3031
3018
3006
2998
2989
2982
2976
2969
2962
2955
2947
2940
2930
2918
2903
2879
2835
2795
2761
2732
2709
2688
2671
2656
2644
2639
2643
2650
2658
2663
2671
2678
2682
2682
2665
2639
2614
2594
2572
2548
2524
2504
2484
2467
2448
2423
2389
2350
2308
2286
2271
2259
2249
2242
2235
2232
2230
2230
2234
2237
2239
2244
2247
2252
2257
2264
2273
2283
2291
2295
2295
2288
2279
2269
2262
2254
2247
2241
2234
2225
2217
2210
2202
2195
2185
2171
2154
2115
2041
1975
1901
1835
1786
1742
1722
1706
1696
1688
1681
1676
1673
1671
1671
1673
1676
1683
1691
1701
1713
1727
1742
1767
1794
1818
1845
1875
1908
1943
1980
2006
2024
2041
2055
2068
2080
2090
2099
2104
2109
2112
2115
2119
2122
2127
2132
2139
2148
2156
2164
2173
2183
2191
2202
2212
2222
2232
2249
2269
2288
2301
2306
2305
2296
2283
2266
2246
2219
2176
2141
2114
2099
2085
2073
2061
2051
2044
2041
2038
2038
2038
2041
2046
2055
2065
2077
2088
2104
2139
2217
2295
2386
2464
2518
2524
2511
2464
2352
2213
2065
1994
1973
1960
1953
1950
1948
1946
1943
1941
1941
1940
1938
1938
1940
1941
1941
1943
1941
1941
1941
1940
1938
1940
1943
1946
1952
1960
1968
1980
1995
2028
2066
2117
2198
2273
2318
2382
2464
2545
