0754
0745
0726
0717
0708
0699
0680
0616
0542
0478
0469
0496
0570
0671
0828
1104
1601
2061
2346
2595
2769
2861
2953
3027
3009
2815
2539
2226
2015
1840
1665
1444
1085
0892
0818
0754
0708
0671
0644
0616
0598
0579
0570
0552
0542
0542
0542
0542
0542
0542
0542
0542
0542
0533
0524
0515
0496
0478
0478
0478
0487
0515
0542
0570
0607
0644
0690
0745
0782
0818
0855
0874
0911
0947
0993
1039
1076
1113
1141
1159
1168
1177
1187
1187
1196
1205
1205
1205
1205
1205
1205
1223
1233
1251
1260
1269
1279
1297
1306
1315
1325
1334
1343
1343
1352
1371
1380
1417
1444
1472
1481
1463
1407
1334
1251
1168
1067
0966
0892
0837
0791
0763
0736
0708
0690
0671
0671
0671
0690
0717
0745
0782
0809
0846
0874
0911
0938
0966
0984
1003
1012
1012
1021
1012
1003
0984
0966
0938
0911
0883
0874
0865
0865
0855
0846
0846
0837
0818
0809
0782
0763
0745
0726
0708
0699
0699
0699
0708
0708
0699
0699
0680
0671
0644
0625
0607
0588
0588
0588
0598
0616
0625
0644
0653
0653
0644
0644
0644
0662
0671
0680
0680
0662
0653
0653
0653
0653
0644
0634
0616
0607
0607
0616
0634
0653
0662
0671
0680
0680
0680
0680
0671
0653
0625
0588
0552
0524
0496
0478
0469
0460
0460
0460
0460
0469
0487
0515
0542
0570
0588
0607
0634
0653
0680
0708
0726
0736
0736
0717
0699
0671
0634
0607
0579
0561
0552
0542
0533
0533
0533
0533
0542
0542
0552
0561
0570
0579
0579
0579
0588
0598
0607
0616
0625
0625
0634
0634
0634
0625
0625
0634
0634
0644
0653
0662
0662
0671
0680
0699
0717
0726
0736
0745
0754
0772
0800
0818
0837
0846
0846
0837
0809
0782
0754
0717
0680
0644
0579
0515
0478
0469
0496
0542
0579
0598
0616
0634
0653
0671
0680
0690
0699
0699
0699
0690
0690
0690
0699
0708
0717
0726
0736
0745
0754
0763
0772
0782
0772
0772
0782
0782
0791
0800
0809
0828
0837
0855
0865
0874
0883
0901
0929
0957
1067
1371
1711
2042
2374
2659
2917
3119
3248
3331
3312
3128
2861
2530
2217
1950
1730
1453
1251
1141
1067
1003
0947
0892
0865
0846
0828
0809
0791
0782
0763
0754
0736
0726
0717
0708
0699
0690
0690
0690
0690
0690
0690
0680
0680
0690
0690
0690
0690
0690
0690
0699
0699
0717
0726
0736
0745
0763
0772
0791
0809
0837
0855
0865
0883
0901
0929
0966
1012
1058
1113
1168
1205
1251
1279
1297
1315
1334
1352
1361
1380
1389
1398
1407
1426
1444
1463
1472
1481
1472
1463
1453
1435
1417
1389
1371
1343
1315
1288
1251
1214
1122
1021
0911
0874
0855
0828
0809
0791
0791
0782
0782
0782
0772
0763
0763
0772
0782
0782
0791
0791
0791
0800
0809
0818
0818
0818
0818
0818
0809
0809
0800
0800
0800
0791
0791
0782
0763
0754
0745
0736
0736
0726
0708
0690
0671
0653
0644
0634
0625
0616
0607
0588
0570
0561
0542
0524
0515
0506
0515
0524
0542
0570
0607
0634
0662
0680
0699
0717
0726
0736
0745
0745
0745
0726
0717
0699
0690
0680
0671
0671
0671
0662
0653
0625
0598
0579
0570
0579
0598
0607
0616
0625
0644
0662
0662
0625
0579
0552
0515
0487
0460
0441
0432
0432
0441
0469
0506
0561
0607
0644
0671
0690
0708
0726
0736
0745
0745
0754
0754
0754
0754
0754
0745
0736
0726
0726
0736
0736
0726
0717
0717
0717
0717
0726
0726
0736
0745
0754
0782
0809
0846
0874
0947
1141
1472
1904
2410
2926
3331
3460
3506
3450
3331
3147
2861
2567
2272
1766
1223
1067
1021
0984
1049
1150
1223
1030
0929
0892
0865
0828
0809
0791
0772
0745
0726
0708
0690
0680
0690
0708
0717
0726
0726
0717
0708
0708
0708
0708
0717
0726
0736
0745
0763
0782
0800
0818
0837
0874
0920
0966
1012
1076
1122
1150
1177
1196
1223
1233
1251
1269
1288
1297
1306
1315
1325
1334
1352
1361
1380
1398
1417
1435
1444
1463
1481
1499
1518
1536
1545
1591
1637
1656
1619
1536
1444
1371
1306
1251
1205
1159
1113
1076
1030
1003
0966
0938
0901
0874
0855
0828
0809
0782
0763
0736
0708
0680
0653
0625
0607
0579
0552
0533
0515
0515
0515
0524
0542
0561
0588
0607
0634
0662
0680
0699
0717
0726
0754
0772
0800
0809
0828
0828
0828
0818
0809
0791
0763
0745
0717
0690
0671
0653
0653
0644
0644
0634
0625
0616
0607
0607
0607
0607
0616
0625
0634
0662
0690
0708
0717
0726
0736
0736
0736
0745
0736
0736
0736
0726
0726
0736
0745
0745
0745
0745
0745
0745
0745
0736
0736
0726
0726
0726
0726
0736
0736
0745
0754
0763
0763
0772
0772
0763
0754
0745
0736
0726
0726
0736
0745
0754
0772
0791
0809
0837
0865
0883
0920
0947
1067
1371
1812
2282
2742
3193
3340
3395
3441
3423
3275
3110
2926
2733
2466
2153
1647
1177
0929
0855
0828
0800
0782
0763
0745
0736
0717
0708
0690
0680
0671
0671
0671
0671
0671
0662
0653
0644
0644
0644
0644
0644
0644
0653
0662
0671
0680
0690
0699
0708
0726
0736
0754
0763
0772
0782
0800
0828
0855
0883
0911
0947
0984
1067
1150
1214
1269
1306
1315
1315
1325
1343
1361
1380
1398
1407
1426
1435
1444
1453
1444
1435
1426
1407
1398
1389
1380
1371
1361
1352
1343
1334
1334
1315
1297
1269
1242
1214
1177
1150
1122
1095
1067
1039
1030
1012
1003
0984
0957
0920
0892
0865
0846
0828
0809
0782
0754
0736
0726
0726
0736
0745
0754
0754
0754
0763
0782
0791
0809
0818
0818
0828
0828
0837
0837
0828
0818
0800
0782
0782
0791
0818
0837
0865
0883
0911
0865
0791
0736
0690
0634
0588
0579
0598
0644
0699
0745
0809
0865
0865
0846
0818
0800
0782
0754
0726
0708
0708
0717
0736
0745
0754
0763
0782
0800
0818
0837
0846
0855
0865
0874
0901
0892
0800
0699
0579
0432
0349
0285
0239
0211
0211
0257
0312
0395
0469
0570
0644
0671
0680
0699
0699
0708
0708
0699
0699
0699
0708
0708
0717
0726
0726
0736
0745
0745
0754
0763
0763
0763
0772
0782
0800
0828
0837
0837
0828
0809
0782
0763
0745
0736
0708
0690
0671
0653
0644
0644
0644
0653
0662
0690
0708
0736
0754
0772
0782
0800
0828
0846
0865
0883
0892
0911
0911
0911
0911
0901
0901
0892
0892
0883
0874
0865
0855
0837
0837
0855
0892
0929
0957
0984
1012
1039
1067
1104
1141
1168
1196
1242
1306
1591
2024
2503
2944
3303
3432
3423
3303
3211
3137
3082
3027
2953
2705
2153
1453
0855
0625
0542
0736
1067
1269
1352
1334
1067
0726
0579
0506
0450
0460
0524
0570
0607
0634
0634
0625
0588
0552
0515
0469
0450
0487
0561
0607
0644
0671
0699
0717
0745
0782
0809
0828
0846
0855
0865
0892
0911
0938
0966
0993
1021
1058
1095
1131
1168
1196
1223
1269
1325
1361
1380
1361
1334
1297
1260
1214
1131
1131
1233
1380
1545
1637
1684
1720
1739
1730
1674
1610
1536
1481
1407
1343
1306
1297
1297
1297
1288
1279
1269
1251
1242
1223
1196
1159
1122
1076
1003
0947
0929
0911
0901
0883
0874
0865
0846
0809
0772
0717
0662
0607
0542
0478
0450
0478
0533
0598
0634
0680
0726
0772
0800
0800
0800
0791
0782
0772
0754
0717
0708
0717
0726
0726
0736
0736
0745
0754
0754
0754
0763
0754
0745
0736
0717
0699
0690
0680
0671
0662
0653
0644
0625
0616
0607
0598
0588
0579
0579
0579
0598
0616
0634
0671
0699
0726
0772
0846
0892
0901
0901
0911
0929
0920
0865
0828
0800
0772
0754
0754
0772
0800
0837
0865
0874
0892
0920
0947
0966
0984
0975
0957
0938
0920
0901
0892
0874
0865
0846
0828
0809
0782
0754
0717
0690
0662
0644
0625
0598
0552
0515
0478
0478
0524
0579
0634
0699
0782
0846
0865
0901
0938
0975
1012
1067
1223
1509
1950
2512
3091
3579
3800
3864
3754
3414
2981
2585
2291
2116
1941
1766
1472
1159
0883
0782
0772
0837
0901
0975
0975
0874
0782
0671
0616
0588
0579
0561
0552
0533
0524
0515
0506
0496
0496
0496
0506
0515
0524
0542
0552
0552
0561
0561
0570
0579
0588
0598
0616
0634
0662
0699
0726
0772
0809
0865
0938
1058
1150
1196
1233
1269
1297
1315
1325
1325
1325
1315
1315
1306
1279
1389
1463
1509
1545
1573
1582
1591
1573
1545
1499
1463
1426
1398
1371
1343
1315
1297
1279
1251
1233
1205
1177
1159
1141
1122
1104
1076
1058
1030
1012
0984
0966
0947
0920
0892
0874
0855
0828
0809
0782
0763
0745
0726
0708
0680
0662
0644
0616
0598
0588
0570
0561
0561
0561
0570
0570
0579
0579
0579
0588
0588
0598
0616
0634
0662
0717
0726
0690
0662
0644
0625
0616
0607
0625
0644
0671
0690
0699
0717
0736
0754
0772
0782
0791
0800
0800
0800
0791
0782
0763
0763
0754
0745
0736
0736
0726
0726
0726
0717
0717
0699
0690
0680
0671
0680
0690
0699
0717
0736
0754
0772
0782
0800
0809
0809
0818
0818
0818
0818
0809
0800
0791
0791
0791
0800
0809
0818
0837
0846
0855
0865
0865
0865
0865
0874
0874
0874
0892
0911
0938
0957
0966
0957
0929
0892
0855
0800
0708
0662
0699
0782
0828
0865
0901
0929
0938
0929
0892
0865
0809
0717
0598
0552
0506
0460
0469
0588
0901
1389
2033
2769
3460
3864
3993
3892
3607
3239
2917
2714
2503
2263
1831
1343
0957
0828
0818
0911
0984
1049
1095
1113
1076
1021
0947
0874
0782
0736
0717
0708
0690
0680
0662
0653
0644
0634
0625
0634
0634
0653
0671
0690
0717
0745
0772
0809
0837
0865
0874
0901
0929
0957
0984
1012
1030
1049
1058
1067
1076
1085
1095
1104
1122
1141
1159
1187
1214
1242
1269
1297
1325
1352
1380
1417
1453
1490
1499
1499
1490
1481
1472
1453
1426
1380
1352
1389
1472
1536
1601
1656
1647
1610
1555
1463
1315
1233
1177
1131
1076
1021
0966
0911
0855
0800
0754
0680
0579
0506
0441
0395
0368
0368
0423
0487
0524
0552
0579
0598
0625
0634
0644
0644
0644
0644
0653
0653
0662
0662
0653
0653
0653
0671
0699
0736
0754
0782
0800
0818
0837
0855
0865
0865
0855
0837
0809
0782
0754
0726
0690
0625
0570
0533
0506
0469
0423
0423
0496
0533
0561
0588
0616
0644
0653
0671
0680
0690
0708
0717
0717
0726
0736
0745
0763
0772
0772
0782
0772
0772
0772
0763
0754
0726
0717
0736
0745
0754
0763
0763
0754
0717
0690
0662
0634
0607
0588
0588
0607
0634
0662
0680
0699
0717
0726
0745
0754
0772
0791
0809
0828
0846
0865
0865
0874
0883
0892
0901
0911
0920
0929
0947
0966
0984
0993
1003
1012
1012
1012
1012
1003
0993
0984
0966
0947
0929
0911
0892
0883
0865
0865
0865
0855
0855
0865
0865
0874
0892
0911
0929
0957
0984
1049
1113
1187
1297
1444
1665
1923
2245
2631
3055
3423
3552
3598
3506
3239
2972
2834
2714
2613
2447
2098
1527
0855
0239
0000
0018
0377
0865
1196
1306
1214
0947
0662
0542
0552
0644
0690
0717
0736
0745
0754
0754
0763
0763
0782
0791
0809
0828
0837
0846
0855
0865
0865
0865
0874
0883
0901
0947
0984
1003
1003
0993
0984
0975
0966
0957
0947
0929
0929
0938
0975
1012
1058
1131
1242
1297
1325
1352
1361
1371
1389
1407
1426
1444
1463
1481
1499
1518
1564
1637
1674
1684
1702
1720
1702
1601
1545
1518
1490
1463
1435
1407
1389
1371
1352
1325
1251
1113
0975
0828
0690
0588
0515
0469
0441
0414
0395
0377
0386
0395
0423
0450
0478
0506
0533
0579
0625
0653
0671
0690
0699
0708
0726
0745
0763
0763
0763
0763
0763
0754
0745
0726
0699
0671
0644
0616
0588
0533
0487
0487
0515
0561
0598
0625
0662
0690
0699
0699
0699
0699
0699
0699
0699
0690
0680
0671
0671
0662
0653
0644
0616
0598
0579
0561
0533
0478
0441
0478
0542
0588
0634
0671
0690
0699
0690
0680
0662
0644
0616
0570
0570
0662
0745
0828
0865
0865
0865
0865
0865
0865
0865
0865
0865
0865
0855
0837
0818
0800
0782
0754
0717
0690
0671
0671
0690
0726
0754
0782
0809
0837
0865
0865
0865
0855
0828
0800
0782
0763
0736
0717
0699
0680
0662
0653
0634
0598
0552
0561
0644
0745
0846
0901
0947
0984
1012
1003
0957
0883
0846
0782
0736
0708
0726
0772
0837
0929
1095
1260
1417
1684
2033
2493
3009
3450
3625
3680
3570
3386
3202
2953
2714
2383
1941
1426
0947
0708
0616
0699
0947
1223
1325
1334
1269
1095
0837
0552
0441
0404
0377
0368
0414
0496
0552
0588
0634
0662
0690
0708
0726
0763
0809
0828
0809
0772
0736
0699
0671
0653
0662
0699
0745
0846
0957
1030
1076
1085
1049
1021
0993
0966
0947
0966
1003
1067
1168
1297
1361
1407
1417
1398
1371
1343
1361
1472
1555
1610
1665
1693
1693
1674
1628
1573
1472
1334
1251
1196
1279
1407
1536
1601
1647
1665
1674
1656
1591
1509
1352
1113
1003
0947
0901
0865
0846
0818
0809
0800
0800
0800
0800
0800
0800
0800
0800
0791
0791
0782
0782
0782
0791
0791
0800
0809
0818
0837
0855
0865
0874
0883
0883
0892
0901
0911
0920
0920
0901
0874
0865
0846
0837
0828
0818
0809
0800
0782
0782
0772
0763
0763
0754
0754
0745
0745
0745
0745
0754
0754
0763
0763
0772
0772
0782
0782
0791
0791
0791
0800
0809
0818
0837
0855
0865
0874
0892
0911
0929
0947
0957
0966
1003
1039
1085
1104
1095
1067
1039
1012
0984
0966
0938
0911
0883
0865
0865
0865
0883
0892
0911
0938
0957
0966
0938
0911
0901
0892
0874
0865
0855
0846
0837
0828
0809
0800
0791
0791
0791
0800
0800
0809
0809
0809
0818
0828
0828
0828
0818
0809
0800
0800
0800
0800
0809
0800
0800
0800
0800
0800
0800
0791
0791
0791
0791
0791
0800
0800
0800
0809
0818
0837
0855
0865
0975
1279
1674
2125
2622
3110
3487
3625
3634
3496
3119
2723
2512
2346
2180
1914
1591
1269
0929
0809
0772
0745
0726
0717
0717
0708
0699
0690
0671
0662
0653
0644
0625
0579
0552
0588
0653
0699
0745
0772
0791
0791
0772
0754
0745
0736
0726
0708
0690
0680
0671
0662
0662
0653
0653
0662
0671
0699
0717
0745
0763
0782
0791
0809
0818
0837
0846
0865
0883
0901
0929
0957
0984
1012
1030
1049
1067
1076
1085
1104
1122
1141
1159
1177
1205
1223
1251
1269
1279
1279
1269
1242
1214
1177
1141
1095
1039
0929
0828
0726
0671
0644
0607
0570
0542
0506
0478
0460
0441
0432
0423
0404
0395
0395
0386
0377
0358
0331
0294
0266
0257
0257
0276
0303
0331
0368
0423
0460
0450
0432
0414
0395
0377
0358
0368
0404
0450
0487
0506
0515
0533
0542
0561
0579
0598
0598
0607
0607
0616
0616
0616
0607
0598
0579
0561
0542
0524
0506
0487
0460
0450
0432
0423
0414
0395
0358
0340
0358
0404
0469
0524
0552
0570
0598
0616
0644
0671
0699
0726
0745
0754
0763
0772
0763
0754
0745
0736
0736
0726
0736
0745
0782
0782
0726
0690
0662
0625
0607
0607
0616
0644
0671
0699
0717
0745
0763
0791
0809
0837
0855
0865
0874
0883
0911
0929
0947
0947
0938
0929
0911
0911
0911
0901
0892
0874
0865
0865
0865
0865
0865
0865
0874
0883
0911
0929
0938
0947
0957
0975
0984
1003
1003
0993
0966
0947
0929
0901
0874
0846
0809
0791
0791
0828
0892
0984
1131
1371
1730
2125
2558
2999
3441
3570
3607
3634
3653
3634
3552
3312
2944
2364
1693
1104
0957
0911
0883
0901
0929
0966
0984
0947
0874
0855
0828
0800
0782
0763
0745
0717
0699
0690
0690
0699
0717
0726
0745
0754
0763
0782
0791
0809
0818
0828
0865
0901
0938
0957
0966
0957
0947
0938
0920
0938
1085
1150
1177
1205
1242
1279
1315
1361
1407
1444
1490
1527
1564
1582
1601
1610
1619
1637
1656
1684
1711
1739
1766
1794
1812
1831
1840
1831
1812
1803
1785
1766
1748
1730
1702
1684
1656
1628
1573
1453
1371
1306
1260
1205
1150
1085
0993
0892
0837
0818
0809
0809
0800
0800
0791
0791
0782
0782
0782
0782
0782
0772
0772
0772
0772
0772
0772
0782
0782
0782
0782
0782
0782
0772
0772
0763
0754
0745
0745
0763
0782
0809
0837
0865
0901
0901
0892
0865
0846
0818
0791
0828
0883
0929
0975
1012
1039
1030
1012
0975
0938
0865
0745
0680
0644
0616
0588
0588
0588
0598
0616
0634
0644
0653
0671
0690
0717
0726
0726
0717
0690
0662
0634
0598
0524
0533
0634
0699
0745
0791
0828
0855
0855
0846
0828
0809
0782
0763
0708
0680
0699
0745
0754
0772
0782
0782
0782
0782
0791
0791
0800
0809
0809
0818
0818
0818
0818
0828
0828
0828
0828
0828
0837
0846
0855
0855
0865
0865
0883
0911
0920
0901
0855
0782
0680
0570
0570
0561
0561
0552
0579
0653
0726
0818
0837
0837
0828
0828
0837
0837
0846
0846
0846
0855
0855
0855
0855
0846
0837
0818
0818
0818
0818
0828
0828
0837
0846
0865
0874
0883
0901
0920
1030
1389
1914
2567
3220
3745
3901
3864
3542
3119
2797
2622
2466
2272
1895
1407
1012
0865
0855
0892
0947
0993
0984
0883
0772
0653
0588
0552
0515
0506
0506
0552
0607
0634
0671
0708
0745
0763
0763
0754
0754
0745
0736
0726
0717
0708
0699
0690
0680
0690
0708
0736
0772
0809
0855
0920
0993
1049
1095
1159
1242
1306
1343
1380
1407
1426
1435
1417
1398
1371
1343
1325
1297
1269
1251
1233
1242
1260
1297
1343
1444
1545
1591
1628
1628
1555
1509
1490
1463
1444
1426
1417
1389
1361
1343
1315
1288
1260
1223
1131
0929
0818
0754
0708
0680
0662
0653
0653
0653
0662
0671
0699
0745
0736
0644
0579
0533
0506
0478
0478
0496
0533
0570
0616
0671
0763
0828
0837
0800
0726
0634
0533
0542
0552
0561
0552
0552
0552
0561
0570
0598
0607
0616
0625
0644
0662
0680
0690
0680
0653
0616
0570
0533
0478
0386
0340
0377
0450
0533
0616
0699
0763
0837
0911
0911
0828
0717
0616
0598
0598
0588
0579
0570
0570
0598
0644
0680
0708
0726
0754
0782
0809
0828
0837
0846
0846
0846
0837
0818
0800
0772
0754
0736
0717
0708
0690
0662
0625
0598
0579
0579
0598
0616
0634
0644
0653
0662
0671
0690
0717
0736
0745
0754
0763
0763
0754
0754
0736
0726
0708
0699
0690
0680
0680
0671
0662
0653
0644
0625
0579
0561
0607
0736
0911
1131
1453
1803
2190
2622
3009
3248
3331
3322
3229
3147
3064
2999
2944
2779
2420
1914
1343
0865
0717
0680
0653
0625
0607
0588
0570
0570
0570
0570
0579
0579
0598
0607
0616
0625
0644
0662
0680
0708
0763
0791
0772
0726
0699
0662
0644
0644
0680
0736
0809
0892
0975
1058
1122
1122
1021
0966
0920
0874
0846
0837
0846
0865
0911
0957
1030
1150
1233
1288
1334
1361
1389
1407
1435
1453
1472
1490
1509
1518
1536
1545
1564
1582
1610
1628
1637
1647
1647
1647
1628
1619
1591
1564
1536
1499
1463
1426
1389
1343
1260
1168
1095
1039
0984
0920
0865
0818
0772
0726
0690
0653
0616
0579
0552
0542
0552
0570
0598
0625
0671
0690
0653
0598
0552
0506
0469
0450
0469
0524
0588
0690
0818
0865
0892
0929
0920
0874
0855
0828
0809
0791
0782
0772
0763
0754
0745
0736
0736
0726
0708
0690
0671
0653
0653
0662
0671
0680
0690
0690
0699
0699
0708
0717
0726
0717
0717
0708
0699
0690
0680
0662
0653
0634
0625
0634
0662
0690
0736
0782
0846
0883
0874
0865
0855
0837
0818
0809
0800
0800
0800
0800
0800
0809
0828
0846
0855
0809
0745
0708
0671
0644
0607
0579
0561
0552
0552
0570
0579
0598
0616
0625
0644
0662
0671
0671
0680
0680
0690
0699
0708
0708
0708
0717
0726
0745
0772
0800
0911
1223
1628
2070
2521
2935
3193
3285
3275
3137
3036
2963
2889
2834
2806
2760
2567
2088
1499
0947
0625
0515
0616
0800
0920
0966
0984
0957
0846
0782
0754
0736
0708
0690
0671
0662
0644
0625
0616
0607
0607
0607
0607
0625
0644
0662
0680
0699
0717
0736
0763
0782
0809
0837
0865
0892
0938
0993
1039
1076
1113
1150
1177
1205
1233
1251
1269
1288
1306
1325
1343
1371
1398
1417
1435
1453
1463
1472
1481
1499
1509
1527
1545
1564
1591
1619
1637
1656
1656
1656
1656
1656
1647
1628
1610
1582
1555
1536
1509
1463
1306
1177
1076
0957
0892
0865
0828
0791
0754
0708
0671
0644
0607
0579
0552
0506
0460
0432
0441
0478
0524
0588
0690
0846
0883
0901
0929
0947
0966
0975
0984
0993
0993
0993
0984
0966
0947
0920
0883
0865
0818
0763
0653
0561
0496
0450
0423
0423
0469
0533
0607
0708
0754
0772
0791
0800
0818
0837
0846
0846
0846
0846
0846
0837
0818
0791
0754
0726
0699
0690
0662
0644
0616
0607
0607
0625
0653
0699
0736
0772
0837
0883
0883
0846
0791
0745
0699
0662
0644
0634
0634
0653
0671
0690
0717
0763
0800
0800
0754
0699
0644
0598
0561
0542
0570
0607
0634
0653
0662
0671
0690
0708
0736
0754
0772
0782
0800
0809
0818
0828
0837
0837
0846
0855
0865
0874
0883
0874
0865
0855
0828
0800
0782
0763
0736
0708
0690
0671
0671
0680
0699
0726
0754
0782
0809
0846
0892
0929
0938
0947
0947
0947
0957
0975
0984
0984
0975
0947
0929
0911
0883
0865
0846
0855
0892
0966
1196
1481
1849
2328
2861
3386
3708
3818
3745
3552
3257
3110
2880
2595
2153
1601
1095
0938
0892
1058
1251
1407
1426
1343
1095
0809
0699
0644
0607
0607
0680
0717
0754
0782
0800
0800
0791
0772
0763
0754
0736
0717
0699
0708
0745
0782
0800
0809
0828
0846
0865
0874
0901
0920
0938
0957
0966
0984
1003
1012
1030
1049
1058
1076
1104
1131
1159
1177
1196
1214
1233
1251
1269
1279
1297
1315
1343
1361
1389
1417
1444
1453
1463
1472
1481
1490
1499
1509
1518
1527
1536
1545
1564
1573
1573
1564
1527
1481
1435
1380
1315
1205
1122
1049
0929
0772
0699
0671
0644
0625
0607
0588
0579
0579
0570
0570
0570
0570
0579
0598
0616
0625
0644
0662
0671
0699
0717
0736
0754
0763
0772
0791
0800
0828
0846
0865
0874
0883
0883
0874
0865
0865
0855
0846
0837
0818
0800
0782
0754
0745
0726
0708
0680
0653
0625
0616
0607
0616
0616
0625
0634
0644
0653
0662
0690
0736
0800
0846
0874
0911
0938
0957
0957
0938
0920
0892
0865
0818
0680
0561
0487
0450
0487
0579
0662
0745
0837
0911
0966
1030
1085
1104
1104
1095
1076
1076
1067
1067
1076
1076
1076
1067
1058
1049
1030
1021
1012
1003
0993
0975
0957
0929
0911
0874
0809
0726
0662
0607
0542
0469
0423
0414
0450
0533
0791
1113
1545
2061
2613
3119
3533
3680
3754
3717
3524
3340
3147
2990
2788
2503
2052
1481
0938
0708
0634
0736
0865
0966
0966
0828
0607
0404
0303
0239
0202
0230
0276
0312
0349
0377
0368
0303
0230
0193
0165
0128
0110
0082
0064
0046
0036
0036
0046
0064
0092
0119
0147
0174
0202
0248
0285
0331
0368
0404
0450
0496
0570
0644
0708
0763
0800
0828
0855
0874
0901
0929
0957
0984
1012
1049
1076
1104
1131
1159
1196
1223
1251
1269
1297
1334
1398
1499
1545
1601
1647
1536
1371
1196
1113
1076
1049
1021
0993
0975
0957
0938
0929
0911
0883
0763
0506
0386
0340
0312
0285
0276
0294
0349
0414
0469
0552
0598
0542
0460
0386
0303
0257
0303
0395
0542
0708
0818
0892
0975
1039
1095
1122
1058
0947
0865
0809
0745
0690
0644
0607
0570
0524
0460
0423
0441
0469
0496
0524
0561
0598
0644
0699
0763
0855
0865
0800
0763
0726
0699
0671
0653
0644
0634
0616
0598
0579
0561
0552
0561
0588
0625
0671
0772
0865
0901
0929
0929
0865
0809
0754
0708
0690
0708
0754
0809
0855
0911
0957
0966
0938
0892
0865
0837
0800
0782
0782
0791
0809
0837
0865
0901
0892
0846
0800
0754
0726
0726
0772
0837
0865
0911
0947
0975
0984
0966
0938
0911
0883
0855
0818
0809
0809
0828
0837
0846
0846
0846
0855
0865
0865
0874
0883
0901
0911
0911
0920
0938
0947
0975
1095
1352
1711
2153
2659
3147
3552
3745
3818
3818
3736
3487
3229
2889
2410
1803
1150
0616
0460
0395
0533
0791
0966
1039
1095
1113
1085
1003
0865
0745
0708
0680
0662
0653
0653
0671
0708
0745
0782
0837
0865
0865
0837
0791
0754
0717
0680
0634
0607
0579
0524
0460
0570
0754
0929
1049
1122
1187
1223
1233
1251
1260
1279
1297
1306
1315
1325
1334
1343
1352
1371
1371
1371
1371
1380
1389
1407
1426
1444
1463
1481
1499
1527
1564
1601
1665
1757
1766
1776
1785
1794
1794
1748
1693
1628
1555
1481
1407
1361
1315
1279
1233
1159
1085
1012
0957
0911
0865
0828
0791
0763
0736
0717
0708
0699
0690
0690
0690
0690
0690
0671
0662
0653
0653
0680
0726
0754
0782
0800
0818
0846
0865
0874
0883
0883
0883
0874
0865
0846
0818
0782
0763
0745
0726
0690
0653
0616
0598
0616
0653
0699
0736
0763
0791
0818
0855
0874
0883
0883
0865
0855
0837
0818
0809
0800
0791
0782
0772
0772
0772
0772
0772
0763
0754
0745
0736
0736
0726
0717
0708
0708
0708
0708
0708
0699
0690
0644
0598
0579
0588
0616
0644
0662
0662
0671
0690
0708
0726
0745
0754
0754
0754
0754
0754
0754
0745
0736
0726
0708
0708
0708
0717
0708
0690
0782
0846
0874
0911
0938
0947
0947
0938
0929
0911
0901
0892
0883
0874
0865
0855
0846
0837
0818
0809
0782
0763
0754
0754
0763
0763
0772
0772
0782
0791
0800
0818
0828
0846
0938
1233
1637
2144
2723
3285
3671
3800
3708
3441
2999
2585
2355
2180
2033
1858
1619
1325
1104
0984
0901
0855
0818
0745
0671
0644
0634
0634
0625
0625
0634
0634
0634
0634
0634
0644
0653
0662
0671
0690
0708
0726
0736
0708
0662
0607
0561
0506
0460
0441
0478
0561
0653
0699
0745
0782
0828
0865
0892
0920
0947
0975
0984
1003
1021
1039
1058
1076
1104
1122
1159
1187
1205
1233
1251
1269
1297
1325
1352
1371
1389
1407
1426
1453
1472
1499
1518
1536
1555
1582
1619
1693
1730
1684
1582
1472
1343
1214
1122
1058
0993
0920
0865
0837
0809
0782
0763
0736
0717
0699
0680
0671
0662
0662
0671
0680
0680
0690
0699
0699
0699
0708
0726
0736
0754
0772
0809
0837
0846
0828
0809
0800
0800
0791
0782
0782
0772
0763
0745
0745
0745
0745
0754
0754
0754
0754
0745
0736
0736
0717
0708
0699
0690
0680
0680
0680
0690
0690
0699
0699
0690
0662
0634
0616
0625
0653
0680
0699
0708
0726
0745
0763
0782
0809
0818
0837
0846
0855
0855
0855
0855
0846
0846
0855
0865
0883
0892
0901
0901
0883
0865
0828
0782
0726
0634
0561
0496
0441
0386
0358
0414
0515
0625
0745
0791
0809
0837
0865
0865
0828
0726
0644
0570
0506
0515
0570
0644
0671
0690
0699
0717
0726
0736
0745
0754
0763
0782
0800
0818
0828
0846
0855
0865
0865
0874
0883
0892
0901
0911
0920
0938
0966
0993
1012
1030
1030
1021
1003
0984
0966
0957
0929
0901
0874
0865
0855
0855
0865
0865
0874
0883
0883
0901
0920
0947
0957
0975
0975
0975
0984
0984
0984
0984
0975
0966
0957
0957
0957
0957
0966
0966
0966
0966
0966
0957
0947
0929
0911
0892
0883
0874
0874
0874
0874
0883
0901
0920
0957
1003
1049
1260
1702
2254
2852
3395
3671
3763
3634
3423
3211
3055
2935
2834
2576
2162
1656
1187
0938
0874
0846
0809
0791
0782
0763
0745
0726
0717
0699
0690
0680
0680
0671
0662
0644
0616
0607
0588
0579
0570
0561
0561
0561
0570
0579
0588
0607
0625
0644
0671
0699
0726
0754
0809
0911
0993
1039
1067
1085
1095
1113
1131
1141
1141
1150
1159
1168
1177
1196
1205
1214
1233
1251
1269
1297
1315
1334
1352
1371
1389
1407
1435
1453
1472
1481
1499
1518
1527
1527
1527
1527
1518
1509
1499
1481
1463
1435
1407
1371
1325
1279
1223
1095
0975
0865
0828
0800
0772
0745
0736
0717
0708
0699
0690
0680
0671
0671
0662
0662
0662
0653
0653
0653
0653
0653
0653
0653
0653
0653
0653
0662
0671
0680
0690
0699
0708
0717
0726
0736
0736
0736
0736
0736
0745
0754
0763
0772
0782
0800
0818
0837
0855
0865
0865
0874
0874
0874
0865
0855
0837
0818
0809
0800
0791
0791
0782
0772
0763
0763
0754
0736
0708
0671
0644
0634
0634
0653
0662
0680
0699
0717
0754
0782
0791
0791
0782
0763
0754
0745
0726
0708
0690
0680
0680
0680
0690
0699
0708
0717
0736
0754
0754
0745
0717
0690
0653
0625
0598
0570
0542
0524
0515
0515
0515
0533
0561
0588
0607
0625
0644
0662
0690
0708
0736
0754
0772
0800
0828
0846
0865
0874
0883
0883
0901
0929
0966
0993
1003
0993
0966
0947
0929
0920
0911
0901
0883
0865
0865
0855
0846
0837
0828
0818
0809
0800
0800
0800
0800
0809
0809
0818
0828
0837
0846
0855
0865
0865
0865
0874
0883
0892
0901
0901
0911
0920
0938
0947
0966
0984
0993
0993
1003
1003
1003
1003
0993
0993
0993
0993
0993
0993
1003
0993
0993
0984
0975
0966
0957
0938
0929
0911
0901
0892
0883
0883
0874
0874
0865
0837
0809
0800
0800
0837
0901
1012
1205
1499
1895
2346
2788
3055
3147
3128
2990
2779
2558
2401
2245
2015
1693
1297
1067
0975
0938
0911
0883
0865
0865
0846
0837
0828
0818
0800
0782
0772
0763
0763
0763
0763
0763
0763
0745
0736
0708
0671
0644
0634
0644
0690
0736
0791
0818
0837
0855
0865
0883
0911
0929
0938
0947
0957
0966
0975
0984
0993
1003
1003
1021
1030
1049
1067
1085
1104
1122
1141
1159
1177
1196
1223
1251
1279
1315
1343
1371
1398
1417
1435
1444
1444
1444
1444
1444
1444
1444
1444
1453
1453
1463
1453
1407
1352
1297
1242
1177
1113
1039
0975
0920
0874
0818
0754
0699
0662
0644
0616
0588
0561
0533
0515
0506
0496
0496
0496
0506
0515
0524
0552
0570
0588
0607
0625
0634
0653
0690
0736
0763
0782
0782
0772
0754
0736
0717
0671
0644
0662
0699
0726
0754
0772
0772
0754
0699
0662
0653
0644
0634
0625
0607
0598
0579
0570
0561
0542
0533
0524
0524
0524
0533
0542
0552
0561
0561
0570
0579
0579
0579
0579
0570
0570
0579
0588
0598
0607
0616
0625
0634
0644
0653
0662
0662
0662
0662
0671
0690
0708
0726
0736
0736
0736
0726
0726
0717
0699
0662
0662
0717
0736
0754
0763
0782
0782
0782
0782
0782
0782
0791
0809
0809
0818
0818
0818
0828
0846
0865
0883
0901
0929
1122
1472
1923
2447
2944
3294
3423
3432
3340
3257
3183
3110
3055
2871
2585
2208
1794
1435
1150
0975
0883
0855
0837
0809
0800
0772
0745
0717
0690
0662
0644
0616
0598
0561
0524
0487
0469
0478
0496
0524
0552
0570
0588
0607
0625
0653
0680
0708
0736
0772
0809
0846
0865
0892
0920
0938
0957
0984
1012
1049
1085
1113
1150
1168
1196
1223
1242
1269
1288
1315
1352
1398
1426
1444
1463
1481
1490
1509
1527
1555
1564
1582
1582
1582
1591
1591
1601
1601
1591
1582
1564
1555
1536
1509
1481
1407
1260
1131
0975
0865
0782
0726
0680
0662
0653
0644
0634
0625
0625
0625
0616
0616
0616
0616
0616
0607
0607
0607
0598
0598
0607
0607
0616
0616
0625
0634
0644
0653
0653
0662
0671
0671
0671
0680
0708
0791
0828
0846
0865
0883
0892
0901
0901
0901
0901
0892
0883
0874
0855
0828
0800
0772
0736
0680
0634
0634
0662
0708
0754
0828
0883
0984
1058
1095
1122
1076
0929
0736
0588
0542
0515
0506
0506
0524
0552
0588
0662
0809
0920
1003
1003
0947
0874
0772
0699
0662
0625
0607
0598
0570
0542
0625
0708
0772
0800
0772
0726
0699
0662
0634
0607
0588
0561
0524
0478
0552
0625
0671
0708
0736
0763
0791
0855
0911
0938
0957
0947
0883
0837
0772
0736
0717
0699
0680
0690
0754
0929
1122
1380
1711
2134
2613
3091
3496
3662
3717
3616
3294
2981
2723
2512
2309
2042
1656
1242
0929
0800
0745
0708
0671
0634
0598
0552
0533
0552
0588
0607
0625
0644
0653
0634
0598
0570
0542
0515
0478
0450
0450
0460
0496
0542
0644
0736
0763
0782
0800
0782
0754
0736
0708
0690
0699
0736
0800
0892
1039
1131
1205
1205
1150
1058
0975
0938
0920
0911
0920
0957
1021
1122
1288
1371
1407
1435
1463
1481
1509
1527
1555
1573
1591
1619
1647
1693
1730
1748
1748
1748
1757
1757
1748
1674
1564
1435
1352
1279
1205
1104
0966
0901
0874
0865
0837
0828
0809
0791
0772
0754
0736
0708
0690
0662
0625
0561
0524
0552
0616
0671
0726
0763
0772
0782
0791
0791
0809
0818
0828
0837
0837
0846
0846
0846
0846
0846
0846
0846
0846
0846
0855
0865
0855
0837
0818
0800
0782
0763
0754
0736
0717
0708
0699
0690
0690
0671
0662
0644
0634
0634
0644
0644
0644
0644
0644
0653
0662
0653
0634
0598
0561
0570
0662
0736
0809
0846
0865
0865
0865
0874
0883
0892
0892
0883
0865
0837
0800
0736
0644
0579
0542
0496
0469
0460
0487
0542
0625
0726
0763
0782
0800
0809
0818
0818
0818
0818
0809
0800
0791
0782
0772
0763
0754
0736
0726
0717
0717
0726
0736
0745
0754
0763
0772
0782
0800
0809
0828
0846
0865
0874
0901
0920
0929
0911
0883
0855
0818
0791
0754
0745
0763
0791
0837
0874
0947
0984
0957
0901
0818
0690
0598
0533
0542
0625
0855
1315
1960
2687
3358
3763
3800
3607
3137
2696
2539
2493
2457
2420
2300
1886
1444
1233
1159
1196
1269
1260
1076
0855
0791
0745
0708
0690
0662
0598
0506
0432
0377
0386
0460
0561
0726
0865
0929
0966
0920
0855
0809
0772
0726
0699
0690
0699
0736
0782
0828
0874
0957
1003
0957
0883
0837
0782
0736
0708
0690
0662
0625
0579
0644
0837
1076
1279
1343
1380
1407
1435
1453
1481
1527
1527
1481
1435
1389
1398
1472
1509
1527
1555
1582
1591
1601
1610
1610
1619
1619
1601
1582
1555
1527
1499
1472
1435
1371
1297
1223
1141
1085
1030
0975
0929
0874
0837
0800
0772
0745
0726
0708
0690
0680
0662
0653
0634
0616
0607
0598
0598
0598
0588
0579
0579
0561
0515
0496
0533
0588
0616
0634
0644
0653
0662
0671
0671
0680
0690
0699
0717
0726
0736
0745
0745
0754
0763
0772
0772
0772
0782
0791
0800
0818
0855
0883
0892
0865
0818
0772
0736
0708
0680
0644
0616
0598
0588
0579
0570
0570
0570
0579
0598
0616
0634
0644
0653
0671
0690
0717
0726
0736
0745
0745
0754
0763
0782
0782
0782
0782
0800
0818
0782
0754
0736
0717
0699
0699
0708
0736
0772
0809
0865
0957
0975
0993
1012
1003
0938
0883
0855
0828
0800
0772
0745
0708
0653
0662
0763
0846
0920
0966
0911
0837
0791
0754
0726
0699
0680
0680
0680
0690
0708
0726
0745
0763
0791
0809
0828
0846
0865
0883
0901
0920
0938
0966
1085
1490
2061
2705
3331
3855
4030
4094
3947
3524
3091
2714
2512
2328
2153
1877
1555
1205
1058
0993
0966
0938
0911
0865
0828
0791
0745
0699
0653
0625
0607
0588
0579
0561
0533
0506
0487
0496
0542
0607
0653
0717
0763
0772
0763
0754
0745
0726
0708
0699
0717
0772
0818
0855
0874
0901
0929
0975
1012
1058
1095
1131
1177
1242
1297
1306
1297
1297
1288
1288
1297
1306
1306
1315
1315
1325
1343
1361
1389
1407
1435
1481
1573
1647
1693
1739
1766
1757
1693
1591
1481
1352
1279
1223
1187
1150
1122
1095
1049
1003
0938
0855
0736
0699
0671
0653
0644
0634
0634
0625
0625
0616
0616
0607
0607
0607
0607
0588
0598
0699
0754
0800
0837
0855
0865
0846
0818
0791
0763
0726
0671
0625
0598
0616
0653
0680
0708
0736
0772
0800
0818
0828
0818
0800
0782
0754
0717
0662
0662
0699
0717
0736
0745
0763
0772
0772
0782
0791
0800
0809
0818
0818
0828
0846
0865
0892
0874
0837
0800
0772
0736
0717
0717
0717
0726
0736
0745
0763
0782
0754
0708
0680
0662
0644
0625
0616
0598
0588
0579
0570
0579
0588
0598
0607
0625
0634
0644
0662
0671
0680
0680
0680
0680
0690
0699
0708
0726
0745
0763
0782
0791
0800
0809
0809
0818
0818
0837
0855
0865
0920
0975
0984
0920
0846
0782
0708
0644
0607
0616
0653
0699
0736
0782
0828
0855
0846
0837
0828
0818
0809
0791
0782
0791
0800
0809
0809
0818
0828
0837
0837
0846
0855
0855
0865
0865
0865
0855
0855
0855
0855
0865
0865
0874
0883
0901
0920
0938
0957
0984
1021
1122
1233
1389
1582
1904
2318
2788
3229
3552
3671
3671
3579
3322
2972
2797
2512
2226
1849
1389
0929
0653
0542
0607
0809
1122
1269
1352
1417
1398
1242
1003
0763
0671
0625
0588
0570
0552
0542
0542
0542
0552
0570
0598
0625
0653
0680
0699
0717
0736
0763
0782
0800
0818
0828
0846
0855
0865
0883
0892
0911
0920
0938
0966
1003
1039
1067
1095
1122
1150
1187
1233
1297
1407
1490
1536
1564
1591
1610
1628
1628
1619
1601
1591
1573
1564
1545
1527
1499
1481
1463
1463
1472
1481
1499
1518
1564
1637
1509
1398
1325
1251
1168
1085
1030
0993
0957
0920
0892
0865
0828
0800
0763
0726
0690
0653
0616
0588
0552
0524
0496
0478
0469
0478
0496
0524
0561
0598
0644
0708
0828
0892
0938
0975
1030
1058
0993
0892
0837
0800
0754
0717
0680
0653
0634
0616
0607
0607
0607
0607
0607
0616
0607
0588
0570
0598
0653
0671
0690
0699
0717
0726
0736
0745
0754
0763
0763
0772
0772
0763
0754
0745
0736
0726
0717
0708
0699
0690
0690
0690
0690
0690
0690
0680
0662
0662
0653
0653
0653
0653
0644
0644
0644
0644
0653
0662
0662
0662
0662
0671
0671
0680
0690
0690
0690
0699
0708
0717
0726
0736
0745
0754
0754
0772
0782
0800
0809
0818
0855
0865
0846
0782
0726
0671
0634
0671
0782
1085
1453
1895
2374
2815
3220
3395
3506
3579
3487
3193
2769
2318
2070
1914
1812
1702
1564
1343
1021
0772
0598
0570
0552
0533
0524
0570
0625
0644
0653
0662
0671
0671
0680
0690
0690
0699
0699
0699
0699
0699
0699
0690
0690
0680
0680
0690
0690
0699
0699
0708
0708
0717
0726
0736
0745
0754
0754
0772
0782
0791
0800
0818
0837
0855
0874
0901
0929
0957
1012
1159
1315
1380
1407
1435
1463
1481
1509
1527
1545
1564
1573
1582
1591
1591
1582
1564
1545
1527
1499
1481
1453
1435
1407
1380
1352
1334
1288
1233
1177
1141
1104
1076
1058
1030
1003
0966
0920
0865
0800
0653
0515
0460
0423
0533
0634
0708
0782
0837
0874
0920
0975
1003
0947
0855
0782
0717
0662
0607
0579
0552
0533
0487
0414
0423
0524
0616
0708
0782
0837
0874
0929
0957
0929
0865
0754
0607
0524
0478
0450
0441
0469
0515
0579
0625
0680
0736
0763
0782
0800
0828
0846
0865
0874
0855
0809
0754
0708
0662
0625
0588
0570
0570
0588
0616
0634
0653
0680
0699
0717
0726
0736
0736
0745
0745
0745
0736
0726
0708
0699
0690
0680
0662
0634
0616
0616
0644
0680
0708
0717
0717
0726
0745
0763
0772
0782
0772
0772
0772
0782
0791
0800
0809
0818
0828
0837
0855
0865
0892
0901
0920
0938
0957
1003
1049
1085
1095
1076
1039
1003
0957
0920
0883
0846
0809
0782
0782
0791
0809
0828
0865
1039
1361
1766
2217
2705
3137
3294
3349
3257
3174
3119
3064
3018
2963
2751
2088
1389
0855
0588
0496
0579
0717
0855
0929
0984
1003
0957
0865
0818
0763
0726
0690
0680
0699
0726
0754
0791
0818
0846
0874
0901
0929
0938
0938
0929
0911
0892
0874
0865
0846
0828
0809
0782
0763
0736
0699
0671
0634
0579
0542
0588
0680
0754
0837
0892
0938
0975
1003
1030
1058
1085
1122
1150
1177
1205
1242
1288
1352
1426
1499
1628
1739
1776
1803
1831
1849
1831
1766
1693
1637
1591
1545
1499
1463
1426
1398
1380
1343
1279
1113
0938
0809
0745
0708
0680
0680
0717
0754
0800
0846
0883
0883
0837
0772
0708
0634
0579
0579
0598
0634
0644
0644
0644
0653
0653
0662
0680
0699
0717
0736
0745
0763
0763
0772
0782
0791
0809
0828
0855
0874
0883
0883
0865
0855
0818
0763
0680
0625
0598
0570
0552
0533
0515
0506
0506
0506
0506
0506
0515
0533
0552
0570
0588
0616
0634
0662
0736
0763
0782
0782
0791
0800
0809
0818
0818
0809
0782
0754
0726
0699
0662
0625
0588
0570
0579
0607
0653
0699
0736
0800
0846
0855
0828
0800
0772
0754
0736
0717
0708
0708
0708
0717
0726
0745
0782
0828
0717
0616
0542
0496
0478
0469
0469
0450
0423
0487
0699
0975
1131
1223
1288
1325
1315
1279
1214
1104
0920
0809
0736
0690
0680
0699
0745
0800
0837
0865
0901
0938
0957
0957
0938
0920
0892
0865
0837
0772
0690
0588
0469
0340
0303
0257
0276
0469
0828
1389
2134
2944
3644
3993
4012
3754
3285
2880
2714
2631
2558
2410
2033
1490
1021
0865
0828
0966
1104
1223
1279
1251
1205
1168
1150
1131
1113
1104
1085
1067
1039
1012
0984
0957
0938
0920
0892
0874
0855
0828
0800
0772
0754
0736
0717
0699
0671
0653
0634
0625
0625
0634
0653
0690
0726
0818
0966
1030
1058
1085
1104
1122
1150
1187
1223
1251
1288
1325
1352
1389
1417
1453
1490
1518
1545
1564
1582
1601
1619
1637
1647
1674
1693
1711
1711
1702
1665
1619
1573
1518
1435
1343
1251
1177
1131
1085
1039
0993
0938
0892
0865
0837
0818
0809
0800
0782
0772
0754
0745
0726
0708
0699
0680
0662
0653
0644
0644
0644
0644
0634
0625
0616
0588
0542
0496
0487
0524
0561
0579
0588
0607
0616
0625
0634
0644
0653
0671
0690
0708
0717
0726
0726
0726
0736
0736
0736
0726
0736
0745
0772
0800
0818
0800
0754
0708
0680
0653
0625
0607
0588
0570
0561
0561
0561
0561
0570
0579
0598
0616
0625
0634
0653
0662
0671
0671
0680
0690
0690
0699
0708
0708
0717
0717
0717
0717
0708
0699
0690
0680
0680
0671
0671
0662
0653
0644
0644
0634
0625
0579
0552
0616
0717
0763
0782
0800
0818
0828
0828
0837
0846
0855
0865
0865
0865
0865
0874
0874
0883
0883
0874
0865
0865
0865
0865
0865
0874
0883
0883
0892
0911
0938
0975
1012
1049
1159
1407
1766
2125
2503
2871
2999
3064
3110
3009
2834
2641
2457
2263
1914
1527
1113
0929
0865
0818
0791
0772
0763
0754
0736
0726
0717
0708
0699
0699
0690
0680
0680
0671
0671
0662
0662
0662
0671
0671
0690
0708
0726
0745
0763
0791
0809
0791
0736
0699
0653
0616
0653
0717
0782
0855
0929
1012
1049
1067
1085
1104
1122
1131
1131
1141
1141
1159
1177
1196
1214
1233
1251
1269
1297
1325
1361
1398
1444
1509
1591
1628
1647
1656
1656
1665
1665
1674
1674
1665
1619
1555
1472
1352
1233
1168
1122
1085
1058
1021
0993
0966
0947
0920
0901
0883
0865
0865
0865
0865
0865
0865
0865
0855
0855
0846
0837
0828
0809
0791
0782
0782
0772
0772
0772
0763
0754
0745
0736
0717
0671
0625
0607
0616
0644
0671
0690
0717
0745
0763
0763
0754
0726
0690
0662
0634
0607
0579
0552
0524
0524
0542
0570
0598
0625
0644
0671
0699
0736
0763
0772
0772
0772
0772
0763
0763
0754
0726
0708
0708
0736
0763
0791
0809
0818
0791
0736
0680
0644
0607
0561
0524
0506
0515
0542
0588
0634
0680
0736
0791
0809
0809
0800
0782
0772
0754
0745
0726
0717
0708
0699
0690
0680
0671
0671
0671
0662
0662
0644
0625
0634
0680
0736
0763
0772
0782
0800
0809
0818
0837
0846
0846
0846
0855
0855
0855
0855
0865
0865
0865
0865
0865
0874
0883
0883
0883
0883
0883
0874
0865
0865
0855
0846
0837
0837
0828
0828
0818
0800
0772
0708
0671
0653
0625
0616
0644
0708
0911
1150
1472
1868
2291
2714
3064
3248
3303
3220
2981
2668
2410
2263
2134
1978
1656
1223
0883
0763
0754
0818
0883
0957
0865
0809
0782
0754
0736
0717
0717
0726
0736
0754
0763
0782
0791
0800
0828
0855
0865
0874
0883
0883
0874
0865
0855
0837
0809
0809
0865
0901
0938
0975
0993
0993
0993
0975
0966
0947
0929
0901
0883
0901
0957
1012
1058
1095
1131
1159
1196
1223
1251
1269
1297
1315
1343
1371
1398
1426
1453
1481
1518
1545
1591
1628
1665
1674
1656
1628
1591
1545
1509
1463
1417
1371
1343
1306
1251
1113
0984
0901
0846
0782
0726
0671
0644
0671
0717
0754
0791
0818
0828
0818
0772
0717
0634
0542
0524
0506
0487
0478
0496
0552
0625
0772
0865
0911
0957
0984
0993
0984
0957
0938
0920
0901
0892
0883
0865
0855
0837
0828
0818
0809
0809
0800
0782
0772
0772
0791
0818
0846
0865
0911
0993
0993
0911
0865
0809
0763
0726
0690
0653
0607
0579
0616
0699
0754
0809
0855
0874
0883
0883
0883
0874
0865
0865
0855
0855
0846
0837
0818
0782
0745
0717
0690
0662
0644
0625
0634
0644
0680
0717
0754
0846
0947
1003
1039
0947
0846
0745
0680
0625
0570
0542
0515
0469
0441
0524
0671
0818
1067
1352
1702
2107
2530
2917
3165
3257
3257
3174
2953
2696
2447
2300
2153
2006
1776
1536
1334
1260
1214
1187
1085
0865
0579
0312
0239
0220
0211
0220
0285
0349
0395
0423
0441
0450
0450
0460
0460
0469
0469
0469
0469
0469
0478
0487
0496
0496
0506
0515
0515
0524
0533
0542
0552
0570
0588
0607
0625
0644
0671
0699
0717
0745
0763
0800
0874
1003
1049
1067
1085
1095
1104
1122
1150
1187
1233
1269
1297
1334
1371
1407
1444
1472
1481
1490
1490
1499
1509
1518
1527
1527
1527
1509
1435
1315
1177
1085
1030
0947
0865
0800
0754
0717
0690
0662
0644
0625
0616
0607
0598
0588
0579
0570
0570
0570
0570
0588
0607
0625
0644
0662
0690
0717
0736
0754
0745
0736
0717
0699
0671
0644
0588
0542
0542
0588
0644
0690
0736
0772
0809
0818
0809
0791
0754
0726
0690
0644
0598
0579
0607
0653
0708
0726
0754
0772
0800
0818
0837
0855
0865
0874
0883
0883
0883
0874
0865
0865
0846
0828
0818
0791
0772
0754
0736
0717
0699
0662
0634
0607
0598
0607
0634
0671
0717
0763
0837
0957
1039
1095
1141
1168
1177
1159
1122
1076
1049
1012
0975
0947
0911
0883
0865
0855
0828
0800
0772
0763
0754
0754
0745
0745
0754
0763
0782
0809
0837
0865
1012
1325
1702
2107
2530
2926
3110
3174
3183
3165
3137
3119
3137
3183
3128
2742
2226
1766
1407
1233
1159
1131
1113
1085
1049
1003
0947
0828
0680
0625
0579
0588
0644
0680
0708
0726
0745
0745
0726
0708
0680
0662
0644
0625
0607
0579
0561
0552
0542
0542
0552
0570
0607
0644
0690
0726
0772
0837
0892
0938
0966
0993
1021
1039
1058
1076
1095
1122
1159
1205
1242
1279
1306
1334
1352
1380
1389
1407
1426
1444
1463
1481
1499
1509
1509
1499
1490
1490
1481
1481
1472
1463
1453
1444
1426
1407
1380
1361
1315
1269
1214
1159
1058
0901
0846
0818
0800
0782
0772
0763
0745
0736
0726
0726
0726
0726
0736
0736
0745
0754
0763
0772
0782
0782
0791
0791
0791
0791
0800
0800
0809
0818
0855
0772
0726
0690
0662
0634
0616
0607
0616
0625
0634
0644
0644
0644
0653
0662
0662
0671
0671
0680
0690
0699
0708
0708
0699
0690
0680
0680
0671
0671
0662
0653
0653
0644
0644
0644
0625
0616
0616
0644
0699
0754
0837
0874
0901
0938
0929
0846
0772
0690
0653
0680
0726
0772
0809
0855
0874
0911
0947
0984
1012
0975
0901
0865
0818
0782
0754
0736
0745
0754
0772
0791
0809
0837
0865
0901
0920
0911
0874
0828
0772
0690
0653
0644
0616
0598
0653
0699
0717
0736
0754
0772
0800
0828
0865
0901
1003
1187
1518
1932
2383
2815
3174
3386
3469
3487
3460
3386
3275
3119
2889
2576
2199
1785
1407
1177
1104
1049
0993
0947
0901
0855
0809
0754
0671
0524
0404
0331
0303
0340
0404
0450
0487
0533
0552
0561
0542
0524
0496
0469
0441
0423
0460
0533
0644
0772
0828
0865
0883
0901
0911
0920
0929
0947
0957
0975
0984
1003
1030
1058
1095
1141
1187
1233
1269
1297
1315
1343
1371
1389
1407
1417
1426
1444
1463
1499
1518
1518
1472
1398
1343
1288
1242
1242
1279
1334
1371
1417
1463
1481
1463
1426
1371
1288
1150
1085
1049
1021
0993
0966
0947
0929
0901
0865
0837
0800
0772
0754
0736
0699
0699
0717
0745
0772
0690
0625
0598
0561
0542
0524
0524
0524
0542
0552
0570
0598
0616
0644
0671
0699
0726
0772
0809
0855
0911
0966
0966
0938
0892
0846
0763
0671
0598
0542
0515
0542
0616
0690
0782
0828
0865
0892
0911
0911
0865
0809
0772
0726
0680
0653
0644
0644
0653
0653
0653
0653
0644
0653
0653
0662
0662
0662
0662
0662
0671
0671
0671
0671
0671
0680
0690
0708
0726
0736
0745
0763
0782
0809
0837
0837
0818
0782
0736
0699
0671
0634
0598
0570
0542
0533
0552
0570
0607
0662
0772
0883
0920
0938
0957
0975
0993
1021
1049
1085
1131
1205
1260
1306
1343
1343
1260
1049
0809
0570
0441
0368
0312
0294
0322
0404
0524
0699
0800
0855
0883
0901
0911
0892
0874
0855
0837
0809
0782
0763
0763
0782
0818
0865
0929
1030
1113
1233
1398
1693
2162
2779
3395
3809
3947
3828
3478
2953
2475
2088
1812
1573
1334
1177
1076
1021
0984
0957
0920
0892
0865
0855
0828
0809
0782
0763
0754
0745
0736
0736
0726
0717
0699
0690
0662
0625
0625
0680
0708
0736
0754
0772
0782
0791
0791
0782
0772
0763
0745
0699
0708
0791
0874
0975
1012
1030
1039
1039
1049
1058
1067
1076
1085
1095
1104
1122
1131
1150
1177
1214
1269
1325
1380
1435
1490
1536
1591
1628
1665
1693
1702
1693
1684
1665
1665
1656
1647
1647
1637
1628
1619
1601
1573
1545
1518
1490
1453
1389
1260
1177
1085
1003
0947
0929
0911
0892
0874
0865
0855
0846
0828
0809
0791
0772
0763
0754
0745
0736
0726
0708
0699
0690
0662
0644
0616
0598
0579
0570
0570
0552
0533
0515
0496
0450
0358
0368
0506
0579
0644
0699
0745
0772
0782
0763
0736
0690
0644
0588
0487
0487
0570
0625
0662
0690
0717
0745
0745
0726
0699
0671
0644
0598
0515
0524
0653
0726
0782
0846
0874
0892
0883
0855
0809
0745
0625
0460
0386
0322
0322
0395
0487
0579
0653
0680
0699
0717
0736
0754
0772
0791
0809
0818
0828
0846
0865
0865
0874
0911
0938
0938
0901
0855
0800
0736
0690
0662
0644
0616
0570
0570
0607
0653
0699
0717
0690
0634
0598
0552
0515
0506
0533
0588
0671
0763
0892
0966
1012
1049
1095
1150
1223
1463
1822
2282
2760
3165
3368
3441
3331
2999
2530
2079
1766
1610
1481
1343
1122
0837
0552
0441
0450
0542
0653
0754
0782
0800
0818
0800
0717
0625
0524
0460
0404
0349
0331
0358
0423
0524
0662
0736
0782
0818
0828
0837
0809
0782
0745
0699
0625
0588
0625
0690
0791
0938
1003
1021
1030
1049
1058
1076
1085
1104
1122
1131
1150
1168
1187
1205
1223
1242
1251
1269
1279
1297
1306
1325
1343
1371
1389
1417
1435
1444
1453
1463
1472
1481
1490
1499
1509
1518
1536
1555
1573
1573
1536
1472
1398
1288
1131
1012
0911
0809
0690
0607
0533
0478
0441
0432
0423
0404
0386
0395
0460
0496
0524
0542
0561
0579
0598
0616
0644
0662
0680
0690
0699
0708
0717
0726
0736
0745
0745
0745
0745
0745
0745
0754
0763
0763
0763
0763
0763
0754
0745
0726
0717
0708
0699
0680
0671
0653
0653
0653
0653
0653
0653
0634
0598
0570
0561
0561
0570
0588
0598
0607
0616
0634
0653
0671
0680
0690
0690
0699
0699
0708
0717
0717
0717
0726
0736
0754
0763
0782
0782
0782
0782
0782
0791
0791
0791
0782
0772
0772
0772
0772
0782
0782
0791
0791
0791
0791
0800
0809
0818
0837
0865
0892
0929
1021
1251
1647
2070
2512
2917
3257
3386
3386
3266
3183
3119
3055
2981
2917
2806
2438
1849
1352
1113
1030
0993
0966
0957
0938
0920
0901
0874
0865
0855
0846
0837
0846
0855
0865
0874
0892
0911
0929
0947
0966
0984
1012
1039
1058
1085
1113
1150
1177
1196
1214
1233
1223
1223
1205
1177
1141
1113
1076
1030
0947
0874
0874
0929
1021
1177
1417
1527
1573
1619
1656
1693
1720
1739
1748
1748
1748
1748
1757
1757
1748
1748
1748
1757
1766
1766
1776
1766
1748
1720
1693
1665
1628
1582
1527
1472
1389
1306
1233
1150
1067
1012
0966
0938
0901
0874
0846
0818
0791
0763
0745
0717
0671
0690
0800
0855
0883
0920
0957
0984
1003
1012
1021
1021
1021
1012
1003
0984
0966
0938
0911
0874
0791
0634
0579
0552
0524
0506
0487
0469
0450
0432
0414
0395
0386
0386
0377
0377
0368
0358
0340
0331
0322
0322
0312
0312
0312
0322
0340
0358
0386
0414
0432
0450
0469
0506
0552
0607
0634
0607
0552
0487
0432
0368
0312
0285
0294
0331
0386
0487
0653
0763
0837
0865
0818
0726
0662
0616
0561
0524
0496
0478
0460
0450
0432
0423
0395
0377
0358
0358
0368
0395
0423
0450
0478
0506
0533
0561
0588
0616
0644
0671
0699
0736
0772
0800
0809
0800
0772
0745
0708
0680
0625
0607
0634
0680
0726
0772
0800
0809
0791
0763
0717
0745
0993
1398
1877
2364
2825
3101
3183
3082
2825
2641
2595
2558
2521
2475
2309
1674
1012
0644
0607
0846
1269
1481
1463
1141
0680
0276
0073
0000
0000
0073
0165
0303
0450
0561
0616
0653
0680
0690
0690
0671
0634
0598
0561
0524
0524
0542
0579
0607
0625
0644
0653
0671
0699
0717
0745
0763
0782
0809
0837
0865
0883
0892
0892
0892
0892
0883
0874
0865
0874
0975
1030
1058
1085
1104
1122
1141
1150
1159
1168
1159
1150
1131
1122
