0736
0741
0747
0749
0755
0758
0760
0760
0760
0758
0758
0752
0749
0744
0744
0741
0741
0741
0741
0741
0741
0739
0736
0731
0725
0720
0712
0706
0698
0690
0685
0679
0674
0671
0671
0669
0666
0663
0663
0663
0660
0660
0660
0658
0658
0658
0660
0660
0663
0666
0666
0666
0669
0666
0663
0655
0647
0642
0639
0633
0625
0620
0612
0601
0588
0571
0558
0544
0534
0526
0523
0526
0531
0539
0553
0571
0598
0647
0741
0909
1154
1494
1893
2298
2667
2953
3091
3096
2988
2740
2422
2060
1661
1257
0892
0612
0431
0339
0294
0267
0248
0234
0221
0213
0207
0202
0196
0194
0191
0188
0183
0180
0178
0175
0175
0178
0180
0183
0188
0194
0202
0210
0218
0223
0231
0240
0248
0253
0258
0264
0272
0277
0285
0294
0304
0312
0318
0323
0326
0331
0337
0342
0345
0347
0353
0358
0364
0369
0377
0391
0404
0431
0461
0485
0507
0534
0558
0585
0615
0642
0671
0698
0731
0763
0779
0790
0801
0809
0817
0822
0825
0825
0822
0820
0814
0809
0798
0790
0782
0774
0768
0766
0763
0760
0758
0755
0752
0752
0749
0744
0741
0739
0736
0733
0728
0722
0720
0714
0712
0706
0701
0698
0693
0690
0687
0685
0685
0685
0685
0685
0685
0685
0687
0685
0685
0687
0687
0687
0687
0685
0682
0682
0682
0679
0677
0674
0669
0663
0658
0655
0652
0650
0644
0639
0633
0628
0625
0620
0615
0609
0604
0598
0590
0585
0582
0582
0582
0585
0590
0593
0601
0606
0617
0633
0698
0822
0987
1208
1513
1899
2325
2721
3021
3175
3183
3069
2789
2435
2052
1642
1222
0836
0542
0374
0321
0285
0256
0234
0226
0218
0210
0202
0196
0191
0188
0186
0183
0180
0180
0178
0178
0180
0186
0194
0202
0210
0218
0229
0237
0245
0253
0261
0267
0275
0285
0294
0302
0312
0321
0326
0334
0339
0345
0350
0358
0364
0369
0377
0385
0393
0404
0415
0426
0437
0447
0458
0472
0488
0509
0528
0550
0569
0590
0612
0639
0674
0712
0755
0795
0822
0847
0860
0871
0879
0884
0890
0895
0892
0884
0874
0860
0841
0822
0801
0768
0741
0725
0714
0709
0709
0709
0709
0709
0709
0709
0709
0709
0709
0709
0712
0712
0714
0717
0720
0722
0725
0728
0728
0728
0728
0725
0722
0720
0717
0714
0712
0709
0706
0706
0706
0706
0706
0704
0704
0701
0698
0695
0690
0690
0687
0682
0677
0671
0666
0660
0655
0650
0642
0636
0625
0617
0606
0598
0593
0590
0590
0593
0598
0604
0612
0620
0628
0639
0652
0660
0674
0690
0704
0720
0733
0744
0760
0785
0830
0914
1062
1311
1648
2039
2441
2808
3088
3207
3202
3067
2808
2468
2052
1602
1170
0814
0558
0399
0321
0283
0267
0256
0245
0229
0213
0199
0188
0180
0169
0164
0159
0156
0161
0175
0191
0210
0226
0237
0248
0258
0269
0277
0285
0294
0302
0312
0321
0326
0326
0329
0329
0331
0331
0331
0334
0334
0337
0339
0342
0347
0353
0358
0361
0366
0372
0377
0385
0393
0407
0423
0445
0485
0523
0558
0590
0617
0644
0671
0698
0731
0766
0801
0836
0860
0882
0898
0909
0914
0903
0882
0857
0836
0822
0814
0803
0790
0779
0768
0760
0752
0744
0736
0733
0731
0728
0725
0725
0722
0722
0720
0717
0717
0717
0717
0717
0717
0717
0720
0720
0720
0720
0720
0720
0720
0720
0722
0725
0728
0731
0731
0733
0736
0739
0736
0733
0733
0728
0725
0720
0712
0704
0698
0693
0690
0685
0677
0671
0666
0660
0650
0642
0631
0617
0609
0609
0615
0623
0633
0644
0655
0666
0677
0685
0690
0698
0706
0714
0720
0728
0731
0733
0736
0741
0747
0755
0768
0801
0868
0984
1162
1413
1758
2195
2686
3185
3609
3790
3763
3420
2767
1988
1265
0722
0493
0423
0383
0356
0329
0307
0294
0285
0275
0264
0256
0253
0253
0250
0245
0240
0237
0240
0245
0256
0267
0277
0288
0299
0307
0315
0321
0323
0326
0331
0337
0342
0345
0347
0353
0356
0358
0358
0361
0361
0364
0366
0369
0372
0377
0383
0388
0393
0401
0412
0423
0437
0466
0499
0520
0542
0566
0596
0625
0655
0690
0728
0779
0825
0865
0892
0914
0927
0938
0946
0952
0954
0954
0952
0941
0922
0898
0876
0860
0847
0833
0820
0806
0795
0785
0774
0763
0755
0749
0744
0741
0741
0744
0749
0752
0755
0758
0760
0763
0763
0760
0758
0758
0768
0782
0798
0809
0822
0836
0844
0852
0852
0844
0825
0806
0787
0776
0763
0747
0731
0720
0706
0695
0690
0682
0679
0677
0674
0671
0671
0671
0671
0671
0671
0669
0666
0663
0660
0658
0660
0663
0669
0674
0679
0690
0698
0709
0717
0725
0728
0731
0736
0739
0741
0744
0747
0749
0749
0752
0752
0752
0747
0739
0733
0725
0717
0709
0701
0695
0690
0690
0687
0685
0685
0685
0682
0679
0679
0677
0677
0677
0677
0674
0677
0677
0677
0674
0674
0674
0671
0669
0666
0666
0663
0660
0658
0658
0658
0660
0663
0669
0671
0674
0679
0685
0690
0695
0706
0717
0755
0847
0998
1208
1494
1858
2292
2756
3193
3531
3674
3493
2978
2233
1437
0776
0350
0221
0229
0339
0393
0407
0415
0420
0426
0428
0428
0426
0423
0420
0415
0412
0410
0404
0399
0399
0396
0396
0393
0393
0393
0393
0393
0393
0393
0391
0393
0396
0399
0401
0407
0412
0418
0423
0428
0437
0442
0447
0453
0458
0469
0480
0490
0501
0515
0531
0547
0566
0585
0604
0623
0644
0666
0690
0706
0725
0739
0752
0768
0795
0841
0879
0917
0952
0987
1006
1019
1030
1041
1043
1041
1027
1011
0995
0979
0965
0949
0930
0917
0903
0892
0882
0876
0868
0860
0855
0849
0849
0852
0855
0863
0868
0876
0884
0898
0909
0914
0906
0890
0874
0865
0857
0852
0844
0838
0830
0825
0817
0811
0803
0795
0790
0782
0776
0766
0752
0739
0725
0717
0712
0706
0704
0701
0698
0695
0695
0695
0695
0693
0690
0687
0685
0682
0679
0679
0677
0677
0674
0671
0669
0666
0663
0658
0652
0644
0639
0636
0636
0642
0650
0666
0690
0771
0884
1052
1289
1596
1969
2400
2832
3199
3369
3347
3061
2408
1572
0782
0261
0078
0062
0169
0323
0418
0447
0401
0372
0358
0345
0334
0326
0323
0321
0321
0321
0323
0326
0331
0339
0350
0361
0369
0380
0388
0399
0410
0420
0428
0437
0445
0453
0458
0466
0474
0482
0488
0496
0501
0509
0517
0528
0536
0547
0561
0574
0588
0601
0612
0625
0636
0652
0677
0698
0722
0744
0763
0779
0798
0814
0830
0847
0863
0876
0887
0898
0906
0917
0925
0933
0936
0936
0927
0917
0906
0892
0874
0852
0828
0809
0793
0776
0763
0752
0744
0739
0733
0731
0728
0725
0720
0717
0717
0722
0733
0749
0763
0774
0785
0795
0806
0811
0820
0822
0820
0817
0811
0803
0795
0787
0774
0755
0736
0722
0709
0701
0693
0690
0685
0679
0674
0671
0671
0669
0669
0666
0663
0663
0663
0663
0663
0663
0660
0660
0660
0660
0660
0660
0658
0655
0655
0652
0652
0650
0647
0644
0639
0639
0633
0623
0617
0625
0636
0642
0647
0655
0658
0660
0658
0650
0644
0636
0628
0617
0606
0596
0588
0585
0588
0590
0598
0612
0658
0731
0852
1017
1235
1518
1872
2282
2735
3177
3536
3701
3585
3164
2508
1756
1038
0509
0296
0226
0258
0318
0345
0347
0350
0350
0350
0345
0334
0321
0315
0312
0304
0299
0294
0288
0288
0294
0299
0307
0315
0323
0329
0337
0345
0353
0358
0364
0369
0372
0380
0385
0388
0391
0393
0396
0401
0407
0412
0418
0423
0431
0437
0447
0461
0477
0493
0507
0523
0539
0555
0569
0582
0606
0644
0671
0685
0695
0714
0736
0758
0785
0806
0825
0844
0863
0884
0906
0925
0941
0954
0965
0971
0976
0981
0987
0992
0995
0990
0976
0960
0938
0906
0887
0865
0844
0836
0828
0822
0820
0820
0830
0847
0860
0868
0879
0884
0887
0884
0882
0876
0868
0857
0838
0814
0803
0795
0790
0782
0776
0774
0771
0771
0771
0771
0774
0774
0776
0779
0785
0787
0790
0795
0798
0806
0811
0803
0785
0768
0755
0739
0728
0717
0712
0701
0695
0690
0687
0690
0690
0695
0701
0704
0712
0717
0720
0717
0709
0701
0693
0687
0677
0671
0671
0677
0685
0693
0714
0749
0803
0906
1062
1286
1599
2001
2484
3005
3501
3863
3970
3768
3280
2605
1845
1159
0679
0490
0426
0431
0434
0439
0437
0410
0369
0329
0315
0307
0302
0299
0296
0296
0294
0296
0299
0302
0304
0307
0312
0315
0312
0307
0304
0296
0299
0318
0334
0353
0383
0396
0401
0407
0412
0415
0420
0423
0426
0428
0434
0437
0439
0442
0445
0445
0447
0450
0453
0458
0469
0480
0490
0501
0512
0526
0542
0555
0571
0598
0633
0655
0674
0693
0741
0809
0833
0849
0868
0884
0895
0898
0901
0903
0906
0906
0906
0906
0901
0892
0884
0876
0865
0857
0847
0838
0828
0820
0811
0806
0803
0798
0793
0790
0787
0785
0779
0779
0779
0779
0776
0776
0776
0779
0782
0785
0787
0790
0793
0801
0801
0787
0782
0776
0774
0776
0782
0793
0801
0811
0817
0814
0801
0782
0766
0747
0733
0722
0717
0712
0706
0704
0701
0695
0693
0690
0690
0690
0690
0690
0690
0693
0695
0698
0698
0698
0695
0695
0698
0701
0709
0714
0720
0725
0728
0736
0741
0749
0760
0774
0830
0960
1151
1432
1793
2217
2689
3180
3644
3965
4038
3800
3261
2511
1707
1027
0601
0463
0420
0437
0455
0472
0472
0445
0374
0307
0285
0275
0269
0272
0296
0315
0329
0339
0342
0334
0326
0315
0304
0299
0307
0321
0345
0374
0388
0393
0399
0401
0407
0412
0415
0420
0426
0428
0434
0442
0450
0477
0501
0504
0507
0507
0507
0501
0493
0488
0480
0474
0474
0485
0499
0523
0563
0593
0612
0631
0652
0687
0725
0760
0798
0838
0884
0922
0944
0965
0981
0998
1008
1019
1022
1017
1011
0998
0979
0946
0917
0876
0852
0841
0830
0825
0820
0811
0806
0801
0798
0795
0793
0787
0785
0779
0771
0766
0766
0776
0787
0793
0795
0798
0801
0801
0803
0803
0806
0809
0811
0811
0811
0811
0811
0811
0811
0809
0806
0803
0801
0795
0793
0793
0790
0787
0785
0782
0779
0774
0768
0763
0758
0752
0747
0741
0736
0728
0717
0704
0693
0690
0690
0690
0687
0687
0695
0720
0739
0755
0768
0779
0787
0793
0801
0817
0855
0938
1087
1294
1575
1939
2371
2845
3320
3714
3892
3779
3366
2743
2020
1327
0830
0631
0561
0539
0517
0477
0420
0369
0318
0288
0280
0277
0272
0269
0261
0253
0242
0231
0226
0234
0250
0264
0280
0299
0318
0337
0358
0364
0364
0364
0366
0369
0372
0372
0369
0369
0364
0361
0361
0356
0353
0356
0366
0374
0380
0385
0391
0399
0412
0439
0480
0499
0509
0515
0517
0520
0526
0531
0539
0547
0558
0571
0606
0652
0709
0766
0830
0903
0941
0971
0990
1000
1006
1011
1014
1017
1006
0984
0949
0914
0898
0890
0882
0876
0868
0865
0863
0860
0857
0855
0852
0849
0847
0844
0841
0838
0838
0836
0836
0836
0833
0833
0833
0833
0833
0830
0828
0825
0822
0820
0817
0814
0811
0809
0806
0803
0801
0793
0782
0766
0749
0731
0709
0685
0682
0690
0695
0701
0704
0709
0712
0712
0709
0706
0701
0695
0690
0687
0682
0677
0671
0666
0666
0663
0663
0663
0663
0666
0671
0677
0682
0685
0687
0690
0695
0701
0709
0714
0720
0725
0733
0739
0744
0749
0758
0766
0771
0774
0771
0763
0755
0749
0741
0736
0728
0720
0714
0709
0706
0701
0695
0693
0690
0687
0685
0682
0679
0679
0679
0679
0679
0682
0685
0685
0682
0682
0679
0679
0682
0687
0690
0693
0698
0701
0701
0698
0693
0687
0679
0671
0660
0650
0642
0642
0644
0652
0663
0701
0793
0938
1146
1429
1788
2220
2684
3115
3436
3577
3466
3056
2408
1667
0998
0512
0234
0167
0226
0326
0358
0366
0372
0377
0380
0383
0383
0380
0374
0369
0364
0358
0353
0347
0345
0339
0337
0334
0331
0334
0337
0339
0345
0350
0356
0361
0374
0385
0396
0404
0418
0434
0434
0420
0404
0391
0391
0407
0418
0426
0439
0450
0463
0488
0536
0579
0604
0623
0636
0650
0660
0674
0685
0695
0709
0722
0736
0755
0782
0828
0874
0903
0927
0954
0984
1011
1025
1033
1041
1046
1041
1025
1006
0984
0960
0933
0895
0876
0868
0860
0855
0849
0847
0847
0847
0847
0847
0847
0849
0852
0855
0857
0857
0860
0863
0865
0865
0857
0844
0828
0803
0774
0760
0752
0747
0739
0733
0731
0728
0725
0722
0722
0720
0717
0714
0712
0712
0709
0709
0706
0701
0695
0690
0685
0674
0666
0658
0650
0644
0636
0633
0633
0636
0639
0644
0647
0652
0658
0666
0671
0671
0666
0658
0644
0628
0601
0593
0582
0574
0590
0639
0712
0825
0995
1230
1532
1885
2284
2705
3067
3237
3220
2964
2411
1686
0973
0453
0234
0199
0240
0304
0318
0326
0331
0337
0339
0342
0347
0350
0356
0358
0361
0361
0364
0366
0369
0374
0380
0385
0391
0396
0401
0412
0420
0431
0442
0455
0469
0482
0493
0504
0515
0526
0534
0539
0544
0550
0555
0561
0566
0571
0577
0582
0590
0596
0604
0615
0625
0647
0677
0690
0706
0739
0774
0801
0825
0838
0849
0860
0865
0874
0882
0887
0892
0901
0909
0922
0933
0938
0938
0941
0949
0938
0890
0852
0828
0817
0803
0793
0785
0776
0771
0766
0760
0755
0755
0758
0760
0766
0771
0776
0782
0790
0798
0806
0811
0820
0822
0828
0833
0838
0841
0841
0838
0830
0825
0817
0811
0803
0793
0782
0768
0758
0747
0739
0731
0725
0720
0714
0712
0706
0704
0698
0695
0693
0690
0687
0685
0685
0687
0690
0690
0690
0693
0695
0695
0698
0701
0701
0704
0704
0701
0695
0690
0690
0682
0674
0666
0660
0660
0663
0666
0671
0677
0682
0687
0690
0687
0679
0674
0666
0658
0652
0647
0647
0650
0658
0666
0679
0698
0717
0766
0844
0965
1133
1370
1672
2047
2473
2932
3355
3612
3625
3442
2943
2241
1464
0806
0401
0312
0312
0393
0434
0445
0412
0361
0331
0323
0321
0318
0315
0312
0310
0307
0304
0302
0296
0291
0285
0283
0285
0296
0310
0326
0337
0353
0366
0380
0391
0399
0407
0412
0418
0423
0428
0434
0434
0434
0431
0431
0428
0426
0423
0415
0404
0428
0453
0466
0480
0490
0499
0512
0531
0553
0577
0598
0615
0631
0647
0674
0698
0725
0747
0776
0809
0833
0852
0882
0906
0925
0936
0941
0944
0946
0949
0949
0949
0949
0944
0936
0925
0919
0914
0909
0903
0901
0895
0890
0882
0876
0874
0868
0865
0863
0857
0849
0836
0828
0825
0822
0822
0820
0820
0817
0817
0814
0814
0814
0817
0817
0817
0814
0814
0814
0811
0809
0809
0806
0801
0795
0790
0787
0782
0776
0768
0758
0752
0749
0747
0741
0739
0736
0731
0728
0725
0722
0720
0714
0706
0701
0693
0690
0685
0677
0666
0655
0647
0647
0655
0663
0677
0690
0709
0722
0733
0747
0766
0785
0828
0917
1052
1235
1497
1845
2257
2732
3218
3644
3817
3790
3471
2870
2144
1429
0868
0555
0480
0455
0434
0415
0383
0353
0342
0337
0334
0331
0326
0318
0312
0310
0304
0299
0294
0291
0291
0288
0288
0288
0291
0294
0299
0304
0312
0321
0331
0350
0366
0377
0383
0388
0391
0393
0396
0401
0404
0407
0410
0412
0418
0423
0426
0428
0437
0445
0453
0461
0469
0477
0485
0496
0507
0515
0523
0531
0544
0563
0585
0615
0650
0682
0720
0774
0817
0849
0871
0890
0903
0911
0917
0922
0925
0925
0919
0914
0906
0895
0879
0857
0841
0828
0820
0811
0803
0798
0793
0785
0782
0787
0798
0806
0811
0820
0825
0825
0825
0820
0811
0803
0795
0782
0774
0774
0776
0782
0787
0793
0795
0798
0801
0806
0809
0811
0814
0820
0822
0825
0822
0817
0809
0798
0779
0752
0736
0728
0722
0725
0733
0739
0744
0749
0752
0752
0752
0747
0741
0736
0731
0725
0717
0712
0706
0704
0704
0706
0712
0720
0728
0741
0760
0774
0787
0795
0801
0809
0817
0822
0836
0874
0971
1122
1340
1634
2017
2479
2991
3482
3841
3968
3803
3347
2657
1858
1135
0666
0534
0523
0563
0585
0563
0501
0410
0329
0294
0280
0272
0267
0264
0261
0258
0256
0253
0250
0248
0248
0253
0267
0280
0291
0304
0315
0326
0334
0339
0345
0350
0356
0358
0364
0366
0369
0372
0377
0380
0383
0388
0393
0396
0401
0407
0412
0420
0426
0434
0439
0447
0455
0472
0485
0501
0526
0561
0596
0617
0636
0660
0690
0717
0749
0787
0828
0868
0909
0949
0992
1022
1043
1043
1027
1003
0971
0936
0901
0865
0825
0798
0782
0771
0766
0763
0763
0763
0763
0763
0763
0763
0760
0760
0760
0760
0763
0766
0766
0766
0768
0771
0774
0776
0776
0776
0774
0771
0771
0768
0766
0760
0758
0755
0755
0755
0758
0758
0758
0760
0763
0766
0768
0768
0763
0755
0747
0739
0731
0725
0717
0706
0695
0687
0677
0666
0650
0636
0631
0625
0623
0620
0615
0609
0617
0633
0660
0701
0725
0736
0744
0749
0755
0758
0760
0763
0763
0763
0760
0758
0755
0752
0747
0741
0733
0720
0731
0771
0838
0957
1133
1373
1691
2082
2543
3021
3447
3709
3725
3539
2983
2239
1480
0879
0515
0383
0339
0366
0407
0437
0410
0334
0283
0272
0267
0258
0253
0250
0248
0245
0242
0240
0237
0237
0237
0242
0245
0250
0256
0261
0264
0269
0275
0283
0288
0304
0337
0353
0361
0366
0372
0374
0377
0383
0385
0391
0396
0399
0401
0407
0412
0415
0423
0437
0450
0458
0466
0480
0509
0544
0569
0593
0625
0669
0701
0728
0752
0782
0825
0865
0892
0917
0936
0952
0963
0968
0971
0976
0979
0981
0981
0971
0957
0944
0927
0914
0898
0892
0887
0882
0876
0874
0871
0871
0871
0871
0874
0874
0874
0874
0874
0876
0876
0879
0882
0882
0882
0884
0884
0884
0884
0884
0884
0882
0879
0874
0868
0865
0857
0852
0844
0836
0828
0814
0801
0790
0782
0774
0766
0758
0752
0744
0733
0720
0717
0736
0744
0749
0755
0758
0763
0766
0768
0771
0774
0776
0779
0779
0779
0779
0779
0782
0790
0787
0766
0749
0739
0728
0722
0720
0720
0717
0714
0712
0712
0709
0706
0706
0704
0704
0701
0698
0698
0698
0698
0698
0695
0693
0693
0690
0690
0690
0690
0687
0687
0685
0687
0687
0687
0687
0687
0687
0687
0687
0687
0687
0687
0687
0687
0690
0690
0690
0693
0695
0701
0704
0709
0717
0755
0838
0968
1151
1394
1710
2101
2554
3018
3412
3601
3585
3312
2676
1872
1092
0536
0256
0221
0240
0291
0312
0329
0337
0337
0337
0337
0337
0337
0337
0337
0337
0334
0331
0331
0334
0339
0342
0345
0345
0347
0350
0350
0353
0353
0353
0353
0353
0350
0347
0347
0345
0342
0339
0337
0334
0326
0350
0374
0396
0412
0426
0437
0447
0461
0474
0493
0526
0571
0604
0631
0652
0677
0695
0722
0741
0755
0768
0782
0793
0817
0865
0919
0954
0976
1006
1038
1057
1068
1076
1073
1060
1043
1025
1000
0981
0963
0933
0906
0898
0895
0892
0892
0890
0890
0890
0890
0892
0892
0892
0892
0890
0890
0890
0890
0887
0887
0884
0882
0882
0879
0879
0874
0865
0855
0838
0825
0811
0803
0795
0785
0779
0771
0766
0760
0758
0752
0749
0744
0741
0739
0733
0731
0725
0720
0717
0712
0706
0698
0690
0671
0639
0631
0625
0620
0617
0615
0615
0615
0615
0615
0615
0615
0615
0617
0617
0617
0617
0617
0617
0617
0617
0615
0609
0601
0593
0585
0571
0550
0536
0526
0517
0512
0512
0520
0536
0555
0577
0604
0620
0631
0642
0658
0685
0695
0701
0706
0709
0714
0717
0720
0722
0725
0728
0731
0733
0736
0739
0741
0747
0779
0865
1003
1213
1499
1864
2268
2689
3091
3382
3479
3318
2878
2220
1435
0712
0218
0083
0080
0210
0318
0364
0377
0380
0383
0385
0388
0391
0391
0396
0396
0396
0399
0401
0407
0410
0412
0415
0418
0418
0420
0423
0428
0434
0437
0439
0445
0450
0455
0461
0463
0469
0472
0474
0477
0480
0480
0482
0485
0488
0496
0507
0520
0536
0558
0585
0601
0617
0633
0655
0682
0714
0744
0763
0774
0785
0798
0830
0855
0868
0876
0887
0898
0911
0927
0946
0952
0954
0954
0957
0957
0957
0954
0946
0933
0919
0898
0871
0849
0836
0822
0811
0803
0795
0790
0785
0779
0774
0768
0766
0768
0771
0776
0785
0790
0798
0806
0822
0836
0841
0836
0825
0814
0806
0803
0798
0793
0787
0779
0774
0768
0763
0755
0747
0741
0736
0733
0731
0725
0717
0712
0706
0704
0701
0701
0701
0701
0704
0709
0714
0720
0728
0736
0752
0766
0782
0806
0844
0917
1049
1240
1516
1877
2306
2759
3153
3355
3345
3083
2551
1904
1294
0811
0509
0412
0418
0480
0512
0496
0442
0380
0345
0326
0318
0312
0307
0302
0299
0294
0288
0280
0275
0267
0258
0258
0264
0272
0288
0307
0345
0366
0377
0388
0393
0396
0399
0401
0407
0410
0410
0410
0412
0415
0418
0423
0428
0431
0437
0442
0450
0458
0469
0480
0493
0501
0512
0526
0536
0547
0555
0571
0596
0609
0623
0636
0666
0706
0752
0782
0803
0830
0860
0884
0901
0914
0930
0930
0911
0898
0887
0876
0865
0849
0836
0825
0814
0803
0793
0785
0779
0774
0771
0766
0758
0752
0749
0749
0752
0752
0755
0758
0758
0760
0763
0755
0741
0731
0722
0714
0709
0706
0706
0706
0712
0717
0722
0725
0731
0736
0741
0747
0747
0744
0744
0741
0739
0736
0733
0728
0722
0717
0712
0706
0698
0687
0669
0642
0633
0625
0620
0617
0620
0625
0636
0644
0636
0631
0625
0625
0644
0658
0674
0690
0704
0717
0731
0741
0744
0741
0741
0739
0739
0736
0736
0733
0733
0736
0736
0736
0736
0733
0733
0733
0733
0733
0731
0725
0722
0717
0714
0709
0706
0704
0704
0701
0698
0695
0690
0690
0685
0679
0677
0674
0671
0671
0674
0677
0679
0685
0687
0690
0695
0701
0706
0712
0717
0728
0733
0741
0744
0747
0749
0755
0771
0847
0971
1151
1410
1750
2168
2649
3142
3568
3795
3720
3320
2686
1939
1230
0709
0437
0420
0415
0404
0383
0342
0310
0304
0299
0299
0296
0294
0294
0294
0291
0285
0283
0280
0272
0275
0291
0318
0350
0369
0380
0388
0391
0391
0388
0385
0380
0377
0372
0366
0364
0366
0374
0385
0393
0410
0428
0437
0445
0453
0458
0461
0463
0469
0472
0477
0480
0485
0490
0501
0515
0528
0544
0569
0601
0631
0666
0693
0709
0728
0747
0774
0814
0849
0876
0895
0919
0957
1000
1027
1033
1035
1041
1038
1019
1000
0979
0957
0930
0906
0884
0874
0868
0860
0855
0852
0852
0855
0857
0863
0868
0874
0879
0884
0890
0895
0901
0903
0903
0901
0892
0887
0879
0874
0865
0860
0855
0849
0844
0838
0836
0833
0828
0825
0822
0820
0814
0809
0803
0798
0790
0776
0766
0758
0752
0747
0741
0736
0731
0725
0720
0714
0706
0698
0693
0687
0677
0658
0644
0642
0650
0660
0679
0712
0733
0747
0755
0758
0752
0741
0728
0717
0709
0701
0693
0687
0682
0677
0671
0666
0655
0636
0598
0571
0555
0553
0569
0609
0690
0811
1003
1273
1621
2042
2533
3080
3604
3984
4095
3841
3247
2444
1629
0995
0655
0612
0598
0590
0577
0561
0534
0488
0437
0391
0347
0315
0299
0291
0291
0310
0318
0326
0331
0334
0339
0345
0350
0358
0366
0374
0380
0385
0393
0399
0407
0412
0418
0423
0426
0431
0437
0439
0442
0442
0445
0447
0453
0458
0461
0461
0458
0455
0453
0450
0442
0431
0450
0469
0485
0499
0512
0528
0547
0569
0598
0633
0660
0674
0690
0709
0728
0747
0768
0795
0820
0838
0855
0860
0865
0871
0874
0876
0876
0879
0879
0882
0882
0882
0882
0879
0871
0865
0857
0849
0841
0833
0825
0817
0811
0806
0803
0801
0801
0798
0798
0798
0798
0798
0795
0795
0793
0795
0798
0801
0801
0801
0801
0801
0795
0785
0776
0771
0768
0766
0763
0760
0758
0755
0752
0749
0747
0744
0744
0741
0741
0739
0739
0739
0741
0739
0739
0736
0736
0733
0733
0728
0725
0722
0714
0704
0695
0704
0722
0766
0857
1014
1249
1564
1971
2449
2951
3404
3668
3668
3404
2759
1985
1313
0868
0704
0652
0666
0690
0687
0631
0542
0493
0453
0423
0401
0391
0388
0385
0380
0377
0374
0374
0374
0374
0380
0385
0388
0396
0401
0404
0410
0412
0418
0420
0426
0428
0431
0434
0439
0442
0445
0445
0447
0450
0455
0461
0466
0472
0482
0504
0523
0539
0566
0604
0623
0633
0639
0647
0652
0660
0666
0674
0685
0698
0722
0749
0787
0836
0871
0895
0909
0919
0925
0927
0930
0936
0938
0941
0941
0938
0930
0919
0909
0895
0882
0863
0844
0833
0822
0814
0809
0806
0801
0798
0795
0793
0795
0798
0803
0811
0820
0828
0838
0852
0865
0874
0868
0857
0844
0833
0825
0817
0806
0798
0785
0774
0763
0752
0741
0731
0722
0712
0704
0698
0693
0690
0685
0682
0679
0679
0679
0682
0682
0682
0685
0687
0690
0693
0695
0701
0704
0709
0714
0720
0722
0717
0712
0704
0695
0690
0685
0677
0669
0660
0652
0644
0636
0631
0623
0617
0612
0606
0601
0601
0601
0601
0601
0604
0606
0615
0623
0663
0720
0820
0965
1165
1429
1766
2171
2632
3126
3571
3792
3779
3496
2883
2066
1205
0512
0180
0129
0207
0342
0391
0407
0380
0302
0256
0242
0231
0229
0234
0245
0253
0261
0264
0267
0272
0277
0283
0288
0296
0302
0310
0315
0329
0353
0372
0388
0401
0407
0410
0412
0415
0415
0415
0410
0404
0396
0393
0401
0418
0431
0447
0461
0477
0490
0501
0509
0523
0534
0544
0563
0588
0617
0658
0695
0720
0733
0749
0766
0782
0795
0814
0838
0868
0901
0922
0952
0976
0984
0990
0992
0992
0990
0984
0979
0971
0960
0944
0917
0903
0892
0884
0879
0871
0868
0865
0863
0860
0857
0855
0852
0849
0849
0847
0841
0833
0828
0820
0811
0801
0795
0790
0782
0776
0771
0768
0768
0766
0763
0760
0760
0758
0758
0755
0752
0749
0749
0747
0744
0739
0733
0725
0717
0709
0704
0701
0698
0693
0690
0687
0685
0679
0674
0669
0663
0660
0658
0652
0650
0644
0642
0636
0631
0625
0620
0615
0612
0612
0617
0625
0633
0642
0647
0655
0663
0671
0679
0687
0690
0695
0698
0704
0712
0714
0720
0722
0725
0728
0733
0733
0733
0731
0725
0720
0714
0712
0706
0704
0701
0698
0693
0690
0690
0690
0690
0690
0690
0690
0690
0690
0690
0690
0693
0693
0695
0698
0701
0704
0706
0706
0704
0704
0706
0706
0706
0709
0709
0709
0709
0709
0709
0712
0714
0714
0717
0717
0720
0720
0722
0725
0728
0739
0749
0793
0919
1111
1362
1677
2058
2479
2891
3234
3377
3353
3061
2471
1737
1011
0439
0089
0010
0018
0145
0285
0347
0364
0374
0380
0385
0388
0391
0393
0396
0396
0399
0404
0407
0410
0407
0404
0399
0396
0396
0393
0393
0391
0388
0388
0388
0391
0396
0401
0407
0418
0428
0450
0463
0474
0482
0490
0496
0504
0515
0528
0542
0558
0571
0582
0596
0609
0631
0655
0671
0685
0693
0704
0712
0722
0741
0766
0785
0803
0822
0847
0876
0909
0944
0984
1030
1065
1087
1100
1106
1092
1065
1038
1008
0987
0965
0941
0914
0898
0887
0879
0874
0868
0865
0863
0860
0852
0844
0844
0860
0876
0892
0898
0901
0906
0911
0887
0874
0871
0865
0860
0857
0855
0849
0844
0838
0833
0830
0828
0822
0817
0811
0795
0785
0774
0766
0760
0755
0747
0741
0733
0728
0722
0717
0712
0704
0698
0693
0690
0687
0682
0677
0671
0669
0669
0671
0677
0682
0685
0690
0690
0693
0695
0690
0685
0677
0663
0639
0620
0609
0601
0596
0590
0585
0582
0582
0579
0579
0582
0585
0588
0590
0596
0604
0609
0617
0636
0652
0666
0690
0725
0758
0793
0855
0965
1135
1362
1661
2036
2471
2948
3404
3749
3846
3614
3091
2392
1656
1003
0558
0393
0374
0442
0482
0477
0426
0383
0337
0307
0296
0288
0288
0307
0315
0321
0323
0326
0329
0334
0339
0345
0350
0356
0358
0364
0366
0369
0372
0374
0377
0380
0385
0391
0399
0404
0407
0410
0412
0415
0418
0418
0420
0423
0428
0445
0447
0442
0439
0437
0434
0434
0434
0439
0447
0455
0472
0501
0528
0547
0563
0579
0609
0647
0671
0690
0714
0752
0793
0822
0847
0871
0890
0903
0911
0919
0917
0909
0890
0874
0860
0844
0830
0817
0809
0801
0795
0793
0790
0787
0785
0782
0779
0779
0776
0776
0774
0774
0771
0768
0768
0771
0774
0774
0776
0779
0779
0782
0782
0785
0785
0785
0782
0782
0782
0782
0782
0782
0785
0785
0785
0787
0785
0785
0782
0779
0776
0771
0768
0763
0758
0752
0747
0739
0731
0722
0717
0709
0704
0695
0690
0679
0671
0671
0682
0698
0728
0782
0895
1062
1292
1588
1966
2414
2897
3345
3668
3763
3558
3075
2430
1772
1205
0801
0636
0582
0585
0596
0579
0523
0472
0426
0374
0337
0315
0302
0296
0302
0307
0315
0321
0323
0329
0331
0334
0337
0342
0347
0350
0353
0356
0358
0361
0366
0369
0374
0380
0385
0391
0399
0404
0412
0420
0428
0439
0450
0453
0450
0445
0437
0428
0420
0412
0420
0434
0455
0496
0531
0553
0563
0574
0585
0593
0604
0617
0633
0663
0701
0739
0782
0830
0871
0890
0898
0906
0911
0917
0917
0917
0914
0911
0909
0906
0903
0901
0898
0892
0890
0882
0874
0865
0860
0852
0849
0844
0838
0833
0825
0820
0814
0809
0803
0798
0793
0787
0785
0782
0779
0774
0771
0766
0763
0758
0758
0755
0752
0749
0747
0744
0741
0741
0736
0731
0725
0725
0731
0736
0744
0755
0768
0774
0771
0758
0741
0714
0701
0693
0690
0687
0690
0690
0695
0698
0704
0709
0712
0712
0709
0704
0698
0695
0693
0690
0690
0687
0682
0679
0679
0679
0679
0679
0682
0687
0690
0695
0701
0709
0714
0720
0733
0747
0758
0766
0771
0776
0782
0787
0790
0790
0787
0779
0771
0763
0755
0747
0739
0731
0722
0714
0706
0701
0698
0695
0690
0687
0685
0679
0677
0674
0669
0669
0666
0666
0669
0671
0674
0677
0679
0685
0687
0690
0695
0701
0706
0722
0733
0725
0709
0690
0666
0655
0644
0633
0655
0712
0825
0992
1224
1524
1896
2333
2829
3328
3711
3887
3765
3320
2595
1726
0944
0407
0240
0223
0321
0423
0466
0482
0461
0396
0334
0296
0272
0253
0256
0285
0304
0315
0326
0334
0339
0342
0347
0350
0353
0358
0364
0369
0380
0385
0383
0374
0372
0366
0361
0361
0369
0383
0396
0412
0423
0431
0437
0442
0445
0450
0455
0461
0466
0474
0490
0520
0547
0566
0585
0604
0625
0652
0677
0693
0714
0733
0758
0785
0809
0833
0855
0876
0895
0917
0938
0963
0987
1014
1030
1041
1052
1057
1062
1060
1054
1046
1035
1019
0992
0949
0925
0906
0887
0868
0857
0847
0838
0833
0828
0825
0828
0833
0838
0847
0855
0860
0865
0874
0879
0884
0887
0884
0876
0868
0857
0847
0836
0814
0801
0795
0790
0787
0785
0782
0779
0776
0771
0763
0755
0744
0736
0725
0720
0712
0704
0695
0690
0685
0679
0679
0677
0674
0671
0671
0671
0671
0671
0671
0674
0674
0674
0677
0677
0677
0677
0677
0677
0677
0674
0674
0671
0666
0663
0658
0652
0647
0644
0639
0628
0617
0609
0604
0606
0612
0628
0647
0709
0847
1041
1305
1648
2063
2527
3007
3439
3647
3631
3339
2756
2015
1262
0679
0347
0272
0350
0445
0482
0496
0507
0477
0431
0380
0334
0307
0299
0296
0291
0291
0302
0326
0339
0347
0356
0361
0366
0372
0377
0383
0388
0391
0393
0396
0396
0396
0396
0399
0401
0404
0407
0410
0415
0420
0428
0437
0445
0453
0461
0472
0480
0490
0499
0509
0517
0528
0544
0569
0590
0609
0623
0636
0647
0660
0669
0682
0690
0701
0714
0731
0752
0779
0811
0836
0849
0860
0868
0871
0871
0863
0852
0838
0820
0793
0774
0766
0760
0755
0749
0747
0744
0744
0741
0741
0741
0744
0744
0744
0747
0749
0749
0752
0752
0749
0749
0749
0749
0752
0752
0752
0752
0752
0752
0752
0749
0747
0744
0739
0733
0728
0725
0717
0704
0693
0682
0671
0663
0655
0652
0652
0652
0658
0666
0671
0677
0682
0685
0685
0682
0677
0671
0669
0663
0658
0652
0647
0642
0639
0633
0631
0625
0623
0620
0620
0620
0620
0620
0623
0625
0633
0642
0674
0760
0906
1114
1383
1712
2101
2533
2959
3301
3450
3323
2902
2252
1497
0801
0326
0196
0194
0318
0385
0404
0415
0423
0426
0428
0426
0423
0418
0415
0410
0404
0393
0385
0383
0391
0401
0415
0431
0447
0458
0463
0469
0474
0480
0485
0490
0499
0509
0523
0542
0574
0596
0615
0633
0636
0631
0623
0620
0639
0655
0663
0669
0679
0690
0701
0720
0747
0763
0776
0782
0790
0798
0811
0828
0849
0876
0898
0917
0930
0949
0971
1014
1046
1057
1062
1065
1068
1065
1060
1049
1041
1030
1017
1003
0992
0981
0963
0927
0901
0884
0874
0863
0855
0844
0830
0833
0852
0860
0868
0876
0882
0884
0884
0879
0871
0863
0855
0849
0841
0833
0822
0814
0806
0795
0787
0779
0771
0766
0760
0758
0755
0752
0749
0747
0747
0744
0741
0741
0739
0739
0736
0736
0736
0736
0736
0736
0736
0739
0739
0739
0739
0739
0739
0739
0736
0736
0733
0728
0725
0722
0717
0706
0695
0685
0671
0660
0652
0642
0633
0631
0631
0633
0639
0647
0674
0733
0836
0984
1189
1464
1823
2247
2713
3158
3482
3550
3283
2724
2001
1278
0698
0350
0277
0283
0388
0415
0426
0428
0420
0401
0380
0356
0329
0312
0296
0288
0288
0299
0312
0323
0334
0345
0353
0358
0364
0366
0369
0369
0372
0372
0374
0374
0377
0377
0380
0383
0385
0388
0393
0399
0401
0407
0415
0423
0434
0445
0458
0466
0477
0485
0496
0504
0515
0523
0534
0547
0566
0582
0593
0606
0625
0655
0677
0693
0709
0720
0731
0747
0790
0828
0852
0865
0871
0874
0879
0887
0887
0868
0860
0855
0849
0847
0844
0841
0838
0836
0830
0828
0825
0825
0825
0822
0820
0817
0811
0803
0785
0785
0793
0798
0801
0806
0809
0811
0814
0811
0809
0809
0806
0803
0798
0790
0795
0803
0811
0787
0771
0763
0755
0749
0744
0744
0741
0741
0739
0736
0733
0731
0728
0720
0725
0749
0758
0766
0768
0766
0758
0747
0736
0720
0709
0701
0695
0690
0687
0682
0682
0682
0685
0687
0690
0690
0693
0695
0701
0704
0706
0706
0704
0701
0698
0698
0695
0690
0690
0687
0690
0695
0709
0733
0771
0838
0919
1052
1246
1516
1869
2298
2773
3253
3666
3889
3876
3587
2953
2179
1435
0865
0542
0463
0463
0523
0526
0455
0331
0291
0283
0275
0269
0267
0264
0264
0264
0267
0269
0275
0280
0285
0294
0299
0304
0312
0321
0329
0331
0334
0334
0334
0334
0331
0331
0326
0321
0321
0334
0345
0353
0358
0364
0366
0372
0377
0383
0388
0393
0396
0401
0407
0412
0420
0434
0447
0455
0463
0474
0485
0501
0526
0553
0582
0604
0633
0666
0690
0706
0731
0766
0803
0838
0874
0911
0946
0965
0979
0984
0984
0965
0941
0917
0884
0865
0849
0838
0828
0820
0814
0809
0803
0795
0790
0785
0782
0785
0790
0795
0803
0811
0820
0820
0814
0803
0798
0790
0782
0776
0779
0785
0790
0795
0803
0811
0814
0811
0809
0809
0809
0806
0803
0801
0801
0795
0790
0785
0779
0774
0771
0766
0763
0758
0749
0744
0739
0731
0728
0722
0714
0709
0701
0690
0669
0666
0663
0658
0674
0687
0695
0709
0728
0739
0744
0752
0758
0763
0771
0774
0779
0782
0790
0809
0849
0933
1068
1254
1499
1818
2214
2665
3129
3547
3852
3925
3676
3115
2368
1610
0979
0579
0450
0437
0474
0493
0463
0377
0321
0304
0296
0291
0285
0283
0280
0277
0275
0269
0261
0258
0267
0285
0307
0334
0356
0369
0380
0388
0391
0388
0385
0383
0380
0374
0372
0369
0366
0372
0377
0388
0393
0399
0401
0407
0412
0418
0423
0428
0431
0437
0442
0450
0455
0463
0472
0485
0512
0531
0542
0563
0598
0633
0669
0695
0714
0728
0736
0763
0822
0898
0925
0936
0944
0949
0952
0949
0938
0922
0898
0852
0825
0817
0809
0801
0793
0790
0785
0782
0779
0776
0774
0771
0768
0768
0768
0766
0763
0760
0758
0755
0752
0752
0749
0749
0749
0752
0755
0758
0763
0768
0774
0787
0814
0830
0838
0836
0811
0793
0779
0768
0760
0755
0749
0744
0736
0722
0720
0722
0725
0725
0725
0725
0728
0725
0720
0714
0706
0698
0693
0687
0679
0674
0666
0663
0660
0663
0669
0677
0685
0690
0701
0712
0733
0752
0771
0787
0798
0806
0817
0825
0830
0830
0828
0820
0809
0795
0766
0733
0720
0709
0722
0771
0836
0957
1149
1413
1742
2131
2562
3021
3442
3717
3728
3512
2916
2150
1394
0779
0377
0245
0240
0331
0393
0412
0385
0358
0337
0323
0312
0304
0299
0294
0291
0288
0285
0283
0280
0275
0269
0264
0267
0277
0294
0302
0307
0310
0312
0318
0323
0329
0334
0337
0342
0345
0350
0353
0358
0364
0369
0383
0399
0410
0423
0434
0447
0458
0472
0488
0507
0534
0561
0604
0650
0679
0693
0709
0725
0736
0744
0752
0763
0776
0790
0811
0841
0871
0887
0898
0906
0911
0917
0919
0922
0922
0922
0919
0914
0909
0903
0892
0882
0860
0833
0811
0795
0785
0779
0776
0776
0774
0774
0776
0776
0776
0779
0779
0779
0782
0782
0782
0782
0782
0782
0779
0779
0776
0774
0768
0766
0760
0755
0749
0736
0722
0709
0698
0693
0690
0687
0682
0679
0677
0674
0674
0674
0677
0677
0677
0677
0679
0682
0682
0685
0690
0690
0693
0695
0701
0706
0709
0714
0722
0731
0739
0747
0763
0774
0771
0763
0747
0722
0690
0682
0679
0677
0671
0666
0663
0660
0660
0658
0658
0658
0660
0660
0663
0666
0666
0669
0671
0671
0674
0674
0674
0677
0677
0679
0682
0685
0685
0685
0685
0685
0682
0677
0671
0666
0660
0652
0647
0636
0628
0625
0628
0639
0652
0674
0706
0766
0855
0992
1181
1440
1777
2166
2595
3024
3374
3525
3366
2875
2152
1386
0722
0272
0113
0102
0205
0296
0345
0366
0377
0385
0393
0399
0404
0407
0410
0412
0415
0418
0420
0420
0423
0423
0420
0420
0418
0418
0415
0412
0410
0404
0399
0396
0399
0410
0423
0434
0445
0455
0469
0480
0490
0509
0531
0542
0547
0550
0553
0555
0558
0561
0563
0569
0577
0585
0596
0620
0669
0693
0709
0720
0731
0739
0744
0760
0793
0828
0852
0868
0887
0919
0960
0992
1008
1017
1025
1027
1027
1022
1011
0998
0976
0938
0914
0901
0884
0868
0852
0841
0833
0825
0820
0814
0814
0820
0825
0833
0841
0860
0879
0884
0887
0892
0895
0895
0895
0890
0884
0879
0874
0868
0857
0849
0841
0833
0828
0820
0811
0801
0790
0779
0771
0763
0758
0749
0741
0733
0728
0722
0717
0706
0695
0687
0682
0679
0677
0674
0674
0671
0669
0666
0666
0669
0669
0669
0666
0666
0669
0671
0671
0671
0671
0671
0674
0674
0671
0658
0650
0642
0636
0631
0631
0631
0636
0642
0652
0690
0758
0860
1027
1265
1578
1958
2390
2810
3123
3250
3137
2773
2185
1491
0852
0393
0229
0210
0283
0385
0477
0507
0488
0455
0415
0383
0366
0356
0350
0347
0345
0339
0331
0331
0353
0372
0393
0407
0415
0420
0423
0426
0431
0437
0439
0442
0445
0447
0453
0458
0466
0477
0488
0496
0504
0512
0520
0528
0531
0534
0534
0539
0544
0553
0561
0571
0582
0590
0598
0609
0625
0639
0652
0663
0674
0687
0693
0698
0706
0722
0752
0785
0806
0825
0847
0874
0890
0901
0906
0903
0890
0874
0860
0847
0833
0822
0809
0798
0785
0768
0758
0758
0766
0779
0787
0795
0806
0811
0811
0806
0801
0787
0766
0747
0747
0747
0744
0744
0744
0744
0747
0747
0747
0749
0749
0752
0755
0758
0760
0760
0758
0752
0744
0733
0722
0709
0690
0677
0677
0677
0677
0674
0674
0674
0674
0674
0677
0677
0677
0679
0679
0679
0682
0685
0687
0687
0690
0690
0695
0704
0704
0698
0693
0690
0685
0679
0677
0671
0671
0669
0666
0666
0666
0669
0674
0679
0685
0693
0728
0822
0979
1205
1510
1896
2365
2862
3312
3641
3755
3568
3059
2360
1653
1100
0782
0674
0636
0623
0590
0512
0388
0318
0294
0304
0312
0315
0318
0321
0321
0321
0321
0323
0326
0329
0334
0337
0342
0342
0347
0350
0356
0361
0364
0372
0377
0383
0391
0396
0401
0404
0410
0412
0415
0420
0426
0428
0434
0437
0442
0445
0453
0458
0466
0472
0480
0488
0496
0507
0515
0526
0536
0553
0571
0585
0596
0609
0636
0671
0709
0741
0760
0779
0795
0822
0855
0868
0876
0882
0887
0890
0892
0895
0898
0901
0903
0903
0903
0903
0903
0906
0909
0911
0911
0903
0890
0879
0871
0860
0852
0841
0833
0833
0833
0836
0838
0844
0849
0863
0860
0836
0825
0822
0820
0814
0811
0809
0806
0801
0798
0795
0795
0793
0793
0790
0790
0790
0790
0787
0787
0785
0779
0776
0774
0771
0768
0766
0763
0763
0760
0758
0755
0752
0747
0741
0736
0731
0728
0725
0720
0717
0714
0709
0706
0701
0698
0695
0690
0687
0685
0685
0690
0693
0698
0706
0712
0720
0728
0739
0747
0755
0763
0768
0774
0785
0809
0857
0949
1092
1292
1553
1877
2276
2735
3210
3644
3949
4019
3738
3118
2306
1494
0855
0474
0383
0383
0480
0536
0539
0482
0426
0404
0383
0364
0342
0318
0302
0288
0277
0275
0277
0288
0304
0326
0353
0372
0377
0383
0385
0388
0388
0391
0391
0393
0396
0399
0401
0404
0407
0410
0412
0415
0418
0420
0426
0428
0434
0437
0442
0447
0453
0461
0466
0472
0477
0480
0485
0490
0496
0509
0526
0544
0569
0598
0625
0658
0701
0755
0798
0838
0876
0911
0949
0973
0984
0995
1000
1000
0998
0987
0976
0954
0917
0876
0849
0838
0836
0830
0828
0825
0822
0822
0820
0820
0817
0811
0809
0801
0790
0768
0785
0795
0803
0809
0814
0820
0820
0820
0817
0814
0811
0806
0801
0793
0790
0790
0790
0790
0790
0790
0790
0793
0793
0793
0795
0795
0795
0790
0787
0782
0776
0768
0758
0739
0717
0706
0698
0690
0687
0685
0682
0682
0679
0679
0679
0679
0679
0679
0679
0679
0687
0698
0712
0722
0733
0741
0749
0755
0763
0774
0782
0798
0847
0933
1057
1238
1497
1845
2276
2773
3283
3693
3881
3779
3358
2681
1874
1138
0631
0434
0410
0482
0523
0517
0453
0369
0307
0288
0277
0272
0269
0267
0264
0258
0250
0250
0261
0277
0296
0321
0329
0334
0339
0337
0331
0329
0329
0326
0323
0321
0323
0326
0334
0342
0353
0364
0383
0399
0415
0426
0434
0439
0445
0450
0453
0455
0461
0463
0466
0469
0472
0477
0480
0485
0490
0501
0526
0539
0571
0625
0693
0739
0785
0830
0882
0925
0960
0984
1000
1008
1017
1022
1019
1011
0995
0971
0930
0895
0857
0828
0806
0795
0790
0787
0787
0785
0785
0785
0785
0785
0785
0785
0787
0787
0790
0793
0793
0795
0801
0806
0811
0811
0801
0790
0782
0776
0771
0766
0760
0752
0747
0739
0733
0731
0728
0722
0722
0720
0720
0717
0714
0712
0709
0706
0704
0698
0693
0690
0690
0687
0687
0685
0685
0682
0679
0674
0671
0669
0663
0660
0658
0655
0652
0652
0655
0658
0663
0666
0674
0679
0690
0706
0744
0763
0774
0782
0782
0771
0760
0755
0752
0747
0744
0741
0741
0739
0733
0728
0722
0714
0712
0706
0704
0701
0698
0695
0690
0687
0679
0671
0663
0652
0647
0642
0642
0644
0650
0655
0660
0666
0674
0687
0695
0709
0722
0739
0755
0763
0755
0739
0712
0690
0682
0674
0674
0679
0693
0741
0836
0981
1170
1416
1718
2090
2511
2943
3307
3496
3423
3061
2473
1742
0992
0393
0099
0053
0107
0215
0291
0329
0347
0358
0364
0369
0374
0380
0385
0393
0399
0401
0404
0412
0418
0426
0434
0437
0434
0431
0428
0428
0428
0428
0426
0423
0420
0420
0423
0426
0428
0434
0442
0450
0461
0474
0485
0493
0496
0501
0507
0509
0515
0520
0523
0528
0536
0569
0625
0682
0704
0725
0749
0774
0793
0814
0844
0863
0874
0887
0901
0922
0954
0998
1017
1027
1035
1043
1046
1043
1041
1033
1027
1017
1006
0992
0979
0965
0949
0930
0903
0887
0868
0841
0828
0820
0814
0809
0809
0811
0814
0820
0822
0825
0828
0830
0836
0838
0841
0841
0838
0836
0836
0833
0830
0828
0825
0820
0811
0798
0785
0779
0771
0763
0758
0752
0747
0741
0736
0728
0722
0717
0712
0706
0695
0682
0669
0663
0660
0660
0660
0660
0660
0658
0658
0658
0655
0652
0652
0650
0647
0644
0642
0639
0636
0633
0631
0625
0615
0604
0598
0601
0615
0628
0642
0650
0658
0666
0674
0679
0685
0690
0698
0739
0855
1049
1324
1669
2077
2503
2905
3196
3291
3129
2703
2082
1373
0714
0267
0140
0140
0258
0366
0418
0437
0442
0437
0420
0404
0383
0369
0366
0361
0358
0356
0353
0353
0350
0350
0350
0353
0356
0361
0369
0377
0396
0434
0453
0461
0466
0472
0474
0480
0482
0485
0488
0493
0496
0499
0504
0507
0512
0517
0526
0534
0547
0563
0577
0588
0598
0606
0615
0623
0628
0633
0636
0639
0642
0647
0652
0663
0690
0720
0744
0771
0811
0855
0884
0906
0917
0925
0930
0930
0911
0892
0871
0844
0820
0801
0787
0774
0763
0755
0747
0744
0747
0752
0760
0768
0779
0793
0803
0811
0820
0825
0828
0830
0833
0836
0838
0838
0838
0836
0833
0830
0828
0820
0814
0806
0790
0752
0739
0733
0731
0725
0720
0717
0717
0714
0712
0712
0712
0709
0709
0712
0712
0712
0712
0712
0709
0709
0706
0706
0706
0706
0704
0701
0701
0698
0698
0695
0693
0690
0687
0685
0682
0679
0677
0674
0669
0666
0663
0663
0666
0671
0682
0690
0706
0733
0752
0795
0879
1014
1213
1494
1847
2271
2738
3199
3547
3676
3512
3059
2392
1634
0979
0582
0485
0482
0563
0593
0604
0577
0496
0410
0361
0345
0337
0331
0331
0334
0337
0342
0347
0356
0358
0361
0364
0366
0369
0369
0372
0374
0377
0380
0385
0388
0391
0396
0399
0401
0404
0407
0410
0415
0420
0423
0428
0434
0439
0447
0453
0458
0466
0472
0480
0485
0493
0507
0531
0550
0563
0577
0588
0601
0612
0623
0636
0652
0669
0685
0709
0752
0793
0820
0841
0868
0901
0917
0925
0933
0933
0930
0922
0914
0906
0895
0884
0879
0874
0868
0860
0855
0855
0860
0868
0874
0882
0884
0887
0890
0887
0882
0874
0863
0857
0855
0849
0841
0836
0833
0828
0820
0814
0809
0803
0801
0798
0795
0793
0790
0790
0787
0785
0785
0782
0779
0776
0776
0774
0774
0774
0774
0771
0771
0771
0768
0768
0766
0766
0766
0763
0763
0763
0760
0760
0758
0755
0749
0747
0741
0739
0733
0731
0728
0725
0722
0720
0720
0717
0714
0709
0706
0701
0701
0701
0701
0706
0712
0717
0725
0739
0755
0776
0841
0938
1087
1302
1605
2004
2498
3034
3531
3898
4019
3825
3301
2549
1748
1089
0682
0544
0499
0507
0523
0509
0458
0418
0396
0385
0377
0366
0356
0347
0342
0337
0334
0329
0326
0323
0323
0321
0321
0321
0321
0323
0329
0334
0339
0347
0356
0364
0372
0385
0396
0412
0426
0431
0437
0442
0447
0453
0458
0461
0466
0469
0474
0480
0485
0488
0493
0496
0504
0515
0523
0531
0536
0544
0553
0563
0579
0596
0617
0652
0698
0733
0755
0774
0787
0833
0901
0938
0960
0971
0981
0984
0987
0981
0973
0963
0946
0925
0892
0874
0857
0841
0830
0825
0820
0814
0811
0806
0806
0803
0803
0801
0798
0795
0793
0793
0790
0785
0782
0779
0779
0785
0793
0798
0806
0811
0817
0822
0822
0817
0811
0803
0798
0795
0793
0790
0787
0782
0776
0771
0766
0758
0752
0749
0747
0741
0739
0733
0728
0725
0720
0714
0706
0701
0695
0690
0687
0682
0674
0660
0636
0623
0615
0606
0604
0612
0628
0658
0695
0720
0731
0741
0749
0758
0763
0771
0793
0830
0906
1030
1216
1464
1788
2209
2721
3261
3722
3952
3941
3649
3005
2193
1402
0809
0499
0439
0445
0493
0520
0499
0437
0353
0326
0318
0312
0310
0307
0307
0307
0307
0310
0312
0315
0321
0326
0334
0339
0347
0353
0361
0369
0374
0377
0380
0383
0385
0388
0393
0396
0401
0407
0412
0420
0426
0434
0445
0466
0482
0496
0507
0517
0526
0531
0534
0534
0531
0528
0526
0520
0517
0517
0523
0536
0577
0636
0701
0733
0766
0801
0838
0876
0917
0957
0992
1019
1043
1062
1081
1081
1062
1035
1000
0971
0949
0922
0884
0841
0817
0809
0798
0793
0787
0785
0785
0787
0790
0793
0798
0801
0806
0809
0811
0817
0820
0820
0820
0820
0817
0814
0811
0809
0806
0806
0803
0801
0801
0801
0798
0795
0793
0790
0785
0782
0782
0779
0776
0774
0771
0768
0763
0760
0752
0747
0736
0728
0717
0709
0701
0690
0682
0677
0674
0671
0671
0671
0669
0669
0666
0666
0666
0671
0679
0690
0695
0706
0722
0736
0747
0755
0760
0766
0774
0779
0787
0793
0806
0849
0917
1025
1178
1383
1659
2012
2433
2886
3323
3657
3771
3563
3034
2287
1489
0809
0383
0231
0294
0445
0531
0534
0463
0377
0337
0315
0307
0299
0288
0280
0272
0261
0248
0240
0250
0269
0285
0304
0318
0329
0334
0337
0339
0342
0345
0350
0353
0356
0358
0358
0361
0364
0364
0364
0364
0364
0364
0366
0369
0372
0374
0380
0385
0393
0401
0412
0428
0447
0472
0496
0520
0542
0571
0612
0650
0677
0693
0714
0749
0793
0833
0874
0914
0938
0952
0963
0968
0963
0954
0944
0927
0909
0895
0887
0882
0876
0868
0860
0855
0844
0825
0790
0774
0763
0755
0752
0752
0755
0758
0758
0755
0755
0758
0758
0760
0763
0766
0771
0776
0782
0787
0790
0795
0801
0811
0820
0822
0820
0809
0798
0782
0760
0741
0717
0693
0690
0685
0685
0682
0677
0674
0674
0671
0669
0663
0658
0652
0647
0644
0639
0633
0628
0620
0615
0612
0615
0620
0628
0636
0644
0652
0669
0685
0695
0709
0717
0725
0731
0736
0741
0744
0744
0741
0736
0728
0720
0712
0706
0698
0693
0690
0687
0685
0682
0679
0674
0671
0669
0666
0663
0663
0663
0663
0660
0660
0663
0663
0663
0663
0663
0663
0663
0663
0663
0663
0660
0660
0669
0679
0685
0693
0698
0701
0695
0687
0679
0666
0652
0639
0625
0612
0598
0598
0625
0693
0806
0968
1186
1478
1837
2255
2694
3094
3380
3471
3307
2832
2093
1270
0566
0124
0000
0005
0159
0323
0391
0412
0388
0361
0337
0337
0358
0380
0401
0410
0415
0418
0420
0423
0426
0428
0428
0423
0418
0415
0410
0407
0401
0396
0393
0393
0396
0401
0410
0418
0426
0434
0442
0450
0461
0469
0477
0485
0496
0504
0517
0526
0534
0539
0547
0566
0601
0628
0644
0666
0690
0725
0768
0803
0844
0876
0895
0914
0927
0941
0954
0965
0973
0984
1003
1041
1068
1084
1092
1092
1084
1068
1043
1008
0984
0965
0938
0925
0917
0911
0906
0901
0895
0890
0887
0882
0879
0874
0871
0868
0868
0865
0863
0863
0860
0857
0852
0849
0849
0847
0844
0841
0838
0836
0833
0833
0830
0828
0822
0820
0814
0811
0803
0795
0787
0779
0774
0768
0763
0758
0749
0739
0722
0706
0690
0679
0671
0666
0660
0655
0655
0655
0655
0658
0660
0663
0666
0669
0674
0677
0682
0690
0693
0693
0687
0677
0669
0663
0655
0650
0642
0636
0628
0623
0615
0609
0604
0598
0593
0585
0577
0571
0569
0571
0577
0585
0596
0612
0642
0666
0695
0741
0787
0838
0938
1089
1305
1596
1966
2392
2840
3247
3547
3641
3442
2961
2290
1580
0946
0501
0329
0312
0401
0482
0507
0477
0442
0418
0399
0385
0374
0364
0356
0353
0350
0347
0345
0342
0342
0342
0345
0353
0366
0377
0383
0385
0391
0396
0399
0404
0407
0410
0412
0418
0420
0423
0426
0428
0428
0431
0431
0434
0437
0439
0442
0447
0453
0458
0466
0474
0485
0493
0507
0523
0550
0571
0593
0609
0620
0631
0639
0652
0663
0674
0690
0717
0766
0806
0833
0855
0879
0906
0919
0927
0933
0936
0938
0938
0933
0927
0917
0909
0901
0884
0868
0855
0841
0825
0803
0787
0779
0774
0766
0760
0760
0760
0768
0776
0785
0793
0798
0806
0817
0822
0825
0822
0814
0803
0798
0793
0793
0787
0785
0779
0776
0774
0771
0768
0766
0760
0758
0755
0755
0755
0758
0758
0755
0755
0755
0755
0752
0749
0747
0741
0739
0736
0733
0728
0722
0714
0706
0698
0685
0674
0679
0690
0720
0811
0965
1189
1499
1901
2357
2829
3261
3574
3660
3425
2916
2260
1618
1097
0774
0690
0666
0644
0623
0555
0437
0372
0350
0339
0334
0329
0323
0323
0321
0318
0318
0321
0323
0326
0329
0329
0334
0337
0342
0350
0358
0364
0366
0369
0374
0374
0377
0377
0377
0380
0380
0377
0377
0374
0372
0369
0366
0364
0364
0380
0391
0399
0407
0418
0428
0439
0450
0458
0469
0480
0485
0493
0504
0520
0544
0571
0609
0650
0690
0720
0749
0782
0814
0833
0838
0838
0841
0841
0844
0844
0844
0844
0844
0844
0841
0841
0841
0838
0833
0830
0830
0828
0828
0822
0817
0811
0806
0803
0798
0790
0779
0771
0768
0768
0768
0771
0771
0771
0774
0774
0776
0779
0782
0782
0782
0782
0779
0776
0771
0763
0755
0747
0733
0709
0698
0693
0690
0685
0682
0685
0690
0690
0693
0695
0695
0698
0704
0706
0706
0709
0709
0709
0709
0709
0706
0698
0693
0687
0682
0677
0671
0658
0644
0633
0623
0615
0604
0598
0604
0617
0633
0655
0674
0690
0698
0712
0722
0736
0785
0865
1008
1230
1534
1923
2379
2881
3372
3755
3927
3790
3336
2619
1807
1089
0615
0399
0364
0356
0350
0347
0342
0337
0334
0331
0326
0315
0280
0221
0196
0178
0180
0223
0294
0377
0466
0550
