0776
0771
0763
0754
0746
0737
0733
0728
0724
0716
0707
0698
0690
0673
0651
0626
0600
0578
0561
0553
0553
0561
0570
0587
0604
0626
0643
0664
0681
0703
0728
0758
0784
0814
0840
0866
0896
0926
0964
1007
1037
1067
1093
1106
1119
1132
1144
1153
1166
1174
1183
1192
1196
1200
1200
1200
1200
1200
1200
1200
1200
1196
1192
1183
1174
1166
1162
1153
1140
1127
1119
1110
1102
1093
1084
1071
1054
1037
1024
1007
0994
0981
0969
0964
0960
0960
0964
0964
0960
0960
0951
0934
0917
0939
0977
0994
1007
1024
1037
1050
1063
1076
1089
1093
1093
1089
1080
1071
1063
1050
1041
1033
1029
1029
1029
1033
1033
1033
1029
1029
1024
1020
1020
1016
1016
1016
1020
1024
1029
1029
1029
1033
1029
1020
1007
0994
0981
0969
0960
0947
0921
0861
0831
0818
0806
0797
0788
0780
0776
0767
0763
0763
0763
0767
0771
0780
0784
0793
0797
0806
0810
0814
0818
0823
0827
0836
0844
0857
0870
0879
0879
0879
0870
0857
0849
0844
0836
0831
0823
0814
0806
0793
0784
0776
0767
0754
0741
0728
0716
0707
0698
0681
0660
0638
0613
0591
0574
0561
0553
0553
0557
0561
0574
0587
0604
0626
0651
0681
0754
0883
1054
1286
1586
1929
2281
2624
2932
3177
3263
3263
3190
2988
2679
2319
1933
1577
1307
1140
1046
0994
0960
0939
0921
0909
0900
0891
0883
0874
0870
0861
0857
0849
0840
0836
0823
0810
0793
0780
0763
0746
0733
0711
0690
0668
0651
0634
0630
0626
0630
0634
0651
0668
0694
0724
0780
0896
0977
1024
1059
1080
1093
1106
1110
1119
1123
1132
1136
1136
1140
1140
1136
1127
1110
1093
1067
1046
1020
0994
0951
0909
0870
0840
0814
0797
0784
0771
0750
0720
0690
0656
0630
0604
0583
0557
0535
0514
0501
0493
0488
0488
0497
0510
0527
0548
0570
0591
0613
0638
0664
0690
0720
0741
0763
0784
0806
0827
0840
0853
0861
0870
0883
0891
0896
0904
0909
0921
0934
0947
0960
0969
0981
0990
0999
1007
1020
1041
1067
1080
1080
1059
1024
0994
0973
0947
0921
0900
0883
0874
0874
0879
0887
0896
0904
0926
0921
0870
0840
0818
0797
0784
0780
0780
0784
0797
0814
0827
0836
0849
0861
0874
0883
0887
0896
0900
0904
0904
0900
0891
0883
0870
0857
0844
0827
0810
0788
0767
0741
0716
0690
0668
0656
0643
0634
0630
0621
0617
0604
0596
0587
0583
0583
0583
0578
0578
0578
0583
0587
0591
0596
0600
0600
0600
0608
0613
0621
0626
0634
0638
0643
0651
0656
0660
0660
0660
0656
0656
0656
0656
0660
0664
0668
0668
0668
0664
0656
0647
0643
0634
0626
0621
0617
0613
0608
0613
0613
0613
0613
0608
0604
0596
0591
0591
0604
0626
0656
0681
0711
0746
0780
0801
0818
0831
0840
0844
0853
0857
0866
0870
0874
0874
0870
0866
0857
0849
0840
0831
0827
0818
0810
0801
0788
0780
0776
0767
0758
0746
0733
0720
0716
0720
0724
0733
0737
0746
0754
0763
0771
0780
0788
0801
0810
0827
0840
0849
0857
0861
0874
0891
0909
0926
0943
0956
0960
0960
0951
0943
0930
0913
0891
0874
0861
0849
0840
0827
0823
0814
0810
0801
0797
0793
0784
0780
0776
0771
0767
0767
0767
0771
0780
0780
0784
0793
0801
0806
0810
0810
0810
0810
0806
0806
0801
0806
0810
0818
0831
0840
0849
0861
0874
0887
0900
0913
0921
0930
0939
0943
0947
0947
0943
0930
0917
0896
0870
0844
0840
0853
0866
0870
0870
0870
0874
0879
0887
0891
0891
0891
0891
0887
0883
0879
0874
0874
0870
0866
0861
0857
0857
0857
0857
0861
0866
0870
0874
0879
0887
0896
0909
0921
0939
0956
0973
1110
1324
1612
1993
2461
2980
3486
3842
3897
3790
3327
2637
1860
1209
0784
0668
0630
0664
0716
0746
0681
0574
0497
0484
0480
0480
0484
0484
0484
0480
0480
0475
0471
0471
0471
0471
0475
0475
0480
0484
0488
0488
0488
0488
0488
0488
0488
0484
0484
0484
0488
0497
0505
0514
0523
0527
0535
0544
0548
0553
0553
0566
0578
0596
0600
0591
0566
0535
0514
0501
0488
0475
0463
0450
0441
0433
0428
0424
0420
0420
0420
0420
0420
0424
0428
0433
0437
0441
0450
0463
0471
0484
0493
0501
0510
0518
0531
0540
0548
0561
0578
0604
0630
0660
0686
0707
0733
0763
0788
0827
0891
0921
0921
0926
0926
0926
0926
0921
0921
0917
0913
0904
0891
0879
0866
0853
0849
0840
0831
0823
0814
0810
0810
0810
0810
0814
0814
0818
0818
0827
0831
0836
0836
0836
0836
0831
0836
0836
0836
0840
0840
0844
0849
0857
0866
0870
0879
0883
0883
0887
0891
0896
0900
0904
0904
0909
0917
0926
0934
0943
0947
0951
0951
0956
0956
0956
0956
0951
0947
0943
0943
0947
0951
0956
0960
0969
0973
0977
0981
0981
0981
0981
0986
0986
0990
0994
1003
1016
1029
1037
1041
1041
1041
1041
1037
1033
1024
1016
1007
0999
0999
0999
0994
0994
0990
0990
0994
1011
1041
1067
1084
1093
1102
1114
1123
1136
1149
1157
1157
1157
1162
1162
1166
1166
1166
1162
1157
1157
1153
1153
1149
1144
1136
1132
1127
1123
1119
1110
1102
1097
1093
1089
1089
1089
1089
1084
1084
1080
1076
1067
1059
1050
1041
1041
1046
1054
1071
1089
1106
1123
1144
1170
1200
1230
1282
1440
1680
1985
2336
2722
3113
3447
3589
3640
3533
3194
2649
2006
1363
0849
0604
0523
0613
0690
0741
0776
0784
0780
0780
0780
0780
0780
0780
0780
0780
0780
0780
0780
0780
0784
0784
0784
0784
0780
0780
0784
0784
0784
0784
0784
0788
0788
0793
0793
0788
0784
0784
0780
0780
0776
0767
0758
0746
0733
0724
0711
0703
0673
0634
0591
0540
0505
0471
0441
0411
0385
0364
0343
0325
0317
0304
0291
0278
0274
0265
0261
0257
0252
0248
0244
0240
0240
0240
0244
0240
0240
0240
0244
0248
0252
0257
0261
0265
0270
0274
0278
0278
0278
0278
0278
0278
0274
0270
0261
0252
0240
0231
0222
0210
0197
0188
0175
0167
0158
0154
0154
0154
0162
0175
0192
0210
0227
0244
0261
0295
0330
0343
0347
0351
0355
0364
0368
0377
0377
0377
0373
0364
0360
0355
0351
0347
0343
0338
0338
0343
0343
0347
0347
0347
0343
0343
0343
0343
0338
0334
0330
0325
0321
0317
0313
0308
0304
0295
0287
0278
0270
0261
0252
0248
0248
0248
0252
0261
0278
0295
0308
0321
0330
0338
0347
0351
0360
0368
0377
0385
0394
0403
0407
0411
0407
0403
0398
0390
0385
0381
0373
0368
0364
0364
0360
0360
0355
0351
0347
0347
0347
0347
0351
0355
0360
0368
0385
0394
0373
0334
0317
0308
0295
0287
0274
0265
0252
0244
0235
0231
0235
0240
0248
0257
0270
0283
0295
0308
0321
0325
0334
0338
0347
0355
0364
0373
0385
0394
0407
0420
0437
0454
0467
0488
0510
0553
0596
0626
0656
0698
0754
0801
0930
1123
1397
1762
2212
2709
3181
3541
3640
3589
3224
2607
1890
1243
0793
0660
0617
0638
0664
0686
0677
0656
0638
0617
0617
0630
0638
0651
0664
0664
0660
0656
0647
0643
0643
0668
0716
0741
0754
0767
0780
0788
0797
0801
0806
0801
0797
0793
0788
0784
0780
0776
0771
0767
0767
0771
0780
0788
0801
0814
0823
0836
0853
0866
0874
0883
0883
0883
0879
0870
0866
0861
0853
0840
0827
0836
0857
0866
0870
0879
0883
0887
0891
0896
0904
0913
0921
0926
0934
0939
0947
0951
0964
0977
1003
1050
1080
1102
1114
1127
1132
1132
1127
1119
1110
1102
1093
1084
1076
1071
1071
1076
1089
1097
1110
1132
1144
1149
1132
1114
1110
1102
1097
1093
1089
1080
1071
1063
1059
1054
1054
1054
1054
1059
1063
1067
1076
1084
1089
1097
1106
1110
1119
1136
1179
1209
1234
1256
1269
1252
1222
1200
1187
1174
1166
1153
1144
1136
1123
1114
1106
1093
1071
1046
1016
0973
0934
0921
0913
0913
0909
0904
0904
0900
0891
0887
0883
0874
0870
0861
0844
0788
0737
0694
0664
0647
0634
0621
0613
0617
0634
0656
0673
0694
0716
0737
0754
0776
0793
0814
0840
0866
0891
0947
0994
1003
1011
1020
1024
1016
0999
0977
0939
0874
0810
0780
0814
0853
0879
0900
0917
0934
0960
0999
1029
1046
1024
1007
0999
0990
0981
0981
0990
1003
1020
1029
1041
1054
1059
1054
1046
1029
0999
0934
0891
0866
0849
0836
0827
0831
0840
0857
0883
0939
0999
1024
1046
1024
1016
1011
1011
1011
1007
1003
0999
0994
0990
0986
0981
0977
0969
0960
0934
0900
0891
0887
0879
0874
0870
0861
0853
0849
0840
0836
0831
0831
0831
0836
0836
0836
0844
0853
0861
0879
0896
0909
0930
0951
0969
0977
0986
0994
1007
1024
1041
1063
1127
1243
1410
1625
1903
2234
2619
3057
3511
3910
4094
4082
3811
3241
2525
1796
1196
0806
0698
0720
0810
0866
0861
0797
0694
0634
0617
0604
0630
0643
0656
0660
0664
0664
0668
0673
0681
0694
0707
0716
0724
0733
0746
0758
0771
0776
0780
0780
0784
0788
0793
0801
0806
0810
0806
0801
0801
0797
0793
0788
0784
0780
0771
0758
0746
0728
0716
0690
0664
0638
0617
0604
0591
0578
0566
0557
0544
0535
0531
0527
0523
0518
0510
0501
0480
0484
0523
0561
0604
0634
0664
0698
0746
0771
0784
0797
0810
0827
0844
0857
0866
0879
0896
0930
0981
1024
1046
1059
1071
1080
1089
1097
1097
1093
1080
1071
1063
1054
1046
1033
1024
1011
1007
1003
0999
0999
0994
0986
0981
0981
0986
0994
1003
1011
1016
1016
1020
1029
1037
1046
1050
1054
1059
1063
1067
1071
1076
1076
1071
1067
1067
1063
1059
1054
1050
1046
1041
1037
1037
1033
1024
0999
0977
0969
0977
0999
1016
1024
1029
1033
1037
1041
1046
1054
1059
1063
1071
1080
1084
1084
1084
1084
1084
1080
1076
1071
1067
1059
1054
1050
1050
1041
1029
1011
0977
0909
0870
0840
0840
0857
0866
0870
0874
0883
0883
0887
0887
0883
0883
0883
0879
0870
0861
0857
0853
0849
0844
0840
0836
0831
0827
0823
0823
0823
0827
0831
0836
0840
0849
0853
0857
0866
0879
0887
0891
0896
0896
0891
0891
0887
0874
0861
0849
0831
0818
0806
0788
0767
0741
0724
0711
0703
0698
0690
0686
0677
0673
0668
0668
0668
0673
0681
0694
0707
0720
0733
0746
0758
0776
0788
0801
0810
0806
0801
0797
0793
0788
0784
0780
0771
0763
0758
0750
0746
0733
0724
0711
0698
0690
0681
0677
0664
0651
0638
0626
0621
0621
0626
0630
0634
0643
0651
0668
0681
0690
0681
0668
0647
0630
0600
0604
0651
0758
0934
1179
1479
1839
2268
2727
3173
3546
3726
3717
3498
2992
2315
1607
0994
0570
0390
0330
0385
0475
0578
0651
0707
0711
0673
0617
0535
0484
0450
0433
0433
0458
0488
0510
0531
0553
0566
0566
0553
0535
0518
0505
0493
0475
0463
0454
0458
0467
0484
0501
0514
0527
0544
0561
0583
0600
0617
0634
0647
0660
0681
0698
0711
0716
0703
0690
0673
0660
0651
0643
0630
0621
0613
0613
0617
0621
0630
0634
0643
0647
0656
0668
0677
0677
0677
0673
0664
0656
0643
0630
0617
0596
0574
0561
0566
0587
0613
0634
0651
0664
0681
0694
0711
0728
0746
0758
0771
0780
0797
0810
0823
0831
0844
0857
0874
0887
0891
0891
0883
0870
0861
0853
0844
0836
0823
0806
0793
0784
0784
0788
0793
0801
0806
0818
0831
0849
0870
0879
0861
0836
0806
0793
0784
0776
0763
0750
0737
0728
0724
0720
0720
0724
0728
0737
0750
0758
0771
0780
0788
0797
0806
0818
0831
0840
0844
0844
0836
0827
0823
0814
0810
0801
0793
0780
0776
0763
0758
0754
0754
0750
0750
0746
0746
0750
0750
0746
0741
0737
0733
0728
0724
0720
0720
0716
0711
0711
0711
0716
0716
0711
0711
0716
0716
0720
0724
0724
0724
0724
0724
0724
0724
0724
0728
0733
0741
0750
0758
0758
0763
0763
0767
0767
0767
0767
0763
0763
0758
0758
0758
0758
0763
0767
0771
0776
0780
0780
0780
0780
0780
0776
0776
0771
0771
0771
0771
0776
0780
0780
0784
0788
0788
0788
0788
0788
0793
0797
0806
0823
0840
0840
0827
0810
0797
0784
0776
0763
0758
0767
0776
0784
0793
0793
0797
0806
0814
0823
0827
0836
0840
0849
0857
0866
0866
0866
0857
0853
0844
0840
0836
0823
0814
0806
0801
0793
0784
0780
0771
0758
0746
0733
0724
0711
0698
0686
0681
0681
0686
0694
0703
0711
0724
0737
0754
0771
0784
0806
0827
0849
0857
0866
0870
0874
0879
0891
0900
0896
0879
0857
0844
0831
0827
0818
0810
0801
0797
0793
0788
0793
0793
0801
0810
0823
0836
0853
0887
0969
1067
1170
1376
1646
2011
2461
2958
3438
3833
3932
3859
3408
2675
1830
1059
0531
0373
0385
0608
0780
0840
0780
0600
0493
0454
0433
0437
0463
0493
0510
0523
0527
0535
0544
0557
0566
0574
0578
0587
0591
0600
0608
0613
0626
0656
0660
0634
0604
0574
0574
0608
0630
0651
0668
0681
0681
0677
0664
0651
0643
0638
0626
0608
0596
0587
0587
0591
0591
0591
0587
0587
0587
0587
0591
0591
0591
0591
0591
0591
0591
0591
0591
0591
0591
0591
0591
0596
0604
0613
0621
0630
0638
0647
0660
0677
0698
0716
0733
0750
0771
0793
0823
0866
0909
0986
1054
1076
1084
1097
1110
1114
1119
1119
1123
1127
1132
1132
1127
1119
1110
1106
1102
1097
1093
1084
1071
1063
1050
1046
1033
1016
0999
0990
0981
0973
0969
0969
0964
0956
0951
0947
0947
0947
0956
0964
0977
0986
0990
0999
1011
1020
1029
1037
1041
1046
1046
1046
1050
1050
1054
1054
1050
1046
1046
1041
1037
1033
1020
1007
0994
0986
0973
0964
0947
0921
0896
0870
0844
0818
0793
0754
0728
0733
0746
0754
0767
0776
0780
0780
0771
0758
0741
0724
0716
0707
0690
0673
0660
0651
0647
0643
0638
0638
0643
0647
0664
0681
0698
0716
0733
0750
0767
0793
0823
0853
0870
0883
0896
0904
0913
0921
0926
0934
0943
0947
0951
0951
0947
0947
0947
0947
0943
0934
0926
0917
0909
0904
0896
0883
0866
0849
0831
0818
0806
0797
0780
0767
0754
0746
0737
0733
0724
0720
0711
0703
0698
0698
0698
0698
0694
0694
0698
0711
0724
0737
0754
0767
0780
0806
0840
0861
0891
0977
1140
1389
1753
2212
2722
3211
3597
3751
3730
3468
2975
2341
1676
1102
0698
0600
0561
0638
0698
0733
0758
0780
0784
0776
0750
0720
0690
0668
0638
0608
0578
0570
0574
0587
0604
0617
0621
0621
0621
0630
0638
0651
0660
0668
0677
0686
0690
0694
0694
0690
0681
0673
0660
0647
0638
0626
0613
0600
0591
0578
0570
0561
0548
0535
0518
0501
0480
0463
0450
0437
0433
0428
0424
0420
0420
0420
0420
0420
0420
0411
0407
0398
0394
0394
0403
0424
0445
0463
0480
0497
0514
0531
0548
0561
0578
0591
0604
0621
0643
0673
0707
0750
0793
0840
0887
0926
0947
0964
0994
1033
1050
1067
1080
1067
0999
0964
0943
0921
0904
0887
0879
0870
0866
0866
0866
0874
0879
0891
0909
0926
0947
0964
0981
1003
1029
1054
1071
1076
1084
1084
1084
1089
1089
1097
1097
1097
1093
1084
1071
1067
1063
1059
1059
1054
1046
1041
1037
1033
1024
1016
1003
0990
0981
0969
0956
0943
0921
0870
0849
0844
0844
0840
0836
0831
0827
0823
0823
0818
0823
0823
0823
0827
0827
0831
0831
0831
0827
0827
0823
0818
0814
0814
0810
0810
0810
0810
0810
0810
0806
0806
0801
0801
0797
0793
0788
0784
0780
0780
0776
0767
0758
0746
0737
0728
0716
0703
0690
0677
0664
0660
0651
0651
0651
0656
0660
0664
0668
0673
0677
0681
0681
0686
0690
0698
0707
0716
0724
0733
0741
0750
0758
0767
0780
0797
0844
0956
1153
1393
1698
2066
2478
2881
3190
3306
3297
3113
2727
2208
1607
0969
0398
0098
0000
0051
0214
0364
0398
0424
0441
0454
0471
0484
0497
0505
0518
0523
0531
0544
0557
0574
0587
0596
0596
0596
0591
0587
0587
0583
0578
0578
0578
0578
0583
0587
0587
0591
0596
0596
0600
0591
0570
0544
0518
0501
0488
0471
0458
0445
0433
0424
0415
0411
0403
0398
0398
0403
0407
0415
0424
0437
0454
0467
0484
0497
0514
0527
0553
0578
0600
0608
0608
0613
0617
0621
0621
0626
0630
0643
0664
0681
0690
0698
0703
0711
0720
0728
0737
0741
0750
0758
0771
0780
0793
0823
0887
0913
0926
0939
0943
0947
0947
0939
0930
0921
0913
0904
0891
0879
0866
0857
0853
0857
0870
0883
0900
0921
0951
0973
0964
0943
0930
0917
0904
0896
0891
0896
0900
0913
0921
0934
0960
0956
0913
0844
0780
0750
0728
0711
0707
0707
0720
0737
0767
0818
0874
0887
0904
0900
0874
0853
0836
0814
0793
0776
0763
0746
0733
0720
0711
0703
0703
0698
0698
0698
0698
0694
0694
0694
0698
0698
0694
0694
0694
0694
0703
0711
0720
0724
0737
0746
0763
0788
0823
0857
0960
1114
1333
1616
1972
2392
2851
3275
3580
3670
3627
3310
2748
2062
1406
0900
0608
0523
0531
0617
0677
0707
0728
0741
0724
0690
0647
0596
0583
0574
0561
0557
0561
0574
0583
0600
0596
0566
0540
0514
0501
0527
0566
0591
0617
0638
0647
0647
0638
0621
0600
0557
0505
0488
0471
0475
0527
0583
0638
0686
0707
0720
0733
0746
0754
0758
0767
0771
0771
0771
0776
0776
0776
0780
0788
0780
0728
0681
0643
0613
0600
0591
0578
0566
0570
0613
0651
0681
0707
0728
0741
0750
0763
0771
0780
0797
0818
0840
0853
0866
0874
0887
0896
0909
0917
0930
0939
0951
0960
0969
0973
0981
0986
0994
0999
1007
1011
1020
1024
1029
1033
1033
1033
1029
1024
1016
1011
1007
0999
0994
0986
0981
0973
0964
0943
0921
0921
0930
0947
0956
0960
0969
0973
0977
0977
0973
0964
0951
0939
0926
0913
0896
0874
0857
0849
0840
0831
0827
0823
0814
0806
0801
0797
0797
0793
0793
0797
0801
0806
0814
0827
0840
0849
0861
0874
0896
0917
0926
0930
0934
0939
0947
0951
0956
0956
0943
0930
0917
0900
0891
0896
0904
0913
0926
0921
0883
0844
0801
0776
0754
0733
0720
0720
0737
0758
0771
0780
0784
0793
0801
0810
0814
0818
0823
0827
0827
0831
0831
0827
0827
0827
0831
0836
0836
0823
0806
0793
0784
0780
0771
0767
0771
0780
0793
0810
0823
0840
0857
0866
0861
0849
0836
0823
0810
0793
0771
0750
0737
0720
0707
0694
0681
0677
0677
0677
0677
0673
0668
0673
0673
0677
0677
0677
0673
0673
0677
0690
0703
0711
0720
0724
0737
0746
0758
0763
0763
0763
0763
0758
0758
0754
0746
0737
0733
0737
0750
0763
0780
0780
0780
0767
0763
0758
0754
0754
0750
0741
0737
0728
0716
0707
0694
0686
0673
0656
0638
0626
0613
0600
0591
0578
0570
0561
0561
0566
0574
0587
0600
0617
0634
0643
0651
0664
0673
0681
0690
0698
0703
0707
0716
0728
0746
0767
0788
0806
0827
0840
0836
0827
0823
0814
0810
0810
0814
0823
0831
0840
0849
0849
0831
0801
0771
0728
0724
0711
0703
0703
0716
0720
0724
0728
0733
0733
0733
0737
0741
0750
0754
0758
0763
0767
0771
0776
0784
0793
0806
0818
0836
0857
0891
0921
0964
1020
1110
1239
1419
1698
2101
2607
3151
3623
3893
3910
3717
3220
2581
1921
1354
0951
0711
0630
0643
0707
0741
0741
0694
0626
0548
0514
0497
0484
0475
0467
0458
0454
0441
0433
0420
0398
0385
0403
0437
0484
0557
0591
0608
0621
0634
0643
0643
0643
0634
0626
0617
0608
0591
0578
0583
0587
0596
0600
0604
0596
0574
0557
0544
0527
0501
0480
0463
0450
0437
0428
0420
0415
0411
0415
0420
0424
0433
0441
0450
0463
0488
0514
0544
0570
0591
0613
0634
0656
0677
0711
0754
0780
0788
0801
0814
0823
0831
0840
0849
0861
0879
0913
0960
0981
0990
0999
1003
1016
1033
1059
1084
1106
1132
1149
1166
1170
1166
1153
1140
1119
1084
1011
0973
0947
0930
0921
0930
0947
0969
0986
1003
1020
1033
1037
1037
1037
1037
1033
1024
1016
1007
1024
1063
1102
1144
1162
1170
1183
1196
1153
1123
1106
1089
1076
1067
1067
1071
1080
1089
1097
1102
1110
1123
1136
1144
1140
1123
1102
1084
1071
1054
1037
1020
0994
0973
0951
0934
0921
0904
0879
0861
0853
0857
0866
0883
0896
0904
0909
0913
0917
0926
0930
0934
0939
0939
0943
0951
0956
0960
0964
0960
0960
0960
0960
0956
0956
0956
0960
0964
0977
0999
0969
0947
0939
0930
0926
0921
0917
0909
0900
0896
0887
0883
0883
0879
0879
0879
0879
0874
0870
0861
0853
0844
0840
0844
0849
0857
0857
0861
0866
0874
0883
0891
0896
0900
0900
0900
0900
0900
0896
0887
0879
0866
0857
0853
0844
0840
0831
0814
0801
0784
0780
0776
0780
0780
0780
0780
0780
0784
0788
0793
0806
0823
0853
0951
1162
1475
1878
2341
2812
3220
3456
3481
3370
3001
2448
1818
1239
0784
0475
0360
0321
0390
0450
0493
0523
0527
0514
0497
0480
0458
0450
0458
0475
0488
0501
0505
0505
0488
0454
0424
0403
0390
0373
0355
0343
0334
0325
0321
0321
0325
0330
0334
0338
0343
0347
0347
0351
0360
0364
0368
0373
0377
0377
0373
0373
0368
0360
0351
0347
0338
0330
0317
0304
0300
0308
0334
0360
0385
0420
0445
0450
0450
0454
0454
0458
0458
0458
0463
0463
0463
0463
0471
0480
0488
0493
0501
0514
0527
0548
0578
0626
0677
0724
0780
0823
0853
0874
0900
0930
0943
0921
0887
0874
0866
0857
0844
0836
0831
0827
0818
0810
0806
0797
0793
0793
0793
0797
0797
0797
0801
0806
0814
0823
0831
0836
0836
0840
0844
0857
0866
0883
0909
0934
0947
0947
0943
0943
0934
0926
0926
0934
0943
0951
0956
0956
0956
0939
0917
0896
0883
0870
0857
0844
0831
0823
0818
0818
0818
0823
0827
0831
0840
0849
0861
0874
0883
0896
0917
0939
0951
0947
0934
0921
0917
0909
0900
0891
0883
0874
0866
0857
0853
0849
0853
0857
0861
0866
0866
0870
0870
0870
0874
0870
0870
0866
0866
0874
0883
0861
0823
0806
0788
0780
0767
0758
0754
0750
0746
0750
0754
0763
0776
0784
0797
0810
0818
0831
0849
0866
0879
0883
0879
0874
0861
0853
0844
0836
0823
0814
0801
0788
0780
0776
0767
0758
0750
0741
0737
0733
0728
0720
0711
0698
0681
0668
0664
0656
0651
0643
0638
0634
0634
0634
0630
0626
0613
0600
0600
0608
0626
0638
0651
0673
0686
0690
0690
0690
0686
0673
0668
0681
0711
0737
0763
0780
0801
0818
0844
0879
0874
0831
0797
0776
0750
0728
0716
0698
0686
0664
0647
0643
0651
0660
0664
0668
0668
0668
0668
0673
0677
0686
0694
0703
0711
0716
0724
0733
0741
0754
0763
0776
0780
0793
0806
0818
0831
0844
0849
0853
0853
0849
0844
0840
0831
0818
0801
0784
0767
0728
0703
0711
0737
0754
0767
0780
0784
0780
0758
0737
0728
0720
0716
0707
0698
0690
0681
0673
0668
0660
0660
0656
0660
0664
0677
0690
0703
0716
0724
0737
0750
0763
0771
0780
0788
0806
0823
0840
0853
0853
0853
0849
0849
0844
0840
0831
0827
0823
0814
0810
0806
0801
0801
0797
0797
0793
0797
0797
0801
0801
0801
0797
0797
0797
0801
0806
0810
0814
0818
0827
0836
0844
0853
0857
0874
0904
0939
0969
1059
1217
1462
1788
2173
2585
2997
3374
3674
3751
3709
3404
2881
2204
1522
0990
0767
0690
0651
0647
0651
0660
0673
0690
0698
0673
0621
0553
0484
0475
0463
0450
0454
0484
0497
0501
0505
0510
0514
0518
0523
0531
0540
0548
0557
0561
0561
0561
0561
0561
0561
0561
0566
0570
0578
0591
0604
0617
0617
0617
0617
0613
0608
0604
0591
0591
0626
0638
0651
0660
0668
0677
0681
0686
0690
0694
0698
0698
0698
0698
0698
0703
0707
0711
0716
0720
0724
0728
0737
0750
0763
0771
0801
0900
0951
0973
0994
1011
1024
1041
1059
1076
1097
1114
1132
1144
1153
1162
1174
1183
1196
1204
1213
1217
1217
1217
1222
1222
1217
1209
1196
1179
1166
1153
1144
1132
1114
1097
1084
1080
1076
1071
1067
1059
1050
1041
1041
1054
1076
1093
1102
1110
1119
1127
1136
1149
1162
1170
1179
1187
1196
1200
1200
1209
1217
1226
1243
1277
1294
1273
1230
1200
1179
1157
1136
1114
1102
1093
1080
1067
1050
1033
1016
1003
0990
0977
0964
0951
0939
0930
0921
0917
0909
0891
0874
0857
0844
0831
0823
0814
0801
0784
0776
0771
0767
0767
0767
0767
0771
0776
0780
0788
0797
0801
0801
0806
0814
0823
0827
0836
0844
0853
0861
0866
0874
0874
0874
0874
0874
0866
0861
0853
0844
0836
0827
0818
0810
0801
0788
0780
0771
0763
0746
0728
0707
0686
0668
0651
0638
0630
0617
0604
0596
0587
0587
0583
0574
0561
0548
0540
0531
0527
0527
0527
0527
0531
0540
0553
0570
0583
0596
0604
0613
0621
0630
0638
0643
0651
0656
0664
0673
0681
0690
0698
0703
0711
0711
0716
0724
0728
0733
0741
0750
0758
0776
0788
0814
0874
0926
0977
1140
1350
1629
1963
2336
2731
3147
3503
3644
3619
3331
2782
2092
1393
0801
0463
0338
0330
0398
0445
0480
0510
0527
0531
0518
0501
0484
0467
0445
0428
0424
0433
0454
0475
0493
0514
0535
0548
0553
0548
0531
0514
0501
0488
0480
0471
0458
0445
0437
0433
0433
0437
0445
0458
0475
0497
0518
0535
0557
0570
0583
0596
0613
0626
0638
0651
0660
0664
0668
0664
0660
0656
0647
0638
0626
0613
0600
0587
0574
0561
0535
0505
0501
0523
0553
0574
0591
0608
0617
0626
0630
0634
0643
0647
0656
0656
0660
0660
0668
0681
0711
0741
0763
0780
0801
0823
0844
0866
0879
0887
0891
0891
0900
0904
0909
0913
0917
0926
0934
0943
0951
0956
0960
0964
0969
0973
0981
0990
1011
1033
1046
1037
1024
1011
1007
1003
1003
0999
0999
0994
0990
0986
0986
0981
0981
0981
0977
0977
0973
0969
0964
0960
0951
0943
0934
0921
0909
0891
0870
0827
0788
0771
0754
0741
0724
0711
0711
0733
0758
0776
0793
0810
0827
0844
0861
0874
0887
0909
0926
0939
0947
0943
0939
0930
0926
0917
0909
0896
0887
0879
0879
0883
0891
0896
0896
0896
0900
0909
0913
0913
0904
0891
0879
0866
0857
0853
0844
0840
0831
0827
0823
0823
0818
0814
0810
0806
0806
0806
0806
0806
0810
0810
0810
0810
0814
0814
0818
0818
0823
0823
0827
0831
0836
0840
0844
0844
0849
0849
0849
0849
0853
0853
0853
0857
0870
0879
0879
0870
0853
0844
0836
0827
0823
0818
0814
0814
0810
0810
0814
0818
0823
0831
0840
0849
0861
0870
0883
0896
0904
0900
0879
0853
0831
0818
0806
0793
0784
0776
0767
0763
0758
0750
0746
0737
0733
0728
0724
0716
0711
0707
0698
0694
0690
0681
0677
0668
0664
0656
0647
0643
0634
0626
0621
0617
0617
0621
0621
0626
0626
0630
0630
0630
0630
0634
0638
0643
0656
0664
0673
0673
0668
0668
0664
0660
0651
0647
0643
0638
0643
0660
0677
0694
0711
0733
0763
0793
0844
0934
1110
1299
1539
1882
2311
2787
3245
3563
3601
3464
3018
2371
1612
0913
0445
0347
0317
0300
0287
0278
0274
0278
0287
0295
0300
0304
0308
0317
0330
0334
0338
0343
0343
0343
0343
0343
0343
0343
0338
0338
0343
0347
0351
0355
0364
0373
0381
0385
0390
0390
0394
0398
0398
0403
0403
0403
0403
0407
0411
0420
0424
0428
0428
0428
0433
0437
0437
0437
0437
0441
0441
0445
0450
0454
0454
0454
0454
0454
0458
0467
0475
0484
0493
0501
0514
0531
0548
0574
0604
0634
0651
0668
0690
0703
0720
0733
0746
0758
0771
0780
0797
0810
0831
0879
0960
0999
1020
1037
1046
1050
1046
1041
1037
1033
1033
1024
1016
1011
1007
1007
1011
1016
1020
1024
1037
1046
1050
1050
1046
1037
1029
1011
1037
1059
1071
1080
1089
1089
1084
1071
1059
1041
1024
0990
0990
1033
1063
1089
1114
1132
1140
1132
1119
1102
1084
1076
1063
1050
1029
1007
0986
0969
0951
0934
0917
0896
0879
0874
0879
0891
0909
0926
0943
0964
0999
1029
1059
1080
1089
1097
1110
1123
1136
1149
1157
1166
1166
1170
1170
1170
1166
1162
1153
1144
1136
1127
1119
1114
1106
1084
1037
1007
0986
0969
0951
0943
0943
0947
0960
0969
0986
0999
0994
0969
0930
0904
0879
0853
0840
0836
0840
0853
0874
0909
0969
1071
1213
1423
1723
2143
2654
3164
3563
3691
3657
3336
2782
2113
1457
0926
0656
0566
0613
0656
0681
0698
0711
0716
0716
0711
0703
0694
0686
0673
0664
0664
0681
0711
0733
0763
0780
0780
0758
0720
0681
0630
0617
0608
0604
0600
0596
0591
0587
0583
0578
0574
0570
0566
0557
0544
0535
0527
0527
0535
0544
0548
0557
0570
0578
0570
0553
0540
0531
0518
0514
0514
0518
0527
0540
0548
0566
0578
0561
0531
0514
0497
0484
0471
0463
0450
0437
0420
0407
0390
0373
0351
0347
0351
0368
0394
0433
0501
0570
0647
0737
0814
0874
0921
0956
0999
1054
1093
1119
1127
1123
1110
1097
1089
1076
1063
1046
1024
1007
0981
0956
0934
0913
0900
0887
0874
0866
0857
0853
0853
0861
0870
0874
0896
0883
0810
0750
0711
0694
0681
0668
0660
0656
0651
0634
0656
0758
0810
0831
0849
0810
0780
0758
0741
0728
0720
0716
0707
0690
0681
0686
0694
0703
0711
0716
0720
0728
0733
0737
0746
0758
0771
0780
0801
0831
0849
0827
0788
0767
0741
0724
0711
0711
0720
0728
0741
0784
0900
1020
1059
1041
0990
0891
0836
0801
0780
0767
0754
0746
0720
0733
0806
0861
0900
0926
0921
0887
0857
0831
0810
0797
0784
0780
0767
0746
0733
0746
0776
0793
0818
0844
0866
0883
0904
0939
0939
0909
0896
0887
0879
0866
0861
0853
0853
0849
0849
0849
0849
0849
0853
0857
0857
0861
0866
0870
0874
0879
0883
0887
0887
0887
0879
0870
0857
0844
0831
0810
0793
0801
0823
0836
0853
0870
0883
0896
0909
0921
0934
0947
0956
0960
0951
0939
0917
0891
0836
0767
0737
0716
0698
0694
0698
0716
0741
0810
0947
1110
1312
1590
1963
2414
2898
3348
3683
3820
3709
3348
2795
2118
1432
0891
0548
0441
0450
0600
0686
0711
0673
0553
0450
0415
0403
0411
0420
0433
0437
0441
0445
0450
0458
0471
0488
0505
0527
0544
0548
0540
0523
0501
0488
0480
0471
0463
0458
0454
0450
0445
0450
0454
0463
0480
0497
0518
0566
0634
0660
0677
0690
0694
0694
0694
0690
0681
0677
0664
0638
0656
0677
0694
0664
0643
0626
0613
0600
0600
0604
0617
0634
0656
0698
0741
0754
0763
0767
0771
0763
0746
0724
0686
0630
0591
0561
0566
0613
0656
0698
0737
0767
0801
0849
0896
0921
0939
0951
0964
0973
0981
0986
0990
0994
0994
0999
1003
1011
1020
1029
1033
1024
1016
1003
0999
0990
0986
0977
0969
0960
0951
0943
0934
0921
0904
0891
0879
0861
0840
0814
0797
0780
0771
0763
0754
0741
0728
0720
0711
0707
0707
0707
0711
0711
0720
0728
0737
0750
0758
0763
0771
0780
0793
0797
0797
0793
0780
0771
0758
0750
0737
0724
0707
0698
0690
0690
0686
0690
0694
0703
0716
0728
0746
0758
0771
0776
0780
0788
0797
0806
0818
0827
0831
0836
0836
0840
0836
0831
0823
0814
0806
0797
0788
0784
0780
0780
0771
0763
0758
0754
0750
0746
0741
0741
0746
0750
0758
0771
0784
0818
0874
0964
1127
1367
1676
2045
2474
2915
3314
3619
3661
3576
3143
2499
1788
1114
0608
0377
0351
0450
0681
0934
1136
1204
1166
1046
0840
0686
0630
0626
0660
0716
0771
0801
0823
0827
0810
0780
0733
0656
0617
0604
0591
0578
0566
0557
0553
0548
0544
0540
0535
0531
0531
0531
0527
0514
0510
0523
0553
0587
0630
0690
0746
0784
0814
0836
0853
0866
0874
0883
0887
0887
0879
0866
0853
0840
0831
0827
0814
0806
0793
0780
0771
0758
0746
0733
0720
0703
0690
0681
0668
0656
0638
0626
0617
0613
0613
0617
0621
0626
0630
0630
0634
0634
0634
0638
0638
0643
0647
0656
0660
0668
0677
0686
0694
0703
0711
0724
0737
0754
0767
0776
0776
0771
0763
0746
0728
0703
0656
0656
0690
0737
0776
0776
0776
0776
0771
0771
0767
0763
0754
0750
0741
0737
0733
0728
0720
0711
0703
0698
0694
0694
0694
0694
0694
0694
0690
0690
0681
0673
0664
0660
0656
0651
0647
0647
0643
0638
0634
0630
0626
0617
0608
0600
0591
0587
0578
0578
0574
0574
0574
0574
0574
0578
0583
0591
0596
0596
0600
0613
0613
0604
0600
0596
0591
0591
0591
0591
0596
0600
0604
0613
0626
0583
0548
0527
0505
0493
0488
0484
0488
0488
0488
0484
0480
0493
0518
0544
0583
0651
0694
0720
0741
0758
0771
0771
0767
0754
0737
0720
0677
0634
0617
0608
0600
0596
0596
0608
0630
0656
0698
0771
0806
0827
0844
0857
0861
0861
0857
0849
0836
0827
0818
0806
0797
0793
0797
0801
0806
0814
0823
0780
0728
0681
0647
0621
0596
0583
0600
0634
0664
0690
0716
0716
0698
0673
0651
0630
0613
0604
0613
0634
0651
0660
0664
0668
0673
0681
0686
0694
0698
0711
0720
0728
0733
0737
0741
0746
0754
0758
0767
0776
0784
0797
0810
0823
0836
0840
0849
0853
0861
0879
0896
0913
0921
0934
0947
0960
0977
0981
0981
0973
0964
0951
0939
0921
0913
0921
0939
0956
0969
0986
1011
1037
1071
1123
1162
1252
1393
1599
1869
2199
2572
2980
3396
3751
3893
3854
3511
2868
2049
1243
0668
0428
0407
0527
0698
0754
0720
0664
0596
0540
0501
0497
0531
0548
0561
0570
0578
0587
0591
0600
0608
0617
0630
0643
0656
0664
0677
0690
0707
0728
0746
0763
0780
0793
0814
0840
0866
0883
0900
0913
0930
0943
0943
0926
0904
0896
0887
0879
0874
0870
0866
0861
0857
0853
0844
0836
0827
0823
0814
0810
0801
0793
0784
0780
0771
0763
0750
0737
0724
0716
0707
0703
0698
0703
0707
0716
0728
0741
0754
0771
0793
0818
0840
0861
0887
0926
0981
1041
1084
1114
1136
1157
1179
1200
1222
1239
1252
1264
1273
1286
1290
1294
1286
1273
1256
1230
1209
1192
1170
1149
1119
1093
1063
1037
1011
0999
0981
0969
0956
0947
0939
0934
0926
0917
0909
0896
0891
0887
0887
0887
0883
0879
0874
0879
0879
0870
0861
0853
0849
0866
0887
0909
0926
0934
0943
0956
0969
0981
0990
0994
0994
0990
0981
0973
0964
0951
0939
0926
0909
0896
0883
0861
0840
0823
0806
0788
0780
0767
0754
0746
0737
0733
0733
0728
0724
0716
0711
0703
0698
0694
0690
0686
0681
0681
0686
0686
0690
0690
0690
0690
0694
0698
0703
0711
0716
0720
0728
0741
0754
0767
0780
0806
0874
0900
0913
0930
0943
0951
0956
0951
0947
0943
0930
0913
0904
0909
0917
0917
0921
0921
0921
0926
0930
0930
0934
0939
0934
0930
0921
0909
0891
0874
0861
0844
0827
0801
0776
0758
0750
0741
0728
0711
0716
0776
0926
1144
1406
1715
2071
2452
2830
3168
3438
3589
3593
3464
3087
2487
1775
1144
0724
0617
0578
0621
0660
0690
0703
0681
0634
0570
0505
0501
0497
0497
0505
0540
0566
0587
0604
0613
0608
0596
0583
0570
0566
0561
0557
0548
0544
0535
0531
0523
0518
0518
0518
0518
0523
0527
0535
0544
0553
0566
0574
0587
0600
0617
0643
0664
0690
0711
0724
0737
0750
0763
0771
0780
0780
0780
0780
0780
0776
0767
0754
0737
0724
0711
0698
0681
0664
0647
0634
0621
0617
0608
0600
0587
0578
0591
0626
0677
0763
0836
0883
0896
0896
0900
0904
0909
0909
0913
0917
0921
0930
0943
0951
0964
0973
0986
1007
1033
1054
1076
1097
1110
1127
1144
1157
1166
1174
1183
1192
1200
1213
1239
1234
1174
1136
1110
1089
1067
1059
1059
1063
1067
1076
1080
1097
1123
1076
1029
0999
0969
0934
0909
0891
0879
0870
0857
0849
0849
0853
0866
0879
0891
0900
0909
0913
0917
0926
0930
0939
0943
0951
0960
0977
0986
0994
1003
1007
1007
1011
1016
1024
1033
1046
1059
1071
1080
1084
1080
1076
1071
1067
1059
1050
1037
1020
1007
0994
0981
0964
0934
0866
0806
0771
0741
0720
0698
0690
0711
0750
0767
0776
0780
0784
0788
0793
0797
0797
0801
0806
0810
0814
0814
0818
0823
0827
0827
0827
0831
0836
0840
0844
0849
0861
0870
0887
0917
0947
0951
0930
0909
0896
0887
0874
0861
0853
0853
0853
0857
0857
0866
0870
0887
0909
0870
0827
0801
0780
0754
0728
0707
0677
0660
0681
0720
0754
0784
0818
0853
0891
0960
1067
1247
1505
1860
2298
2761
3164
3430
3473
3417
3074
2547
1963
1427
0994
0737
0656
0707
0746
0767
0780
0793
0801
0810
0810
0814
0814
0810
0810
0810
0810
0810
0810
0810
0806
0801
0801
0801
0797
0797
0788
0780
0767
0750
0728
0694
0677
0681
0690
0690
0694
0698
0707
0716
0720
0720
0720
0716
0716
0711
0707
0694
0681
0673
0664
0660
0656
0656
0651
0643
0638
0634
0634
0630
0621
0617
0613
0608
0608
0613
0621
0630
0638
0647
0660
0673
0690
0703
0720
0746
0771
0788
0806
0823
0827
0836
0840
0844
0849
0853
0857
0861
0866
0870
0870
0870
0874
0874
0879
0883
0883
0879
0879
0874
0874
0874
0874
0870
0861
0857
0853
0849
0844
0840
0831
0818
0806
0797
0788
0780
0771
0754
0737
0724
0716
0720
0724
0733
0741
0750
0758
0771
0780
0784
0788
0797
0801
0806
0810
0818
0823
0827
0823
0818
0814
0810
0810
0810
0806
0806
0801
0801
0801
0801
0806
0806
0801
0793
0788
0788
0788
0788
0780
0776
0763
0750
0741
0737
0737
0733
0724
0720
0716
0711
0703
0698
0690
0681
0673
0668
0668
0664
0664
0664
0664
0664
0664
0664
0664
0664
0664
0664
0668
0673
0681
0686
0690
0694
0698
0707
0716
0724
0728
0737
0754
0776
0793
0801
0797
0788
0780
0771
0771
0767
0763
0758
0754
0750
0750
0746
0746
0741
0737
0737
0737
0741
0741
0737
0728
0724
0720
0716
0711
0707
0703
0694
0690
0686
0677
0664
0651
0643
0634
0630
0626
0621
0617
0617
0621
0626
0634
0638
0647
0651
0656
0664
0673
0681
0694
0728
0750
0724
0673
0638
0604
0574
0553
0553
0561
0583
0613
0716
0896
1132
1415
1749
2131
2551
2975
3323
3451
3434
3185
2722
2148
1517
0913
0441
0231
0162
0240
0373
0454
0467
0475
0484
0488
0493
0493
0493
0484
0471
0454
0437
0415
0398
0381
0368
0355
0343
0334
0325
0317
0308
0300
0287
0278
0274
0287
0313
0347
0385
0428
0484
0548
0574
0596
0613
0630
0643
0647
0651
0660
0664
0673
0677
0681
0686
0686
0690
0694
0698
0698
0698
0694
0690
0686
0686
0686
0686
0686
0690
0698
0707
0716
0720
0716
0711
0711
0711
0707
0707
0703
0698
0694
0690
0690
0690
0694
0694
0698
0703
0711
0716
0720
0724
0733
0737
0750
0767
0793
0836
0874
0913
0943
0951
0956
0960
0960
0960
0960
0964
0973
0981
0994
1011
1029
1003
0986
0973
0964
0956
0947
0951
0956
0969
0977
0986
0994
0999
1007
1020
1024
1029
1024
1016
0994
0973
0951
0934
0913
0887
0866
0844
0831
0823
0818
0818
0818
0814
0810
0810
0806
0801
0797
0801
0814
0818
0823
0823
0831
0836
0836
0840
0844
0844
0849
0849
0849
0849
0844
0844
0840
0840
0836
0836
0827
0823
0818
0818
0814
0810
0801
0797
0788
0784
0780
0771
0763
0750
0737
0724
0711
0703
0690
0677
0664
0651
0634
0604
0583
0583
0600
0626
0660
0707
0746
0776
0797
0810
0797
0767
0746
0724
0703
0690
0686
0698
0720
0746
0776
0806
0827
0810
0780
0771
0763
0754
0746
0737
0733
0728
0724
0720
0716
0711
0711
0711
0711
0711
0711
0703
0698
0698
0698
0698
0707
0716
0733
0754
0793
0883
1041
1252
1509
1818
2191
2619
3048
3387
3537
3533
3357
2945
2371
1676
0977
0497
0390
0407
0596
0686
0711
0638
0510
0445
0441
0437
0433
0424
0411
0394
0381
0355
0343
0360
0403
0454
0514
0557
0600
0630
0630
0630
0630
0638
0643
0643
0638
0634
0630
0626
0626
0621
0621
0613
0613
0608
0613
0617
0621
0626
0630
0634
0643
0647
0656
0660
0660
0656
0647
0634
0621
0608
0596
0583
0570
0557
0548
0544
0535
0531
0523
0518
0514
0510
0505
0497
0484
0480
0484
0501
0527
0553
0600
0647
0686
0711
0741
0763
0780
0818
0874
0930
1003
1076
1127
1157
1196
1252
1282
1294
1303
1312
1320
1320
1316
1303
1286
1260
1239
1217
1192
1162
1136
1119
1106
1093
1080
1071
1054
1033
1011
0981
0934
0861
0827
0810
0797
0784
0780
0780
0780
0780
0788
0793
0806
0814
0840
0896
0943
0969
0986
1003
1007
1016
1024
1033
1037
1041
1041
1041
1046
1050
1050
1054
1054
1050
1054
1063
1067
1054
1046
1037
1029
1020
1011
1007
0994
0986
0969
0951
0934
0913
0891
0866
0840
0818
0801
0788
0780
0776
0767
0758
0750
0746
0741
0737
0737
0733
0733
0733
0728
0724
0716
0707
0707
0720
0737
0758
0780
0814
0818
0797
0780
0767
0758
0767
0776
0780
0784
0788
0793
0797
0801
0806
0810
0818
0836
0831
0797
0767
0741
0711
0681
0634
0583
0553
0531
0535
0583
0656
0728
0806
0917
1097
1354
1680
2083
2564
3078
3546
3816
3824
3601
3005
2238
1475
0849
0450
0287
0270
0347
0531
0664
0707
0707
0651
0566
0501
0484
0471
0467
0484
0514
0561
0626
0651
0664
0677
0686
0690
0690
0686
0677
0664
0656
0651
0643
0634
0621
0617
0608
0604
0600
0596
0591
0591
0596
0600
0604
0608
0613
0613
0617
0621
0630
0638
0651
0668
0668
0647
0626
0613
0604
0591
0583
0574
0566
0566
0561
0561
0566
0566
0570
0570
0574
0583
0587
0600
0621
0647
0664
0677
0694
0711
0728
0746
0763
0780
0793
0806
0818
0831
0840
0849
0853
0857
0861
0861
0861
0857
0853
0849
0840
