3152
3260
3367
3469
3556
3583
3592
3590
3574
3566
3561
3558
3556
3554
3552
3550
3545
3542
3540
3538
3535
3533
3530
3527
3520
3508
3496
3482
3461
3429
3393
3359
3325
3289
3251
3217
3168
3121
3072
3039
3003
2971
2940
2912
2890
2873
2853
2840
2831
2823
2817
2812
2808
2803
2795
2781
2766
2728
2683
2627
2559
2483
2404
2322
2239
2161
2088
2020
1948
1870
1787
1699
1608
1518
1433
1361
1302
1259
1244
1239
1246
1261
1284
1323
1365
1404
1439
1473
1499
1519
1537
1560
1589
1609
1625
1645
1667
1686
1702
1711
1717
1721
1726
1731
1737
1744
1751
1763
1782
1798
1820
1846
1870
1894
1918
1941
1963
1987
2012
2038
2066
2095
2122
2149
2175
2205
2235
2264
2293
2322
2344
2362
2382
2402
2421
2438
2455
2472
2492
2510
2524
2538
2550
2563
2580
2599
2624
2651
2670
2685
2711
2723
2729
2734
2738
2742
2745
2749
2752
2755
2758
2761
2764
2766
2769
2773
2779
2787
2795
2803
2810
2815
2820
2824
2827
2831
2833
2836
2839
2841
2844
2846
2849
2852
2856
2864
2882
2901
2915
2924
2931
2937
2943
2948
2954
2961
2972
2983
2993
3006
3021
3038
3053
3064
3073
3081
3087
3094
3101
3109
3119
3133
3152
3175
3192
3214
3239
3261
3288
3307
3319
3325
3329
3330
3332
3334
3335
3336
3338
3339
3342
3345
3348
3354
3362
3394
3461
3557
3677
3799
3900
3945
3945
3899
3801
3673
3526
3364
3196
3040
2920
2870
2857
2848
2841
2834
2829
2824
2819
2810
2798
2790
2785
2782
2779
2776
2773
2773
2778
2787
2797
2804
2811
2818
2825
2830
2832
2834
2835
2837
2838
2840
2842
2844
2845
2841
2833
2824
2818
2812
2806
2799
2793
2786
2781
2776
2770
2762
2747
2734
2728
2725
2724
2723
2723
2721
2719
2717
2715
2712
2710
2708
2706
2704
2699
2694
2685
2664
2651
2637
2623
2604
2588
2574
2561
2549
2532
2503
2472
2438
2400
2367
2314
2262
2208
2155
2104
2073
2041
2010
1993
1985
1979
1974
1972
1972
1974
1978
1985
1993
2010
2039
2068
2100
2133
2165
2196
2225
2252
2279
2303
2330
2360
2392
2428
2463
2496
2527
2554
2583
2612
2642
2673
2699
2721
2746
2768
2785
2803
2813
2819
2824
2828
2832
2837
2843
2849
2854
2859
2864
2868
2873
2878
2882
2885
2886
2886
2885
2883
2879
2872
2865
2834
2791
2735
2670
2597
2515
2426
2333
2238
2144
2057
1981
1919
1866
1848
1842
1838
1836
1843
1859
1883
1919
1952
1981
2008
2032
2054
2079
2109
2139
2170
2199
2225
2250
2275
2302
2324
2337
2348
2359
2366
2371
2376
2381
2388
2394
2402
2411
2420
2431
2442
2453
2468
2487
2502
2521
2546
2570
2597
2622
2640
2656
2669
2680
2692
2704
2715
2724
2733
2744
2753
2759
2764
2768
2772
2775
2777
2778
2777
2775
2771
2766
2759
2751
2739
2715
2694
2669
2637
2607
2574
2539
2504
2479
2463
2461
2473
2506
2594
2725
2902
3113
3321
3456
3466
3375
3111
2776
2470
2266
2213
2215
2279
2313
2324
2328
2330
2328
2323
2315
2306
2293
2277
2262
2252
2241
2232
2225
2216
2206
2195
2182
2168
2155
2142
2129
2117
2107
2097
2088
2080
2073
2065
2057
2048
2038
2027
2014
2000
1988
1967
1941
1915
1890
1877
1870
1865
1862
1860
1860
1863
1869
1876
1884
1894
1910
1925
1936
1950
1966
1983
1998
2011
2024
2037
2049
2062
2075
2087
2096
2103
2108
2113
2119
2124
2129
2135
2143
2154
2166
2180
2190
2198
2206
2212
2218
2223
2230
2237
2244
2254
2264
2274
2281
2288
2294
2300
2307
2314
2323
2336
2349
2364
2380
2399
2413
2420
2424
2428
2430
2431
2432
2433
2433
2432
2432
2430
2429
2427
2425
2408
2405
2404
2407
2418
2433
2451
2469
2481
2492
2499
2502
2502
2503
2506
2510
2516
2524
2533
2540
2546
2551
2556
2561
2565
2567
2568
2567
2568
2574
2586
2602
2615
2627
2640
2655
2669
2681
2687
2688
2689
2695
2705
2714
2722
2730
2741
2754
2769
2786
2802
2814
2826
2841
2859
2874
2885
2889
2890
2889
2891
2896
2900
2903
2906
2915
2928
2945
2960
2972
2980
2987
2996
3004
3010
3010
3009
3010
3013
3014
3010
3004
2999
2996
2998
3002
3005
3007
3010
3017
3024
3029
3027
3022
3015
3009
3006
3003
3000
2998
2999
3004
3010
3014
3015
3013
3010
3008
3007
3008
3009
3012
3019
3028
3038
3045
3048
3047
3042
3036
3029
3022
3014
3008
3007
3011
3017
3021
3021
3019
3016
3014
3013
3012
3006
3000
3000
3032
3115
3238
3398
3587
3780
3931
3984
3908
3701
3411
3111
2872
2764
2725
2747
2768
2784
2800
2809
2811
2805
2795
2787
2785
2783
2779
2773
2768
2763
2762
2764
2768
2769
2769
2769
2771
2774
2776
2777
2778
2781
2785
2793
2802
2818
2830
2839
2846
2847
2845
2841
2838
2837
2837
2837
2838
2838
2840
2845
2848
2850
2849
2847
2844
2842
2840
2838
2837
2836
2834
2833
2833
2831
2828
2825
2822
2819
2818
2820
2823
2826
2830
2835
2841
2847
2851
2854
2858
2865
2874
2884
2891
2898
2905
2912
2916
2918
2918
2916
2912
2911
2910
2909
2907
2907
2909
2915
2923
2929
2933
2933
2932
2931
2930
2928
2925
2921
2916
2914
2912
2910
2910
2910
2909
2909
2909
2910
2910
2912
2918
2926
2933
2938
2941
2946
2951
2956
2963
2971
2980
2987
2991
2993
2991
2988
2984
2979
2973
2966
2955
2943
2923
2907
2891
2877
2864
2853
2842
2833
2827
2823
2820
2817
2815
2812
2808
2805
2804
2804
2804
2807
2810
2813
2815
2818
2820
2822
2825
2828
2832
2836
2841
2844
2833
2814
2802
2793
2784
2778
2772
2767
2762
2757
2754
2752
2750
2745
2737
2729
2720
2712
2704
2692
2680
2663
2644
2626
2610
2598
2587
2578
2570
2563
2555
2548
2540
2533
2524
2514
2500
2485
2468
2452
2436
2422
2407
2388
2366
2345
2319
2290
2262
2234
2205
2173
2153
2143
2135
2125
2115
2104
2085
2061
2036
2023
2017
2015
2013
2010
2006
2002
1998
1991
1960
1899
1809
1695
1560
1414
1273
1160
1108
1093
1101
1135
1169
1198
1187
1160
1033
0831
0580
0325
0122
0034
0000
0023
0069
0121
0166
0207
0242
0282
0325
0367
0407
0445
0478
0511
0538
0559
0583
0616
0656
0696
0737
0778
0819
0856
0893
0927
0962
0995
1027
1060
1097
1138
1180
1228
1272
1314
1353
1390
1428
1464
1499
1534
1566
1595
1623
1652
1682
1710
1743
1772
1793
1814
1842
1873
1900
1934
1973
2010
2044
2076
2100
2120
2144
2169
2194
2216
2237
2259
2280
2308
2339
2364
2384
2404
2423
2442
2465
2489
2514
2540
2564
2588
2614
2635
2652
2666
2679
2690
2703
2719
2734
2750
2765
2780
2799
2818
2836
2854
2873
2895
2916
2937
2957
2977
2991
3001
3010
3018
3024
3030
3035
3041
3048
3059
3071
3084
3100
3118
3138
3156
3173
3187
3199
3210
3222
3235
3244
3254
3261
3267
3271
3276
3281
3286
3293
3300
3309
3318
3327
3342
3360
3375
3388
3400
3408
3414
3419
3425
3432
3436
3439
3441
3443
3445
3446
3445
3443
3438
3433
3427
3424
3423
3424
3428
3433
3437
3442
3447
3452
3457
3463
3467
3468
3466
3464
3462
3460
3458
3455
3453
3449
3447
3447
3449
3451
3451
3453
3455
3457
3458
3457
3456
3453
3448
3443
3438
3432
3424
3412
3400
3389
3383
3377
3370
3356
3333
3307
3282
3258
3231
3204
3176
3147
3121
3101
3085
3070
3057
3044
3033
3021
3009
2993
2972
2950
2920
2882
2843
2809
2776
2741
2712
2689
2669
2649
2629
2611
2587
2556
2524
2488
2455
2430
2403
2381
2362
2348
2345
2354
2376
2443
2544
2674
2825
2969
3063
3065
2994
2777
2470
2129
1834
1638
1583
1587
1626
1652
1665
1657
1636
1612
1583
1556
1522
1482
1442
1406
1348
1288
1224
1152
1082
1016
0951
0882
0835
0786
0742
0719
0705
0694
0691
0696
0710
0727
0749
0780
0807
0841
0881
0914
0948
0975
0993
1011
1039
1077
1110
1134
1156
1174
1188
1206
1226
1245
1263
1276
1287
1307
1337
1369
1405
1436
1458
1483
1509
1535
1562
1591
1620
1645
1670
1694
1720
1749
1775
1797
1820
1844
1867
1890
1915
1944
1962
1973
1983
1995
2010
2022
2032
2039
2044
2053
2064
2079
2096
2111
2124
2136
2148
2163
2181
2201
2225
2249
2274
2291
2303
2314
2325
2334
2342
2351
2362
2372
2381
2392
2405
2421
2441
2466
2492
2516
2536
2553
2570
2587
2604
2621
2637
2652
2664
2676
2689
2703
2716
2730
2741
2750
2759
2770
2781
2790
2796
2801
2807
2816
2829
2840
2849
2855
2862
2871
2884
2893
2898
2900
2903
2909
2919
2929
2936
2939
2942
2948
2960
2975
2987
2995
3003
3011
3021
3035
3046
3053
3057
3060
3066
3071
3075
3075
3073
3070
3071
3073
3077
3082
3089
3098
3109
3120
3128
3134
3138
3143
3145
3146
3145
3144
3144
3147
3152
3155
3155
3155
3154
3156
3158
3161
3163
3165
3167
3170
3174
3174
3172
3169
3166
3163
3162
3163
3163
3161
3159
3158
3156
3152
3147
3139
3128
3122
3122
3127
3133
3138
3140
3144
3147
3151
3150
3144
3135
3128
3124
3122
3120
3116
3112
3112
3113
3116
3118
3118
3117
3118
3123
3131
3140
3197
3317
3488
3697
3911
4050
4094
4036
3861
3579
3287
3064
2972
2940
2974
3002
3020
3035
3043
3044
3043
3043
3045
3044
3040
3036
3035
3036
3035
3032
3026
3019
3012
3006
2999
2992
2985
2980
2975
2969
2965
2967
2972
2979
2985
2989
2992
2998
3008
3020
3027
3029
3027
3026
3027
3026
3023
3015
3003
2991
2981
2973
2965
2957
2951
2946
2941
2935
2926
2919
2912
2907
2907
2909
2914
2920
2924
2929
2933
2938
2944
2948
2949
2949
2947
2947
2948
2951
2954
2957
2959
2960
2964
2966
2968
2971
2974
2976
2976
2974
2971
2969
2968
2966
2963
2957
2954
2956
2966
2975
2983
2988
2992
2996
3000
3001
2998
2989
2977
2969
2964
2961
2958
2953
2946
2943
2943
2947
2950
2952
2953
2955
2963
2975
2982
2989
2996
3003
3009
3015
3020
3025
3029
3033
3034
3035
3034
3034
3035
3036
3038
3039
3040
3041
3043
3045
3048
3051
3054
3057
3058
3059
3058
3055
3051
3045
3040
3034
3026
3017
3007
2997
2986
2966
2941
2919
2898
2880
2866
2858
2851
2847
2844
2840
2834
2830
2825
2818
2809
2797
2766
2703
2639
2567
2483
2401
2318
2240
2164
2098
2038
1976
1927
1889
1852
1815
1779
1744
1708
1673
1641
1600
1547
1497
1444
1390
1337
1283
1228
1172
1115
1058
0997
0947
0910
0868
0847
0831
0817
0806
0797
0793
0791
0793
0799
0807
0819
0834
0849
0872
0913
0950
0988
1026
1065
1104
1142
1179
1210
1236
1262
1289
1315
1337
1358
1376
1391
1414
1444
1479
1530
1595
1710
1853
2028
2229
2437
2617
2693
2684
2557
2306
2015
1765
1648
1603
1637
1703
1772
1811
1836
1858
1880
1900
1923
1949
1979
2014
2037
2057
2075
2088
2099
2107
2115
2121
2125
2130
2134
2137
2139
2143
2145
2146
2144
2141
2136
2131
2124
2117
2109
2100
2090
2080
2069
2053
2035
2020
2008
1992
1970
1937
1903
1867
1831
1788
1745
1701
1662
1639
1624
1613
1605
1601
1600
1602
1609
1623
1640
1662
1691
1739
1777
1812
1850
1890
1931
1970
2009
2048
2087
2126
2164
2202
2239
2269
2291
2312
2335
2357
2370
2380
2386
2391
2396
2400
2406
2413
2421
2426
2431
2436
2445
2454
2468
2489
2513
2536
2559
2581
2604
2627
2654
2680
2702
2720
2736
2752
2765
2778
2793
2809
2826
2842
2858
2876
2895
2915
2935
2955
2978
3000
3018
3029
3037
3047
3056
3064
3071
3079
3085
3091
3097
3107
3117
3126
3133
3142
3150
3157
3164
3172
3180
3189
3196
3201
3205
3208
3211
3213
3213
3211
3208
3205
3201
3198
3196
3195
3194
3194
3197
3202
3209
3215
3218
3220
3220
3219
3220
3221
3220
3217
3214
3210
3207
3205
3205
3204
3205
3206
3208
3211
3213
3216
3219
3225
3229
3234
3237
3239
3240
3240
3241
3244
3247
3250
3254
3258
3262
3267
3272
3277
3281
3284
3283
3280
3278
3276
3273
3270
3265
3262
3258
3252
3247
3244
3242
3239
3235
3230
3227
3222
3216
3210
3205
3202
3197
3192
3187
3182
3177
3171
3165
3160
3154
3146
3137
3124
3112
3098
3086
3076
3073
3074
3078
3087
3104
3130
3226
3358
3528
3719
3895
3982
3973
3852
3590
3263
2960
2773
2699
2693
2733
2758
2779
2798
2813
2823
2827
2828
2828
2828
2827
2822
2814
2806
2800
2796
2792
2791
2790
2785
2779
2773
2768
2765
2760
2756
2751
2746
2743
2742
2745
2749
2753
2756
2760
2764
2768
2771
2772
2772
2769
2766
2762
2759
2756
2753
2750
2748
2747
2745
2743
2740
2734
2728
2722
2716
2709
2702
2694
2688
2680
2674
2670
2668
2668
2668
2669
2669
2671
2673
2677
2681
2687
2693
2698
2703
2709
2715
2722
2727
2731
2735
2737
2738
2738
2737
2735
2730
2723
2716
2707
2696
2685
2676
2668
2662
2660
2658
2659
2661
2665
2670
2675
2680
2683
2685
2685
2684
2682
2681
2680
2677
2674
2673
2672
2673
2675
2678
2680
2681
2682
2683
2686
2690
2694
2696
2697
2695
2692
2690
2690
2689
2687
2683
2679
2675
2672
2670
2668
2666
2663
2659
2656
2655
2654
2653
2652
2650
2650
2650
2652
2652
2651
2649
2648
2645
2643
2641
2639
2638
2639
2642
2646
2650
2654
2659
2664
2668
2672
2675
2677
2677
2675
2673
2670
2666
2661
2656
2652
2649
2646
2643
2639
2636
2634
2631
2628
2623
2617
2609
2602
2593
2582
2567
2548
2531
2518
2507
2497
2487
2478
2471
2464
2459
2455
2451
2447
2445
2444
2443
2445
2448
2453
2458
2464
2471
2479
2486
2493
2500
2507
2514
2518
2521
2525
2531
2538
2547
2557
2567
2575
2584
2592
2600
2608
2614
2618
2622
2624
2625
2626
2625
2624
2623
2622
2622
2620
2620
2621
2624
2628
2635
2648
2682
2765
2908
3083
3284
3478
3602
3610
3527
3296
2994
2702
2490
2421
2394
2444
2483
2508
2528
2544
2551
2555
2558
2563
2569
2576
2582
2586
2588
2592
2596
2601
2606
2609
2612
2616
2617
2618
2622
2629
2636
2644
2654
2665
2677
2688
2699
2711
2719
2727
2734
2739
2740
2738
2733
2728
2724
2719
2716
2712
2708
2704
2702
2701
2701
2699
2699
2698
2697
2695
2692
2688
2683
2678
2672
2665
2658
2650
2642
2636
2632
2631
2631
2633
2637
2644
2653
2663
2672
2679
2685
2689
2692
2695
2697
2701
2702
2704
2705
2707
2707
2706
2703
2699
2694
2689
2684
2678
2673
2667
2662
2655
2649
2644
2637
2629
2619
2607
2593
2581
2570
2561
2554
2547
2538
2530
2523
2522
2524
2527
2531
2536
2542
2552
2557
2562
2566
2572
2578
2583
2586
2588
2587
2583
2575
2563
2548
2528
2494
2468
2434
2397
2360
2319
2275
2228
2177
2122
2060
2006
1923
1844
1767
1689
1640
1597
1563
1536
1509
1479
1448
1407
1360
1285
1200
1109
1019
0937
0881
0846
0828
0815
0807
0804
0805
0809
0816
0826
0838
0861
0903
0940
0980
1021
1065
1102
1128
1155
1181
1206
1229
1251
1274
1302
1330
1356
1385
1412
1434
1455
1475
1496
1515
1535
1555
1575
1594
1612
1631
1650
1671
1691
1710
1729
1748
1768
1789
1815
1846
1874
1902
1931
1959
1983
2004
2023
2042
2066
2093
2118
2142
2166
2192
2217
2242
2273
2299
2320
2340
2360
2380
2400
2420
2441
2457
2469
2481
2493
2502
2513
2541
2583
2650
2745
2878
3050
3252
3461
3628
3671
3643
3455
3159
2846
2598
2484
2468
2508
2585
2615
2627
2635
2637
2638
2636
2634
2632
2629
2626
2625
2630
2639
2651
2663
2679
2694
2709
2724
2739
2754
2771
2781
2787
2793
2797
2800
2804
2809
2816
2823
2830
2837
2843
2848
2853
2860
2865
2871
2877
2881
2886
2889
2892
2895
2896
2898
2900
2904
2909
2916
2923
2931
2942
2954
2971
2986
3000
3009
3016
3022
3028
3034
3040
3044
3047
3053
3060
3070
3089
3106
3118
3127
3133
3140
3146
3150
3156
3164
3173
3181
3186
3190
3193
3197
3201
3204
3204
3200
3192
3182
3168
3147
3130
3110
3084
3058
3032
2991
2946
2898
2845
2789
2729
2665
2598
2529
2458
2390
2331
2285
2266
2257
2251
2254
2270
2293
2321
2339
2353
2360
2354
2336
2310
2277
2229
2183
2140
2102
2065
2022
1972
1925
1878
1831
1783
1731
1679
1627
1581
1534
1504
1468
1432
1399
1377
1374
1373
1374
1378
1398
1427
1463
1499
1533
1567
1600
1631
1664
1697
1724
1764
1802
1846
1893
1941
1988
2019
2055
2087
2117
2143
2165
2186
2204
2225
2247
2270
2293
2315
2336
2358
2381
2405
2430
2457
2485
2516
2550
2578
2596
2608
2625
2635
2642
2648
2652
2656
2659
2663
2671
2685
2701
2716
2731
2749
2768
2785
2799
2811
2826
2845
2865
2885
2900
2916
2930
2946
2956
2963
2967
2969
2973
2978
2982
2987
2995
3010
3024
3045
3076
3095
3105
3112
3115
3115
3113
3109
3104
3097
3087
3076
3061
3045
3036
3033
3038
3060
3117
3210
3345
3508
3673
3813
3912
3928
3908
3794
3610
3381
3150
2963
2884
2852
2869
2902
2930
2924
2887
2829
2767
2711
2661
2638
2617
2598
2570
2515
2435
2331
2210
2077
1945
1814
1696
1597
1522
1465
1447
1439
1435
1453
1503
1557
1616
1672
1721
1766
1809
1851
1894
1921
1948
1975
2002
2032
2062
2090
2118
2143
2165
2188
2211
2234
2257
2278
2299
2326
2359
2392
2417
2435
2449
2462
2476
2490
2505
2520
2532
2546
2567
2592
2619
2644
2662
2677
2688
2697
2707
2715
2726
2740
2756
2773
2790
2806
2822
2840
2858
2869
2876
2879
2882
2886
2891
2895
2898
2901
2907
2918
2941
2963
2983
3000
3016
3034
3056
3083
3104
3118
3127
3133
3138
3144
3151
3159
3167
3174
3181
3187
3192
3199
3209
3220
3230
3241
3250
3256
3261
3267
3273
3277
3278
3278
3274
3268
3259
3249
3237
3221
3207
3197
3189
3181
3173
3165
3154
3143
3132
3126
3121
3115
3110
3107
3104
3101
3098
3096
3095
3093
3094
3095
3097
3099
3103
3111
3161
3256
3387
3554
3741
3912
4008
4008
3912
3688
3409
3148
2959
2893
2862
2867
2884
2898
2884
2878
2873
2867
2861
2860
2861
2863
2865
2865
2865
2865
2863
2858
2852
2846
2841
2837
2833
2828
2819
2810
2800
2792
2787
2785
2783
2781
2779
2777
2776
2776
2778
2780
2781
2783
2784
2785
2785
2783
2781
2778
2774
2768
2761
2755
2750
2745
2741
2739
2737
2734
2732
2729
2727
2724
2722
2720
2718
2716
2712
2707
2702
2697
2696
2695
2695
2695
2694
2693
2692
2693
2695
2695
2694
2690
2686
2682
2676
2670
2663
2655
2646
2639
2634
2631
2628
2626
2626
2627
2630
2633
2637
2640
2645
2649
2654
2658
2661
2664
2667
2668
2670
2672
2674
2673
2670
2666
2662
2656
2651
2646
2642
2639
2636
2634
2634
2633
2632
2632
2634
2637
2640
2642
2642
2638
2632
2627
2621
2612
2603
2590
2575
2559
2550
2547
2547
2548
2546
2543
2539
2536
2534
2533
2532
2530
2525
2520
2515
2510
2506
2502
2499
2497
2496
2495
2492
2489
2487
2485
2486
2488
2489
2490
2488
2483
2479
2478
2480
2480
2479
2477
2474
2468
2462
2457
2453
2450
2447
2445
2443
2443
2443
2446
2450
2455
2459
2462
2465
2467
2468
2469
2470
2470
2471
2472
2474
2475
2477
2480
2481
2482
2480
2477
2474
2474
2482
2514
2583
2687
2833
3016
3208
3371
3421
3396
3229
2951
2653
2410
2297
2254
2293
2316
2329
2342
2357
2365
2368
2367
2364
2364
2365
2366
2368
2369
2371
2373
2374
2373
2371
2369
2369
2370
2373
2376
2378
2382
2388
2399
2422
2448
2475
2489
2497
2503
2507
2510
2514
2515
2516
2517
2519
2520
2520
2522
2525
2531
2535
2540
2546
2552
2555
2560
2566
2574
2581
2589
2597
2605
2611
2619
2625
2633
2641
2647
2652
2658
2664
2674
2686
2703
2720
2736
2749
2759
2768
2777
2789
2804
2820
2834
2840
2842
2843
2844
2846
2848
2848
2846
2841
2837
2832
2829
2828
2828
2829
2831
2833
2835
2837
2838
2838
2837
2835
2833
2830
2826
2819
2812
2805
2801
2798
2797
2797
2795
2794
2793
2793
2793
2794
2793
2792
2789
2786
2784
2780
2777
2772
2768
2765
2761
2757
2752
2747
2741
2736
2730
2724
2718
2713
2710
2709
2708
2705
2699
2694
2689
2687
2688
2691
2691
2690
2687
2683
2680
2678
2678
2678
2678
2677
2676
2675
2675
2676
2679
2684
2688
2690
2690
2691
2692
2693
2695
2696
2697
2699
2703
2706
2707
2707
2704
2702
2702
2705
2709
2711
2708
2701
2693
2686
2681
2678
2671
2657
2645
2636
2629
2623
2619
2615
2610
2608
2605
2599
2587
2566
2544
2530
2521
2517
2512
2507
2502
2495
2486
2473
2459
2441
2423
2405
2396
2391
2388
2385
2384
2384
2390
2401
2413
2422
2428
2433
2437
2440
2440
2437
2437
2434
2429
2422
2413
2404
2395
2383
2373
2365
2355
2340
2323
2312
2314
2331
2384
2474
2607
2778
2974
3154
3247
3243
3119
2854
2528
2223
2016
1955
1952
2030
2107
2143
2158
2166
2165
2163
2161
2161
2163
2164
2166
2168
2171
2175
2182
2189
2198
2210
2223
2234
2243
2251
2256
2263
2273
2286
2300
2312
2321
2328
2332
2336
2340
2345
2347
2348
2349
2350
2354
2359
2367
2375
2383
2391
2397
2404
2410
2417
2425
2434
2446
2456
2464
2472
2480
2489
2499
2510
2520
2531
2539
2547
2562
2582
2601
2608
2612
2612
2611
2610
2611
2614
2614
2615
2617
2622
2627
2633
2639
2644
2650
2659
2669
2678
2682
2683
2682
2682
2681
2682
2682
2681
2679
2674
2670
2668
2668
2670
2673
2675
2676
2677
2679
2682
2685
2687
2688
2685
2681
2679
2680
2682
2685
2687
2687
2686
2684
2684
2685
2687
2689
2689
2688
2685
2681
2679
2678
2678
2677
2676
2673
2671
2669
2666
2662
2656
2650
2644
2636
2628
2621
2616
2610
2607
2603
2599
2594
2588
2584
2582
2580
2577
2573
2568
2564
2563
2565
2572
2581
2589
2595
2601
2607
2614
2620
2625
2627
2627
2625
2621
2616
2610
2607
2604
2601
2599
2594
2590
2588
2590
2595
2601
2606
2609
2615
2619
2624
2626
2626
2621
2614
2605
2597
2590
2584
2579
2574
2570
2567
2565
2562
2560
2558
2557
2556
2554
2551
2550
2550
2550
2549
2549
2548
2546
2543
2540
2539
2539
2540
2542
2545
2550
2555
2560
2563
2565
2567
2570
2574
2578
2582
2585
2585
2582
2578
2573
2569
2566
2562
2558
2551
2540
2538
2556
2609
2693
2811
2963
3142
3327
3473
3529
3458
3258
2973
2679
2454
2355
2338
2376
2432
2455
2470
2481
2489
2491
2490
2489
2488
2490
2493
2495
2496
2495
2494
2493
2491
2490
2489
2487
2484
2481
2477
2474
2471
2467
2465
2463
2463
2466
2472
2480
2487
2493
2500
2506
2510
2512
2512
2511
2509
2508
2507
2506
2505
2507
2509
2510
2511
2513
2516
2520
2525
2530
2534
2539
2544
2550
2553
2556
2558
2560
2563
2567
2569
2570
2570
2570
2571
2572
2573
2574
2577
2581
2587
2597
2607
2617
2631
2648
2662
2671
2677
2683
2687
2692
2696
2698
2701
2702
2702
2704
2705
2708
2712
2716
2718
2720
2722
2725
2730
2734
2737
2739
2740
2741
2741
2741
2740
2740
2740
2738
2736
2732
2730
2729
2730
2731
2738
2739
2740
2741
2742
2744
2746
2749
2752
2756
2759
2760
2760
2757
2753
2749
2745
2741
2737
2733
2729
2726
2723
2720
2716
2712
2708
2703
2695
2689
2682
2675
2669
2665
2663
2661
2659
2658
2658
2658
2657
2657
2657
2657
2657
2657
2658
2658
2658
2658
2658
2657
2657
2657
2657
2656
2655
2654
2653
2651
2650
2649
2647
2645
2644
2643
2642
2641
2640
2639
2638
2637
2636
2634
2632
2629
2626
2622
2618
2612
2605
2598
2593
2589
2586
2584
2582
2580
2578
2575
2573
2570
2567
2565
2563
2561
2558
2555
2551
2547
2543
2540
2537
2536
2535
2535
2535
2535
2535
2535
2534
2533
2531
2529
2525
2522
2519
2515
2511
2505
2496
2488
2483
2479
2474
2470
2466
2464
2465
2469
2478
2497
2546
2624
2745
2915
3124
3333
3468
3477
3389
3142
2833
2551
2361
2304
2305
2366
2421
2434
2436
2440
2442
2444
2445
2445
2444
2442
2440
2436
2433
2430
2427
2425
2422
2419
2417
2415
2413
2412
2413
2414
2417
2421
2426
2431
2440
2454
2467
2477
2485
2490
2493
2494
2495
2496
2497
2497
2498
2499
2500
2501
2502
2504
2506
2508
2511
2514
2518
2525
2532
2538
2543
2548
2552
2555
2558
2560
2563
2565
2568
2570
2573
2577
2584
2596
2608
2623
2636
2648
2664
2685
2704
2716
2727
2741
2757
2767
2775
2781
2784
2786
2789
2790
2789
2789
2787
2786
2785
2785
2784
2784
2783
2781
2780
2780
2779
2780
2780
2781
2782
2783
2783
2782
2781
2779
2777
2775
2774
2773
2772
2771
2771
2770
2769
2767
2766
2764
2762
2760
2758
2757
2756
2755
2754
2753
2753
2751
2749
2745
2739
2732
2724
2718
2711
2706
2703
2701
2699
2699
2699
2698
2697
2696
2695
2694
2693
2691
2689
2687
2685
2683
2680
2675
2670
2667
2665
2663
2661
2659
2656
2654
2654
2655
2656
2657
2658
2660
2662
2663
2664
2663
2660
2657
2653
2650
2646
2642
2638
2636
2634
2632
2630
2628
2627
2627
2628
2630
2633
2635
2639
2642
2642
2638
2631
2623
2615
2608
2602
2597
2593
2587
2580
2572
2565
2557
2551
2546
2543
2540
2537
2535
2533
2531
2530
2528
2527
2525
2524
2523
2521
2518
2516
2520
2528
2538
2552
2565
2578
2586
2591
2595
2597
2594
2589
2583
2578
2572
2567
2563
2559
2556
2551
2546
2543
2544
2548
2561
2603
2678
2802
2984
3214
3451
3626
3675
3565
3313
2979
2660
2440
2362
2358
2418
2489
2541
2557
2561
2565
2566
2567
2567
2566
2564
2561
2558
2553
2544
2536
2524
2511
2503
2498
2495
2495
2498
2503
2509
2517
2525
2535
2544
2552
2562
2576
2589
2604
2616
2623
2626
2627
2628
2628
2628
2628
2627
2627
2627
2627
2627
2627
2627
2628
2628
2628
2629
2631
2633
2636
2639
2644
2655
2666
2675
2682
2688
2694
2699
2704
2709
2714
2717
2721
2722
2724
2726
2727
2728
2729
2729
2730
2730
2729
2727
2724
2721
2718
2714
2710
2706
2701
2695
2690
2685
2679
2671
2660
2650
2641
2631
2619
2608
2600
2594
2588
2582
2577
2572
2568
2564
2559
2553
2546
2538
2530
2522
2516
2510
2503
2495
2491
2489
2488
2487
2486
2486
2485
2486
2487
2489
2491
2492
2494
2495
2497
2498
2499
2498
2496
2492
2489
2486
2484
2483
2481
2480
2479
2478
2477
2477
2476
2475
2473
2472
2470
2469
2469
2469
2469
2468
2467
2466
2465
2463
2457
2453
2452
2453
2456
2457
2459
2460
2461
2461
2460
2456
2452
2448
2444
2438
2433
2429
2427
2429
2433
2438
2443
2447
2451
2455
2459
2461
2461
2460
2457
2455
2452
2451
2450
2448
2447
2446
2445
2444
2443
2441
2441
2440
2441
2442
2443
2444
2445
2446
2447
2449
2451
2453
2455
2457
2459
2461
2464
2466
2468
2470
2470
2471
2471
2472
2473
2474
2474
2475
2475
2476
2477
2478
2478
2479
2479
2480
2481
2481
2482
2483
2485
2487
2491
2496
2518
2569
2644
2755
2902
3084
3275
3432
3499
3434
3232
2937
2629
2388
2274
2260
2306
2390
2436
2450
2457
2462
2466
2470
2473
2475
2478
2481
2483
2484
2485
2486
2486
2487
2488
2490
2491
2492
2493
2494
2494
2496
2497
2499
2502
2504
2511
2528
2544
2554
2563
2569
2573
2577
2579
2579
2577
2573
2570
2567
2565
2562
2560
2558
2558
2560
2562
2566
2571
2577
2586
2594
2602
2607
2611
2617
2622
2627
2633
2639
2646
2653
2660
2666
2671
2675
2679
2684
2688
2693
2698
2705
2714
2723
2732
2740
2746
2751
2755
2757
2759
2761
2763
2766
2768
2769
2770
2770
2768
2767
2764
2762
2758
2755
2753
2753
2756
2759
2762
2765
2768
2771
2774
2776
2774
2770
2766
2763
2761
2760
2759
2758
2756
2755
2753
2752
2750
2747
2744
2742
2739
2737
2735
2733
2730
2727
2724
2720
2716
2711
2707
2702
2697
2694
2691
2689
2686
2682
2677
2672
2666
2659
2655
2652
2649
2646
2642
2638
2635
2631
2628
2624
2618
2608
2601
2595
2591
2586
2582
2582
2588
2596
2605
2616
2622
2624
2626
2628
2629
2630
2627
2622
2617
2615
2614
2611
2610
2609
2608
2608
2608
2607
2606
2604
2603
2602
2601
2599
2598
2596
2595
2593
2592
2590
2589
2587
2585
2583
2581
2578
2576
2573
2571
2569
2567
2565
2564
2563
2562
2561
2560
2561
2561
2561
2562
2563
2564
2565
2566
2567
2569
2571
2582
2640
2736
2877
3061
3262
3438
3533
3502
3333
3056
2747
2487
2326
2298
2304
2365
2398
2408
2415
2423
2431
2437
2443
2448
2452
2457
2460
2463
2465
2467
2468
2469
2470
2471
2472
2473
2474
2475
2477
2479
2481
2482
2483
2485
2486
2488
2489
2491
2492
2494
2496
2499
2501
2503
2505
2507
2509
2511
2512
2514
2515
2515
2516
2517
2519
2521
2524
2528
2536
2557
2574
2587
2599
2615
2634
2650
2662
2675
2684
2690
2695
2699
2705
2709
2713
2718
2724
2730
2737
2745
2755
2769
2784
2792
2796
2799
2802
2805
2807
2809
2809
2809
2809
2807
2806
2804
2801
2797
2793
2787
2783
2776
2769
2763
2758
2753
2749
2745
2741
2737
2733
2730
2728
2726
2724
2723
2722
2720
2719
2718
2718
2718
2720
2722
2725
2728
2732
2738
2750
2758
2764
2768
2770
2769
2763
2755
2749
2742
2736
2731
2728
2726
2724
2723
2721
2720
2718
2717
2716
2714
2712
2710
2707
2705
2703
2701
2697
2691
2686
2683
2681
2680
2678
2675
2672
2670
2672
2678
2691
2729
2800
2905
3051
3237
3441
3615
3697
3642
3451
3171
2882
2658
2554
2539
2563
2610
2622
2623
2624
2625
2625
2625
2625
2626
2628
2630
2631
2632
2632
2631
2632
2632
2632
2631
2629
2626
2622
2620
2619
2617
2616
2614
2612
2611
2611
2610
2610
2609
2609
2609
2608
2608
2608
2608
2607
2607
2606
2607
2606
2606
2605
2604
2604
2603
2603
2604
2604
2604
2604
2605
2606
2606
2607
2608
2609
2610
2612
2616
2620
2631
2644
2654
2661
2667
2674
2680
2685
2689
2693
2696
2699
2702
2703
2703
2701
2697
2694
2691
2688
2684
2680
2675
2670
2665
2657
2646
2642
2639
2637
2635
2634
2635
2638
2642
2645
2650
2654
2654
2649
2644
2641
2639
2637
2635
2634
2632
2630
2629
2627
2626
2625
2623
2622
2621
2619
2614
2608
2604
2599
2593
2587
2581
2572
2559
2553
2550
2548
2546
2545
2544
2544
2543
2543
2541
2540
2539
2541
2544
2549
2556
2571
2582
2587
2591
2595
2597
2599
2600
2601
2602
2604
2606
2608
2608
2609
2609
2609
2610
2610
2609
2608
2607
2604
2602
2599
2596
2589
2574
2565
2560
2557
2556
2556
2555
2554
2553
2552
2551
2549
2547
2545
2541
2537
2528
2519
2514
2511
2508
2506
2504
2503
2502
2502
2502
2504
2506
2509
2511
2514
2518
2524
2531
2535
2539
2543
2545
2545
2539
2531
2527
2522
2518
2515
2513
2511
2510
2510
2510
2511
2513
2516
2522
2530
2559
2627
2734
2883
3071
3277
3456
3552
3517
3327
3012
2655
2351
2173
2136
2208
2314
2399
2427
2434
2440
2444
2445
2446
2445
2445
2443
2442
2440
2438
2434
2430
2428
2429
2432
2436
2440
2442
2444
2445
2447
2450
2452
2454
2457
2460
2466
2479
2489
2495
2500
2503
2505
2507
2509
2511
2513
2513
2513
2513
2513
2512
2511
2510
2508
2515
2525
2535
2543
2553
2567
2576
2581
2586
2590
2594
2598
2601
2605
2608
2614
2620
2627
2632
2636
2640
2643
2646
2648
2650
2650
2651
2652
2653
2654
2655
2656
2657
2658
2657
2653
2648
2642
2633
2625
2621
2618
2616
2614
2611
2611
2612
2614
2617
2620
2623
2628
2638
2646
2652
2657
2661
2661
2659
2656
2654
2652
2649
2648
2649
2653
2657
2664
2672
2674
2675
2676
2677
2678
2678
2676
2672
2667
2661
2651
2642
2633
2624
2616
2607
2593
2585
2583
2581
2579
2578
2577
2576
2575
2574
2573
2572
2571
2570
2569
2568
2566
2564
2558
2546
2537
2530
2523
2519
2514
2512
2515
2520
2531
2544
2551
2554
2557
2558
2560
2560
2560
2559
2557
2555
2553
2551
2550
2548
2547
2545
2545
2545
2547
2551
2554
2557
2559
2562
2566
2569
2571
2572
2571
2570
2569
2568
2567
2567
2566
2565
2564
2564
2563
2563
2562
2561
2561
2561
2561
2561
2561
2562
2563
2564
2565
2566
2568
2569
2571
2572
2574
2576
2578
2583
2589
2595
2600
2607
2617
2625
2635
2649
2660
2667
2670
2671
2672
2673
2673
2674
2675
2675
2676
2678
2680
2682
2690
2723
2779
2868
2998
3167
3357
3533
3628
3625
3516
3276
2987
2728
2560
2501
2524
2581
2620
2633
2638
2641
2644
2646
2651
2658
2664
2668
2671
2673
2674
2675
2676
2678
2680
2681
2683
2685
2686
2687
2688
2690
2692
2694
2696
2699
2703
2707
2713
2724
2734
2743
2753
2762
2766
2770
2772
2774
2776
2778
2780
2781
2783
2785
2789
2792
2798
2808
2815
2823
2830
2841
2848
2852
2856
2859
2861
2863
2865
2866
2867
2869
2870
2871
2873
2876
2878
2880
2882
2885
2888
2894
2904
2913
2919
2924
2928
2929
2928
2923
2916
2908
2896
2888
2882
2878
2872
2866
2859
2850
2839
2827
2815
2803
2787
2778
2771
2766
2761
2757
2754
2750
2743
2733
2723
2714
2706
2698
2691
2686
2683
2680
2677
2675
2672
2669
2666
2664
2662
2660
2658
2656
2654
2653
2652
2652
2652
2654
2656
2658
2662
2666
2670
2675
2684
2690
2694
2695
2697
2697
2698
2698
2699
2699
2699
2699
2698
2698
2698
2697
2697
2697
2698
2698
2699
2701
2702
2704
2705
2705
2706
2707
2709
2710
2712
2716
2720
2724
2725
2723
2720
2715
2709
2698
2689
2676
2661
2648
2639
2629
2620
2609
2600
2589
2579
2567
2556
2545
2532
2518
2505
2493
2482
2471
2460
2452
2447
2442
2438
2435
2432
2430
2429
2427
2425
2423
2420
2417
2413
2408
2401
2392
2382
2374
2369
2364
2361
2357
2355
2354
2353
2354
2356
2358
2361
2365
2372
2388
2408
2427
2447
2463
2471
2476
2479
2481
2479
2475
2470
2463
2453
2442
2427
2410
2397
2388
2387
2395
2416
2479
2578
2718
2890
3065
3202
3259
3200
3023
2766
2497
2289
2195
2185
2226
2298
2356
2386
2397
2407
2412
2415
2418
2421
2425
2429
2434
2442
2456
2479
2500
2522
2546
2567
2587
2606
2624
2642
2659
2670
2681
2691
2701
2708
2711
2713
2715
2717
2717
2716
2712
2705
2698
2690
2678
2672
2674
2678
2691
2722
2763
2813
2863
2910
2948
2966
2977
2985
2979
2959
2928
2884
2831
2771
2710
2644
2574
2497
2415
2331
2251
2179
2114
2056
2009
1964
1920
1876
1835
1795
1761
1730
1701
1684
1671
1662
1658
1662
1671
1685
1705
1725
1747
1769
1791
1815
1841
1869
1894
1931
1963
1996
2030
2066
2090
2119
2143
2164
2186
2203
2215
2229
2242
2256
2269
2284
2302
2318
2335
2354
2371
2388
2406
2426
2448
2467
2481
2495
2509
2523
2537
2551
2564
2578
2596
2617
2636
2657
2674
2687
2703
2715
2724
2731
2738
2744
2751
2758
2766
2775
2779
2781
2783
2784
2785
2786
2789
2791
2793
2795
2797
2800
2803
2806
2810
2814
2822
2839
2851
2868
2892
2903
2908
2912
2916
2919
2922
2925
2927
2930
2932
2935
2937
2939
2941
2943
2946
2950
2953
2955
2956
2954
2951
2947
2941
2928
2905
2882
2859
2824
2789
2748
2704
2661
2620
2578
2535
2490
2441
2388
2331
2271
2206
2141
2075
2014
1961
1919
1883
1858
1840
1827
1821
1820
1820
1819
1819
1818
1818
1818
1821
1824
1828
1832
1836
1840
1842
1842
1836
1828
1820
1815
1809
1804
1799
1795
1792
1791
1792
1793
1797
1801
1807
1828
1878
1960
2080
2245
2452
2675
2873
2960
2948
2800
2513
2184
1898
1728
1689
1756
1867
1964
2025
2047
2057
2066
2077
2093
2114
2137
2160
2180
2194
2206
2219
2231
2243
2256
2270
2285
2300
2315
2328
2341
2355
2368
2378
2387
2396
2404
2416
2434
2451
2463
2478
2487
2493
2497
2501
2505
2509
2512
2516
2523
2536
2547
2558
2570
2581
2596
2615
2633
2653
2670
2682
2697
2712
2726
2737
2744
2749
2754
2760
2767
2774
2779
2784
2789
2792
2795
2799
2802
2805
2808
2812
2817
2822
2831
2843
2858
2865
2871
2876
2879
2882
2885
2888
2892
2895
2897
2900
2903
2906
2910
2916
2924
2932
2940
2948
2951
2954
2956
2958
2959
2961
2964
2966
2968
2970
2972
2975
2977
2979
2980
2981
2981
2982
2982
2983
2985
2987
2989
2991
2993
2995
2996
2996
2995
2993
2991
2989
2988
2986
2983
2981
2978
2976
2974
2973
2970
2968
2965
2960
2956
2951
2944
2930
2917
2904
2894
2886
2879
2871
2865
2859
2853
2845
2835
2828
2823
2820
2818
2817
2816
2814
2813
2810
2807
2804
2800
2796
2790
2781
2766
2751
2735
2721
2713
2709
2707
2704
2702
2699
2698
2697
2697
2697
2697
2698
2699
2702
2703
2705
2706
2707
2708
2709
2710
2710
2711
2711
2713
2715
2719
2721
2721
2719
2715
2712
2709
2706
2702
2698
2694
2692
2690
2688
2688
2687
2688
2690
2692
2695
2698
2701
2703
2706
2709
2714
2724
2730
2733
2734
2736
2738
2741
2742
2743
2743
2742
2740
2737
2734
2730
2724
2720
2725
2741
2790
2868
2986
3142
3324
3499
3612
3620
3546
3329
3042
2766
2570
2495
2488
2531
2567
2577
2582
2585
2589
2592
2595
2600
2607
2610
2606
2596
2591
2587
2584
2581
2579
2576
2573
2570
2567
2566
2565
2564
2565
2566
2568
2569
2571
2572
2573
2575
2577
2578
2580
2582
2584
2586
2589
2592
2595
2599
2602
2606
2608
2611
2615
2618
2622
2625
2629
2635
2645
2655
2662
2668
2671
2673
2674
2676
2677
2678
2679
2681
2682
2685
2687
2689
2692
2694
2697
2701
2705
2710
2716
2726
2737
2746
2753
2759
2764
2767
2769
2771
2772
2773
2773
2774
2775
2776
2776
2777
2778
2779
2779
2779
2778
2777
2775
2774
2772
2770
2768
2766
2764
2763
2762
2761
2760
2759
2758
2757
2756
2755
2754
2752
2751
2749
2747
2746
2744
2741
2739
2736
2732
2729
2725
2721
2716
2711
2706
2702
2695
2688
2680
2673
2666
2660
2655
2650
2645
2640
2635
2628
2623
2618
2614
2610
2608
2605
2603
2601
2600
2598
2596
2594
2593
2594
2594
2596
2597
2598
2599
2601
2603
2604
2605
2605
2606
2607
2609
2611
2612
2608
2601
2594
2590
2588
2586
2583
2581
2579
2577
2575
2572
2570
2567
2565
2563
2562
2560
2559
2557
2555
2552
2547
2541
2535
2529
2522
2516
2511
2505
2500
2496
2491
2487
2482
2476
2471
2468
2465
2464
2464
2464
2466
2469
2474
2481
2489
2499
2543
2629
2751
2911
3096
3275
3387
3395
3314
3090
2807
2548
2380
2333
2344
2369
2372
2375
2376
2378
2380
2381
2383
2385
2387
2390
2390
2390
2388
2388
2388
2389
2389
2388
2387
2386
2386
2387
2388
2390
2392
2394
2395
2397
2398
2398
2398
2398
2398
2399
2399
2400
2400
2401
2403
2405
2407
2409
2410
2412
2414
2416
2418
2420
2424
2429
2434
2441
2445
2449
2453
2457
2461
2466
2474
2485
2498
2513
2527
2539
2550
2559
2566
2572
2576
2580
2583
2586
2591
2596
2601
2606
2611
2618
2625
2636
2646
2650
2652
2653
2654
2655
2656
2656
2656
2653
2648
2642
2638
2635
2633
2631
2629
2627
2625
2624
2622
2620
2619
2617
2617
2616
2617
2617
2617
2617
2617
2617
2617
2617
2617
2618
2619
2620
2619
2621
2624
2627
2631
2634
2636
2638
2639
2643
2647
2651
2653
2651
2646
2639
2633
2627
2621
2615
2608
2604
2601
2600
2600
2602
2604
2607
2609
2611
2612
2614
2615
2616
2616
2617
2618
2619
2619
2619
2619
2618
2617
2617
2618
2622
2630
2657
2719
2813
2944
3112
3297
3465
3539
3528
3388
3119
2806
2536
2370
2323
2369
2444
2473
2478
2482
2486
2491
2495
2499
2502
2504
2506
2509
2517
2533
2552
2560
2565
2568
2572
2575
2577
2578
2580
2581
2583
2585
2587
2589
2591
2593
2596
2599
2602
2605
2607
2608
2610
2612
2614
2615
2616
2616
2617
2617
2618
2618
2618
2617
2617
2615
2614
2611
2610
2609
2609
2610
2612
2615
2617
2620
2623
2625
2628
2632
2636
2644
2654
2662
2668
2672
2676
2680
2684
2687
2691
2694
2696
2698
2701
2702
2704
2705
2707
2708
2709
2710
2709
2708
2706
2704
2702
2699
2697
2697
2696
2695
2696
2698
2703
2707
2709
2710
2712
2714
2716
2718
2720
2722
2724
2724
2724
2724
2723
2723
2724
2725
2728
2730
2733
2734
2735
2735
2733
2729
2724
2717
2708
2692
2681
2667
2650
2634
2616
2602
2595
2588
2582
2575
2572
2568
2566
2565
2564
2564
2566
2568
2571
2573
2575
2576
2577
2578
2579
2580
2581
2582
2583
2583
2583
2583
2582
2581
2581
2580
2580
2579
2579
2579
2578
2578
2577
2576
2575
2574
2574
2573
2572
2572
2570
2568
2565
2562
2558
2554
2549
2544
2538
2532
2523
2517
2512
2508
2506
2504
2502
2500
2498
2496
2495
2494
2494
2494
2495
2497
2499
2501
2503
2506
2508
2510
2511
2513
2514
2515
2517
2518
2519
2520
2521
2521
2522
2522
2522
2521
2520
2519
2519
2520
2522
2528
2541
2594
2678
2803
2969
3161
3346
3455
3456
3349
3085
2757
2458
2255
2201
2205
2273
2334
2367
2376
2386
2395
2412
2428
2434
2436
2437
2440
2442
2444
2445
2445
2445
2443
2441
2437
2434
2431
2428
2425
2421
2414
2411
2410
2409
2407
2417
2433
2451
2464
2474
2484
2489
2493
2495
2497
2498
2500
2502
2504
2505
2507
2508
2509
2511
2513
2517
2525
2535
2544
2554
2563
2571
2579
2584
2587
2590
2592
2594
2596
2598
2600
2601
2603
2604
2607
2609
2614
2619
2624
2632
2640
2649
2658
2665
2677
2694
2705
2711
2715
2716
2717
2717
2718
2718
2718
2717
2714
2709
2706
2703
2699
2697
2696
2698
2701
2703
2704
2706
2708
2709
2711
2711
2711
2710
2709
2708
2707
2705
2704
2703
2703
2705
2708
2714
2719
2722
2726
2730
2734
2736
2737
2736
2734
2730
2726
2721
2713
2699
2696
2695
2694
2693
2692
2691
2689
2688
2686
2684
2681
2678
2675
2671
2667
2662
2658
2654
2651
2649
2646
2641
2636
2632
2630
2628
2627
2626
2625
2626
2629
2633
2635
2638
2640
2643
2644
2646
2646
2646
2645
2643
2640
2637
2634
2630
2625
2620
2618
2615
2614
2612
2611
2610
2608
2607
2605
2603
2600
2598
2594
2590
2585
2580
2576
2573
2570
2568
2565
2562
2559
2556
2553
2551
2548
2546
2543
2541
2539
2537
2534
2532
2530
2527
2523
2518
2508
2500
2494
2490
2487
2487
2488
2491
2496
2503
2518
2531
2539
2542
2543
2544
2545
2544
2536
2530
2524
2520
2518
2516
2515
2513
2511
2510
2511
2516
2525
2552
2604
2690
2815
2979
3165
3343
3450
3453
3361
3120
2824
2557
2381
2327
2325
2368
2388
2391
2393
2395
2397
2398
2400
2402
2404
2405
2406
2406
2407
2407
2407
2408
2410
2413
2415
2415
2413
2410
2406
2402
2397
2393
2396
2403
2415
2428
2440
2452
2464
2472
2475
2477
2480
2481
2478
2474
2471
2468
2466
2465
2466
2469
2473
2480
2493
2504
2516
2528
2535
2543
2547
2549
2551
2552
2553
2555
2557
2558
2559
2561
2563
2566
2572
2581
2587
2591
2595
2599
2604
2609
2618
2628
2636
2643
2651
2664
2674
2681
2686
2687
2687
2687
2687
2687
2688
2688
2689
2689
2690
2689
2689
2688
2688
2687
2686
2685
2684
2684
2683
2682
2681
2680
2679
2678
2677
2676
2674
2672
2671
2669
2669
2670
2671
2674
2676
2678
2680
2684
2688
2691
2688
2682
2675
2671
2666
2662
2658
2654
2651
2647
2644
2641
2638
2635
2632
2630
2627
2624
2622
2619
2617
2614
2610
2608
2606
2604
2602
2601
2600
2600
2599
2598
2598
2597
2597
2598
2603
2608
2614
2619
2623
2628
2633
2635
2635
2632
2628
2624
2621
2618
2617
2615
2612
2611
2610
2608
2608
2607
2606
2605
2604
2603
2602
2601
2601
2600
2600
2600
2599
2598
2597
2597
2596
2595
2592
2590
2588
2588
2590
2594
2598
2602
2605
2608
2611
2615
2618
2620
2621
2622
2622
2621
2621
2619
2617
2615
2612
2610
2608
2604
2599
2599
2604
2610
2621
2632
2634
2635
2636
2637
2637
2638
2638
2638
2639
2638
2638
2637
2635
2634
2631
2628
2623
2634
2668
2739
2852
3014
3211
3412
3563
3608
3507
3275
2968
2672
2466
2395
2391
2443
2494
2505
2508
2509
2512
2515
2520
2523
2527
2529
2531
2532
2533
2533
2532
2533
2534
2535
2537
2538
2539
2540
2541
2542
2543
2545
2548
2550
2553
2556
2563
2570
2576
2582
2585
2587
2588
2590
2591
2592
2592
2593
2594
2595
2596
2597
2598
2599
2600
2601
2601
2602
2603
2604
2605
2608
2616
2620
2623
2625
2626
2628
2629
2630
2631
2633
2634
2636
2638
2641
2645
2650
2661
2671
2680
2688
2697
2708
2719
2731
2740
2744
2747
2749
2750
2751
2751
2750
2748
2746
2744
2742
2741
2739
2738
2736
2734
2733
2731
2730
2728
2727
2726
2726
2726
2727
2727
2727
2727
2727
2727
2725
2723
2727
2734
2739
2745
2750
2753
2756
2758
2761
2765
2767
2763
2754
2747
2741
2735
2729
2725
2720
2716
2712
2708
2703
2697
2691
2684
2676
2667
2659
2652
2647
2641
2636
2631
2626
2621
2616
2612
2608
2606
2602
2599
2595
2592
2589
2585
2581
2579
2579
2582
2587
2593
2597
2600
2605
2608
2610
2610
2609
2608
2605
2603
2602
2602
2601
2600
2598
2597
2596
2594
2593
2591
2590
2588
2587
2586
2585
2583
2581
2578
2575
2571
2566
2559
2553
2548
2543
2538
2534
2530
2525
2521
2519
2517
2516
2514
2513
2512
2510
2509
2507
2506
2505
2504
2504
2504
2504
2504
2504
2503
2502
2498
2495
2499
2505
2507
2509
2510
2511
2511
2512
2512
2514
2515
2517
2519
2520
2520
2521
2521
2523
2527
2530
2534
2558
2616
2712
2850
3032
3237
3426
3531
3529
3415
3144
2803
2492
2284
2207
2239
2324
2397
2429
2436
2441
2447
2453
2459
2464
2468
2471
2475
2478
2481
2483
2484
2485
2486
2487
2488
2488
2489
2490
2491
2493
2495
2498
2501
2505
2509
2513
2517
2519
2521
2523
2524
2527
2528
2529
2531
2533
2534
2536
2537
2538
2539
2540
2542
2543
2544
2545
2545
2546
2547
2549
2550
2551
2553
2555
2558
2561
2564
2567
2570
2573
2575
2577
2579
2581
2583
2585
2588
2590
2593
2596
2600
2603
2606
2609
2617
2629
2636
2640
2643
2645
2647
2648
2648
2647
2646
2644
2643
2641
2640
2638
2636
2635
2635
2637
2640
2645
2649
2655
2662
2669
2673
2676
2677
2678
2679
2681
2682
2683
2684
2685
2686
2687
2688
2689
2689
2689
2689
2689
2689
2688
2687
2686
2686
2685
2684
2683
2682
2681
2680
2678
2676
2674
2671
2667
2664
2661
2659
2656
2653
2651
2649
2646
2644
2641
2638
2635
2632
2629
2626
2623
2621
2618
2614
2608
2597
2591
2586
2581
2582
2594
2606
2619
2626
2630
2633
2636
2637
2634
2628
2622
2617
2612
2608
2605
2603
2602
2601
2599
2598
2597
2594
2593
2596
2602
2605
2608
2610
2614
2615
2615
2612
2608
2605
2601
2596
2591
2586
2582
2580
2578
2576
2576
2575
2574
2573
2572
2571
2570
2569
2568
2567
2567
2567
2568
2569
2570
2572
2573
2575
2577
2579
2581
2583
2585
2589
2598
2604
2608
2610
2614
2617
2619
2617
2611
2606
2600
2593
2586
2582
2579
2573
2567
2567
2573
2591
2630
2696
2799
2940
3115
3301
3456
3527
3476
3300
3032
2740
2507
2374
2342
2375
2416
2429
2437
2443
2449
2457
2461
2464
2467
2468
2467
2464
2461
2457
2454
2457
2461
2465
2467
2470
2471
2471
2469
2467
2464
2462
2459
2456
2454
2456
2461
2467
2472
2479
2485
2488
2491
2492
2494
2495
2496
2497
2498
2499
2500
2501
2503
2505
2506
2508
2510
2513
2518
2531
2543
2550
2554
2558
2562
2565
2568
2570
2573
2575
2579
2583
2588
2593
2598
2607
2623
2635
2642
2648
2655
2663
2672
2684
2693
2699
2704
2707
2710
2713
2715
2716
2718
2720
2721
2722
2722
2722
2721
2720
2719
2718
2717
2716
2715
2714
2712
2711
2709
2708
2706
2705
2704
2703
2702
2701
2699
2698
2697
2695
2694
2693
2692
2692
2692
2692
2693
2694
2695
2696
2697
2701
2703
2699
2692
2685
2676
2663
2655
2651
2647
2643
2640
2637
2634
2633
2630
2628
2624
2619
2612
2606
2601
2597
2594
2590
2587
2585
2582
2581
2579
2578
2576
2574
2573
2573
2575
2579
2583
2587
2589
2590
2592
2593
2595
2596
2598
2599
2600
2601
2602
2603
2604
2605
2605
2605
2605
2605
2603
2602
2601
2599
2598
2596
2594
2591
2589
2587
2584
2581
2572
2564
2561
2558
2555
2553
2551
2549
2547
2545
2545
2547
2549
2551
2553
2555
2557
2560
2563
2567
2570
2574
2581
2605
2656
2742
2868
3037
3234
3417
3500
3489
3349
3080
2775
2525
2404
2389
2431
2512
2558
2564
2547
2512
2504
2503
2503
2503
2505
2509
2511
2512
2513
2514
2515
2515
2516
2517
2517
2517
2516
2515
2514
2514
2514
2513
2513
2513
2512
2512
2511
2511
2510
2508
2508
2508
2510
2513
2518
2522
2527
2531
2535
2538
2540
2542
2543
2544
2545
2545
2546
2547
2548
2549
2550
2552
2553
2554
2556
2559
2562
2566
2573
2580
2585
2590
2599
2614
2628
2638
2647
2651
2654
2655
2657
2659
2662
2664
2667
2670
2673
2677
2682
2687
2689
2690
2691
2692
2692
2693
2695
2696
2696
2695
2694
2692
2690
2687
2685
2682
2678
2675
2671
2667
2663
2660
2656
2651
2648
2645
2643
2641
2639
2637
2635
2634
2632
2631
2629
2627
2626
2625
2624
2622
2620
2618
2616
2615
2616
2617
2619
2622
2623
2625
2627
2629
2630
2631
2631
2630
2629
2627
2626
2624
2623
2620
2618
2617
2616
2617
2618
2619
2619
2620
2621
2622
2623
2624
2624
2623
2620
2617
2614
2608
2603
2599
2601
2609
2635
2699
2806
2959
3159
3366
3533
3601
3525
3303
2984
2654
2403
2308
2304
2382
2479
2542
2562
2559
2540
2525
2519
2514
2512
2516
2524
2536
2551
2564
2578
2586
2588
2590
2592
2594
2595
2597
2598
2600
2602
2604
2606
2607
2608
2608
2608
2609
2609
2610
2611
2612
2614
2615
2616
2617
2618
2619
2621
2622
2623
2623
2624
2625
2626
2627
2628
2629
2631
2633
2636
2638
2641
2643
2645
2647
2649
2651
2653
2658
2665
2674
2683
2692
2704
2712
2717
2723
2728
2733
2738
2743
2748
2751
2754
2756
2759
2761
2762
2760
2756
2750
2743
2733
2725
2715
2698
2689
2685
2682
2679
2677
2676
2674
2673
2672
2671
2670
2669
2668
2666
2665
2665
2664
2663
2663
2662
2662
2663
2664
2664
2665
2666
2667
2669
2670
2672
2674
2676
2677
2678
2677
2677
2676
2675
2674
2673
2671
2670
2668
2666
2663
2659
2655
2651
2649
2646
2642
2639
2636
2633
2631
2629
2628
2626
2625
2623
2620
2615
2604
2598
2595
2592
2589
2587
2586
2585
2584
2583
2582
2581
2580
2580
2580
2579
2577
2575
2572
2568
2564
2559
2555
2551
2546
2540
2535
2532
2530
2529
2527
2524
2524
2523
2522
2521
2520
2519
2517
2516
2516
2515
2515
2514
2513
2513
2512
2511
2510
2508
2505
2503
2502
2503
2505
2507
2511
2518
2533
2543
2549
2553
2553
2554
2555
2556
2556
2554
2550
2547
2544
2541
2540
2541
2544
2549
2566
2604
2666
2760
2893
3067
3254
3415
3491
3439
3254
2966
2656
2408
2272
2249
2306
2378
2411
2420
2426
2430
2433
2442
2452
2459
2463
2463
2459
2457
2455
2452
2451
2450
2449
2449
2449
2448
2448
2449
2450
2451
2454
2457
2461
2464
2473
2490
2503
2511
2517
2523
2528
2531
2533
2536
2539
2541
2543
2545
2548
2550
2553
2555
2558
2559
2561
2564
2566
2569
2571
2572
2574
2575
2576
2577
2578
2579
2580
2582
2583
2584
2585
2586
2586
2586
2587
2589
2591
2597
2609
2624
2636
2649
2663
2677
2686
2695
2701
2704
2706
2708
2709
2709
2708
2707
2706
2704
2701
2695
2683
2675
2671
2668
2666
2665
2666
2668
2671
2673
2676
2679
2681
2681
2680
2679
2678
2678
2677
2677
2676
2675
2674
2674
2673
2674
2674
2674
2675
2676
2677
2678
2679
2681
2682
2678
2670
2666
2662
2659
2656
2654
2651
2648
2646
2644
2642
2639
2637
2633
2627
2621
2616
2612
2609
2608
2606
2605
2603
2601
2599
2598
2596
2595
2594
2592
2590
2587
2585
2586
2589
2594
2598
2599
2600
2600
2601
2603
2604
2606
2607
2607
2608
2609
2610
2610
2610
2610
2609
2608
2607
2605
2604
2602
2601
2600
2598
2597
2596
2595
2593
2590
2587
2583
2580
2577
2574
2571
2569
2566
2563
2561
2560
2559
2558
2557
2556
2554
2552
2551
2549
2547
2544
2541
2538
2535
2532
2529
2524
2521
2517
2514
2513
2514
2516
2520
2525
2537
2547
2550
2553
2554
2554
2551
2546
2540
2533
2528
2524
2522
2520
2518
2517
2518
2521
2525
2532
2552
2602
2685
2805
2972
3175
3355
3448
3449
3354
3151
2916
2719
