2843
2862
2881
2891
2896
2902
2905
2906
2905
2902
2896
2889
2879
2865
2854
2846
2840
2834
2828
2822
2818
2814
2811
2808
2807
2806
2805
2806
2808
2811
2815
2820
2825
2828
2831
2834
2836
2838
2840
2843
2846
2849
2851
2851
2849
2847
2844
2841
2837
2834
2830
2825
2821
2816
2810
2805
2800
2795
2792
2792
2792
2795
2800
2806
2813
2823
2837
2848
2853
2857
2861
2866
2870
2872
2869
2863
2854
2844
2832
2822
2811
2799
2787
2783
2781
2779
2778
2777
2776
2776
2776
2777
2778
2782
2787
2790
2795
2803
2810
2819
2826
2833
2840
2845
2850
2855
2860
2863
2865
2868
2870
2872
2875
2877
2878
2879
2880
2881
2881
2880
2880
2879
2878
2879
2881
2882
2881
2875
2866
2862
2857
2853
2849
2846
2843
2843
2843
2845
2848
2852
2856
2866
2884
2906
2940
2993
3065
3148
3233
3315
3383
3415
3425
3411
3368
3294
3206
3113
3025
2949
2888
2844
2822
2807
2798
2790
2781
2766
2746
2726
2706
2692
2686
2680
2672
2666
2655
2642
2629
2615
2601
2588
2571
2547
2530
2521
2515
2511
2509
2509
2507
2507
2506
2506
2505
2504
2504
2505
2507
2510
2514
2518
2522
2527
2531
2536
2541
2546
2552
2559
2570
2580
2589
2598
2605
2612
2619
2625
2630
2633
2636
2640
2645
2650
2656
2663
2670
2680
2690
2698
2706
2716
2730
2743
2751
2756
2760
2763
2763
2763
2761
2757
2751
2745
2739
2733
2726
2719
2713
2707
2702
2697
2692
2686
2683
2681
2680
2679
2679
2678
2677
2675
2677
2689
2699
2707
2714
2721
2728
2733
2737
2742
2745
2750
2753
2757
2762
2773
2790
2819
2859
2914
2984
3057
3125
3183
3209
3209
3179
3129
3066
2989
2902
2814
2732
2666
2637
2627
2623
2627
2636
2644
2652
2661
2671
2682
2693
2704
2716
2726
2736
2746
2759
2766
2770
2775
2778
2781
2783
2785
2787
2787
2788
2789
2790
2790
2789
2788
2787
2787
2787
2788
2790
2790
2787
2784
2781
2778
2776
2773
2771
2769
2769
2771
2775
2781
2787
2793
2801
2810
2817
2824
2831
2846
2866
2879
2890
2902
2916
2936
2947
2952
2957
2960
2961
2958
2952
2946
2940
2937
2933
2929
2925
2920
2916
2913
2911
2908
2906
2905
2904
2905
2905
2905
2905
2905
2904
2902
2901
2899
2897
2895
2892
2890
2887
2886
2884
2881
2878
2875
2871
2867
2863
2861
2859
2857
2855
2853
2851
2846
2843
2843
2848
2854
2859
2863
2866
2869
2869
2866
2860
2852
2837
2813
2801
2792
2788
2794
2806
2825
2852
2898
2947
3007
3073
3132
3159
3158
3126
3071
3002
2920
2831
2744
2659
2579
2541
2527
2521
2521
2526
2534
2543
2556
2573
2589
2605
2618
2627
2632
2636
2639
2642
2644
2646
2647
2648
2648
2649
2650
2651
2652
2653
2653
2653
2653
2653
2653
2652
2651
2650
2648
2647
2645
2643
2642
2641
2643
2650
2657
2664
2669
2674
2680
2686
2690
2696
2704
2716
2727
2741
2760
2778
2790
2800
2807
2813
2819
2826
2834
2846
2867
2884
2897
2914
2924
2931
2937
2942
2945
2946
2948
2949
2949
2950
2951
2952
2952
2952
2952
2952
2953
2953
2952
2949
2946
2943
2939
2935
2931
2927
2919
2911
2908
2905
2900
2896
2897
2911
2925
2940
2951
2964
2983
3001
3012
3014
3016
3017
3016
3007
3001
2996
2990
2984
2979
2976
2973
2970
2967
2965
2964
2961
2960
2958
2956
2955
2955
2954
2954
2953
2950
2946
2943
2943
2946
2952
2957
2960
2963
2967
2970
2975
2978
2981
2983
2984
2985
2987
2987
2989
2990
2992
2995
2998
3000
3001
2999
2996
2992
2987
2976
2955
2938
2925
2911
2892
2869
2846
2822
2801
2787
2774
2760
2748
2736
2728
2723
2719
2716
2717
2722
2730
2738
2745
2753
2761
2764
2765
2765
2765
2765
2766
2766
2766
2766
2766
2764
2760
2757
2751
2746
2741
2734
2728
2724
2719
2714
2711
2708
2706
2703
2701
2698
2696
2693
2690
2687
2684
2680
2673
2659
2642
2630
2622
2615
2609
2605
2601
2597
2592
2585
2578
2569
2559
2547
2536
2530
2526
2522
2519
2518
2517
2518
2521
2527
2533
2539
2544
2553
2561
2566
2569
2572
2575
2577
2579
2580
2583
2585
2587
2590
2595
2601
2613
2635
2666
2712
2770
2839
2917
2999
3077
3129
3129
3081
2958
2805
2654
2524
2442
2426
2421
2418
2412
2406
2398
2384
2361
2344
2333
2328
2328
2327
2326
2324
2322
2320
2321
2322
2324
2327
2329
2334
2336
2332
2323
2314
2304
2294
2282
2270
2258
2249
2241
2230
2210
2196
2187
2182
2179
2179
2181
2185
2190
2200
2219
2234
2246
2260
2271
2281
2290
2299
2308
2321
2335
2353
2376
2399
2419
2437
2456
2477
2497
2518
2537
2556
2577
2595
2608
2623
2633
2639
2645
2650
2654
2658
2663
2670
2681
2692
2698
2701
2704
2706
2709
2711
2713
2713
2713
2713
2711
2710
2707
2704
2702
2699
2697
2694
2691
2685
2679
2676
2678
2683
2689
2698
2711
2725
2743
2766
2779
2787
2794
2802
2810
2815
2821
2828
2831
2834
2836
2837
2837
2840
2845
2852
2859
2869
2887
2914
2939
2964
2990
3005
3011
3015
3004
2986
2964
2945
2931
2923
2919
2916
2912
2908
2905
2902
2900
2900
2899
2899
2899
2897
2895
2892
2890
2889
2888
2888
2890
2893
2897
2902
2908
2915
2929
2946
2962
2977
2987
2999
3009
3019
3025
3030
3034
3038
3042
3046
3052
3057
3062
3070
3080
3088
3095
3100
3105
3110
3114
3117
3118
3120
3120
3120
3119
3117
3114
3111
3105
3096
3082
3068
3060
3054
3050
3049
3047
3045
3043
3043
3043
3043
3043
3045
3049
3052
3054
3057
3059
3062
3064
3064
3067
3069
3071
3073
3074
3072
3067
3060
3055
3048
3035
3025
3017
3004
2987
2970
2954
2940
2928
2916
2902
2882
2866
2855
2848
2846
2848
2849
2847
2846
2851
2860
2866
2872
2878
2881
2878
2869
2861
2853
2840
2830
2822
2813
2801
2786
2771
2760
2748
2739
2730
2719
2708
2702
2699
2699
2699
2700
2700
2699
2698
2696
2694
2692
2689
2685
2680
2675
2669
2659
2647
2641
2642
2648
2657
2687
2728
2778
2832
2884
2921
2934
2922
2886
2798
2680
2547
2421
2323
2280
2277
2305
2341
2373
2394
2412
2424
2436
2449
2460
2472
2488
2508
2529
2552
2568
2577
2584
2590
2595
2600
2607
2617
2628
2638
2645
2653
2661
2668
2674
2679
2684
2689
2695
2701
2707
2712
2718
2723
2729
2735
2742
2749
2756
2764
2771
2778
2784
2790
2795
2798
2802
2805
2806
2806
2807
2807
2807
2808
2807
2807
2807
2804
2803
2799
2795
2790
2784
2780
2772
2753
2743
2731
2716
2698
2679
2669
2667
2664
2663
2660
2658
2656
2654
2652
2651
2651
2648
2642
2629
2602
2581
2568
2556
2547
2531
2509
2483
2455
2439
2429
2421
2416
2415
2414
2412
2410
2410
2412
2417
2421
2426
2432
2441
2459
2472
2488
2510
2533
2555
2575
2591
2606
2625
2648
2670
2695
2716
2732
2748
2769
2792
2813
2826
2835
2841
2846
2849
2848
2840
2828
2813
2792
2775
2757
2739
2722
2704
2686
2666
2642
2606
2565
2530
2509
2494
2494
2506
2541
2611
2695
2778
2830
2850
2858
2857
2852
2846
2842
2839
2840
2844
2848
2850
2852
2856
2859
2856
2849
2840
2835
2831
2825
2820
2816
2811
2808
2805
2805
2806
2809
2813
2817
2821
2826
2831
2837
2843
2860
2874
2887
2898
2908
2918
2931
2942
2948
2952
2955
2959
2962
2965
2969
2973
2977
2980
2983
2985
2987
2990
2991
2995
3001
3006
3008
3008
3005
3000
2993
2977
2951
2928
2903
2881
2863
2841
2827
2816
2807
2800
2792
2785
2778
2774
2769
2766
2763
2760
2760
2760
2760
2762
2763
2767
2772
2778
2782
2787
2795
2801
2808
2816
2825
2834
2846
2863
2878
2890
2896
2900
2905
2908
2912
2914
2916
2916
2916
2915
2914
2911
2908
2909
2908
2907
2905
2902
2899
2896
2892
2887
2884
2879
2875
2872
2867
2857
2845
2837
2831
2825
2819
2816
2812
2809
2807
2806
2806
2807
2807
2807
2807
2807
2805
2804
2801
2799
2796
2793
2791
2790
2787
2787
2784
2781
2777
2769
2760
2751
2742
2733
2724
2716
2709
2704
2701
2697
2694
2691
2688
2684
2680
2677
2674
2672
2672
2673
2675
2679
2683
2687
2692
2697
2701
2704
2707
2709
2710
2713
2716
2719
2722
2725
2728
2731
2733
2735
2736
2736
2737
2737
2738
2739
2742
2744
2746
2750
2752
2754
2756
2757
2758
2759
2759
2760
2760
2761
2763
2763
2765
2766
2766
2766
2766
2765
2763
2762
2761
2761
2762
2763
2765
2767
2770
2773
2777
2781
2787
2803
2838
2893
2958
3043
3134
3221
3296
3322
3309
3267
3153
3002
2852
2744
2713
2703
2698
2692
2684
2679
2674
2672
2670
2668
2666
2665
2662
2659
2656
2654
2654
2655
2657
2660
2664
2668
2672
2676
2679
2682
2685
2687
2689
2690
2692
2694
2695
2698
2701
2704
2707
2710
2715
2719
2723
2728
2732
2736
2739
2743
2748
2753
2758
2764
2769
2774
2778
2781
2784
2786
2787
2787
2787
2787
2787
2788
2790
2792
2795
2799
2804
2810
2818
2828
2838
2849
2860
2870
2879
2888
2897
2905
2913
2920
2926
2930
2931
2933
2934
2934
2933
2933
2934
2934
2934
2936
2937
2937
2936
2934
2931
2926
2922
2916
2911
2904
2891
2880
2870
2861
2852
2843
2834
2825
2816
2805
2795
2785
2780
2775
2772
2769
2766
2763
2760
2757
2754
2751
2748
2746
2744
2741
2737
2733
2730
2728
2730
2734
2740
2748
2763
2790
2837
2896
2976
3066
3150
3192
3207
3185
3118
3022
2908
2795
2720
2695
2701
2722
2770
2795
2805
2810
2813
2816
2819
2824
2828
2834
2840
2847
2863
2890
2911
2925
2945
2956
2963
2968
2973
2976
2978
2978
2978
2976
2975
2973
2973
2971
2968
2964
2962
2962
2965
2970
2973
2976
2976
2978
2979
2981
2983
2984
2987
2989
2992
2993
2995
2996
2997
2999
2999
3002
3004
3007
3011
3014
3020
3024
3028
3031
3033
3035
3037
3038
3040
3042
3046
3048
3042
3029
3014
2997
2984
2975
2968
2961
2955
2949
2938
2922
2913
2907
2902
2895
2888
2882
2877
2872
2868
2863
2859
2852
2840
2821
2813
2810
2807
2806
2804
2802
2800
2798
2795
2792
2788
2779
2760
2744
2732
2719
2710
2706
2702
2698
2695
2690
2686
2682
2677
2674
2668
2664
2660
2657
2654
2651
2648
2646
2643
2641
2639
2636
2635
2634
2634
2636
2638
2640
2642
2645
2647
2649
2651
2653
2655
2657
2658
2660
2660
2660
2660
2658
2657
2655
2653
2651
2648
2645
2641
2637
2634
2628
2622
2617
2613
2610
2608
2606
2605
2604
2601
2599
2597
2596
2595
2595
2595
2595
2596
2597
2598
2600
2601
2603
2604
2606
2606
2608
2609
2609
2611
2612
2613
2615
2616
2618
2619
2621
2621
2621
2620
2618
2617
2616
2615
2613
2612
2611
2609
2607
2606
2604
2601
2595
2589
2589
2592
2599
2609
2625
2642
2661
2695
2738
2793
2860
2934
3008
3082
3129
3132
3099
3011
2881
2734
2603
2512
2488
2491
2533
2571
2589
2601
2610
2622
2639
2659
2680
2701
2722
2743
2762
2775
2785
2790
2793
2797
2801
2804
2807
2810
2815
2825
2841
2856
2873
2883
2887
2890
2892
2893
2895
2895
2893
2892
2890
2888
2887
2886
2884
2882
2880
2879
2881
2885
2892
2899
2905
2908
2913
2916
2919
2922
2925
2926
2929
2932
2936
2939
2941
2943
2945
2946
2949
2950
2952
2953
2955
2957
2959
2961
2964
2967
2969
2971
2973
2976
2978
2979
2981
2983
2985
2988
2993
2998
3002
3005
3009
3011
3014
3017
3019
3020
3021
3022
3022
3021
3020
3017
3015
3011
3008
3005
3000
2993
2986
2983
2981
2980
2979
2978
2977
2975
2974
2973
2973
2972
2971
2970
2970
2970
2971
2972
2972
2972
2971
2970
2969
2968
2968
2973
2979
2984
2989
2995
3002
3008
3014
3022
3031
3039
3046
3055
3065
3077
3082
3086
3089
3093
3095
3097
3097
3098
3098
3098
3097
3097
3094
3092
3088
3085
3079
3062
3049
3043
3037
3030
3023
3017
3012
3006
3000
2995
2989
2981
2969
2960
2949
2934
2923
2916
2911
2905
2896
2881
2866
2857
2849
2843
2836
2827
2814
2798
2779
2763
2751
2739
2730
2724
2719
2715
2712
2710
2706
2701
2695
2687
2674
2657
2642
2632
2624
2613
2599
2582
2567
2556
2548
2540
2530
2513
2497
2488
2480
2473
2462
2446
2415
2386
2370
2353
2335
2317
2298
2286
2279
2274
2271
2270
2270
2271
2273
2276
2286
2311
2347
2397
2462
2536
2611
2683
2744
2774
2770
2724
2615
2471
2335
2241
2218
2211
2207
2205
2202
2199
2195
2196
2208
2214
2217
2219
2222
2225
2226
2228
2231
2233
2236
2238
2241
2244
2248
2255
2270
2279
2288
2296
2309
2318
2324
2329
2333
2336
2338
2340
2342
2345
2349
2354
2361
2368
2376
2384
2391
2397
2402
2406
2411
2415
2420
2427
2437
2447
2455
2462
2471
2481
2489
2496
2501
2506
2509
2512
2515
2518
2519
2521
2524
2528
2533
2538
2543
2550
2562
2572
2581
2586
2591
2594
2596
2598
2600
2601
2603
2604
2605
2605
2606
2607
2608
2608
2608
2608
2607
2606
2606
2607
2608
2609
2609
2609
2610
2612
2613
2615
2617
2618
2619
2621
2624
2627
2631
2635
2638
2643
2649
2658
2672
2689
2710
2736
2754
2766
2774
2778
2781
2783
2784
2785
2787
2787
2789
2790
2791
2792
2792
2794
2795
2795
2795
2796
2798
2799
2801
2804
2804
2804
2804
2804
2803
2803
2801
2800
2798
2794
2795
2804
2816
2828
2839
2846
2849
2853
2855
2860
2864
2868
2872
2878
2891
2915
2958
3017
3081
3137
3177
3190
3179
3148
3085
3011
2929
2845
2761
2683
2623
2594
2586
2580
2576
2571
2568
2564
2559
2553
2543
2536
2532
2529
2526
2524
2521
2521
2524
2530
2536
2545
2558
2558
2542
2501
2388
2227
2043
1889
1831
1908
2120
2400
2655
2811
2843
2853
2831
2813
2800
2791
2787
2790
2795
2802
2811
2824
2837
2852
2866
2874
2881
2886
2888
2884
2873
2863
2853
2849
2853
2864
2881
2904
2925
2947
2967
2991
3008
3017
3023
3029
3035
3040
3046
3053
3058
3058
3059
3060
3061
3059
3049
3020
2987
2952
2932
2922
2916
2913
2910
2909
2910
2914
2918
2922
2928
2934
2944
2957
2978
3001
3009
3013
3017
3018
3020
3020
3019
3019
3017
3014
3011
3007
3003
2998
2989
2982
2981
2985
2995
3023
3064
3085
3097
3105
3109
3104
3091
3070
3046
3032
3022
3035
3056
3078
3089
3096
3100
3103
3102
3098
3091
3083
3071
3053
3042
3033
3026
3017
3005
2998
2993
2987
2984
2981
2979
2977
2976
2974
2973
2972
2969
2963
2964
2974
2981
2987
2991
2995
2996
2993
2989
2984
2978
2973
2967
2960
2952
2946
2940
2933
2926
2918
2911
2902
2878
2836
2796
2775
2763
2755
2749
2747
2750
2759
2770
2784
2801
2803
2790
2769
2752
2748
2747
2745
2745
2743
2740
2737
2733
2727
2715
2692
2666
2646
2629
2610
2596
2586
2584
2592
2600
2608
2612
2606
2595
2583
2568
2556
2549
2543
2539
2539
2542
2548
2558
2574
2604
2640
2683
2730
2776
2821
2863
2878
2890
2884
2838
2751
2646
2539
2437
2350
2288
2267
2260
2252
2237
2196
2078
1892
1691
1523
1434
1483
1676
1957
2220
2379
2407
2404
2356
2324
2313
2308
2312
2321
2334
2356
2381
2403
2411
2415
2418
2420
2422
2425
2429
2434
2439
2444
2450
2457
2465
2473
2480
2487
2494
2500
2506
2512
2518
2524
2528
2532
2535
2539
2543
2548
2556
2563
2569
2576
2585
2597
2614
2627
2635
2642
2650
2657
2666
2673
2681
2689
2696
2703
2710
2718
2729
2739
2746
2750
2752
2753
2753
2753
2753
2752
2752
2752
2753
2754
2756
2757
2758
2760
2762
2763
2765
2767
2769
2773
2781
2800
2812
2818
2822
2826
2831
2834
2837
2840
2843
2844
2846
2847
2849
2851
2852
2855
2858
2863
2868
2874
2881
2887
2893
2899
2903
2908
2911
2914
2917
2921
2925
2928
2931
2935
2938
2942
2947
2955
2964
2974
2984
2991
2997
3003
3009
3014
3019
3023
3026
3029
3030
3031
3032
3034
3035
3036
3037
3038
3038
3038
3039
3040
3040
3040
3039
3038
3038
3037
3035
3035
3033
3032
3031
3029
3028
3026
3023
3020
3016
3007
2981
2959
2942
2922
2902
2882
2866
2860
2857
2855
2853
2852
2850
2849
2846
2845
2843
2840
2839
2838
2837
2837
2836
2835
2834
2833
2829
2821
2816
2822
2839
2863
2902
2946
2972
2984
2993
2970
2902
2795
2668
2533
2409
2312
2252
2229
2217
2201
2175
2151
2135
2135
2153
2178
2219
2251
2269
2280
2285
2288
2290
2293
2298
2302
2301
2290
2277
2270
2264
2258
2252
2247
2243
2238
2235
2233
2231
2229
2227
2226
2225
2224
2223
2222
2220
2219
2218
2217
2218
2220
2224
2229
2236
2243
2249
2254
2259
2264
2270
2275
2279
2284
2288
2291
2294
2296
2299
2302
2306
2311
2320
2329
2338
2349
2362
2381
2402
2420
2436
2447
2456
2465
2477
2494
2500
2502
2505
2507
2509
2510
2511
2511
2511
2511
2510
2511
2511
2510
2510
2511
2512
2513
2514
2514
2515
2515
2515
2515
2515
2515
2515
2515
2515
2516
2518
2519
2521
2523
2524
2526
2527
2528
2529
2530
2532
2533
2536
2546
2557
2566
2576
2588
2603
2619
2635
2651
2671
2683
2689
2694
2698
2702
2707
2711
2715
2718
2722
2728
2736
2750
2763
2775
2787
2798
2812
2826
2836
2844
2851
2855
2857
2860
2862
2863
2864
2866
2867
2869
2873
2880
2889
2898
2907
2916
2926
2936
2946
2955
2964
2971
2978
2987
2996
3005
3014
3021
3026
3029
3033
3036
3038
3040
3043
3044
3046
3048
3049
3050
3051
3052
3052
3052
3053
3054
3054
3055
3055
3055
3055
3055
3055
3055
3055
3055
3057
3058
3060
3062
3066
3070
3075
3080
3085
3091
3097
3106
3120
3135
3151
3163
3173
3182
3189
3194
3197
3199
3200
3200
3200
3200
3201
3201
3203
3203
3206
3207
3209
3212
3215
3217
3219
3222
3226
3230
3239
3250
3258
3265
3271
3277
3283
3288
3294
3300
3307
3314
3323
3336
3358
3376
3392
3409
3427
3435
3439
3442
3444
3445
3446
3446
3447
3448
3449
3450
3451
3451
3453
3454
3454
3454
3454
3454
3454
3454
3457
3460
3463
3466
3477
3505
3552
3612
3681
3754
3822
3861
3874
3855
3796
3690
3548
3392
3250
3150
3114
3102
3122
3150
3170
3163
3141
3095
3070
3057
3051
3047
3045
3040
3035
3028
3020
3007
2983
2943
2906
2875
2856
2843
2831
2822
2813
2807
2801
2793
2784
2775
2771
2767
2764
2762
2760
2758
2757
2755
2753
2750
2747
2745
2744
2743
2742
2742
2740
2738
2736
2730
2722
2710
2696
2682
2668
2653
2639
2629
2619
2607
2592
2574
2560
2550
2542
2539
2536
2535
2535
2533
2533
2533
2533
2536
2542
2550
2562
2578
2586
2592
2596
2600
2603
2604
2604
2602
2596
2590
2583
2577
2573
2568
2564
2559
2556
2553
2550
2547
2544
2543
2542
2541
2540
2539
2539
2538
2537
2537
2537
2538
2539
2539
2538
2538
2538
2539
2539
2541
2543
2545
2548
2550
2554
2557
2559
2558
2553
2547
2542
2538
2534
2529
2524
2520
2516
2514
2512
2512
2513
2515
2518
2523
2528
2535
2541
2547
2556
2570
2583
2594
2603
2610
2616
2621
2626
2630
2636
2641
2646
2651
2657
2662
2667
2672
2677
2683
2687
2692
2695
2701
2705
2708
2711
2714
2717
2720
2722
2723
2725
2725
2726
2727
2728
2729
2729
2730
2730
2733
2735
2737
2739
2739
2740
2741
2741
2742
2742
2744
2745
2747
2748
2751
2753
2754
2757
2758
2760
2760
2760
2758
2757
2755
2754
2753
2751
2748
2745
2742
2739
2736
2733
2729
2722
2714
2706
2699
2693
2686
2674
2657
2640
2619
2592
2576
2568
2562
2556
2549
2542
2534
2521
2501
2487
2468
2444
2416
2391
2375
2365
2359
2361
2370
2386
2411
2448
2509
2573
2639
2702
2757
2778
2761
2708
2589
2444
2296
2227
2208
2196
2184
2175
2163
2139
2108
2085
2071
2092
2126
2167
2194
2211
2222
2231
2240
2249
2258
2269
2281
2296
2317
2335
2357
2383
2406
2434
2456
2470
2483
2495
2506
2514
2522
2530
2536
2542
2547
2552
2556
2563
2572
2581
2592
2606
2623
2638
2650
2667
2684
2688
2689
2691
2692
2692
2691
2691
2692
2692
2693
2695
2695
2697
2700
2704
2708
2713
2719
2725
2738
2749
2756
2762
2766
2772
2776
2778
2775
2765
2751
2734
2709
2684
2666
2653
2641
2630
2618
2609
2603
2598
2594
2591
2589
2586
2583
2580
2576
2571
2566
2562
2558
2554
2550
2546
2542
2538
2533
2526
2519
2514
2511
2511
2513
2517
2523
2530
2540
2552
2571
2588
2601
2624
2660
2685
2702
2710
2704
2691
2651
2578
2493
2406
2327
2263
2238
2218
2205
2196
2189
2182
2175
2168
2161
2153
2144
2136
2133
2137
2149
2166
2186
2216
2245
2285
2335
2388
2441
2495
2547
2595
2641
2683
2724
2751
2766
2784
2803
2819
2834
2848
2860
2870
2876
2881
2887
2893
2897
2902
2905
2907
2908
2908
2906
2903
2899
2893
2886
2879
2873
2867
2862
2857
2852
2847
2840
2834
2827
2821
2815
2810
2806
2803
2800
2798
2795
2794
2792
2790
2787
2784
2781
2777
2773
2769
2765
2760
2755
2751
2745
2741
2736
2730
2723
2716
2710
2707
2707
2709
2713
2718
2725
2732
2742
2758
2772
2784
2800
2826
2853
2877
2893
2905
2905
2892
2857
2796
2778
2790
2828
2961
3135
3315
3471
3601
3697
3755
3807
3840
3862
3875
3883
3893
3900
3911
3931
3963
3988
4006
4026
4041
4053
4063
4071
4078
4083
4089
4094
4095
4090
4081
4070
4059
4046
4037
4034
4032
4030
4028
4027
4027
4027
4028
4030
4035
4041
4048
4055
4060
4067
4073
4077
4081
4083
4081
4077
4071
4065
4058
4051
4044
4037
4030
4024
4018
4013
4008
4002
3994
3985
3975
3962
3947
3934
3921
3910
3901
3894
3889
3882
3873
3865
3858
3852
3839
3817
3793
3771
3749
3728
3708
3687
3670
3658
3643
3627
3612
3597
3577
3554
3535
3518
3502
3483
3464
3451
3437
3419
3398
3378
3358
3340
3327
3321
3316
3312
3312
3323
3350
3383
3426
3473
3522
3569
3598
3605
3580
3506
3387
3244
3103
3003
2979
2970
2979
2984
2986
2987
2990
2993
2996
2998
2998
2996
2993
2993
2992
2990
2986
2980
2974
2965
2946
2930
2920
2914
2911
2908
2905
2902
2900
2896
2893
2889
2884
2870
2849
2830
2809
2790
2777
2769
2765
2763
2763
2763
2760
2760
2760
2758
2757
2757
2757
2757
2754
2751
2751
2751
2743
2732
2720
2692
2647
2595
2543
2493
2443
2397
2358
2314
2269
2249
2232
2224
2221
2220
2221
2220
2218
2216
2214
2211
2208
2205
2198
2192
2187
2181
2176
2172
2167
2162
2158
2152
2143
2131
2120
2116
2111
2106
2101
2099
2102
2107
2114
2126
2152
2172
2187
2198
2207
2211
2214
2217
2220
2226
2231
2234
2238
2248
2265
2278
2286
2294
2305
2316
2326
2335
2341
2352
2368
2385
2402
2416
2429
2444
2455
2462
2467
2471
2477
2482
2487
2496
2509
2524
2539
2547
2554
2565
2580
2590
2597
2601
2606
2610
2612
2615
2622
2635
2650
2663
2672
2680
2685
2689
2694
2699
2702
2704
2708
2713
2716
2719
2720
2722
2725
2729
2732
2733
2733
2735
2738
2739
2739
2738
2739
2739
2739
2739
2740
2742
2745
2750
2754
2755
2756
2758
2760
2760
2763
2767
2771
2772
2772
2771
2766
2766
2768
2769
2770
2771
2772
2768
2751
2743
2739
2737
2736
2734
2731
2726
2723
2722
2722
2721
2719
2718
2714
2710
2707
2704
2702
2701
2701
2698
2695
2692
2691
2692
2695
2699
2701
2701
2701
2704
2722
2756
2804
2865
2936
3012
3092
3166
3214
3231
3213
3159
3055
2923
2790
2683
2633
2615
2630
2647
2662
2666
2663
2663
2661
2660
2665
2671
2674
2675
2678
2681
2684
2687
2689
2692
2692
2693
2695
2695
2696
2698
2701
2704
2707
2708
2710
2707
2704
2699
2693
2687
2682
2678
2677
2677
2677
2676
2673
2668
2664
2663
2663
2665
2666
2668
2668
2668
2666
2663
2665
2669
2671
2674
2675
2674
2674
2676
2678
2679
2678
2680
2685
2690
2701
2719
2734
2741
2746
2748
2749
2749
2750
2752
2754
2753
2752
2748
2743
2740
2737
2734
2732
2729
2727
2724
2716
2705
2696
2688
2683
2678
2674
2671
2668
2668
2671
2678
2691
2710
2742
2764
2776
2784
2787
2790
2794
2799
2805
2804
2795
2784
2774
2767
2763
2761
2758
2754
2751
2746
2741
2735
2729
2722
2715
2707
2700
2694
2688
2682
2677
2672
2668
2666
2663
2658
2650
2638
2627
2618
2610
2604
2599
2593
2587
2577
2564
2545
2531
2515
2493
2468
2446
2426
2403
2379
2355
2329
2305
2283
2264
2247
2226
2204
2184
2168
2157
2145
2131
2116
2100
2084
2072
2062
2054
2049
2046
2043
2040
2040
2054
2069
2082
2093
2102
2110
2117
2122
2123
2121
2115
2105
2092
2074
2060
2048
2037
2032
2036
2046
2073
2113
2164
2226
2299
2374
2443
2500
2518
2508
2480
2388
2254
2092
1943
1863
1830
1824
1833
1842
1852
1861
1871
1901
1969
2060
2155
2237
2299
2347
2377
2406
2436
2466
2496
2527
2555
2581
2609
2631
2647
2663
2674
2683
2691
2698
2707
2722
2744
2763
2784
2799
2813
2829
2851
2876
2901
2925
2944
2959
2976
2996
3025
3050
3069
3084
3090
3092
3092
3093
3094
3097
3100
3102
3105
3108
3111
3114
3118
3122
3129
3138
3148
3156
3162
3165
3165
3165
3165
3165
3164
3164
3164
3164
3164
3162
3159
3158
3156
3151
3144
3137
3131
3127
3124
3123
3123
3123
3121
3119
3118
3117
3116
3114
3113
3114
3117
3119
3119
3119
3118
3116
3114
3113
3114
3114
3116
3118
3123
3126
3125
3123
3120
3117
3113
3108
3106
3104
3103
3096
3090
3080
3070
3064
3061
3058
3057
3055
3055
3055
3052
3049
3048
3049
3052
3055
3056
3057
3058
3056
3051
3046
3042
3036
3027
3018
3008
3004
3002
2999
2995
2992
2987
2980
2975
2970
2965
2961
2955
2949
2944
2944
2945
2944
2943
2940
2937
2932
2925
2918
2914
2910
2904
2896
2889
2884
2879
2878
2878
2880
2883
2886
2887
2887
2889
2894
2902
2921
2956
3012
3076
3144
3216
3286
3307
3314
3300
3221
3103
2969
2841
2740
2705
2691
2681
2676
2676
2680
2690
2704
2717
2735
2762
2769
2772
2775
2778
2781
2784
2787
2787
2786
2785
2784
2787
2787
2787
2781
2775
2767
2755
2734
2717
2704
2698
2693
2686
2680
2675
2674
2673
2672
2676
2683
2690
2696
2703
2713
2722
2730
2734
2737
2743
2748
2750
2749
2749
2751
2751
2751
2753
2759
2767
2772
2772
2776
2783
2787
2788
2789
2790
2792
2791
2787
2786
2785
2782
2778
2772
2763
2753
2736
2721
2703
2683
2664
2649
2640
2630
2622
2616
2606
2592
2577
2565
2555
2544
2533
2522
2514
2508
2503
2503
2507
2514
2518
2522
2529
2540
2555
2565
2565
2556
2544
2529
2509
2489
2470
2451
2442
2437
2435
2441
2459
2472
2482
2490
2500
2513
2529
2544
2554
2559
2562
2569
2583
2599
2621
2647
2689
2740
2810
2900
2996
3080
3127
3129
3092
2992
2863
2734
2625
2570
2562
2593
2634
2647
2656
2665
2672
2677
2683
2692
2704
2716
2725
2733
2739
2742
2742
2741
2742
2745
2746
2746
2746
2744
2739
2735
2733
2733
2731
2732
2736
2739
2742
2746
2751
2756
2761
2769
2781
2793
2804
2813
2819
2822
2825
2828
2832
2837
2843
2851
2858
2866
2874
2881
2887
2891
2896
2901
2905
2908
2911
2915
2918
2921
2924
2926
2928
2928
2926
2923
2920
2917
2914
2909
2903
2898
2892
2881
2871
2863
2856
2851
2848
2846
2843
2837
2831
2828
2825
2824
2825
2825
2824
2826
2828
2828
2826
2825
2828
2830
2831
2832
2832
2831
2828
2827
2826
2826
2827
2827
2826
2828
2831
2835
2840
2848
2866
2877
2884
2890
2896
2897
2899
2899
2899
2899
2899
2899
2899
2899
2899
2898
2897
2896
2896
2895
2893
2890
2888
2886
2883
2878
2868
2852
2836
2823
2812
2802
2795
2790
2785
2781
2777
2774
2772
2772
2771
2771
2770
2769
2768
2767
2769
2774
2778
2783
2787
2790
2792
2793
2795
2796
2797
2798
2799
2801
2804
2805
2807
2810
2813
2815
2818
2821
2828
2834
2837
2834
2829
2825
2821
2817
2814
2811
2808
2807
2806
2806
2806
2806
2806
2806
2807
2807
2807
2807
2807
2807
2807
2807
2807
2808
2809
2810
2813
2817
2826
2843
2869
2902
2944
2996
3056
3125
3194
3252
3277
3274
3226
3124
2988
2840
2713
2648
2626
2638
2655
2668
2657
2640
2626
2619
2615
2614
2618
2625
2627
2628
2629
2630
2632
2633
2635
2636
2637
2638
2638
2639
2639
2641
2643
2645
2648
2653
2659
2666
2672
2678
2685
2691
2697
2702
2707
2712
2716
2720
2723
2726
2729
2731
2733
2736
2739
2742
2744
2745
2748
2750
2752
2754
2756
2760
2763
2766
2769
2773
2778
2781
2784
2787
2792
2798
2810
2819
2827
2837
2849
2861
2869
2875
2881
2886
2890
2894
2896
2899
2902
2905
2907
2909
2910
2910
2909
2907
2905
2904
2902
2900
2899
2899
2899
2899
2898
2897
2896
2894
2892
2890
2890
2891
2892
2893
2896
2898
2900
2902
2905
2906
2909
2915
2919
2919
2920
2921
2922
2923
2925
2926
2928
2931
2935
2942
2957
2985
3023
3070
3123
3179
3231
3276
3305
3308
3291
3238
3156
3058
2953
2859
2797
2779
2780
2804
2844
2875
2885
2890
2894
2897
2899
2902
2910
2922
2931
2938
2937
2927
2910
2889
2878
2870
2866
2867
2874
2881
2887
2890
2894
2898
2900
2902
2904
2905
2907
2908
2910
2911
2914
2915
2914
2910
2903
2898
2893
2887
2884
2880
2877
2875
2874
2872
2872
2872
2872
2872
2872
2872
2872
2872
2872
2872
2872
2872
2871
2871
2871
2871
2871
2870
2869
2868
2866
2866
2864
2860
2855
2852
2849
2846
2842
2838
2834
2828
2824
2820
2818
2815
2812
2810
2808
2807
2806
2804
2803
2801
2798
2794
2790
2787
2781
2776
2769
2763
2754
2744
2743
2748
2752
2754
2757
2761
2765
2769
2772
2778
2781
2784
2786
2787
2790
2792
2790
2787
2785
2782
2777
2771
2767
2764
2762
2760
2758
2755
2753
2750
2748
2744
2739
2732
2727
2724
2718
2707
2698
2692
2689
2690
2694
2698
2703
2693
2686
2681
2677
2674
2673
2673
2672
2671
2670
2668
2670
2671
2672
2674
2674
2674
2671
2670
2669
2668
2667
2666
2666
2667
2668
2670
2671
2674
2674
2675
2677
2677
2676
2674
2672
2669
2666
2660
2657
2657
2654
2652
2651
2654
2657
2660
2662
2664
2666
2668
2669
2671
2672
2674
2676
2678
2680
2687
2698
2714
2740
2779
2825
2881
2946
3018
3094
3166
3207
3207
3164
3054
2904
2751
2621
2550
2540
2556
2597
2626
2637
2638
2636
2634
2633
2639
2651
2663
2670
2674
2676
2677
2675
2672
2668
2663
2653
2639
2615
2608
2604
2602
2606
2614
2625
2637
2648
2666
2689
2699
2702
2704
2704
2701
2695
2687
2678
2677
2674
2673
2674
2680
2687
2695
2701
2715
2735
2747
2751
2754
2756
2757
2756
2754
2751
2748
2745
2739
2739
2745
2748
2751
2754
2756
2757
2757
2758
2759
2761
2754
2743
2735
2742
2746
2748
2751
2755
2760
2764
2770
2775
2781
2787
2792
2795
2799
2802
2806
2810
2814
2817
2818
2817
2815
2812
2809
2806
2801
2796
2790
2784
2779
2774
2769
2765
2760
2755
2751
2748
2744
2739
2736
2735
2735
2736
2739
2742
2745
2753
2766
2778
2792
2806
2823
2843
2858
2866
2872
2876
2880
2883
2895
2918
2931
2942
2958
2978
2997
3005
3009
3012
3015
3017
3018
3019
3020
3022
3023
3025
3026
3028
3029
3031
3032
3035
3038
3041
3044
3046
3049
3052
3055
3057
3060
3062
3067
3073
3098
3137
3190
3254
3326
3398
3466
3528
3573
3579
3565
3495
3382
3242
3116
3031
3004
3006
3047
3077
3087
3076
3045
3012
2988
2979
2980
2990
3007
3024
3031
3034
3035
3037
3038
3040
3041
3043
3043
3046
3049
3048
3036
3026
3016
3010
3008
3006
3004
3002
3000
3003
3009
3013
3016
3017
3020
3023
3026
3028
3030
3033
3036
3040
3046
3051
3055
3059
3061
3064
3067
3070
3073
3076
3079
3082
3087
3094
3102
3113
3120
3126
3132
3136
3140
3144
3147
3154
3168
3179
3188
3198
3211
3224
3230
3234
3236
3238
3239
3238
3234
3229
3224
3220
3215
3210
3206
3200
3197
3193
3189
3185
3180
3176
3173
3169
3166
3162
3158
3155
3155
3162
3170
3178
3187
3194
3194
3190
3183
3171
3156
3132
3104
3061
2987
2853
2641
2345
1995
1648
1362
1166
1051
0985
0944
0920
0892
0874
0864
0867
0900
0946
0992
1033
1069
1089
1102
1110
1118
1124
1148
1187
1243
1307
1371
1442
1524
1620
1730
1841
1942
2031
2109
2178
2248
2319
2374
2402
2410
2415
2420
2423
2427
2431
2435
2441
2446
2453
2464
2481
2499
2517
2535
2550
2563
2577
2604
2651
2722
2825
2954
3091
3218
3323
3400
3447
3463
3457
3440
3389
3323
3250
3179
3114
3064
3020
2980
2945
2904
2860
2824
2790
2773
2763
2758
2753
2748
2741
2716
2687
2664
2642
2613
2568
2500
2406
2285
2131
1933
1689
1397
1077
0773
0510
0306
0177
0126
0108
0097
0071
0035
0002
0000
0018
0090
0187
0284
0357
0410
0446
0475
0508
0544
0581
0618
0657
0702
0752
0802
0847
0887
0922
0957
0994
1029
1062
1099
1136
1172
1213
1259
1304
1349
1387
1423
1453
1482
1499
1512
1521
1522
1517
1503
1469
1428
1386
1343
1302
1263
1227
1197
1182
1172
1166
1160
1153
1145
1138
1134
1133
1130
1129
1133
1149
1171
1193
1222
1261
1307
1356
1414
1476
1537
1591
1644
1703
1764
1823
1878
1930
1978
2022
2063
2105
2149
2189
2217
2239
2259
2269
2282
2302
2338
2373
2402
2430
2462
2494
2525
2545
2552
2540
2505
2447
2382
2313
2243
2189
2158
2155
2167
2207
2246
2270
2297
2343
2403
2459
2506
2545
2575
2608
2639
2663
2691
2730
2780
2836
2895
2949
2995
3032
3064
3091
3114
3135
3157
3186
3217
3250
3280
3298
3303
3306
3309
3311
3312
3310
3305
3307
3321
3335
3345
3351
3356
3359
3362
3368
3377
3383
3386
3391
3403
3424
3448
3471
3483
3492
3499
3505
3513
3522
3530
3533
3535
3538
3541
3544
3547
3550
3554
3558
3563
3571
3586
3596
3601
3605
3607
3606
3604
3601
3590
3570
3550
3540
3535
3533
3530
3525
3519
3513
3506
3501
3498
3489
3474
3456
3445
3439
3436
3433
3430
3426
3423
3420
3416
3413
3410
3407
3404
3401
3398
3395
3392
3390
3389
3386
3374
3353
3333
3317
3298
3277
3255
3235
3218
3207
3197
3186
3173
3146
3116
3091
3071
3055
3038
3029
3021
3014
3009
3007
3011
3017
3023
3017
3004
2990
2984
2981
2977
2970
2964
2951
2939
2934
2937
2942
2945
2948
2949
2950
2951
2949
2950
2947
2943
2942
2939
2936
2934
2932
2930
2928
2927
2927
2926
2925
2923
2921
2916
2911
2906
2902
2897
2893
2894
2897
2906
2930
2968
3024
3097
3184
3280
3377
3458
3502
3503
3452
3329
3167
3017
2904
2836
2819
2816
2829
2841
2846
2847
2842
2837
2831
2827
2826
2828
2831
2833
2834
2836
2834
2832
2831
2827
2825
2829
2836
2844
2852
2862
2878
2901
2919
2926
2931
2936
2940
2946
2955
2964
2970
2973
2977
2980
2987
3001
3007
3015
3023
3030
3038
3047
3051
3053
3056
3061
3066
3070
3073
3077
3081
3084
3085
3088
3094
3104
3111
3114
3113
3111
3109
3120
3129
3138
3138
3132
3128
3124
3121
3118
3116
3114
3111
3105
3109
3112
3115
3120
3125
3128
3132
3137
3140
3141
3142
3146
3148
3147
3146
3144
3141
3136
3127
3122
3120
3119
3117
3117
3117
3117
3115
3112
3111
3112
3114
3115
3116
3117
3118
3119
3118
3120
3133
3150
3176
3212
3258
3315
3368
3393
3393
3372
3323
3251
3156
3052
2967
2925
2920
2934
2948
2957
2961
2964
2970
2984
3002
3014
3018
3021
3024
3018
3005
2996
2990
2987
2988
2993
3001
3013
3027
3037
3038
3021
3004
2989
2987
2996
3009
3032
3024
2984
2941
2887
2825
2762
