1916
2178
2450
2722
2949
3059
3056
3001
2965
2913
2884
2868
2852
2842
2834
2824
2816
2808
2803
2797
2792
2787
2784
2779
2774
2769
2761
2756
2748
2740
2735
2730
2727
2727
2727
2730
2732
2737
2743
2748
2753
2761
2769
2779
2790
2805
2839
2873
2902
2928
2954
2981
3004
3015
3022
3028
3033
3038
3041
3046
3046
3043
3033
3017
2996
2967
2920
2881
2834
2766
2693
2620
2544
2465
2387
2311
2241
2170
2102
2034
1979
1937
1887
1853
1830
1814
1796
1780
1765
1746
1723
1689
1655
1623
1592
1561
1527
1490
1474
1466
1461
1456
1453
1451
1448
1443
1440
1435
1430
1425
1419
1417
1412
1409
1406
1401
1398
1391
1383
1372
1357
1341
1328
1315
1302
1291
1278
1268
1257
1247
1236
1226
1213
1197
1181
1163
1140
1113
1090
1069
1053
1035
1019
1006
0993
0980
0964
0946
0925
0904
0881
0852
0826
0810
0800
0789
0784
0781
0779
0774
0771
0771
0768
0768
0766
0766
0763
0763
0763
0763
0763
0760
0758
0750
0745
0737
0729
0719
0708
0698
0685
0672
0651
0596
0567
0554
0543
0533
0525
0515
0507
0499
0491
0486
0481
0475
0473
0470
0470
0468
0468
0465
0460
0455
0447
0439
0434
0431
0428
0426
0426
0423
0421
0418
0410
0394
0400
0436
0538
0708
0957
1263
1605
1937
2217
2382
2437
2400
2293
2086
1814
1506
1210
0946
0734
0593
0549
0517
0494
0478
0470
0465
0460
0457
0452
0449
0447
0444
0441
0439
0434
0431
0431
0428
0428
0431
0436
0441
0447
0452
0455
0457
0462
0468
0473
0478
0483
0491
0504
0520
0536
0551
0562
0575
0588
0604
0614
0624
0635
0643
0653
0666
0674
0685
0692
0703
0716
0737
0779
0815
0849
0886
0938
0970
0991
1009
1025
1038
1051
1061
1069
1079
1093
1103
1113
1116
1111
1100
1085
1061
1022
0949
0891
0847
0797
0747
0700
0653
0609
0562
0517
0473
0428
0381
0342
0313
0287
0258
0232
0206
0180
0151
0120
0091
0073
0054
0041
0028
0018
0013
0010
0010
0013
0020
0028
0041
0057
0075
0099
0130
0159
0185
0206
0217
0224
0232
0240
0243
0248
0251
0253
0258
0258
0258
0258
0256
0253
0251
0245
0240
0235
0227
0222
0214
0209
0203
0196
0190
0185
0177
0169
0156
0143
0130
0117
0107
0094
0081
0067
0057
0047
0036
0028
0020
0013
0005
0002
0000
0002
0007
0015
0023
0033
0047
0062
0078
0096
0125
0151
0169
0183
0193
0198
0201
0203
0206
0206
0209
0211
0214
0217
0217
0219
0219
0222
0222
0219
0219
0219
0222
0222
0222
0222
0222
0222
0224
0224
0227
0227
0224
0224
0227
0230
0232
0235
0235
0237
0240
0243
0248
0251
0253
0256
0256
0261
0264
0269
0271
0277
0279
0282
0285
0287
0287
0287
0290
0290
0295
0298
0303
0308
0313
0321
0329
0339
0350
0358
0366
0376
0387
0402
0418
0434
0447
0457
0462
0470
0473
0475
0478
0478
0478
0483
0488
0491
0491
0486
0478
0465
0452
0434
0405
0405
0457
0593
0815
1124
1511
1950
2410
2826
3127
3245
3124
2766
2264
1715
1239
0907
0724
0640
0575
0507
0470
0455
0441
0431
0423
0418
0415
0415
0418
0423
0431
0441
0452
0465
0478
0486
0491
0496
0502
0507
0512
0515
0515
0517
0517
0520
0522
0525
0528
0533
0536
0541
0546
0549
0551
0554
0554
0559
0559
0559
0562
0564
0570
0575
0580
0588
0596
0604
0614
0648
0677
0700
0724
0747
0771
0802
0842
0883
0928
0972
1017
1061
1098
1129
1147
1155
1158
1163
1168
1174
1176
1166
1145
1119
1090
1051
1019
0991
0964
0936
0907
0881
0849
0813
0768
0724
0677
0624
0570
0517
0470
0428
0392
0363
0342
0332
0326
0319
0313
0311
0308
0305
0305
0303
0303
0305
0311
0319
0329
0339
0350
0360
0371
0381
0389
0394
0397
0400
0405
0410
0413
0418
0421
0423
0426
0428
0431
0434
0434
0436
0436
0436
0439
0439
0441
0441
0441
0441
0441
0444
0444
0444
0444
0439
0436
0431
0426
0423
0421
0418
0413
0410
0407
0407
0405
0405
0402
0400
0397
0394
0389
0387
0384
0379
0376
0373
0371
0368
0366
0366
0366
0366
0363
0363
0363
0360
0360
0360
0360
0358
0358
0360
0360
0360
0360
0363
0363
0363
0363
0363
0366
0371
0373
0376
0379
0381
0384
0387
0389
0392
0392
0392
0392
0392
0392
0389
0389
0387
0387
0384
0384
0381
0379
0379
0379
0379
0379
0381
0381
0384
0387
0392
0394
0397
0400
0402
0407
0413
0418
0423
0431
0441
0455
0468
0481
0494
0502
0509
0515
0520
0522
0525
0525
0525
0530
0536
0546
0554
0559
0559
0556
0551
0546
0536
0522
0507
0541
0645
0818
1069
1406
1820
2290
2782
3237
3524
3551
3388
2907
2277
1650
1166
0912
0821
0779
0742
0695
0630
0549
0509
0496
0483
0470
0460
0455
0449
0444
0439
0436
0436
0434
0436
0441
0447
0455
0462
0470
0478
0488
0499
0509
0520
0530
0538
0549
0559
0567
0577
0585
0593
0601
0609
0614
0619
0624
0630
0632
0638
0645
0653
0666
0692
0721
0755
0776
0789
0797
0808
0818
0828
0842
0855
0870
0886
0904
0925
0959
0991
1011
1027
1040
1051
1061
1069
1077
1079
1079
1077
1069
1056
1040
1022
0993
0941
0902
0865
0828
0789
0758
0729
0708
0687
0677
0669
0664
0658
0653
0645
0638
0630
0622
0611
0604
0593
0580
0567
0556
0543
0530
0517
0507
0494
0481
0470
0460
0449
0439
0434
0428
0426
0423
0421
0418
0415
0413
0410
0405
0400
0397
0394
0392
0389
0387
0387
0384
0384
0384
0381
0379
0373
0368
0363
0358
0358
0360
0368
0381
0397
0413
0428
0449
0470
0478
0481
0483
0486
0486
0486
0486
0486
0486
0486
0486
0486
0486
0486
0483
0483
0483
0483
0481
0481
0481
0478
0478
0478
0478
0478
0475
0475
0475
0473
0473
0470
0468
0465
0465
0465
0462
0462
0462
0462
0462
0460
0455
0452
0452
0455
0462
0468
0473
0478
0481
0486
0488
0494
0496
0496
0499
0499
0499
0499
0499
0499
0496
0491
0488
0483
0478
0470
0462
0455
0447
0439
0431
0423
0415
0407
0397
0387
0376
0371
0368
0371
0376
0384
0394
0405
0413
0423
0436
0449
0457
0462
0465
0468
0470
0473
0478
0481
0483
0486
0486
0483
0483
0481
0478
0473
0470
0483
0504
0509
0515
0520
0522
0528
0533
0536
0541
0546
0549
0551
0551
0551
0551
0551
0551
0551
0551
0551
0551
0554
0556
0559
0559
0562
0564
0567
0570
0570
0572
0575
0575
0575
0577
0575
0575
0575
0575
0580
0585
0588
0593
0598
0604
0606
0609
0614
0622
0635
0687
0828
1045
1354
1749
2222
2732
3221
3592
3757
3658
3289
2709
2068
1532
1181
1025
0959
0915
0857
0737
0611
0517
0465
0447
0439
0434
0428
0426
0421
0418
0415
0410
0407
0405
0402
0402
0402
0405
0405
0402
0402
0402
0402
0400
0400
0400
0402
0405
0407
0410
0415
0418
0421
0426
0434
0439
0447
0465
0520
0567
0601
0643
0677
0706
0726
0747
0763
0776
0787
0802
0821
0844
0870
0902
0933
0962
0988
1011
1032
1048
1066
1085
1106
1127
1150
1166
1179
1189
1197
1200
1197
1192
1179
1166
1137
1087
1043
0996
0957
0925
0902
0870
0826
0784
0755
0726
0711
0700
0692
0685
0679
0672
0664
0656
0648
0635
0617
0598
0580
0559
0533
0507
0478
0452
0421
0397
0381
0368
0353
0339
0326
0308
0285
0269
0261
0253
0248
0245
0240
0237
0237
0235
0235
0235
0237
0240
0248
0256
0266
0277
0290
0303
0329
0355
0373
0392
0410
0426
0439
0452
0460
0468
0473
0473
0475
0478
0478
0481
0481
0483
0483
0483
0483
0483
0483
0483
0481
0481
0483
0483
0483
0483
0483
0481
0478
0478
0475
0475
0473
0473
0473
0473
0470
0470
0468
0468
0465
0457
0452
0444
0439
0431
0428
0426
0423
0421
0418
0415
0415
0413
0410
0407
0405
0400
0397
0394
0394
0394
0394
0400
0405
0410
0418
0426
0434
0441
0447
0452
0457
0465
0473
0478
0483
0488
0494
0499
0502
0504
0507
0507
0507
0507
0507
0509
0509
0515
0517
0515
0499
0483
0470
0460
0447
0439
0436
0439
0449
0460
0470
0475
0481
0483
0488
0491
0494
0496
0499
0502
0504
0509
0512
0515
0517
0520
0522
0525
0530
0533
0538
0546
0551
0559
0564
0580
0596
0609
0614
0619
0624
0630
0635
0638
0643
0645
0643
0635
0624
0617
0611
0609
0604
0598
0596
0590
0585
0583
0580
0580
0577
0577
0580
0580
0583
0585
0588
0590
0593
0596
0598
0601
0604
0604
0609
0611
0614
0619
0622
0632
0643
0640
0630
0617
0606
0593
0583
0577
0575
0577
0590
0606
0624
0645
0674
0695
0703
0708
0713
0721
0726
0716
0690
0661
0627
0617
0604
0596
0619
0695
0842
1061
1370
1783
2272
2790
3276
3640
3796
3684
3305
2727
2073
1490
1103
0970
0928
0896
0873
0797
0687
0580
0486
0444
0423
0410
0405
0410
0434
0457
0468
0475
0483
0491
0499
0504
0509
0515
0517
0520
0522
0525
0528
0528
0528
0525
0525
0525
0522
0520
0517
0515
0515
0515
0515
0517
0517
0517
0520
0522
0525
0530
0536
0541
0546
0556
0575
0624
0666
0700
0732
0774
0826
0878
0933
0991
1040
1077
1124
1166
1195
1221
1236
1244
1252
1260
1265
1265
1263
1257
1252
1242
1229
1210
1176
1147
1111
1056
0993
0930
0873
0831
0789
0734
0672
0617
0562
0522
0488
0455
0421
0389
0373
0366
0360
0358
0355
0353
0353
0355
0358
0363
0371
0381
0392
0405
0415
0423
0434
0439
0447
0452
0460
0462
0468
0470
0470
0470
0468
0465
0460
0455
0447
0439
0431
0423
0415
0410
0402
0397
0392
0387
0381
0376
0376
0376
0376
0379
0384
0387
0394
0400
0405
0413
0418
0423
0428
0431
0436
0441
0444
0447
0449
0452
0455
0457
0460
0462
0462
0462
0462
0460
0457
0452
0447
0439
0434
0426
0421
0415
0413
0407
0402
0400
0394
0389
0381
0373
0366
0358
0347
0342
0334
0329
0326
0324
0324
0321
0319
0313
0311
0305
0300
0295
0290
0287
0285
0287
0295
0303
0313
0326
0337
0350
0371
0389
0407
0421
0434
0441
0447
0452
0457
0462
0465
0470
0475
0483
0491
0499
0507
0512
0520
0528
0536
0543
0554
0562
0572
0583
0593
0601
0606
0604
0596
0585
0570
0556
0541
0520
0483
0455
0439
0426
0421
0413
0407
0400
0392
0387
0381
0381
0379
0376
0376
0376
0379
0381
0387
0392
0397
0402
0407
0415
0423
0431
0444
0465
0488
0509
0530
0551
0572
0601
0622
0643
0653
0661
0666
0672
0677
0682
0687
0690
0695
0698
0706
0713
0753
0870
1069
1362
1759
2241
2777
3297
3707
3872
3843
3530
2939
2235
1566
1074
0881
0815
0781
0760
0687
0567
0439
0400
0392
0387
0384
0381
0381
0381
0384
0387
0397
0407
0418
0434
0455
0486
0515
0543
0556
0559
0564
0567
0572
0575
0577
0580
0583
0585
0590
0596
0598
0601
0604
0606
0609
0611
0614
0619
0624
0632
0648
0679
0708
0734
0753
0766
0779
0789
0800
0810
0818
0831
0849
0881
0917
0954
0991
1030
1066
1095
1124
1150
1181
1215
1255
1278
1297
1312
1320
1320
1312
1297
1278
1255
1215
1174
1132
1090
1040
0972
0891
0831
0781
0729
0674
0622
0575
0541
0509
0473
0431
0407
0389
0371
0358
0345
0337
0329
0324
0321
0316
0313
0311
0308
0308
0305
0300
0298
0298
0303
0316
0337
0358
0376
0387
0394
0405
0415
0423
0431
0436
0441
0447
0449
0455
0457
0457
0457
0457
0455
0455
0452
0447
0441
0436
0431
0426
0423
0418
0415
0410
0407
0405
0402
0400
0400
0397
0397
0397
0400
0402
0405
0407
0407
0407
0407
0410
0421
0436
0452
0460
0470
0481
0488
0494
0499
0502
0499
0491
0481
0468
0452
0439
0426
0418
0410
0402
0394
0389
0384
0379
0373
0368
0363
0360
0355
0353
0353
0353
0355
0358
0360
0366
0371
0379
0384
0389
0394
0400
0405
0410
0413
0418
0421
0423
0426
0428
0431
0436
0439
0444
0447
0447
0449
0449
0449
0449
0447
0444
0441
0436
0436
0436
0434
0434
0434
0434
0434
0436
0436
0439
0439
0439
0439
0439
0441
0447
0449
0452
0457
0460
0465
0470
0473
0478
0478
0481
0481
0483
0488
0491
0494
0496
0499
0502
0504
0509
0509
0509
0509
0509
0507
0507
0509
0512
0515
0517
0520
0525
0533
0541
0549
0556
0559
0564
0572
0577
0583
0588
0590
0596
0601
0604
0609
0614
0619
0622
0624
0630
0630
0632
0632
0632
0630
0630
0627
0624
0619
0617
0614
0611
0609
0606
0601
0598
0596
0593
0590
0590
0588
0585
0580
0577
0575
0567
0551
0536
0536
0559
0598
0721
0920
1208
1589
2065
2604
3169
3681
4006
4037
3859
3323
2628
1929
1370
1032
0917
0883
0844
0805
0740
0630
0554
0515
0483
0457
0436
0418
0405
0389
0373
0360
0350
0347
0350
0363
0379
0394
0407
0421
0434
0447
0462
0478
0491
0504
0517
0530
0543
0556
0564
0575
0585
0598
0609
0622
0635
0648
0658
0672
0687
0703
0721
0740
0753
0768
0781
0794
0805
0818
0828
0839
0852
0865
0878
0894
0912
0936
0975
1011
1053
1087
1121
1147
1168
1184
1195
1205
1213
1221
1226
1229
1223
1215
1200
1179
1158
1129
1085
1045
1011
0972
0925
0881
0836
0792
0742
0690
0640
0588
0554
0525
0502
0483
0468
0455
0439
0421
0402
0379
0358
0342
0329
0319
0308
0303
0303
0308
0319
0332
0345
0353
0358
0363
0368
0373
0379
0384
0392
0397
0405
0410
0413
0418
0421
0423
0423
0426
0426
0428
0431
0436
0439
0439
0441
0441
0441
0441
0439
0436
0434
0431
0426
0423
0423
0421
0418
0418
0418
0418
0418
0415
0415
0413
0413
0410
0410
0410
0413
0413
0415
0418
0421
0421
0423
0421
0421
0418
0415
0410
0407
0402
0400
0397
0394
0392
0392
0389
0389
0384
0379
0371
0366
0360
0360
0360
0363
0368
0376
0381
0389
0394
0400
0402
0405
0405
0407
0410
0410
0413
0415
0421
0426
0431
0439
0447
0452
0457
0460
0465
0470
0473
0473
0473
0475
0475
0478
0483
0486
0488
0491
0491
0494
0494
0494
0494
0494
0494
0494
0494
0494
0494
0496
0496
0499
0502
0504
0504
0504
0504
0504
0504
0507
0507
0507
0507
0509
0509
0509
0512
0515
0515
0517
0517
0520
0522
0525
0525
0530
0536
0541
0549
0554
0559
0564
0570
0572
0577
0580
0583
0585
0585
0585
0585
0583
0583
0580
0580
0580
0580
0580
0580
0580
0580
0577
0575
0572
0570
0567
0567
0567
0567
0567
0567
0570
0572
0575
0577
0577
0577
0577
0575
0575
0572
0572
0570
0570
0567
0567
0567
0570
0570
0570
0570
0570
0567
0562
0559
0559
0559
0556
0554
0554
0554
0554
0556
0556
0559
0559
0559
0562
0564
0570
0575
0580
0585
0593
0601
0614
0630
0643
0651
0656
0661
0664
0666
0669
0672
0672
0674
0674
0674
0677
0674
0674
0672
0669
0664
0661
0658
0653
0651
0648
0648
0648
0645
0645
0643
0638
0635
0630
0627
0622
0619
0614
0611
0606
0598
0577
0559
0562
0577
0604
0679
0855
1121
1487
1942
2458
2983
3459
3741
3760
3561
3017
2298
1571
1014
0776
0695
0726
0774
0805
0755
0669
0588
0562
0554
0546
0541
0538
0536
0530
0525
0522
0520
0517
0517
0520
0520
0522
0522
0522
0525
0528
0528
0530
0530
0533
0536
0538
0543
0546
0549
0551
0554
0556
0559
0562
0564
0570
0575
0580
0596
0617
0635
0653
0674
0698
0721
0747
0768
0792
0821
0860
0907
0972
1040
1090
1129
1181
1215
1236
1255
1268
1270
1270
1270
1270
1270
1268
1268
1268
1268
1268
1257
1242
1221
1197
1168
1140
1116
1074
1017
0959
0896
0839
0797
0758
0706
0640
0590
0554
0517
0481
0441
0394
0350
0313
0287
0269
0256
0245
0237
0232
0230
0235
0248
0264
0282
0311
0353
0392
0407
0421
0431
0439
0447
0452
0457
0460
0460
0460
0460
0457
0449
0444
0434
0426
0418
0410
0402
0397
0392
0384
0379
0371
0366
0360
0353
0347
0342
0337
0332
0326
0324
0321
0316
0313
0311
0308
0303
0300
0295
0290
0285
0279
0277
0271
0271
0269
0269
0274
0282
0292
0305
0319
0334
0347
0363
0384
0407
0423
0431
0434
0434
0436
0436
0436
0436
0436
0436
0436
0436
0436
0436
0434
0431
0428
0426
0423
0415
0410
0405
0397
0394
0389
0384
0379
0371
0363
0358
0355
0350
0347
0342
0337
0332
0326
0321
0316
0308
0303
0298
0292
0290
0292
0298
0305
0316
0329
0345
0366
0407
0444
0478
0512
0543
0567
0590
0601
0596
0583
0570
0554
0559
0604
0737
0943
1249
1665
2175
2730
3263
3684
3872
3778
3394
2779
2078
1451
1004
0815
0753
0711
0679
0630
0549
0457
0366
0290
0240
0232
0224
0222
0222
0235
0261
0279
0290
0298
0305
0313
0324
0334
0342
0350
0360
0371
0392
0431
0468
0494
0512
0528
0549
0567
0588
0617
0648
0679
0703
0732
0758
0787
0818
0836
0852
0862
0873
0881
0889
0896
0904
0910
0917
0925
0936
0946
0957
0970
0983
0998
1014
1032
1051
1066
1087
1106
1127
1153
1171
1179
1181
1181
1187
1192
1187
1153
1124
1095
1064
1027
0996
0967
0941
0917
0894
0860
0821
0789
0763
0742
0713
0679
0640
0596
0562
0536
0512
0481
0441
0418
0397
0379
0363
0350
0337
0326
0313
0303
0290
0279
0266
0258
0256
0253
0253
0251
0251
0251
0251
0253
0253
0253
0251
0248
0248
0248
0248
0251
0251
0251
0256
0261
0266
0274
0279
0287
0292
0298
0303
0308
0319
0326
0337
0347
0360
0376
0394
0421
0444
0465
0481
0494
0507
0520
0530
0536
0536
0530
0517
0504
0488
0470
0447
0413
0387
0379
0371
0368
0366
0363
0360
0358
0355
0353
0350
0350
0347
0347
0347
0350
0350
0350
0350
0350
0347
0345
0342
0342
0345
0347
0350
0355
0363
0371
0381
0394
0407
0423
0441
0559
0800
1147
1610
2165
2771
3349
3762
3906
3734
3276
2643
1971
1414
1074
0972
0938
0902
0865
0758
0635
0556
0478
0426
0397
0387
0384
0379
0376
0371
0368
0368
0366
0363
0363
0363
0363
0363
0368
0373
0381
0389
0397
0407
0415
0423
0428
0436
0447
0457
0470
0481
0491
0499
0512
0525
0543
0559
0583
0606
0632
0664
0692
0719
0745
0771
0800
0828
0876
0941
0993
1035
1077
1121
1166
1221
1249
1265
1281
1294
1302
1307
1312
1312
1312
1307
1299
1291
1278
1265
1252
1234
1205
1176
1155
1134
1098
1043
0988
0936
0881
0821
0758
0692
0627
0562
0517
0481
0444
0407
0371
0329
0303
0285
0271
0261
0251
0243
0237
0232
0227
0224
0219
0211
0206
0201
0198
0203
0211
0222
0235
0248
0264
0287
0313
0342
0373
0400
0426
0449
0468
0483
0496
0504
0512
0522
0530
0533
0533
0525
0515
0507
0502
0499
0499
0494
0488
0483
0478
0473
0470
0468
0462
0457
0455
0449
0444
0439
0431
0423
0407
0384
0363
0345
0332
0324
0316
0311
0305
0300
0295
0292
0287
0285
0282
0282
0282
0285
0287
0292
0298
0305
0313
0321
0329
0337
0345
0358
0379
0405
0423
0441
0462
0486
0512
0538
0559
0572
0585
0593
0593
0590
0583
0572
0559
0543
0512
0470
0436
0405
0392
0400
0418
0473
0598
0808
1111
1519
2005
2533
3064
3511
3705
3689
3399
2829
2149
1527
1082
0842
0747
0700
0632
0522
0407
0371
0363
0360
0358
0355
0353
0347
0342
0334
0326
0313
0308
0321
0353
0384
0415
0441
0462
0478
0491
0502
0515
0525
0538
0551
0559
0567
0575
0580
0585
0590
0593
0601
0606
0614
0619
0627
0632
0638
0643
0651
0661
0674
0698
0745
0781
0813
0839
0865
0889
0920
0954
0988
1011
1032
1051
1074
1098
1113
1127
1137
1147
1155
1161
1163
1163
1161
1155
1147
1137
1124
1111
1093
1059
1027
0996
0959
0912
0860
0805
0753
0711
0677
0653
0630
0604
0577
0556
0536
0515
0491
0468
0447
0439
0431
0426
0421
0415
0410
0407
0405
0402
0402
0400
0397
0397
0400
0400
0402
0402
0402
0402
0402
0402
0405
0405
0405
0405
0405
0405
0402
0402
0397
0394
0389
0384
0379
0373
0368
0363
0355
0350
0342
0329
0316
0300
0287
0279
0285
0295
0311
0326
0345
0358
0373
0392
0410
0426
0436
0444
0449
0455
0460
0465
0468
0470
0473
0478
0483
0486
0488
0488
0483
0475
0465
0455
0444
0434
0426
0418
0410
0402
0394
0387
0381
0373
0368
0363
0355
0350
0347
0342
0334
0332
0326
0321
0316
0311
0308
0305
0300
0298
0298
0295
0298
0298
0303
0308
0316
0324
0332
0342
0353
0366
0381
0407
0434
0457
0483
0515
0546
0575
0604
0619
0630
0643
0651
0658
0664
0664
0664
0661
0656
0651
0640
0630
0617
0606
0590
0564
0546
0543
0559
0596
0708
0910
1213
1621
2123
2680
3229
3676
3891
3791
3362
2669
1890
1208
0758
0651
0619
0596
0564
0536
0475
0392
0355
0337
0321
0311
0305
0305
0311
0319
0329
0345
0363
0394
0449
0494
0538
0580
0624
0645
0658
0669
0679
0687
0695
0700
0703
0706
0706
0708
0711
0711
0711
0711
0711
0713
0716
0719
0721
0724
0726
0729
0734
0742
0753
0766
0776
0789
0802
0823
0847
0868
0886
0902
0917
0936
0959
0985
1017
1048
1072
1093
1111
1127
1134
1140
1140
1142
1142
1145
1147
1150
1153
1155
1153
1147
1134
1119
1095
1053
0983
0936
0902
0868
0836
0805
0774
0732
0674
0619
0583
0556
0520
0473
0421
0368
0339
0321
0311
0303
0300
0298
0295
0295
0292
0290
0287
0287
0287
0295
0303
0313
0321
0329
0334
0339
0345
0347
0347
0350
0355
0358
0363
0368
0373
0376
0381
0387
0394
0400
0407
0415
0431
0460
0478
0491
0499
0507
0512
0517
0522
0525
0528
0525
0517
0509
0496
0483
0470
0457
0439
0421
0405
0392
0384
0376
0371
0368
0363
0360
0355
0353
0353
0353
0353
0350
0350
0350
0350
0353
0353
0353
0353
0355
0358
0360
0366
0368
0373
0376
0381
0389
0397
0405
0413
0418
0428
0455
0483
0509
0525
0536
0543
0551
0556
0559
0559
0551
0541
0528
0515
0507
0502
0496
0491
0483
0478
0473
0470
0468
0462
0460
0455
0452
0449
0449
0449
0449
0449
0447
0447
0449
0449
0449
0447
0447
0444
0444
0444
0444
0444
0444
0447
0447
0449
0452
0455
0457
0462
0465
0470
0473
0478
0481
0483
0486
0491
0494
0496
0499
0502
0504
0507
0507
0507
0507
0507
0507
0507
0507
0504
0502
0499
0496
0494
0491
0488
0488
0486
0486
0486
0488
0491
0494
0499
0502
0504
0509
0512
0515
0517
0517
0522
0525
0530
0536
0541
0549
0556
0564
0575
0583
0593
0601
0611
0619
0627
0638
0645
0656
0669
0679
0692
0700
0708
0711
0708
0703
0698
0687
0679
0669
0661
0653
0645
0638
0632
0624
0619
0611
0606
0601
0598
0596
0593
0590
0588
0585
0583
0583
0580
0580
0580
0577
0577
0577
0575
0572
0570
0567
0564
0564
0562
0562
0564
0567
0572
0583
0598
0648
0755
0933
1192
1545
1989
2505
3041
3530
3877
3995
3828
3381
2743
2057
1474
1087
0946
0899
0868
0849
0781
0682
0567
0488
0441
0423
0407
0392
0384
0376
0371
0368
0368
0368
0373
0379
0387
0397
0410
0426
0444
0470
0525
0570
0590
0601
0611
0619
0627
0632
0640
0645
0651
0653
0658
0661
0666
0669
0672
0674
0677
0677
0682
0685
0690
0695
0700
0706
0713
0721
0729
0737
0747
0760
0774
0797
0836
0868
0896
0920
0938
0954
0972
0988
1004
1022
1051
1090
1129
1153
1168
1181
1192
1195
1192
1184
1171
1155
1134
1100
1069
1027
0970
0907
0847
0789
0729
0666
0609
0556
0488
0436
0407
0381
0355
0332
0316
0303
0290
0282
0274
0269
0266
0264
0266
0271
0277
0287
0298
0311
0326
0342
0368
0394
0421
0447
0470
0488
0507
0520
0533
0541
0549
0551
0549
0546
0541
0533
0525
0515
0504
0499
0494
0488
0481
0475
0470
0465
0460
0457
0455
0452
0452
0452
0452
0455
0457
0457
0460
0460
0462
0462
0468
0468
0470
0473
0473
0473
0475
0475
0473
0470
0468
0460
0455
0449
0447
0441
0439
0436
0434
0431
0428
0423
0418
0410
0402
0397
0392
0392
0392
0394
0402
0410
0418
0428
0439
0447
0452
0457
0462
0468
0473
0478
0481
0486
0488
0491
0491
0491
0488
0483
0481
0475
0473
0470
0465
0460
0457
0455
0455
0455
0449
0444
0439
0436
0444
0460
0478
0494
0502
0507
0515
0522
0530
0536
0538
0541
0546
0549
0554
0556
0559
0559
0559
0562
0562
0559
0559
0556
0549
0541
0533
0528
0520
0515
0509
0502
0496
0488
0483
0478
0468
0455
0439
0423
0413
0407
0407
0415
0423
0436
0449
0460
0473
0486
0499
0512
0522
0533
0543
0554
0559
0564
0570
0575
0575
0577
0580
0583
0585
0585
0588
0590
0590
0593
0590
0588
0583
0577
0575
0570
0564
0562
0562
0559
0559
0559
0559
0559
0559
0559
0559
0559
0559
0559
0559
0562
0564
0567
0570
0572
0575
0575
0577
0577
0577
0575
0575
0572
0572
0575
0577
0583
0588
0596
0601
0606
0611
0617
0622
0624
0627
0630
0632
0635
0640
0643
0645
0651
0656
0664
0672
0677
0679
0682
0682
0687
0690
0700
0713
0729
0815
1009
1289
1665
2133
2659
3195
3668
3948
3969
3775
3226
2497
1746
1142
0763
0666
0640
0617
0588
0559
0496
0431
0413
0405
0397
0392
0387
0387
0387
0387
0384
0387
0389
0397
0407
0421
0434
0447
0462
0481
0499
0520
0541
0559
0567
0575
0583
0588
0593
0598
0604
0611
0617
0622
0630
0632
0638
0640
0645
0651
0656
0664
0679
0698
0719
0745
0763
0781
0797
0815
0834
0849
0868
0891
0915
0941
0959
0977
0998
1030
1066
1098
1121
1140
1150
1158
1166
1174
1179
1184
1187
1181
1171
1155
1137
1116
1085
1053
1027
0983
0920
0868
0828
0781
0737
0690
0635
0588
0551
0517
0488
0460
0428
0400
0371
0358
0347
0339
0332
0324
0316
0311
0305
0300
0295
0292
0287
0285
0282
0282
0279
0277
0274
0269
0266
0264
0261
0258
0256
0256
0261
0271
0285
0300
0316
0329
0342
0358
0376
0394
0407
0418
0423
0428
0431
0436
0439
0444
0447
0449
0455
0460
0462
0465
0468
0465
0462
0455
0444
0434
0423
0410
0402
0397
0392
0387
0379
0373
0366
0360
0355
0350
0345
0342
0337
0337
0337
0337
0337
0339
0339
0339
0342
0345
0347
0350
0353
0355
0360
0366
0371
0376
0384
0387
0389
0392
0394
0397
0400
0400
0402
0405
0407
0410
0415
0421
0423
0428
0428
0431
0431
0428
0428
0428
0428
0431
0434
0436
0441
0447
0452
0460
0468
0481
0491
0564
0742
1014
1385
1869
2439
3028
3551
3862
3880
3655
3067
2337
1634
1082
0753
0638
0604
0577
0551
0522
0481
0434
0387
0366
0350
0337
0329
0321
0319
0313
0313
0316
0324
0337
0350
0366
0381
0400
0439
0478
0522
0546
0559
0570
0580
0588
0598
0606
0617
0622
0624
0630
0632
0638
0643
0645
0651
0656
0664
0672
0682
0695
0708
0721
0734
0753
0771
0794
0821
0842
0860
0881
0904
0933
0962
0991
1017
1053
1098
1147
1189
1221
1242
1252
1257
1265
1270
1276
1278
1278
1268
1252
1229
1197
1150
1111
1077
1048
1019
0996
0964
0930
0894
0855
0815
0781
0745
0706
0672
0627
0572
0528
0494
0465
0434
0402
0373
0363
0360
0355
0353
0347
0345
0339
0337
0332
0329
0326
0324
0321
0321
0324
0324
0321
0321
0321
0319
0319
0316
0316
0313
0313
0313
0313
0316
0321
0324
0326
0332
0337
0342
0350
0355
0363
0371
0387
0407
0428
0449
0470
0488
0504
0520
0533
0541
0541
0533
0520
0502
0483
0465
0434
0407
0392
0379
0371
0366
0360
0355
0350
0345
0342
0339
0339
0337
0334
0332
0332
0332
0329
0329
0326
0326
0326
0329
0332
0334
0339
0342
0347
0353
0358
0363
0371
0376
0381
0387
0394
0405
0415
0428
0441
0452
0460
0468
0478
0486
0494
0499
0504
0509
0512
0517
0522
0528
0530
0533
0536
0536
0536
0536
0536
0533
0528
0525
0520
0515
0509
0504
0499
0494
0488
0483
0481
0478
0473
0468
0465
0462
0460
0457
0457
0460
0460
0462
0462
0465
0468
0470
0475
0481
0486
0483
0468
0447
0434
0421
0407
0397
0389
0384
0384
0389
0397
0407
0421
0441
0475
0509
0546
0577
0614
0638
0651
0661
0669
0677
0685
0687
0692
0695
0700
0700
0703
0706
0708
0711
0711
0713
0713
0716
0716
0716
0719
0719
0716
0711
0703
0695
0687
0679
0669
0664
0656
0648
0638
0630
0622
0614
0604
0596
0588
0580
0575
0567
0564
0559
0556
0554
0549
0543
0538
0533
0528
0525
0522
0520
0517
0515
0515
0512
0509
0504
0496
0486
0520
0624
0794
1056
1417
1880
2426
3012
3543
3864
3888
3689
3132
2426
1762
1283
1095
1038
1004
0980
0957
0870
0750
0682
0627
0585
0554
0530
0515
0502
0491
0478
0470
0465
0462
0460
0457
0455
0455
0452
0449
0447
0447
0444
0441
0441
0444
0447
0452
0455
0460
0462
0468
0473
0475
0481
0486
0491
0499
0515
0536
0556
0575
0596
0614
0632
0648
0658
0674
0692
0719
0755
0805
0862
0907
0941
0977
1025
1087
1137
1171
1192
1208
1215
1223
1229
1231
1236
1239
1242
1242
1239
1231
1223
1213
1200
1184
1161
1113
1064
1017
0967
0917
0868
0818
0771
0711
0638
0580
0538
0502
0468
0431
0387
0355
0334
0316
0305
0298
0292
0290
0287
0287
0282
0279
0277
0274
0274
0271
0271
0277
0282
0292
0308
0321
0337
0355
0376
0397
0418
0441
0457
0468
0475
0481
0488
0496
0502
0504
0507
0509
0507
0504
0496
0483
0473
0460
0447
0436
0428
0421
0415
0410
0405
0400
0394
0389
0384
0379
0373
0368
0363
0360
0355
0353
0350
0345
0342
0337
0329
0321
0313
0303
0295
0290
0285
0279
0274
0271
0269
0269
0266
0264
0256
0251
0269
0305
0339
0376
0407
0436
0449
0457
0468
0475
0481
0486
0491
0494
0496
0496
0496
0496
0494
0488
0483
0478
0470
0465
0460
0455
0449
0444
0439
0423
0410
0413
0428
0455
0528
0682
0930
1283
1741
2282
2863
3381
3658
3663
3404
2805
2073
1404
0933
0758
0700
0664
0643
0567
0447
0379
0353
0342
0332
0324
0319
0319
0319
0316
0316
0321
0329
0339
0350
0363
0376
0384
0394
0402
0407
0415
0423
0428
0436
0444
0452
0460
0465
0473
0478
0483
0488
0496
0502
0512
0522
0541
0559
0575
0590
0601
0614
0624
0638
0651
0664
0679
0695
0716
0745
0789
0831
0868
0899
0928
0959
0996
1038
1087
1129
1163
1195
1223
1242
1255
1268
1278
1286
1291
1291
1289
1283
1273
1263
1249
1221
1158
1093
1019
0941
0870
0808
0747
0690
0624
0580
0559
0541
0520
0504
0486
0465
0444
0423
0402
0384
0373
0368
0363
0358
0353
0347
0342
0337
0332
0326
0324
0321
0316
0313
0313
0313
0316
0319
0324
0326
0332
0339
0345
0353
0360
0368
0373
0379
0384
0389
0394
0402
0407
0410
0415
0421
0423
0426
0428
0431
0431
0431
0431
0431
0428
0426
0426
0423
0421
0421
0418
0415
0415
0415
0413
0413
0410
0407
0405
0400
0397
0389
0384
0379
0373
0368
0366
0363
0360
0355
0353
0347
0342
0337
0332
0324
0319
0316
0313
0313
0316
0319
0324
0332
0339
0347
0358
0368
0379
0397
0434
0481
0515
0541
0559
0570
0580
0585
0588
0590
0593
0596
0601
0604
0606
0609
0609
0609
0606
0601
0596
0590
0583
0575
0567
0559
0554
0543
0517
0504
0517
0559
0666
0889
1223
1676
2217
2808
3378
3809
3985
3825
3341
2614
1809
1116
0672
0577
0549
0562
0585
0559
0504
0481
0460
0447
0436
0431
0428
0428
0428
0426
0426
0426
0426
0428
0434
0436
0436
0436
0434
0431
0428
0428
0431
0434
0439
0444
0449
0457
0462
0470
0478
0483
0494
0504
0530
0559
0588
0611
0632
0648
0661
0674
0687
0700
0713
0729
0745
0763
0781
0808
0842
0891
0936
0972
1004
1032
1061
1093
1124
1155
1192
1223
1257
1291
1331
1354
1378
1396
1409
1414
1409
1398
1383
1362
1320
1249
1184
1116
1043
0970
0896
0834
0781
0732
0685
0635
0601
0577
0556
0533
0496
0447
0410
0381
0347
0334
0326
0319
0311
0303
0295
0290
0285
0285
0282
0285
0285
0287
0290
0295
0303
0313
0321
0332
0339
0353
0384
0415
0441
0470
0496
0520
0538
0549
0559
0567
0572
0572
0567
0554
0538
0520
0509
0502
0496
0488
0481
0473
0465
0457
0449
0444
0436
0428
0423
0418
0413
0410
0407
0402
0397
0392
0389
0384
0379
0373
0368
0363
0358
0358
0360
0360
0360
0363
0366
0368
0371
0376
0381
0389
0394
0400
0407
0418
0431
0444
0455
0462
0473
0481
0491
0499
0504
0509
0512
0515
0517
0515
0507
0496
0483
0470
0457
0447
0434
0421
0407
0394
0384
0379
0376
0373
0371
0371
0368
0368
0368
0366
0363
0360
0358
0355
0353
0353
0353
0353
0355
0358
0360
0368
0373
0381
0389
0397
0405
0415
0439
0460
0481
0494
0504
0512
0522
0530
0538
0546
0554
0559
0564
0567
0572
0580
0585
0593
0601
0606
0609
0609
0606
0598
0593
0583
0575
0564
0554
0538
0528
0520
0515
0507
0499
0494
0491
0491
0499
0507
0517
0522
0528
0533
0538
0543
0546
0549
0551
0554
0556
0556
0559
0559
0559
0559
0562
0564
0567
0572
0577
0583
0588
0593
0598
0601
0606
0617
0643
0658
0666
0672
0677
0682
0685
0690
0692
0695
0698
0700
0703
0703
0703
0700
0700
0700
0700
0698
0698
0698
0698
0703
0706
0692
0669
0648
0627
0611
0609
0622
0643
0713
0891
1153
1498
1932
2431
2954
3436
3773
3870
3684
3224
2578
1898
1317
0949
0831
0794
0760
0729
0624
0475
0339
0266
0240
0243
0274
0300
0326
0353
0373
0394
0415
0434
0455
0475
0499
0525
0551
0577
0590
0601
0606
0611
0617
0622
0627
0630
0635
0638
0640
0645
0648
0653
0656
0658
0661
0666
0672
0679
0687
0695
0706
0713
0724
0734
0740
0747
0753
0760
0768
0774
0784
0792
0800
0810
0823
0842
0862
0883
0902
0920
0938
0959
0977
0998
1027
1061
1095
1111
1121
1132
1140
1145
1147
1147
1145
1137
1127
1116
1100
1079
1038
1001
0957
0896
0842
0800
0763
0729
0692
0651
0606
0567
0530
0491
0452
0410
0384
0368
0355
0342
0326
0311
0295
0282
0274
0266
0256
0248
0243
0235
0230
0227
0224
0224
0227
0230
0235
0240
0248
0258
0269
0279
0295
0316
0342
0360
0381
0405
0431
0460
0486
0507
0522
0538
0549
0556
0559
0564
0570
0577
0588
0593
0590
0575
0556
0533
0517
0502
0483
0468
0449
0436
0423
0413
0402
0392
0379
0368
0358
0353
0345
0339
0337
0332
0329
0324
0321
0316
0308
0303
0300
0295
0292
0292
0295
0295
0300
0303
0308
0311
0316
0321
0329
0334
0339
0347
0358
0379
0402
0423
0447
0465
0486
0509
0528
0538
0543
0546
0549
0551
0554
0556
0559
0559
0556
0554
0546
0536
0525
0512
0496
0481
0449
0434
0421
0418
0418
0415
0413
0413
0410
0407
0407
0407
0405
0407
0407
0410
0410
0413
0415
0415
0415
0415
0413
0410
0407
0405
0405
0402
0402
0400
0400
0400
0402
0402
0405
0405
0407
0407
0410
0413
0418
0426
0460
0575
0768
1056
1451
1948
2515
3103
3629
3935
3961
3770
3242
2573
1916
1404
1103
1025
1001
0972
0941
0886
0792
0724
0690
0666
0648
0632
0619
0609
0598
0585
0572
0564
0556
0549
0543
0538
0533
0528
0522
0517
0509
0507
0502
0496
0494
0491
0491
0491
0494
0499
0504
0515
0525
0538
0559
0596
0635
0677
0716
0758
0794
0826
0855
0881
0904
0925
0946
0972
0998
1019
1038
1056
1074
1090
1108
1121
1137
1150
1166
1179
1195
1208
1218
1231
1244
1257
1268
1270
1265
1255
1236
1213
1168
1093
1032
0988
0941
0894
0847
0800
0755
0708
0666
0624
0583
0541
0502
0468
0436
0402
0376
0353
0334
0324
0319
0316
0313
0311
0308
0305
0305
0319
0345
0371
0379
0384
0389
0394
0402
0410
0415
0423
0428
0434
0439
0444
0447
0447
0447
0447
0447
0444
0447
0447
0447
0447
0449
0452
0455
0457
0457
0457
0457
0457
0457
0457
0457
0455
0452
0449
0447
0444
0441
0436
0431
0426
0421
0415
0410
0407
0402
0397
0387
0376
0368
0360
0355
0355
0360
0366
0376
0384
0392
0394
0397
0400
0402
0407
0410
0413
0413
0415
0415
0418
0421
0421
0421
0418
0415
0415
0413
0413
0410
0410
0410
0410
0410
0413
0413
0415
0418
0421
0423
0423
0426
0426
0428
0426
0426
0423
0421
0418
0415
0415
0413
0410
0410
0407
0405
0405
0402
0394
0379
0381
0436
0590
0831
1166
1595
2115
2696
3242
3634
3781
3624
3153
2471
1762
1179
0896
0802
0821
0849
0868
0834
0729
0604
0528
0483
0462
0444
0434
0428
0423
0421
0415
0413
0410
0407
0405
0402
0400
0400
0397
0394
0397
0402
0410
0421
0431
0441
0452
0460
0470
0478
0486
0494
0499
0507
0515
0522
0530
0541
0554
0570
0604
0638
0672
0703
0729
0755
0781
0805
0842
0886
0923
0957
0993
1045
1085
1111
1134
1158
1184
1205
1221
1234
1247
1257
1268
1273
1276
1276
1270
1265
1260
1249
1239
1213
1161
1103
1040
0964
0894
0821
0760
0711
0661
0619
0588
0554
0517
0481
0449
0405
0355
0305
0248
0217
0201
0190
0180
0175
0169
0167
0164
0164
0167
0172
0175
0183
0190
0203
0214
0232
0264
0292
0319
0345
0368
0397
0426
0439
0449
0460
0468
0473
0478
0483
0486
0486
0486
0486
0483
0481
0481
0478
0473
0470
0468
0462
0457
0452
0447
0439
0431
0423
0413
0400
0387
0371
0358
0345
0332
0319
0308
0298
0290
0285
0282
0277
0274
0271
0269
0266
0261
0258
0256
0258
0266
0282
0300
0326
0363
0394
0421
0441
0460
0473
0486
0491
0496
0502
0504
0507
0509
0512
0512
0512
0512
0512
0512
0509
0507
0502
0499
0494
0488
0481
0470
0455
0481
0554
0711
0959
1315
1772
2314
2886
3402
3668
3671
3422
2860
2136
1412
0847
0596
0515
0528
0549
0562
0530
0426
0337
0305
0295
0290
0285
0290
0303
0324
0342
0363
0389
0415
0441
0468
0496
0528
0541
0549
0554
0559
0559
0562
0564
0567
0570
0575
0580
0583
0588
0590
0596
0598
0601
0606
0611
0619
0635
0672
0706
0721
0732
0742
0747
0755
0763
0771
0779
0784
0789
0797
0805
0818
0842
0862
0886
0923
0970
1011
1056
1103
1155
1197
1221
1239
1255
1263
1273
1278
1283
1283
1278
1265
1249
1221
1166
1108
1043
0962
0891
0826
0766
0708
0648
0596
0559
0520
0494
0473
0457
0439
0421
0402
0384
0366
0347
0337
0326
0319
0313
0308
0305
0300
0298
0292
0290
0290
0287
0287
0287
0290
0292
0295
0298
0300
0305
0311
0316
0324
0329
0339
0350
0368
0392
0418
0444
0468
0483
0502
0515
0525
0536
0546
0554
0559
0564
0572
0577
0583
0585
0585
0580
0572
0562
0551
0541
0528
0512
0494
0478
0468
0457
0447
0439
0431
0426
0418
0410
0400
0389
0376
0363
0353
0342
0332
0319
0308
0300
0295
0295
0300
0308
0321
0332
0345
0358
0379
0400
0415
0431
0439
0444
0449
0457
0462
0468
0473
0478
0481
0486
0488
0488
0488
0486
0486
0483
0481
0478
0478
0475
0473
0470
0465
0462
0460
0457
0452
0449
0447
0441
0436
0431
0426
0421
0413
0405
0400
0394
0392
0389
0387
0381
0379
0376
0371
0363
0347
0337
0337
0353
0379
0407
0447
0488
0520
0543
0564
0593
0617
0632
0645
0658
0669
0679
0685
0690
0692
0695
0698
0698
0700
0703
0706
0711
0716
0716
0706
0687
0664
0645
0627
0611
0601
0590
0583
0575
0567
0556
0538
0541
0570
0656
0826
1087
1440
1887
2408
2949
3436
3770
3870
3687
3226
2578
1882
1310
0943
0797
0747
0713
0687
0643
0588
0570
0564
0559
0559
0554
0551
0551
0549
0546
0541
0536
0533
0530
0530
0528
0528
0528
0528
0525
0522
0520
0515
0509
0504
0499
0496
0494
0494
0494
0499
0504
0515
0525
0538
0551
0559
0572
0588
0604
0622
0635
0643
0648
0656
0664
0674
0692
0716
0740
0779
0834
0876
0910
0946
0983
1022
1066
1098
1124
1147
1174
1200
1226
1255
1276
1283
1289
1294
1304
1307
1291
1260
1226
1181
1137
1093
1045
0996
0941
0891
0849
0813
0774
0719
0672
0632
0596
0562
0528
0494
0457
0421
0397
0376
0360
0347
0337
0332
0329
0324
0321
0316
0311
0305
0303
0298
0295
0292
0292
0292
0295
0300
0308
0316
0326
0337
0350
0363
0379
0410
0441
0465
0486
0504
0520
0536
0549
0559
0562
0570
0572
0577
0585
0590
0596
0598
0598
0590
0577
0562
0551
0541
0528
0517
0504
0494
0483
0473
0465
0457
0447
0439
0431
0423
0415
0405
0392
0379
0366
0353
0342
0334
0332
0326
0324
0321
0319
0319
0316
0313
0308
0300
0298
0308
0334
0360
0384
0405
0428
0447
0465
0481
0491
0499
0504
0509
0517
0522
0528
0530
0530
0533
0533
0533
0530
0522
0515
0504
0494
0486
0475
0468
0460
0452
0444
0436
0428
0423
0415
0405
0400
0392
0387
0379
0373
0368
0363
0355
0350
0339
0329
0321
0313
0311
0313
0324
0337
0353
0371
0392
0428
0460
0488
0499
0507
0515
0522
0528
0533
0538
0541
0543
0549
0551
0556
0559
0562
0564
0567
0570
0570
0572
0572
0575
0575
0575
0577
0577
0580
0580
0583
0583
0583
0583
0580
0577
0575
0572
0567
0562
0559
0554
0551
0546
0541
0533
0522
0528
0562
0664
0828
1082
1432
1880
2405
2954
3459
3799
3843
3731
3271
2646
2008
1498
1189
1082
1048
1017
0988
0941
0870
0800
0729
0672
0627
0572
0549
0530
0517
0504
0494
0483
0478
0475
0473
0473
0473
0473
0473
0473
0473
0470
0470
0465
0462
0460
0457
0457
0457
0457
0460
0460
0465
0468
0475
0483
0491
0496
0504
0512
0522
0533
0554
0577
0598
0619
0640
0669
0703
0740
0776
0821
0870
0912
0946
0975
1014
1061
1100
1132
1161
1181
1200
1213
1221
1234
1244
1252
1260
1263
1257
1247
1231
1210
1187
1150
1085
1030
0972
0917
0860
0815
0776
0734
0690
0651
0617
0585
0559
0533
0515
0496
0481
0465
0449
0428
0407
0387
0366
0347
0332
0313
0298
0285
0274
0269
0266
0271
0285
0303
0321
0342
0360
0373
0384
0397
0407
0418
0426
0436
0444
0452
0462
0470
0481
0486
0494
0496
0502
0504
0507
0509
0509
0509
0507
0504
0502
0499
0494
0488
0483
0478
0470
0465
0457
0449
0439
0431
0423
0418
0410
0402
0397
0389
0384
0376
0368
0358
0347
0337
0329
0319
0311
0305
0300
0295
0295
0295
0298
0303
0308
0313
0321
0326
0334
0342
0353
0363
0373
0387
0400
0418
0449
0486
0515
0530
0546
0556
0562
0567
0572
0575
0577
0580
0580
0577
0577
0575
0575
0577
0577
0577
0575
0572
0572
0572
0572
0575
0580
0585
0619
0784
1035
1383
1830
2342
2873
3341
3632
3663
3517
3051
2408
1738
1197
0862
0732
0690
0648
0604
0533
0426
0334
0277
0269
0266
0264
0261
0266
0292
0324
0350
0373
0400
0428
0468
0502
0520
0536
0546
0554
0559
0564
0567
0572
0575
0577
0580
0585
0588
0590
0590
0593
0593
0593
0593
0596
0596
0598
0601
0604
0609
0614
0624
0643
0666
0687
0713
0737
0755
0774
0789
0808
0826
0844
0865
0886
0910
0941
0988
1030
1064
1085
1100
1116
1129
1137
1140
1137
1129
1113
1095
1074
1048
1004
0967
0938
0910
0881
0849
0815
0787
0760
0734
0713
0692
0669
0643
0614
0585
0562
0543
0525
0507
0486
0468
0452
0434
0421
0407
0397
0389
0381
0373
0366
0363
0358
0353
0350
0347
0345
0345
0345
0345
0345
0347
0347
0347
0350
0350
0353
0353
0355
0358
0360
0363
0366
0368
0371
0373
0373
0376
0373
0371
0366
0363
0360
0358
0355
0353
0353
0350
0350
0347
0347
0339
0332
0326
0326
0339
0360
0376
0387
0394
0402
0413
0421
0428
0436
0441
0444
0447
0449
0449
0449
0447
0444
0439
0434
0426
0421
0415
0413
0407
0405
0400
0397
0389
0376
0363
0358
0363
0376
0387
0394
0400
0405
0410
0415
0421
0421
0423
0421
0421
0418
0413
0407
0402
0394
0389
0384
0376
0366
0360
0355
0355
0360
0371
0384
0402
0421
0441
0470
0496
0520
0538
0549
0554
0559
0559
0562
0564
0567
0570
0570
0572
0572
0572
0575
0577
0577
0580
0580
0580
0583
0585
0590
0596
0604
0611
0622
0690
0821
1035
1354
1783
2303
2863
3383
3757
3867
3660
3169
2489
1772
1174
0797
0692
0664
0645
0622
0604
0580
0533
0473
0449
0434
0423
0428
0457
0488
0504
0515
0522
0528
0536
0543
0549
0556
0562
0567
0572
0577
0583
0588
0590
0593
0598
0604
0614
0627
0638
0648
0658
0664
0669
0677
0682
0685
0690
0692
0695
0700
0706
0708
0711
0716
0719
0726
0732
0742
0750
0760
0774
0794
0818
0842
0860
0881
0910
0951
0985
1011
1032
1053
1079
1106
1127
1147
1166
1179
1187
1192
1195
1200
1213
1226
1202
1163
1116
1079
1051
1022
0988
0936
0873
0813
0763
0729
0700
0666
0619
0577
0549
0517
0491
0470
0441
0410
0392
0379
0368
0358
0350
0342
0337
0329
0324
0319
0316
0311
0308
0305
0300
0298
0295
0292
0290
0287
0287
0287
0287
0290
0295
0303
0308
0316
0324
0332
0342
0355
0368
0381
0394
0407
0426
0449
0475
0502
0528
0551
0572
0593
0617
0640
0656
0669
0677
0685
0690
0695
0695
0687
0674
0656
0624
0570
0528
0494
0455
0431
0415
0402
0392
0381
0368
0358
0350
0342
0337
0332
0326
0324
0319
0313
0308
0305
0300
0298
0292
0287
0285
0282
0279
0277
0271
0266
0261
0253
0251
0251
0256
0266
0279
0295
0316
0347
0376
0405
0439
0475
0502
0528
0551
0570
0577
0583
0588
0590
0596
0596
0596
0596
0593
0590
0585
0577
0570
0559
0549
0541
0533
0528
0520
0515
0509
0504
0499
0494
0491
0486
0478
0473
0470
0465
0462
0460
0455
0449
0444
0439
0431
0418
0405
0394
0394
0402
0418
0436
0460
0496
0528
0556
0577
0604
0630
0643
0653
0661
0669
0674
0677
0679
0679
0679
0677
0674
0672
0666
0664
0656
0645
0674
0763
0925
1189
1568
2055
2617
3185
3666
3904
3904
3663
3106
2418
1757
1257
0975
0886
0849
0823
0755
0645
0546
0457
0402
0363
0337
0326
0334
0355
0387
0447
0483
0499
0509
0520
0528
0533
0538
0541
0543
0546
0549
0549
0551
0554
0554
0556
0559
0559
0559
0564
0567
0572
0580
0590
0601
0614
0635
0679
0708
0729
0747
0766
0784
0802
0815
0826
0834
0842
0847
0852
0860
0865
0870
0878
0889
0915
0959
0988
1006
1030
1056
1085
1119
1153
1174
1187
1200
1208
1213
1210
1208
1200
1189
1179
1166
1145
1119
1082
1025
0951
0894
0852
0815
0771
0713
0661
0624
0596
0570
0551
0525
0486
0457
0434
0413
0397
0381
0371
0363
0358
0353
0347
0342
0337
0332
0329
0324
0321
0319
0313
0313
0313
0311
0311
0311
0308
0305
0303
0300
0300
0295
0287
0292
0326
0353
0376
0397
0418
0439
0457
0470
0483
0494
0502
0509
0512
0515
0512
0507
0499
0488
0478
0465
0455
0447
0441
0434
0428
0423
0418
0410
0405
0400
0392
0387
0381
0379
0376
0373
0371
0366
0360
0355
0347
0339
0326
0298
0271
0248
0232
0219
0206
0198
0193
0196
0203
0219
0240
0266
0311
0345
0368
0387
0402
0421
0447
0468
0475
0483
0491
0496
0504
0509
0517
0522
0528
0536
0541
0546
0549
0551
0551
0554
0554
0554
0554
0551
0551
0549
0546
0543
0541
0536
0530
0525
0517
0509
0504
0499
0491
0486
0481
0473
0465
0457
0447
0439
0428
0421
0413
0407
0402
0400
0394
0389
0384
0373
0350
0339
0355
0389
0486
0682
0991
1422
1961
2565
3174
3694
3943
3938
3660
3056
2316
1621
1113
0923
0862
0828
0810
0794
0734
0614
0536
0483
0457
0436
0423
0418
0415
0413
0407
0405
0402
0402
0400
0400
0400
0397
0397
0397
0397
0397
0397
0400
0402
0405
0410
0415
0421
0428
0434
0444
0452
0462
0475
0507
0536
0559
0593
0632
0677
0716
0747
0776
0802
0844
0902
0959
1022
1079
1121
1161
1195
1223
1247
1265
1276
1281
1289
1297
1299
1304
1304
1307
1307
1307
1302
1299
1291
1281
1268
1255
1223
1166
1111
1051
0983
0917
0852
0784
0713
0648
0596
0559
0507
0473
0449
0428
0415
0407
0400
0394
0392
0389
0387
0387
0384
0381
0379
0379
0379
0379
0381
0384
0384
0387
0389
0392
0394
0397
0400
0400
0400
0400
0400
0400
0400
0400
0400
0397
0394
0392
0389
0384
0379
0373
0366
0360
0355
0350
0342
0332
0316
0305
0298
0298
0308
0326
0347
0368
0384
0405
0426
0444
0460
0470
0475
0481
0486
0488
0491
0494
0496
0496
0499
0499
0502
0502
0502
0502
0502
0502
0502
0499
0494
0488
0483
0478
0473
0468
0457
0449
0441
0431
0423
0407
0392
0376
0366
0360
0355
0353
0350
0347
0342
0339
0339
0339
0339
0342
0350
0360
0373
0392
0407
0423
0434
0444
0452
0457
0465
0473
0475
0481
0481
0483
0483
0483
0486
0486
0486
0486
0486
0486
0488
0488
0488
0488
0488
0488
0488
0488
0491
0494
0494
0496
0502
0509
0517
0520
0515
0496
0478
0460
0447
0436
0426
0415
0405
0394
0389
0384
0381
0381
0381
0384
0389
0394
0402
0410
0421
0431
0444
0462
0483
0504
0528
0551
0575
0601
0624
0643
0656
0661
0666
0669
0674
0679
0682
0685
0687
0690
0692
0695
0695
0698
0695
0695
0692
0692
0690
0687
0682
0677
0674
0669
0666
0658
0653
0645
0638
0630
0622
0611
0590
0564
0546
0528
0509
0488
0462
0447
0457
0483
0559
0729
0993
1354
1817
2358
2933
3472
3864
3985
3781
3279
2591
1898
1351
1025
0970
0954
0938
0915
0886
0849
0805
0768
0726
0648
0598
0577
0562
0554
0543
0533
0525
0520
0515
0509
0504
0499
0496
0491
0488
0486
0483
0483
0481
0478
0478
0478
0483
0488
0499
0509
0520
0533
0543
0556
0567
0583
0598
0611
0627
0643
0658
0674
0695
0716
0737
0758
0774
0787
0802
0821
0842
0865
0891
0917
0949
0983
1019
1056
1090
1127
1155
1181
1197
1210
1223
1231
1239
1239
1239
1231
1218
1205
1189
1168
1137
1103
1069
1027
0977
0928
0881
0836
0789
0742
0692
0651
0614
0583
0551
0517
0478
0428
0366
0339
0324
0308
0295
0282
0274
0266
0261
0256
0256
0256
0258
0264
0271
0279
0290
0303
0313
0326
0337
0347
0358
0373
0389
0402
0418
0431
0444
0457
0470
0483
0494
0504
0512
0522
0533
0543
0549
0554
0556
0556
0554
0549
0543
0536
0528
0517
0507
0496
0486
0473
0460
0444
0426
0410
0394
0379
0363
0347
0337
0326
0316
0308
0298
0290
0279
0269
0258
0251
0245
0240
0237
0240
0243
0248
0253
0261
0269
0277
0287
0295
0305
0316
0326
0342
0360
0381
0402
0418
0434
0452
0468
0483
0496
0509
0520
0525
0530
0536
0538
0541
0546
0549
0554
0559
0564
0575
0590
0611
0645
0766
1001
1341
1796
2335
2907
3428
3770
3812
3676
3190
2520
1809
1200
0794
0674
0640
0614
0585
0556
0494
0405
0366
0350
0334
0321
0308
0303
0295
0290
0285
0282
0285
0285
0290
0298
0305
0316
0329
0342
0355
0368
0392
0444
0483
0509
0528
0541
0554
0562
0575
0590
0609
0627
0645
0664
0682
0703
0724
0745
0760
0771
0779
0787
0800
0821
0857
0907
0946
0975
1004
1032
1061
1090
1121
1147
1174
1195
1210
1223
1234
1244
1252
1257
1260
1257
1249
1239
1226
1208
1187
1153
1090
1043
0993
0946
0896
0847
0797
0755
0721
0692
0661
0627
0596
0562
0533
0507
0478
0449
0415
0373
0358
0350
0342
0334
0326
0319
0313
0311
0305
0303
0300
0300
0300
0300
0303
0303
0303
0303
0305
0308
0308
0311
0313
0313
0316
0316
0319
0319
0316
0316
0313
0311
0311
0308
0308
0308
0308
0311
0311
0313
0316
0319
0321
0324
0326
0332
0337
0342
0350
0363
0379
0392
0407
0418
0431
0439
0449
0455
0460
0462
0465
0470
0475
0481
0486
0491
0496
0499
0504
0507
0509
0512
0512
0509
0509
0509
0507
0502
0499
0494
0488
0483
0478
0473
0468
0462
0457
0455
0449
0444
0439
0434
0426
0421
0413
0405
0400
0394
0392
0392
0394
0397
0400
0405
0413
0421
0426
0434
0441
0486
0604
0810
1137
1592
2162
2800
3422
3893
4095
3969
3517
2818
2060
1425
1017
0886
0849
0818
0787
0755
0698
0611
0530
0447
0413
0400
0389
0381
0373
0366
0355
0350
0342
0339
0337
0334
0334
0334
0339
0342
0347
0353
0358
0366
0371
0376
0384
0389
0400
0407
0418
0434
0455
0473
0491
0507
0520
0538
0556
0577
0601
0622
0640
0666
0703
0740
0774
0802
0836
0870
0923
0998
1059
1100
1140
1176
1213
1249
1265
1278
1289
1297
1302
1304
1304
1304
1299
1291
1281
1268
1249
1226
1176
1137
1085
1027
0972
0912
0844
0784
0726
0677
0630
0588
0551
0504
0462
0428
0397
0379
0368
0360
0353
0347
0339
0332
0326
0319
0313
0308
0303
0298
0292
0287
0282
0279
0277
0274
0277
0277
0282
0287
0295
0305
0316
0326
0342
0363
0387
0402
0415
0444
0483
0499
0507
0512
0517
0520
0522
0522
0525
0525
0525
0525
0522
0517
0512
0507
0502
0496
0494
0488
0486
0483
0483
0481
0478
0475
0473
0468
0465
0460
0455
0447
0439
0431
0421
0405
0379
0355
0337
0319
0308
0298
0290
0282
0274
0269
0266
0266
0269
0271
0277
0282
0290
0298
0316
0363
0392
0405
0415
0423
0431
0439
0447
0455
0462
0468
0470
0475
0481
0486
0491
0499
0504
0509
0512
0515
0515
0512
0507
0502
0494
0486
0475
0465
0455
0441
0428
0418
0410
0400
0387
0366
0337
0321
0308
0298
0305
0350
0470
0669
0964
1357
1827
2350
2865
3307
3545
3551
3318
2824
2212
1613
1145
0862
0604
0606
