2170
2179
2184
2191
2195
2190
2172
2147
2112
2062
2037
2005
1965
1924
1883
1841
1791
1736
1681
1635
1602
1577
1556
1540
1520
1492
1446
1391
1343
1288
1228
1170
1113
1055
0993
0936
0895
0865
0837
0803
0755
0701
0635
0559
0493
0435
0384
0309
0226
0145
0088
0042
0012
0000
0010
0037
0077
0132
0223
0313
0403
0485
0536
0594
0644
0709
0821
0973
1125
1272
1412
1526
1596
1619
1593
1513
1370
1205
1026
0862
0736
0639
0575
0524
0490
0474
0472
0470
0470
0470
0470
0472
0486
0506
0529
0561
0601
0624
0639
0653
0663
0670
0670
0670
0670
0669
0663
0660
0653
0644
0674
0722
0780
0832
0869
0890
0913
0968
1021
1048
1067
1085
1099
1115
1150
1210
1280
1334
1379
1428
1485
1545
1616
1678
1724
1756
1781
1812
1850
1885
1929
1979
2030
2074
2105
2136
2167
2198
2236
2264
2283
2301
2315
2328
2351
2395
2439
2471
2498
2524
2552
2593
2652
2724
2779
2814
2834
2846
2868
2899
2922
2937
2942
2928
2901
2875
2848
2822
2797
2763
2730
2715
2701
2689
2726
2786
2839
2862
2876
2887
2891
2891
2878
2861
2837
2811
2774
2756
2745
2738
2731
2724
2721
2721
2728
2738
2756
2788
2843
2933
3087
3261
3416
3567
3724
3893
4031
4080
4095
4050
3917
3726
3535
3367
3213
3068
2945
2896
2876
2880
2921
2981
3036
3055
3064
3073
3080
3084
3084
3080
3073
3062
3050
3038
3022
3004
2984
2961
2935
2907
2882
2862
2843
2823
2802
2774
2745
2717
2694
2673
2655
2637
2622
2602
2583
2567
2554
2545
2538
2531
2528
2522
2521
2519
2515
2508
2501
2490
2475
2429
2344
2244
2145
2057
1965
1869
1770
1674
1623
1593
1573
1554
1534
1501
1449
1396
1334
1267
1198
1124
1058
1002
0947
0895
0837
0771
0708
0653
0616
0596
0582
0570
0562
0577
0607
0655
0722
0793
0855
0911
0964
1017
1076
1136
1200
1265
1329
1389
1451
1515
1580
1630
1660
1683
1699
1712
1724
1735
1745
1758
1772
1802
1844
1883
1927
1979
2025
2096
2195
2335
2512
2698
2873
3043
3209
3356
3441
3473
3470
3420
3289
3114
2951
2800
2648
2508
2398
2298
2253
2237
2228
2221
2218
2216
2216
2220
2223
2228
2232
2239
2246
2246
2232
2204
2161
2099
2059
2023
1982
1942
1903
1864
1839
1821
1807
1800
1796
1800
1807
1816
1828
1843
1869
1903
1924
1938
1947
1956
1966
1979
1993
2004
2012
2020
2027
2034
2039
2046
2051
2059
2066
2071
2078
2083
2092
2103
2124
2163
2195
2221
2243
2267
2296
2331
2368
2391
2402
2411
2416
2421
2423
2421
2413
2402
2390
2381
2372
2365
2358
2352
2349
2347
2347
2349
2352
2358
2363
2370
2375
2381
2386
2390
2391
2391
2388
2382
2377
2372
2367
2359
2354
2347
2344
2342
2340
2338
2336
2336
2338
2340
2342
2347
2352
2358
2365
2370
2375
2384
2397
2421
2446
2467
2489
2505
2522
2542
2563
2588
2614
2632
2643
2650
2657
2660
2664
2668
2668
2662
2652
2637
2620
2595
2552
2515
2485
2460
2436
2409
2365
2312
2271
2241
2214
2190
2163
2135
2117
2105
2097
2090
2087
2085
2089
2097
2108
2120
2131
2142
2152
2163
2172
2181
2184
2186
2184
2181
2179
2175
2170
2161
2147
2149
2175
2248
2356
2517
2717
2933
3144
3316
3386
3409
3363
3227
3030
2797
2581
2402
2250
2119
2083
2074
2067
2087
2110
2129
2128
2096
2050
1986
1935
1899
1871
1853
1841
1828
1814
1796
1781
1766
1756
1743
1731
1717
1703
1692
1683
1673
1664
1655
1650
1650
1653
1662
1671
1680
1690
1701
1719
1736
1745
1738
1726
1710
1701
1690
1678
1671
1669
1673
1681
1694
1717
1773
1816
1837
1851
1867
1883
1897
1913
1929
1952
1972
1988
2002
2028
2080
2106
2119
2129
2136
2142
2145
2147
2149
2149
2149
2147
2145
2143
2140
2138
2136
2133
2129
2128
2124
2117
2112
2126
2152
2175
2198
2216
2232
2244
2253
2259
2264
2269
2273
2276
2278
2280
2280
2280
2278
2273
2267
2260
2251
2243
2234
2225
2214
2197
2177
2159
2145
2129
2112
2089
2069
2050
2030
2011
1991
1968
1949
1933
1915
1896
1876
1866
1857
1850
1844
1837
1832
1827
1820
1812
1805
1798
1793
1788
1782
1775
1765
1752
1743
1742
1743
1752
1765
1782
1844
1931
2053
2216
2416
2648
2884
3075
3174
3208
3165
3034
2830
2614
2409
2234
2099
2060
2048
2039
2034
2032
2032
2035
2041
2044
2048
2053
2059
2064
2066
2059
2044
2028
2011
1986
1961
1936
1919
1906
1897
1889
1883
1876
1869
1864
1858
1851
1844
1834
1823
1809
1789
1770
1756
1740
1726
1713
1706
1706
1710
1717
1727
1738
1754
1782
1812
1850
1897
1936
1959
1981
2000
2028
2074
2101
2113
2122
2131
2142
2154
2165
2174
2182
2190
2197
2205
2209
2213
2211
2209
2204
2197
2186
2170
2140
2092
2067
2051
2037
2023
2005
1984
1963
1945
1931
1917
1899
1869
1827
1804
1789
1779
1773
1773
1782
1795
1807
1818
1828
1841
1851
1860
1869
1874
1881
1887
1896
1906
1922
1940
1952
1963
1974
1982
1991
2000
2007
2014
2021
2030
2043
2055
2067
2080
2092
2105
2119
2133
2145
2154
2161
2168
2174
2181
2184
2188
2186
2182
2177
2170
2165
2159
2156
2151
2145
2142
2138
2138
2140
2145
2152
2159
2167
2170
2177
2186
2193
2200
2200
2197
2190
2181
2175
2168
2161
2151
2142
2135
2128
2122
2117
2112
2106
2101
2099
2103
2110
2120
2131
2152
2198
2228
2246
2260
2267
2267
2266
2260
2259
2253
2248
2275
2356
2473
2639
2850
3077
3291
3468
3576
3613
3576
3461
3234
2961
2685
2464
2319
2267
2267
2321
2374
2393
2398
2388
2365
2328
2283
2259
2243
2237
2248
2275
2312
2365
2395
2411
2423
2432
2434
2432
2425
2414
2406
2397
2386
2374
2361
2351
2340
2328
2298
2269
2259
2253
2250
2250
2257
2269
2283
2290
2299
2308
2317
2324
2329
2331
2331
2331
2333
2335
2335
2336
2336
2336
2338
2338
2338
2336
2335
2329
2326
2322
2317
2306
2292
2269
2253
2241
2232
2223
2214
2207
2198
2179
2138
2096
2053
2007
1959
1908
1878
1862
1871
1936
2027
2073
2092
2105
2115
2122
2124
2122
2119
2117
2113
2108
2101
2122
2140
2149
2158
2168
2175
2181
2184
2193
2205
2205
2191
2177
2167
2154
2138
2119
2089
2041
1986
1940
1903
1858
1809
1756
1720
1699
1685
1685
1694
1712
1740
1784
1816
1841
1864
1880
1896
1904
1903
1894
1885
1874
1876
1904
1935
1968
1997
2034
2071
2092
2108
2080
2051
2030
2020
2030
2059
2140
2290
2505
2779
3068
3308
3468
3519
3505
3381
3163
2868
2519
2205
1997
1892
1850
1821
1782
1745
1720
1719
1740
1796
1881
1942
1959
1974
1988
2004
2032
2078
2154
2230
2305
2377
2452
2489
2506
2517
2526
2538
2551
2565
2583
2602
2625
2648
2680
2710
2715
2719
2722
2724
2717
2699
2671
2629
2593
2567
2542
2510
2464
2409
2359
2312
2267
2200
2131
2089
2043
1997
1961
1933
1904
1880
1858
1841
1823
1809
1796
1786
1772
1759
1743
1715
1665
1612
1568
1536
1511
1490
1474
1460
1453
1458
1472
1485
1497
1506
1506
1488
1467
1453
1442
1432
1423
1412
1402
1389
1380
1368
1352
1329
1306
1280
1237
1187
1154
1131
1157
1202
1244
1260
1269
1274
1280
1285
1290
1299
1308
1318
1329
1338
1345
1352
1359
1366
1373
1382
1389
1396
1403
1411
1419
1425
1430
1434
1437
1441
1442
1446
1453
1460
1469
1474
1478
1476
1469
1462
1451
1442
1434
1421
1407
1396
1391
1395
1402
1414
1428
1449
1483
1515
1547
1579
1611
1642
1673
1706
1740
1772
1795
1812
1828
1850
1880
1906
1929
1951
1968
1986
2009
2039
2071
2090
2105
2117
2131
2145
2161
2186
2221
2251
2267
2276
2283
2289
2296
2305
2313
2321
2328
2335
2345
2361
2375
2382
2388
2391
2400
2411
2397
2377
2361
2395
2429
2452
2471
2487
2499
2522
2547
2556
2561
2567
2570
2572
2574
2575
2575
2572
2567
2560
2554
2545
2535
2524
2515
2506
2496
2483
2471
2457
2436
2406
2388
2377
2359
2344
2368
2443
2584
2777
3007
3241
3445
3532
3560
3514
3376
3209
3062
2903
2730
2579
2466
2393
2367
2367
2391
2411
2429
2441
2446
2441
2427
2409
2390
2365
2344
2328
2298
2250
2204
2170
2136
2115
2099
2089
2078
2069
2059
2048
2030
2004
1961
1931
1906
1889
1881
1881
1883
1885
1887
1889
1889
1890
1896
1910
1927
1949
1982
2020
2057
2092
2122
2140
2151
2158
2165
2172
2179
2186
2193
2205
2223
2255
2292
2331
2368
2398
2421
2441
2466
2494
2514
2531
2547
2558
2558
2544
2524
2506
2492
2480
2469
2459
2446
2436
2425
2418
2409
2400
2388
2368
2338
2315
2294
2280
2269
2259
2250
2239
2230
2221
2213
2204
2197
2191
2186
2181
2175
2168
2163
2158
2154
2154
2156
2159
2163
2168
2175
2182
2191
2200
2207
2214
2221
2230
2243
2253
2257
2253
2244
2236
2228
2225
2223
2221
2221
2218
2214
2213
2211
2209
2207
2207
2207
2207
2209
2211
2211
2213
2214
2213
2211
2209
2205
2202
2198
2195
2191
2188
2182
2177
2174
2170
2167
2163
2158
2152
2149
2143
2140
2136
2133
2131
2131
2133
2136
2140
2145
2149
2152
2158
2163
2167
2172
2175
2177
2181
2184
2186
2190
2193
2197
2198
2202
2204
2205
2207
2211
2216
2225
2236
2251
2324
2439
2581
2747
2924
3089
3200
3238
3215
3144
3002
2816
2597
2367
2142
2055
2027
2080
2154
2209
2191
2138
2035
2000
1982
1982
1995
2011
2018
2021
2025
2028
2030
2034
2037
2041
2044
2048
2048
2048
2046
2043
2039
2035
2034
2032
2032
2034
2035
2037
2041
2043
2046
2046
2048
2050
2050
2050
2050
2050
2050
2050
2053
2057
2062
2069
2074
2080
2087
2092
2096
2101
2105
2110
2113
2122
2135
2158
2181
2207
2237
2275
2312
2351
2388
2427
2453
2471
2487
2496
2496
2487
2473
2455
2430
2393
2368
2338
2298
2260
2232
2198
2181
2170
2159
2154
2149
2143
2136
2131
2126
2119
2112
2103
2096
2083
2071
2057
2044
2028
1995
1961
1949
1938
1935
1943
1963
1981
1997
2014
2032
2050
2060
2069
2080
2087
2092
2094
2094
2089
2082
2074
2064
2053
2039
2020
2000
1991
1984
1977
1972
1963
1956
1951
1949
1952
1963
1979
2002
2082
2198
2342
2508
2692
2871
3006
3052
3029
2961
2804
2602
2367
2131
1936
1804
1772
1768
1765
1796
1825
1844
1858
1873
1883
1894
1904
1913
1924
1936
1949
1961
1972
1984
2002
2016
2025
2028
2032
2035
2044
2044
2039
2037
2037
2034
2032
2032
2030
2030
2028
2027
2025
2023
2025
2027
2027
2027
2028
2030
2032
2037
2043
2046
2048
2050
2053
2057
2062
2067
2073
2080
2089
2101
2113
2126
2138
2149
2163
2179
2197
2214
2234
2251
2264
2278
2292
2305
2312
2312
2306
2298
2287
2275
2251
2209
2181
2163
2142
2119
2101
2085
2073
2071
2078
2089
2105
2126
2149
2172
2191
2202
2207
2213
2216
2218
2213
2202
2190
2181
2175
2168
2161
2156
2149
2145
2142
2138
2136
2133
2131
2129
2128
2124
2120
2119
2120
2126
2136
2147
2159
2179
2182
2184
2186
2188
2190
2191
2191
2191
2193
2191
2191
2190
2188
2186
2184
2181
2181
2177
2174
2167
2158
2147
2126
2085
2067
2057
2048
2043
2041
2043
2046
2051
2057
2062
2067
2073
2078
2080
2083
2087
2090
2096
2099
2105
2108
2112
2113
2117
2122
2129
2136
2167
2253
2382
2551
2738
2935
3112
3225
3264
3227
3115
2912
2675
2439
2239
2119
2080
2064
2059
2044
2014
1972
1938
1919
1906
1899
1904
1917
1926
1933
1938
1942
1943
1945
1949
1951
1954
1958
1961
1963
1965
1968
1974
1979
1984
1988
1993
1998
2004
2011
2020
2027
2034
2039
2044
2048
2053
2057
2060
2064
2067
2071
2074
2080
2085
2101
2135
2156
2167
2175
2184
2197
2207
2218
2228
2239
2248
2257
2269
2292
2326
2340
2347
2352
2358
2359
2361
2359
2356
2351
2345
2338
2329
2315
2301
2290
2275
2246
2223
2213
2200
2186
2174
2161
2145
2129
2113
2096
2080
2071
2066
2059
2053
2048
2044
2041
2037
2035
2034
2030
2027
2028
2034
2044
2055
2064
2078
2083
2080
2073
2069
2064
2057
2048
2039
2030
2025
2020
2014
2009
2004
2000
1998
1998
1997
1993
1989
1986
1982
1979
1977
1974
1968
1961
1954
1947
1942
1933
1924
1913
1906
1906
1912
1919
1929
1945
1968
1984
1995
1972
1952
1942
1931
1920
1912
1903
1890
1876
1867
1871
1881
1887
1890
1894
1897
1901
1906
1913
1920
1933
1951
2016
2138
2310
2515
2726
2910
3018
3053
3030
2958
2804
2597
2354
2119
1935
1825
1770
1750
1740
1733
1726
1719
1722
1740
1750
1758
1763
1768
1775
1781
1786
1791
1798
1809
1821
1834
1843
1850
1857
1862
1869
1876
1885
1892
1896
1901
1904
1910
1915
1920
1924
1929
1935
1942
1956
1970
1988
2011
2034
2039
2044
2051
2041
2030
2021
2018
2025
2041
2064
2103
2122
2128
2133
2138
2143
2149
2152
2156
2159
2161
2163
2165
2165
2163
2161
2159
2156
2154
2151
2145
2140
2133
2128
2122
2115
2096
2059
2030
1993
1974
1966
1961
1954
1949
1945
1942
1940
1938
1938
1938
1938
1940
1942
1943
1947
1949
1951
1954
1958
1961
1963
1966
1970
1974
1981
1993
2007
2025
2041
2060
2076
2082
2085
2087
2090
2092
2094
2094
2096
2097
2094
2087
2080
2067
2046
2000
1974
1961
1952
1943
1938
1935
1933
1931
1931
1929
1929
1929
1927
1927
1927
1926
1920
1935
1947
1958
1963
1952
1931
1912
1894
1878
1867
1857
1844
1830
1821
1825
1835
1867
1931
2028
2170
2361
2590
2823
3025
3163
3195
3177
3048
2839
2593
2338
2090
1881
1738
1681
1681
1752
1853
1915
1938
1949
1956
1965
1968
1965
1956
1952
1949
1945
1942
1940
1938
1938
1936
1936
1938
1940
1945
1952
1961
1974
1997
2028
2046
2057
2057
2046
2039
2032
2025
2018
2012
2005
1989
1993
2032
2071
2096
2110
2119
2128
2135
2142
2147
2154
2163
2170
2179
2188
2195
2204
2216
2227
2227
2220
2207
2186
2154
2124
2105
2122
2138
2152
2163
2174
2204
2275
2305
2319
2331
2333
2329
2326
2324
2319
2310
2299
2292
2287
2280
2275
2269
2264
2260
2259
2257
2255
2253
2251
2250
2250
2248
2246
2244
2241
2239
2239
2239
2237
2237
2236
2232
2230
2228
2227
2223
2220
2214
2209
2204
2200
2197
2191
2186
2181
2177
2174
2168
2159
2158
2159
2159
2161
2165
2167
2167
2163
2156
2149
2135
2124
2122
2119
2117
2115
2115
2117
2120
2122
2126
2129
2135
2135
2124
2115
2108
2097
2089
2078
2055
2034
2023
2016
2037
2096
2190
2319
2485
2685
2894
3091
3261
3362
3369
3300
3114
2859
2560
2280
2066
1920
1871
1855
1878
1912
1935
1922
1887
1855
1843
1844
1860
1873
1883
1890
1890
1881
1867
1846
1816
1795
1779
1765
1743
1724
1715
1710
1706
1703
1703
1708
1713
1720
1722
1726
1727
1729
1733
1736
1740
1742
1745
1749
1752
1756
1758
1761
1766
1772
1781
1798
1811
1820
1827
1830
1835
1839
1843
1848
1853
1858
1866
1874
1889
1912
1922
1929
1935
1940
1942
1942
1938
1929
1917
1894
1862
1846
1837
1827
1816
1802
1756
1704
1678
1658
1644
1628
1616
1605
1600
1609
1625
1642
1662
1676
1685
1699
1727
1750
1761
1772
1782
1791
1804
1825
1858
1892
1922
1951
1975
2016
2073
2112
2124
2131
2140
2145
2152
2182
2228
2278
2298
2298
2280
2232
2142
2009
1841
1665
1511
1400
1357
1343
1363
1396
1430
1480
1543
1630
1735
1846
1949
2027
2083
2143
2202
2257
2292
2310
2319
2326
2329
2333
2335
2336
2336
2336
2335
2333
2331
2329
2326
2322
2317
2312
2305
2306
2313
2328
2342
2359
2384
2402
2416
2429
2441
2452
2471
2503
2560
2607
2655
2705
2731
2758
2784
2811
2845
2885
2919
2947
2976
3002
3030
3059
3091
3108
3119
3126
3131
3131
3126
3117
3107
3085
3052
2997
2935
2869
2807
2744
2682
2623
2572
2521
2487
2448
2416
2390
2363
2338
2312
2290
2275
2255
2237
2220
2209
2204
2200
2198
2197
2195
2193
2191
2191
2191
2193
2195
2197
2198
2200
2204
2209
2207
2202
2198
2198
2205
2209
2213
2216
2220
2221
2221
2225
2228
2234
2234
2223
2207
2182
2151
2126
2110
2097
2080
2067
2057
2048
2039
2032
2016
1993
1972
1951
1940
1933
1927
1926
1929
1938
1949
1959
1974
1982
1975
1963
1949
1931
1920
1910
1899
1894
1887
1880
1896
1910
1917
1924
1929
1931
1929
1926
1919
1910
1894
1869
1851
1839
1848
1857
1866
1864
1848
1835
1825
1816
1809
1804
1800
1795
1788
1788
1800
1814
1828
1828
1816
1805
1796
1789
1788
1789
1798
1809
1828
1850
1857
1862
1866
1867
1867
1867
1864
1860
1851
1857
1892
1908
1910
1913
1913
1910
1901
1889
1862
1835
1820
1820
1841
1899
2005
2138
2299
2482
2655
2791
2855
2876
2852
2779
2648
2475
2253
2004
1781
1673
1637
1650
1687
1720
1733
1733
1724
1717
1712
1708
1706
1708
1713
1722
1733
1740
1749
1756
1763
1768
1773
1779
1786
1789
1789
1784
1779
1772
1765
1759
1759
1766
1777
1786
1796
1805
1809
1812
1818
1825
1818
1811
1802
1805
1827
1843
1855
1866
1874
1880
1887
1894
1906
1919
1931
1945
1963
1982
2011
2043
2064
2076
2087
2097
2110
2124
2140
2159
2184
2200
2211
2225
2239
2248
2255
2260
2266
2269
2271
2271
2267
2260
2253
2246
2239
2232
2225
2216
2205
2197
2188
2177
2154
2126
2113
2106
2099
2092
2085
2082
2078
2073
2066
2062
2060
2060
2062
2064
2066
2069
2074
2082
2074
2067
2060
2055
2051
2053
2059
2066
2069
2073
2076
2078
2080
2083
2089
2094
2097
2103
2108
2112
2119
2128
2138
2147
2158
2168
2179
2188
2190
2188
2186
2184
2181
2177
2175
2179
2188
2198
2209
2223
2232
2236
2237
2239
2239
2241
2243
2244
2244
2244
2243
2239
2237
2234
2230
2225
2220
2213
2204
2191
2174
2149
2131
2119
2110
2103
2092
2083
2076
2066
2057
2053
2055
2060
2069
2094
2200
2359
2556
2779
3006
3200
3316
3330
3289
3154
2981
2758
2494
2234
2030
1942
1913
1938
2014
2051
2059
2064
2067
2071
2074
2076
2078
2080
2080
2080
2080
2076
2073
2071
2067
2066
2062
2057
2046
2030
2020
2012
2005
2005
2012
2018
2023
2027
2025
2018
2005
1988
1968
1961
1954
1947
1949
1970
1993
2018
2030
2048
2078
2105
2119
2129
2142
2151
2159
2168
2175
2184
2191
2198
2207
2225
2253
2269
2280
2285
2290
2290
2287
2278
2266
2246
2211
2184
2170
2158
2145
2135
2126
2120
2113
2106
2097
2087
2076
2051
2012
1991
1979
1970
1963
1958
1956
1952
1947
1943
1940
1936
1935
1933
1933
1933
1933
1933
1933
1935
1935
1933
1931
1929
1929
1933
1940
1945
1952
1961
1966
1958
1940
1924
1912
1899
1889
1880
1873
1866
1858
1851
1846
1844
1848
1857
1867
1881
1908
1952
1974
1982
1989
1997
2002
2004
2007
2007
2009
2007
2007
2009
2011
2009
2007
2005
2004
2002
2000
1998
1995
1993
1997
2002
2009
2009
2007
2005
2005
2011
2012
2014
2016
2018
2020
2020
2021
2023
2027
2030
2034
2037
2037
2039
2041
2043
2046
2050
2051
2055
2059
2064
2069
2074
2080
2087
2094
2105
2122
2133
2120
2099
2089
2080
2074
2067
2062
2059
2055
2050
2044
2039
2034
2030
2028
2025
2020
2012
2004
1998
1993
1989
1988
1986
1984
1984
1982
1982
1982
1982
1981
1979
1977
1975
1972
1968
1963
1956
1951
1943
1933
1913
1913
1936
1993
2110
2278
2485
2714
2945
3160
3324
3377
3367
3261
3066
2829
2577
2331
2115
1997
1961
1943
1931
1924
1915
1896
1855
1828
1818
1811
1804
1796
1789
1779
1768
1756
1743
1729
1715
1703
1697
1696
1694
1692
1690
1685
1681
1678
1676
1676
1683
1694
1708
1722
1735
1750
1765
1779
1788
1798
1805
1811
1814
1820
1823
1827
1828
1832
1835
1839
1843
1846
1848
1851
1853
1857
1860
1864
1867
1873
1881
1892
1904
1917
1929
1943
1958
1974
1989
2000
2007
2012
2018
2021
2025
2028
2032
2035
2041
2046
2051
2059
2066
2076
2083
2101
2131
2156
2177
2195
2211
2225
2239
2255
2283
2333
2359
2370
2377
2386
2393
2398
2404
2409
2413
2414
2416
2420
2421
2421
2421
2421
2423
2427
2430
2436
2441
2446
2453
2460
2469
2478
2485
2492
2505
2531
2545
2535
2514
2496
2480
2464
2452
2444
2439
2432
2425
2420
2416
2418
2425
2434
2446
2453
2457
2459
2462
2467
2471
2476
2478
2482
2485
2487
2489
2490
2492
2492
2492
2492
2490
2490
2489
2487
2489
2492
2494
2496
2496
2498
2496
2496
2494
2494
2492
2490
2489
2489
2490
2492
2494
2498
2501
2505
2510
2515
2521
2526
2528
2533
2544
2558
2572
2583
2584
2581
2574
2565
2556
2540
2510
2482
2455
2434
2411
2384
2368
2354
2344
2331
2321
2310
2301
2292
2282
2271
2257
2243
2230
2220
2207
2197
2190
2182
2175
2170
2163
2154
2147
2138
2128
2115
2099
2073
2044
2018
1997
1979
1963
1949
1935
1924
1913
1901
1892
1887
1887
1892
1904
1922
1982
2071
2182
2306
2421
2476
2514
2542
2545
2522
2457
2326
2129
1897
1657
1453
1386
1363
1402
1467
1538
1579
1600
1614
1627
1639
1650
1660
1674
1690
1706
1726
1747
1763
1775
1788
1796
1802
1805
1807
1809
1809
1811
1812
1812
1814
1816
1818
1816
1811
1800
1788
1777
1763
1750
1752
1770
1793
1812
1835
1857
1871
1885
1903
1927
1956
1977
1991
2009
2028
2048
2082
2138
2175
2195
2211
2228
2246
2262
2278
2292
2306
2324
2342
2359
2372
2386
2398
2409
2414
2416
2413
2406
2395
2382
2358
2310
2262
2213
2163
2112
2060
2009
1931
1834
1795
1782
1777
1772
1768
1766
1768
1775
1788
1802
1816
1828
1844
1858
1871
1880
1885
1890
1894
1901
1910
1917
1915
1904
1890
1881
1874
1869
1866
1862
1860
1858
1860
1862
1867
1873
1880
1885
1890
1897
1901
1906
1908
1908
1906
1901
1892
1880
1867
1855
1837
1820
1805
1795
1781
1756
1710
1683
1671
1660
1651
1648
1646
1648
1653
1662
1673
1683
1690
1701
1712
1722
1733
1742
1750
1761
1779
1812
1871
1961
2080
2223
2390
2574
2765
2940
3043
3078
3025
2866
2618
2336
2069
1853
1758
1726
1754
1782
1804
1811
1807
1802
1798
1795
1791
1789
1788
1789
1795
1802
1809
1818
1827
1839
1855
1871
1889
1904
1912
1915
1920
1924
1927
1931
1933
1935
1936
1938
1940
1942
1945
1947
1952
1956
1961
1966
1970
1972
1974
1977
1984
1991
1998
2011
2025
2039
2051
2062
2074
2083
2097
2112
2129
2147
2161
2174
2188
2202
2218
2234
2253
2276
2305
2322
2335
2345
2352
2352
2338
2313
2276
2218
2188
2174
2163
2152
2140
2131
2122
2115
2106
2090
2066
2035
2023
2016
2011
2005
1998
1995
1991
1989
1989
1991
1993
1997
1998
2002
2005
2009
2012
2016
2020
2021
2023
2027
2030
2034
2039
2041
2043
2039
2035
2028
2020
2012
2005
1998
1991
1984
1979
1975
1972
1970
1968
1965
1963
1958
1952
1943
1929
1919
1922
1931
1935
1938
1942
1947
1952
1956
1961
1968
1977
1986
1993
2000
2004
2007
2011
2014
2021
2028
2035
2039
2044
2048
2053
2059
2062
2064
2066
2067
2071
2074
2080
2085
2094
2106
2126
2193
2292
2427
2600
2799
2990
3153
3273
3314
3282
3177
2969
2708
2402
2117
1965
1913
1945
2005
2044
2059
2069
2041
1989
1949
1933
1920
1919
1938
1970
1982
1989
1995
2000
2004
2005
2007
2009
2012
2016
2018
2021
2023
2025
2025
2027
2030
2032
2034
2034
2035
2037
2039
2043
2046
2050
2051
2055
2060
2066
2071
2078
2082
2087
2092
2097
2103
2108
2113
2119
2126
2135
2147
2170
2195
2218
2239
2251
2264
2275
2283
2292
2298
2301
2301
2298
2292
2287
2280
2273
2264
2255
2237
2220
2209
2204
2198
2193
2188
2181
2174
2161
2149
2136
2119
2096
2078
2062
2041
2020
2016
2014
2011
2007
2005
2009
2018
2025
2030
2035
2041
2048
2057
2066
2076
2083
2094
2105
2117
2126
2133
2140
2143
2149
2152
2158
2159
2161
2161
2161
2159
2158
2154
2149
2143
2140
2136
2133
2129
2126
2122
2119
2117
2113
2112
2110
2110
2112
2113
2117
2119
2122
2126
2129
2135
2140
2145
2151
2159
2168
2175
2182
2188
2191
2195
2198
2204
2207
2209
2213
2213
2213
2209
2205
2202
2197
2190
2177
2172
2179
2197
2251
2333
2436
2567
2728
2899
3062
3192
3248
3241
3147
2961
2733
2476
2232
2053
1982
1956
1954
1963
1966
1968
1970
1972
1974
1975
1977
1981
1986
1989
1995
1998
2002
2007
2020
2044
2064
2073
2076
2080
2083
2085
2085
2087
2087
2087
2085
2087
2087
2090
2092
2096
2099
2103
2106
2112
2117
2124
2129
2135
2143
2158
2172
2182
2186
2190
2191
2197
2202
2207
2202
2190
2181
2172
2165
2161
2163
2168
2175
2186
2197
2214
2228
2241
2250
2259
2266
2269
2273
2271
2266
2259
2250
2216
2154
2092
2064
2046
2034
2023
2012
2002
1991
1991
2002
2014
2025
2002
1981
1965
1952
1945
1940
1929
1906
1890
1881
1874
1871
1869
1867
1869
1873
1878
1883
1887
1892
1896
1899
1903
1906
1912
1917
1922
1927
1935
1947
1952
1949
1942
1936
1931
1926
1920
1919
1917
1915
1912
1908
1906
1906
1908
1908
1910
1910
1908
1908
1910
1913
1919
1922
1924
1926
1927
1931
1933
1936
1938
1938
1936
1938
1938
1940
1940
1940
1943
1947
1949
1947
1943
1940
1938
1936
1935
1935
1935
1938
1943
1952
1968
2000
2062
2159
2299
2482
2680
2864
3009
3084
3108
3077
2977
2793
2563
2321
2105
1940
1846
1816
1832
1878
1922
1935
1942
1947
1954
1959
1966
1979
1997
2005
2009
2012
2012
2012
2014
2016
2018
2020
2021
2023
2025
2027
2028
2028
2030
2032
2034
2039
2043
2048
2051
2059
2069
2074
2073
2069
2066
2062
2059
2059
2060
2067
2076
2087
2096
2108
2119
2128
2136
2143
2149
2156
2163
2170
2177
2182
2190
2198
2211
2223
2237
2246
2253
2260
2264
2267
2267
2264
2259
2251
2244
2234
2218
2204
2190
2174
2154
2136
2113
2082
2055
2035
2021
2012
2005
2000
1997
1997
2002
2009
2016
2021
2027
2034
2039
2044
2050
2055
2060
2064
2069
2074
2078
2080
2080
2082
2083
2083
2083
2085
2085
2087
2089
2092
2094
2094
2089
2083
2080
2074
2069
2066
2064
2067
2071
2076
2082
2090
2096
2097
2094
2090
2089
2085
2082
2080
2082
2090
2099
2108
2119
2129
2129
2124
2119
2113
2106
2099
2097
2099
2103
2106
2108
2112
2115
2115
2112
2101
2090
2082
2073
2062
2055
2055
2057
2062
2069
2080
2106
2124
2135
2140
2140
2133
2120
2101
2074
2055
2039
2014
1995
1979
1968
1968
1974
1982
1998
2020
2041
2059
2087
2140
2195
2213
2221
2213
2195
2186
2181
2175
2172
2168
2165
2161
2158
2152
2147
2136
2133
2138
2156
2205
2315
2476
2692
2930
3153
3321
3413
3422
3374
3216
3006
2765
2524
2308
2120
1988
1943
1927
1945
1998
2051
2067
2073
2076
2078
2078
2073
2064
2059
2048
2043
2050
2062
2066
2069
2073
2074
2078
2080
2080
2083
2087
2089
2090
2094
2096
2099
2101
2105
2110
2117
2126
2133
2142
2156
2172
2182
2193
2202
2200
2186
2163
2138
2115
2099
2092
2087
2085
2092
2106
2117
2128
2136
2143
2149
2154
2161
2168
2181
2198
2216
2236
2244
2250
2253
2257
2257
2248
2244
2241
2239
2236
2234
2230
2228
2225
2221
2214
2209
2195
2161
2136
2124
2115
2108
2101
2094
2089
2085
2080
2076
2073
2069
2067
2067
2066
2067
2069
2074
2078
2083
2089
2096
2101
2108
2115
2122
2129
2133
2136
2140
2142
2143
2145
2145
2147
2151
2152
2152
2151
2143
2138
2131
2128
2124
2120
2115
2112
2108
2108
2108
2110
2112
2115
2119
2120
2126
2129
2135
2138
2145
2154
2170
2223
2329
2471
2648
2843
3029
3192
3317
3347
3330
3199
2984
2706
2404
2135
1958
1906
1890
1917
1949
1972
1970
1943
1927
1917
1906
1899
1894
1894
1897
1901
1904
1908
1912
1913
1917
1922
1927
1933
1935
1936
1938
1942
1945
1949
1952
1958
1961
1968
1974
1981
1993
2004
2011
2018
2025
2032
2037
2043
2046
2050
2053
2057
2060
2062
2067
2074
2090
2115
2143
2170
2193
2211
2225
2237
2246
2255
2262
2271
2276
2276
2266
2251
2239
2223
2211
2202
2193
2188
2181
2174
2167
2161
2154
2145
2128
2103
2089
2078
2060
2050
2043
2035
2030
2025
2020
2016
2012
2011
2009
2007
2005
2004
2002
2000
2000
2000
1998
1998
1997
1997
1995
1995
1993
1993
1991
1991
1989
1988
1984
1982
1981
1977
1968
1961
1954
1949
1940
1929
1931
1943
1952
1961
1968
1972
1974
1975
1977
1979
1981
1981
1982
1982
1982
1981
1977
1974
1970
1965
1958
1942
1929
1920
1912
1908
1912
1920
1935
1954
1965
1974
1977
1972
1956
1931
1913
1908
1917
1974
2074
2220
2413
2637
2864
3068
3220
3289
3294
3250
3103
2878
2609
2324
2071
1894
1834
1828
1867
1913
1949
1961
1965
1959
1945
1929
1912
1899
1883
1869
1862
1857
1858
1866
1874
1880
1887
1894
1901
1908
1915
1922
1933
1947
1972
1993
1998
2002
2005
2007
2004
1998
1991
1986
1979
1974
1975
1982
1991
1998
2005
2014
2018
2020
2021
2025
2028
2030
2034
2034
2034
2034
2032
2028
2027
2023
2018
2034
2059
2083
2101
2117
2136
2152
2165
2174
2174
2170
2165
2159
2156
2152
2147
2142
2136
2129
2115
2092
2080
2073
2066
2057
2044
2034
2023
2012
2004
1998
1991
1982
1982
1995
2002
2007
2012
2016
2018
2016
2011
2004
1997
1988
1975
1968
1972
1981
1988
1995
2002
2011
2020
2028
2035
2046
2057
2067
2076
2080
2087
2092
2099
2105
2110
2115
2129
2156
2170
2177
2184
2188
2190
2188
2184
2181
2177
2175
2172
2170
2165
2161
2156
2152
2147
2140
2124
2096
2074
2062
2053
2050
2044
2039
2035
2039
2046
2059
2080
2096
2108
2128
2142
2156
2165
2168
2170
2170
2170
2170
2172
2172
2172
2174
2172
2170
2167
2161
2158
2151
2140
2140
2151
2182
2228
2312
2434
2588
2761
2942
3103
3218
3259
3248
3153
2961
2730
2512
2338
2216
2135
2082
2041
1997
1956
1952
1977
2044
2076
2085
2076
2062
2051
2053
2071
2082
2096
2105
2105
2099
2089
2082
2076
2071
2067
2069
2076
2083
2099
2120
2131
2138
2136
2124
2115
2108
2103
2099
2099
2101
2108
2115
2129
2156
2177
2193
2207
2218
2225
2232
2239
2250
2260
2273
2287
2298
2301
2305
2306
2310
2313
2319
2326
2335
2342
2347
2352
2356
2358
2358
2354
2347
2340
2333
2328
2322
2315
2308
2303
2298
2294
2290
2285
2280
2275
2266
2257
2248
2236
2220
2197
2174
2154
2138
2124
2112
2106
2099
2094
2089
2085
2083
2083
2085
2087
2090
2094
2101
2110
2112
2097
2089
2082
2078
2073
2071
2073
2080
2089
2096
2101
2105
2110
2113
2117
2120
2122
2124
2128
2129
2131
2131
2131
2131
2131
2131
2131
2133
2136
2149
2216
2317
2446
2600
2765
2933
3092
3211
3245
3227
3098
2850
2551
2246
1981
1788
1733
1738
1816
1860
1874
1858
1841
1825
1818
1827
1843
1851
1860
1866
1869
1873
1876
1881
1885
1889
1890
1892
1892
1896
1899
1910
1933
1945
1951
1956
1961
1968
1975
1982
1988
1993
2002
2009
2014
2018
2014
2011
2005
2000
1995
1986
1981
1989
2009
2028
2050
2067
2080
2090
2099
2110
2120
2131
2142
2154
2163
2167
2170
2174
2175
2179
2179
2179
2177
2172
2167
2159
2149
2129
2110
2083
2055
2023
2000
1972
1933
1887
1853
1843
1837
1837
1837
1841
1848
1857
1880
1912
1933
1940
1945
1947
1951
1952
1954
1958
1961
1965
1968
1974
1977
1984
1991
1997
2000
2005
2012
2018
2018
2014
2007
2004
2002
1998
1995
1995
1993
1995
1995
1997
2000
2004
2007
2011
2014
2018
2021
2025
2028
2032
2035
2037
2041
2044
2050
2053
2055
2057
2055
2051
2046
2041
2032
2018
2000
1991
1984
1981
1975
1972
1972
1972
1974
1975
1981
1988
1995
2005
2021
2032
2039
2043
2046
2050
2051
2055
2057
2062
2067
2073
2078
2083
2090
2099
2108
2119
2126
2136
2161
2174
2175
2177
2179
2179
2177
2174
2168
2156
2143
2140
2136
2133
2133
2136
2142
2143
2145
2147
2149
2151
2152
2152
2154
2152
2151
2149
2147
2145
2140
2136
2135
2135
2136
2142
2147
2154
2163
2154
2147
2143
2142
2138
2136
2136
2135
2136
2136
2138
2143
2149
2158
2191
2289
2427
2598
2786
2967
3112
3211
3238
3227
3149
3004
2786
2531
2282
2083
1988
1956
1968
2004
2046
2060
2060
2046
2030
2014
2005
1998
1993
1989
1984
1981
1977
1970
1966
1966
1972
1979
1993
2016
2044
2062
2066
2067
2071
2073
2074
2078
2080
2080
2085
2090
2096
2101
2106
2112
2117
2124
2129
2133
2136
2138
2140
2142
2145
2151
2154
2156
2158
2158
2161
2165
2156
2145
2135
2135
2149
2158
2167
2174
2182
2193
2204
2213
2225
2236
2244
2251
2260
2278
2299
2312
2319
2305
2289
2276
2262
2248
2227
2198
2174
2156
2143
2135
2129
2124
2120
2113
2106
2097
2090
2085
2080
2076
2071
2066
2060
2053
2046
2039
2034
2025
2016
2009
2005
2005
2011
2018
2023
2032
2043
2050
2044
2034
2030
2027
2023
2020
2016
2014
2014
2012
2012
2012
2011
2011
2012
2016
2018
2020
2021
2025
2027
2021
2009
2000
1995
1988
1982
1977
1972
1966
1961
1954
1945
1927
1903
1880
1860
1860
1883
1943
2046
2184
2365
2577
2797
3004
3177
3305
3333
3314
3181
2951
2648
2328
2073
1920
1887
1878
1871
1869
1869
1874
1883
1899
1924
1940
1951
1949
1931
1920
1912
1904
1899
1896
1896
1897
1903
1908
1913
1917
1920
1926
1929
1935
1940
1945
1951
1958
1965
1974
1982
1993
2012
2027
2035
2041
2046
2051
2057
2060
2066
2073
2078
2087
2105
2136
2159
2174
2182
2190
2197
2205
2218
2232
2243
2248
2255
2260
2269
2278
2287
2296
2306
2317
2324
2331
2336
2344
2354
2361
2356
2344
2324
2296
2269
2243
2216
2190
2167
2147
2122
2103
2089
2080
2069
2060
2048
2034
2018
2009
2002
1997
1991
1989
1989
1991
1995
1998
2004
2009
2016
2023
2027
2027
2025
2023
2021
2020
2018
2016
2014
2016
2018
2023
2027
2028
2030
2034
2037
2039
2041
2039
2035
2030
2023
2016
2011
2004
1997
1991
1988
1984
1984
1986
1988
1991
1997
2005
2035
2108
2221
2381
2588
2822
3050
3232
3312
3314
3241
3068
2822
2531
2230
1974
1839
1827
1890
2005
2080
2083
2037
1945
1883
1862
1876
1897
1929
1956
1974
1988
1998
2007
2014
2021
2028
2039
2048
2055
2060
2066
2071
2076
2080
2083
2087
2092
2101
2115
2131
2143
2152
2161
2167
2172
2179
2190
2190
2177
2172
2167
2161
2158
2156
2156
2159
2165
2172
2177
2184
2191
2200
2211
2221
2230
2236
2239
2244
2250
2255
2259
2260
2260
2260
2260
2259
2257
2255
2250
2244
2237
2225
2197
2163
2131
2105
2078
2048
2016
1995
1984
1975
1963
1949
1938
1931
1927
1922
1919
1917
1913
1912
1910
1908
1906
1903
1901
1899
1899
1897
1897
1897
1897
1896
1894
1890
1881
1858
1818
1786
1775
1775
1791
1814
1844
1867
1885
1901
1917
1931
1931
1915
1901
1890
1880
1873
1866
1862
1857
1853
1850
1848
1850
1853
1858
1869
1880
1896
1922
1935
1949
1975
1995
2005
2012
2018
2020
2020
2018
2012
2007
1995
1979
1972
1966
1977
1984
1989
1993
1997
1998
2000
2000
2002
2004
2005
2007
2007
2011
2014
2018
2018
2016
2011
2002
2007
2051
2135
2259
2423
2613
2802
2970
3085
3121
3112
3029
2866
2641
2375
2131
1968
1919
1958
2032
2073
2073
2035
1989
1975
1972
1970
1974
1982
1977
1949
1929
1917
1910
1926
1952
1979
1997
2011
2016
2023
2028
2012
1993
1979
1975
1974
1974
1972
1972
1970
1970
1972
1975
1982
1989
2012
2034
2044
2053
2062
2069
2078
2110
2128
2131
2135
2142
2151
2161
2175
2193
2195
2188
2177
2168
2181
2191
2198
2205
2216
2228
2251
2282
2306
2324
2329
2333
2335
2336
2331
2321
2308
2292
2280
2246
2209
2181
2156
2140
2131
2124
2119
2113
2106
2108
2128
2135
2138
2142
2145
2149
2151
2152
2156
2158
2159
2161
2163
2165
2165
2167
2167
2168
2170
2168
2167
2165
2163
2161
2159
2158
2154
2152
2149
2145
2143
2140
2136
2129
2124
2117
2112
2110
2106
2103
2101
2097
2096
2092
2090
2089
2085
2082
2080
2078
2076
2074
2073
2069
2066
2064
2062
2060
2057
2055
2053
2053
2055
2059
2062
2067
2073
2080
2087
2087
2078
2064
2048
2030
2016
2005
1988
1966
1952
1943
1956
1993
2050
2135
2266
2443
2657
2885
3075
3181
3197
3165
3009
2777
2505
2239
2014
1897
1858
1883
1912
1935
1935
1917
1899
1881
1883
1903
1917
1929
1940
1943
1940
1927
1915
1904
1892
1881
1873
1867
1858
1850
1844
1850
1864
1878
1897
1913
1927
1943
1952
1961
1970
1968
1956
1949
1942
1936
1933
1931
1933
1938
1947
1956
1970
1993
2012
2027
2039
2050
2060
2071
2080
2087
2096
2105
2113
2124
2138
2158
2177
2191
2200
2207
2218
2228
2237
2246
2257
2267
2273
2273
2269
2264
2255
2241
2209
2167
2131
2105
2083
2062
2044
2028
2016
2007
2002
1997
1991
1986
1982
1981
1984
1991
2000
2009
2018
2027
2035
2044
2050
2053
2057
2066
2076
2057
2025
2004
1997
1993
1988
1988
1988
1991
1997
2005
2025
2044
2053
2059
2043
2025
2011
1998
1988
1972
1958
1974
2020
2089
2188
2313
2462
2622
2774
2903
2997
3061
3107
3103
3036
2853
2611
2347
2110
1956
1935
1926
1942
1961
1975
1951
1912
1881
1867
1857
1873
1901
1922
1931
1938
1940
1933
1920
1913
1908
1903
1899
1896
1894
1892
1890
1889
1890
1892
1894
1897
1901
1906
1910
1915
1922
1931
1938
1943
1954
1972
2005
2027
2035
2043
2046
2051
2055
2060
2062
2066
2071
2076
2085
2105
2129
2149
2159
2170
2181
2190
2198
2207
2218
2230
2241
2246
2248
2248
2250
2253
2230
2204
2179
2159
2140
2120
2101
2087
2078
2069
2069
2078
2087
2094
2099
2105
2108
2112
2115
2119
2122
2126
2129
2133
2138
2143
2151
2154
2152
2151
2145
2142
2138
2135
2129
2128
2128
2129
2133
2136
2140
2143
2147
2152
2158
2163
2168
2177
2209
2273
2382
2531
2706
2891
3062
3197
3261
3284
3259
3179
3022
2802
2551
2313
2119
2020
2005
2039
2096
2115
2120
2119
2115
2115
2113
2113
2113
2115
2117
2119
2117
2115
2112
2110
2108
2108
2108
2108
2105
2101
2097
2094
2094
2090
2085
2080
2076
2074
2076
2080
2085
2090
2096
2103
2113
2126
2136
2142
2145
2149
2156
2161
2170
2179
2188
2197
2202
2207
2214
2220
2225
2228
2232
2234
2237
2243
2248
2262
2282
2289
2292
2296
2298
2299
2296
2292
2283
2275
2257
2225
2198
2177
2159
2138
2110
2080
2055
2035
2021
2021
2035
2048
2059
2069
2080
2094
2112
2119
2122
2126
2128
2131
2135
2138
2142
2143
2147
2151
2154
2156
2154
2151
2145
2140
2131
2113
2090
2080
2076
2073
2071
2069
2069
2073
2078
2083
2089
2094
2099
2105
2110
2113
2119
2124
2129
2135
2138
2143
2149
2156
2165
2174
2175
2174
2167
2158
2152
2145
2136
2128
2119
2112
2106
2103
2099
2094
2090
2089
2085
2083
2082
2080
2078
2073
2067
2062
2055
2046
2037
2028
2020
2014
2009
2005
2000
1993
1995
2011
2053
2128
2241
2388
2567
2776
2988
3169
3294
3330
3319
3220
3036
2806
2540
2273
2062
1938
1917
1940
2014
2057
2071
2060
2025
1975
1919
1901
1896
1890
1896
1897
1899
1899
1901
1901
1901
1903
1903
1904
1904
1904
1904
1903
1901
1901
1899
1899
1899
1897
1897
1896
1896
1894
1890
1883
1883
1896
1913
1936
1952
1961
1974
1986
1995
2000
2007
2016
2023
2030
2039
2050
2064
2074
2082
2089
2092
2096
2099
2103
2108
2112
2117
2122
2135
2161
2182
2195
2202
2205
2202
2195
2184
2168
2143
2108
2067
2048
2041
2035
2032
2028
2021
2012
2005
1995
1982
1972
1961
1947
1933
1924
1917
1910
1904
1912
1924
1933
1942
1949
1954
1956
1956
1952
1951
1949
1947
1945
1943
1942
1938
1938
1938
1940
1945
1951
1958
1970
1970
1970
1972
1972
1972
1972
1970
1970
1974
1977
1984
1991
2000
2012
2034
2037
2028
2018
2009
2011
2028
2080
2151
2259
2421
2637
2873
3092
3262
3358
3369
3330
3186
2930
2602
2280
2027
1867
1837
1844
1913
1963
1979
1966
1929
1878
1853
1841
1830
1830
1841
1846
1850
1851
1853
1857
1860
1864
1867
1871
1880
1894
1920
1945
1970
1984
1991
1997
2004
2011
2020
2028
2039
2057
2067
2074
2080
2082
2085
2087
2092
2097
2103
2108
2117
2151
2190
2230
2275
2299
2312
2315
2319
2321
2324
2328
2329
2331
2333
2335
2335
2335
2335
2333
2333
2331
2329
2328
2326
2324
2324
2322
2319
2315
2305
2283
2260
2239
2220
2198
2181
2158
2140
2126
2120
2113
2108
2112
2131
2143
2154
2163
2170
2170
2167
2161
2151
2117
2078
2062
2055
2050
2044
2044
2048
2053
2064
2082
2105
2129
2142
2149
2154
2158
2161
2165
2168
2172
2175
2181
2188
2202
2220
2246
2266
2280
2276
2251
2228
2205
2191
2182
2172
2174
2205
2267
2368
2505
2664
2837
3018
3179
3291
3328
3289
3174
2970
2696
2411
2161
1993
1936
1936
1986
2053
2085
2097
2082
2066
2050
2039
2027
2009
1986
1966
1952
1943
1956
1975
2000
2027
2053
2080
2094
2099
2101
2105
2106
2106
2105
2101
2094
2083
2064
2046
2034
2034
2050
2073
2096
2106
2113
2119
2122
2126
2129
2133
2133
2128
2119
2112
2131
2151
2165
2175
2181
2182
2186
2190
2193
2200
2207
2214
2218
2221
2225
2228
2232
2234
2234
2236
2236
2236
2234
2232
2228
2223
2216
2195
2156
2131
2112
2096
2082
2066
2041
2025
2016
2009
2005
2005
2009
2014
2023
2032
2050
2067
2074
2080
2083
2087
2089
2092
2094
2097
2099
2103
2106
2108
2112
2113
2115
2119
2122
2126
2128
2129
2129
2129
2129
2128
2128
2126
2124
2142
2193
2266
2361
2496
2664
2845
3007
3138
3211
3215
3163
3032
2832
2572
2296
2053
1869
1779
1772
1816
1896
1956
1975
1952
1935
1924
1915
1910
1906
1906
1906
1906
1906
1904
1901
1899
1903
1910
1915
1920
1924
1922
1915
1908
1901
1890
1892
1908
1922
1933
1942
1951
1959
1965
1968
1974
1977
1981
1986
1989
1991
1995
1998
2007
2027
2044
2055
2062
2067
2071
2074
2078
2080
2082
2083
2085
2087
2089
2090
2092
2094
2094
2096
2099
2105
2110
2108
2103
2094
2082
2059
2028
2000
1981
1965
1961
1961
1959
1961
1961
1961
1959
1959
1959
1959
1961
1961
1963
1966
1972
1977
1982
1986
1991
1998
2005
2009
2011
2011
2012
2012
2012
2014
2014
2016
2018
2020
2021
2023
2027
2030
2035
2048
2064
2069
2071
2057
2034
2005
1989
1979
1972
1968
1968
1972
1975
1979
1982
1984
1988
1988
1989
1991
1993
1993
1991
1991
1989
1988
1984
1981
1977
1974
1970
1966
1965
1963
1961
1959
1959
1959
1961
1965
1968
1972
1977
1982
1995
2000
1997
1986
1981
1975
1972
1968
1966
1966
1968
1970
1974
1977
1982
1989
1995
1988
1975
1968
1963
1959
1956
1951
1947
1943
1940
1936
1935
1931
1927
1924
1920
1919
1920
1922
1927
1931
1938
1951
1951
1936
1929
1922
1917
1912
1910
1912
1915
1920
1926
1933
1940
1952
1966
1977
1988
1995
2000
2005
2011
2014
2020
2030
2055
2106
2190
2306
2464
2650
2836
2997
3117
3193
3216
3199
3082
2841
2529
2218
1989
1897
1869
1851
1837
1825
1795
1772
1763
1758
1770
1789
1807
1820
1828
1811
1795
1784
1775
1773
1773
1773
1773
1773
1772
1786
1804
1820
1830
1843
1862
1887
1904
1917
1926
1910
1892
1874
1862
1851
1843
1843
1853
1871
1894
1913
1924
1935
1943
1952
1958
1963
1968
1972
1977
1981
1991
2012
2037
2062
2089
2117
2147
2174
2211
2250
2292
2319
2344
2372
2402
2430
2459
2489
2508
2519
2528
2533
2537
2540
2542
2545
2549
2551
2552
2552
2549
2545
2538
2531
2517
2489
2462
2443
2423
2404
2384
2375
2370
2365
2361
2361
2370
2384
2409
2448
2492
2533
2565
2588
2607
2627
2646
2659
2666
2671
2675
2678
2680
2678
2673
2668
2662
2657
2652
2646
2641
2636
2630
2625
2620
2613
2598
2563
2522
2485
2460
2446
2430
2416
2391
2356
2317
2283
2253
2225
2198
2158
2129
2117
2105
2097
2094
2092
2092
2094
2096
2101
2106
2113
2129
2159
2179
2188
2197
2200
2200
2197
2190
2181
2163
2129
2105
2094
2085
2076
2067
2060
2043
2012
1991
1977
1965
1954
1942
1927
1906
1881
1858
1837
1809
1772
1735
1712
1699
1710
1781
1903
2066
2259
2471
2671
2830
2894
2885
2776
2584
2340
2092
1885
1729
1662
1662
1703
1726
1736
1743
1724
1692
1658
1637
1623
1623
1644
1674
1710
1740
1768
1793
1820
1837
1850
1860
1871
1901
1947
2002
2057
2087
2117
2135
2138
2140
2143
2126
2074
2021
1989
1979
1974
1975
1982
1995
2004
2014
2021
2021
2011
1995
1970
1929
1910
1901
1894
1889
1883
1881
1880
1880
1880
1881
1885
1890
1896
1917
1966
2020
2046
2059
2067
2073
2074
2073
2066
2055
2020
1966
1936
1908
1878
1851
1820
1761
1694
1655
1628
1611
1593
1573
1559
1549
1538
1531
1524
1519
1513
1504
1494
1513
1547
1577
1591
1598
1605
1614
1627
1642
1657
1673
1688
1699
1712
1731
1772
1823
1850
1857
1860
1864
1864
1864
1858
1850
1837
1812
1775
1747
1724
1696
1676
1662
1651
1642
1637
1632
1628
1627
1625
1623
1619
1618
1616
1614
1614
1614
1614
1614
1616
1618
1621
1625
1628
1634
1639
1646
1681
1752
1853
1995
2165
2349
2531
2685
2761
2761
2683
2514
2276
1993
1724
1522
1435
1426
1471
1552
1575
1580
1584
1586
1580
1566
1543
1515
1497
1487
1481
1481
1492
1506
1526
1550
1579
1600
1614
1627
1642
1658
1671
1680
1687
1692
1699
1706
1712
1717
1722
1731
1749
1781
1835
1897
1961
2002
2021
2030
2039
2046
2050
2053
2053
2053
2050
2046
2041
2035
2027
2018
2005
1986
1975
1981
1995
2016
2053
2089
2115
2140
2165
2188
2197
2204
2209
2213
2216
2214
2209
2197
2184
2168
2149
2129
2112
2090
2066
2032
1998
1965
1935
1920
1912
1903
1896
1890
1885
1883
1881
1881
1881
1885
1889
1894
1903
1913
1927
1943
1982
2053
2108
2161
2211
2259
2308
2356
2382
2395
2407
2414
2418
2418
2416
2413
2407
2400
2391
2379
2363
2331
2305
2287
2275
2264
2259
2257
2262
2273
2287
2308
2340
2374
2400
2420
2436
2448
2459
2480
2519
2545
2560
2570
2575
2577
2575
2574
2572
2567
2560
2591
2682
2813
2979
3161
3331
3454
3494
3461
3360
3137
2848
2531
2234
2004
1903
1866
1864
1885
1917
1961
2004
2032
2050
2062
2069
2076
2087
2105
2122
2140
2158
2175
2188
2195
2202
2209
2214
2223
2230
2239
2248
2259
2271
2285
2305
2319
2326
2331
2335
2338
2340
2344
2347
2349
2352
2356
2361
2368
2377
2384
2393
2406
2425
2446
2464
2482
2498
2517
2533
2549
2565
2581
2598
2618
2643
2666
2687
2703
2710
2714
2717
2721
2722
2726
2726
2728
2728
2728
2726
2721
2712
2703
2689
2675
2657
2627
2602
2583
2560
2533
2503
2490
2483
2476
2471
2469
2466
2464
2460
2459
2459
2457
2457
2455
2453
2452
2450
2450
2450
2450
2448
2446
2444
2443
2441
2443
2443
2441
2439
2441
2441
2443
2444
2444
2443
2441
2439
2437
2436
2434
2429
2423
2418
2413
2407
2402
2391
2370
2354
2347
2342
2336
2329
2322
2321
2328
2338
2344
2351
2356
2361
2365
2368
2372
2372
2370
2367
2359
2351
2342
2333
2324
2313
2303
2292
2283
2276
2271
2266
2262
2260
2259
2255
2251
2250
2250
2248
2248
2246
2244
2244
2244
2244
2243
2241
2239
2239
2239
2241
2243
2246
2250
2251
2255
2260
2267
2273
2303
2404
2537
2708
2914
3124
3310
3420
3455
3409
3262
3022
2708
2379
2085
1869
1752
1712
1688
1673
1653
1632
1600
1557
1499
1444
1407
1395
1388
1384
1379
1377
1375
1373
1373
1373
1373
1377
1382
1391
1400
1411
1421
1430
1439
1448
1458
1469
1478
1485
1492
1501
1513
1531
1561
1595
1614
1627
1639
1646
1650
1650
1644
1637
1627
1612
1586
1534
1490
1458
1446
1435
1428
1423
1437
1467
1517
1579
1625
1658
1694
1717
1733
1747
1758
1765
1770
1775
1781
1784
1786
1789
1791
1795
1796
1800
1800
1798
1798
1798
1798
1798
1796
1795
1791
1789
1789
1788
1788
1786
1786
1784
1782
1782
1781
1779
1779
1777
1779
1784
1795
1807
1823
1848
1864
1874
1881
1889
1890
1887
1878
1867
1860
1850
1841
1834
1832
1832
1834
1837
1839
1841
1844
1850
1855
1860
1864
1867
1874
1881
1890
1899
1908
1915
1922
1933
1942
1943
1940
1935
1929
1926
1922
1920
1924
1933
1942
1947
1954
1959
1963
1966
1970
1972
1974
1972
1970
1965
1961
1956
1949
1942
1926
1927
1954
2030
2156
2336
2556
2779
2974
3110
3151
3142
3048
2866
2622
2377
2177
2050
2009
1995
2011
2027
2039
2037
2016
1997
1979
1961
1942
1910
1862
1830
1811
1796
1789
1793
1805
1820
1839
1864
1890
1912
1929
1945
1963
1984
2005
2012
2016
2020
2021
2023
2023
2020
2014
2007
1998
1989
1984
1993
2012
2023
2032
2041
2048
2059
2066
2074
2080
2089
2096
2105
2113
2124
2133
2143
2154
2165
2175
2184
2191
2198
2204
2211
2227
2250
2266
2276
2283
2289
2290
2287
2282
2271
2255
2223
2184
2147
2122
2106
2092
2080
2069
2044
2011
1989
1975
1963
1952
1945
1936
1931
1929
1933
1945
1961
1981
2007
2028
2044
2059
2069
2080
2087
2092
2097
2103
2106
2108
2108
2103
2096
2085
2078
2069
2055
2043
2035
2032
2030
2025
2021
2041
2073
2090
2096
2099
2101
2103
2101
2094
2085
2071
2043
2023
2009
2011
2032
2046
2060
2073
2078
2078
2078
2078
2078
2078
2078
2078
2078
2071
2064
2055
2048
2037
2027
2016
2004
1988
1970
1961
1945
1952
1974
1982
1988
1995
2002
2009
2016
2023
2035
2053
2067
2078
2089
2099
2099
2085
2071
2059
2071
2103
2184
2294
2436
2609
2793
2969
3110
3193
3202
3169
3036
2825
2563
2292
2083
2011
1986
1998
2014
2025
2002
1982
1970
1959
1954
1954
1954
1956
1958
1958
1959
1961
1961
1966
1977
1988
2000
2012
2025
2030
2034
2039
2044
2048
2050
2051
2051
2051
2050
2050
2050
2051
2053
2057
2060
2067
2066
2053
2041
2027
2030
2053
2080
2108
2126
2142
2161
2182
2197
2205
2213
2220
2227
2232
2236
2239
2243
2250
2255
2259
2257
2248
2237
2232
2230
2228
2227
2225
2221
2218
2213
2209
2204
2200
2197
2191
2186
2181
2172
2161
2142
2122
2108
2096
2083
2073
2062
2051
2044
2039
2034
2030
2025
2020
2018
2016
2018
2021
2027
2030
2032
2034
2037
2041
2044
2046
2046
2046
2044
2043
2041
2039
2035
2032
2030
2028
2027
2025
2025
2023
2020
2018
2016
2014
2012
2012
2012
2014
2016
2018
2020
2021
2023
2025
2025
2025
2025
2023
2023
2021
2021
2023
2023
2025
2025
2027
2030
2034
2035
2039
2041
2043
2043
2044
2046
2048
2050
2051
2053
2057
2059
2062
2067
2071
2074
2078
2080
2085
2089
2092
2096
2097
2101
2103
2106
2110
2113
2117
2120
2126
2129
2135
2138
2140
2142
2143
2143
2145
2149
2152
2159
2167
2211
2278
2367
2482
2623
2791
2972
3144
3257
3296
3261
3151
2926
2659
2395
2182
2090
2064
2050
2041
2034
2027
2016
2004
1997
2002
2012
2016
2020
2023
2027
2027
2028
2032
2035
2041
2044
2048
2051
2053
2053
2057
2060
2064
2073
2082
2087
2082
2073
2060
2050
2039
2028
2021
2021
2027
2039
2053
2076
2106
2120
2128
2133
2136
2140
2143
2149
2156
2165
2175
2186
2200
2223
2262
2287
2301
2308
2315
2321
2328
2336
2345
2354
2363
2374
2390
2413
2432
2446
2457
2467
2475
2480
2480
2478
2473
2464
2455
2437
2418
2390
2352
2322
2303
2290
2282
2275
2271
2266
2262
2255
2248
2239
2230
2216
2207
2205
2204
2200
2195
2193
2200
2204
2207
2209
2211
2213
2214
2218
2221
2227
2232
2236
2239
2243
2250
2257
2266
2275
2285
2292
2301
2310
2317
2321
2319
2313
2305
2294
2276
2236
2207
2193
2181
2172
2163
2158
2152
2147
2140
2131
2117
2099
2085
2074
2064
2057
2057
2059
2064
2069
2074
2080
2087
2085
2076
2064
2057
2051
2046
2041
2035
2030
2025
2020
2016
2011
2007
2004
2002
2000
2000
1998
1997
1995
1993
1989
1988
1984
1981
1979
1975
1974
1972
1968
1965
1959
1952
1935
1920
1910
1899
1889
1880
1874
1869
1866
1862
1858
1857
1857
1858
1864
1873
1885
1906
1938
1958
1970
