1676
1614
1570
1534
1505
1490
1501
1526
1559
1578
1596
1610
1629
1643
1658
1676
1694
1713
1735
1753
1771
1793
1815
1844
1873
1899
1917
1936
1958
1983
2005
2027
2049
2074
2100
2118
2129
2144
2158
2173
2184
2195
2213
2231
2250
2268
2279
2290
2301
2315
2330
2345
2359
2370
2374
2370
2367
2363
2356
2348
2337
2330
2323
2312
2301
2294
2283
2272
2261
2250
2239
2228
2224
2224
2231
2242
2257
2272
2286
2297
2312
2326
2337
2348
2356
2363
2374
2385
2400
2410
2418
2429
2436
2447
2451
2458
2458
2462
2465
2473
2476
2480
2484
2487
2494
2505
2516
2531
2546
2571
2604
2633
2659
2681
2699
2714
2732
2747
2758
2765
2765
2758
2739
2717
2688
2641
2571
2549
2538
2531
2520
2509
2502
2498
2494
2494
2494
2494
2494
2494
2494
2491
2484
2476
2473
2476
2494
2524
2564
2633
2747
2951
3196
3419
3605
3780
3846
3894
3872
3685
3386
3024
2637
2279
1998
1786
1632
1574
1570
1618
1687
1786
1895
2005
2063
2093
2115
2126
2136
2144
2136
2122
2096
2071
2049
2020
1990
1961
1928
1895
1866
1841
1822
1800
1782
1768
1753
1742
1727
1709
1698
1684
1673
1662
1647
1632
1618
1610
1618
1636
1662
1691
1735
1808
1870
1954
2060
2126
2162
2188
2210
2224
2235
2242
2250
2253
2257
2264
2272
2279
2283
2286
2290
2294
2297
2301
2305
2319
2341
2352
2330
2279
2221
2151
2100
2056
2020
1972
1914
1873
1848
1826
1804
1782
1757
1735
1713
1691
1669
1651
1632
1618
1603
1592
1585
1581
1578
1574
1570
1570
1567
1567
1567
1567
1570
1570
1570
1574
1578
1581
1585
1585
1589
1596
1600
1610
1618
1625
1632
1643
1651
1662
1665
1665
1665
1669
1676
1680
1687
1694
1698
1702
1709
1713
1713
1709
1705
1698
1691
1684
1680
1676
1673
1673
1669
1669
1665
1665
1662
1662
1658
1651
1647
1643
1640
1636
1636
1636
1636
1643
1647
1654
1662
1669
1676
1687
1698
1709
1716
1724
1735
1749
1771
1793
1815
1826
1833
1841
1848
1859
1873
1884
1899
1910
1921
1936
1954
1976
2005
2031
2049
2071
2096
2118
2129
2140
2136
2133
2126
2118
2100
2067
2023
2082
2177
2286
2473
2692
2944
3218
3470
3601
3645
3601
3481
3258
2933
2513
2042
1596
1252
1041
0964
0935
0949
0989
1044
1154
1293
1424
1548
1658
1738
1797
1852
1921
2031
2104
2129
2147
2162
2177
2191
2206
2217
2231
2242
2257
2272
2290
2315
2341
2367
2392
2414
2429
2440
2451
2462
2473
2487
2502
2513
2531
2549
2579
2615
2670
2761
2823
2878
2922
2958
2984
3002
3017
3031
3042
3050
3053
3050
3035
3017
2999
2980
2958
2937
2907
2885
2867
2852
2842
2820
2772
2684
2593
2505
2451
2418
2385
2334
2283
2235
2188
2144
2115
2085
2071
2056
2045
2034
2020
2009
2001
1998
1990
1987
1983
1979
1979
1979
1983
1987
1990
1990
1990
1994
1994
1990
1990
1987
1983
1979
1976
1972
1972
1972
1976
1979
1979
1976
1972
1965
1961
1958
1950
1943
1939
1943
1954
1976
2001
2034
2096
2213
2414
2637
2878
3108
3221
3262
3178
2922
2516
2042
1515
0986
0536
0288
0270
0416
0726
1030
1274
1472
1647
1808
1965
2115
2162
2188
2184
2162
2136
2126
2118
2111
2104
2096
2089
2082
2074
2074
2078
2082
2093
2104
2118
2133
2151
2177
2224
2257
2283
2297
2308
2315
2323
2334
2341
2352
2363
2381
2407
2458
2582
2684
2747
2794
2838
2871
2900
2929
2951
2969
2984
2999
3010
3024
3042
3057
3057
3042
3017
2995
2973
2944
2911
2863
2779
2673
2604
2564
2524
2480
2410
2330
2294
2272
2253
2224
2177
2126
2078
2027
1987
1961
1947
1932
1925
1917
1910
1899
1892
1888
1888
1892
1899
1906
1917
1925
1939
1965
1961
1903
1855
1819
1793
1775
1760
1749
1731
1705
1694
1727
1779
1800
1811
1822
1833
1844
1859
1866
1877
1884
1892
1895
1903
1910
1910
1914
1917
1921
1925
1925
1925
1921
1917
1910
1906
1899
1892
1884
1877
1866
1859
1852
1841
1833
1826
1815
1804
1793
1782
1771
1760
1749
1738
1727
1716
1709
1705
1698
1687
1676
1665
1654
1647
1636
1614
1589
1574
1567
1559
1556
1552
1545
1537
1534
1526
1523
1523
1523
1523
1526
1537
1552
1567
1585
1600
1618
1632
1647
1676
1709
1731
1742
1746
1749
1753
1760
1764
1771
1779
1782
1786
1789
1797
1811
1826
1837
1848
1855
1863
1870
1884
1899
1910
1917
1921
1925
1928
1928
1925
1917
1906
1895
1884
1877
1870
1859
1837
1819
1804
1804
1808
1822
1837
1852
1863
1877
1895
1921
1939
1954
1983
2085
2257
2509
2816
3141
3419
3558
3605
3532
3320
2980
2546
2027
1450
0894
0449
0215
0197
0354
0686
1030
1278
1450
1563
1694
1819
1914
1987
2052
2107
2151
2188
2217
2224
2231
2239
2242
2246
2246
2246
2250
2253
2253
2253
2250
2250
2253
2253
2257
2261
2264
2268
2272
2279
2283
2290
2297
2305
2312
2323
2334
2352
2381
2458
2520
2560
2589
2615
2644
2673
2706
2739
2776
2823
2863
2889
2907
2926
2944
2962
2977
2977
2958
2929
2896
2874
2849
2827
2805
2776
2754
2728
2695
2648
2575
2520
2473
2436
2392
2337
2315
2297
2283
2268
2257
2246
2231
2221
2206
2195
2184
2173
2162
2151
2129
2089
2056
2034
2020
2012
2005
1998
1990
1983
1972
1968
1961
1954
1947
1939
1928
1903
1903
1932
1947
1954
1961
1968
1968
1965
1961
1950
1943
1932
1925
1917
1910
1906
1899
1899
1895
1895
1892
1888
1884
1884
1884
1884
1884
1888
1888
1888
1892
1895
1899
1903
1903
1906
1906
1903
1899
1899
1899
1899
1895
1892
1888
1881
1877
1873
1870
1866
1855
1844
1833
1830
1826
1819
1811
1804
1797
1793
1793
1800
1822
1841
1863
1888
1914
1917
1906
1895
1888
1881
1873
1863
1859
1852
1848
1844
1844
1844
1848
1855
1863
1873
1881
1892
1899
1906
1910
1914
1917
1921
1925
1932
1936
1943
1950
1961
1968
1972
1979
1983
1987
1994
1998
2001
2005
2009
2012
2020
2027
2038
2049
2063
2085
2111
2129
2151
2173
2217
2370
2589
2834
3108
3404
3674
3839
3842
3711
3368
2907
2378
1819
1300
0880
0708
0650
0712
0898
1055
1114
1147
1227
1384
1643
1947
2199
2323
2367
2315
2246
2188
2166
2147
2136
2129
2126
2136
2158
2184
2202
2228
2253
2279
2305
2330
2352
2370
2389
2400
2410
2421
2436
2447
2462
2480
2494
2513
2535
2557
2582
2608
2633
2666
2710
2758
2805
2852
2904
2937
2955
2969
2980
2988
2995
2999
3002
3006
3002
2995
2980
2958
2937
2915
2893
2863
2831
2801
2776
2750
2721
2663
2568
2498
2447
2389
2330
2275
2224
2191
2166
2147
2126
2104
2078
2049
2020
1987
1958
1939
1928
1917
1906
1892
1881
1881
1903
1932
1968
2023
2060
2082
2100
2115
2122
2126
2122
2115
2107
2104
2096
2093
2089
2085
2082
2082
2085
2093
2104
2115
2126
2133
2147
2166
2180
2188
2180
2169
2155
2140
2129
2126
2115
2107
2096
2085
2082
2074
2071
2071
2071
2078
2085
2096
2107
2126
2140
2162
2210
2312
2476
2703
2988
3287
3554
3729
3788
3726
3532
3156
2666
2118
1552
1033
0653
0496
0489
0606
0803
1022
1245
1450
1647
1837
1976
2012
2031
2045
2063
2078
2096
2111
2126
2140
2158
2173
2188
2191
2195
2195
2199
2202
2210
2213
2221
2224
2224
2228
2235
2246
2261
2279
2297
2341
2418
2462
2491
2513
2535
2553
2568
2582
2600
2630
2663
2695
2728
2758
2787
2812
2834
2852
2871
2896
2915
2915
2889
2852
2820
2783
2747
2714
2677
2615
2516
2440
2378
2308
2235
2169
2129
2096
2067
2038
2012
1990
1976
1958
1939
1921
1899
1855
1811
1793
1782
1775
1764
1753
1742
1735
1727
1716
1709
1705
1709
1724
1746
1760
1775
1789
1800
1815
1826
1837
1844
1848
1848
1848
1852
1855
1863
1866
1870
1870
1863
1855
1844
1833
1822
1808
1797
1800
1808
1815
1819
1826
1837
1852
1863
1870
1877
1884
1892
1895
1903
1903
1906
1906
1910
1910
1910
1903
1895
1884
1877
1870
1863
1855
1841
1811
1782
1757
1738
1716
1705
1720
1764
1884
2078
2323
2604
2907
3181
3364
3426
3364
3181
2794
2305
1779
1242
0767
0452
0372
0372
0445
0555
0683
0818
0979
1165
1373
1559
1662
1691
1705
1720
1735
1749
1760
1779
1819
1870
1884
1892
1899
1899
1903
1906
1914
1925
1939
1954
1972
1990
2009
2045
2074
2085
2093
2107
2126
2155
2177
2191
2202
2210
2221
2231
2242
2257
2283
2330
2400
2436
2458
2476
2502
2531
2589
2633
2641
2648
2652
2652
2652
2644
2630
2608
2571
2494
2432
2396
2370
2352
2341
2315
2261
2206
2166
2136
2111
2082
2052
2005
1961
1947
1936
1932
1925
1925
1925
1925
1921
1914
1910
1910
1910
1906
1906
1903
1895
1892
1888
1881
1873
1863
1852
1844
1841
1837
1833
1822
1815
1819
1837
1859
1877
1895
1906
1917
1925
1932
1939
1947
1954
1958
1965
1968
1965
1954
1932
1903
1852
1779
1742
1713
1702
1705
1724
1771
1899
2067
2261
2484
2743
3017
3243
3335
3251
2973
2546
2023
1453
0931
0511
0303
0284
0398
0624
0854
1066
1260
1428
1578
1705
1764
1800
1826
1848
1866
1892
1925
1954
1972
1987
1994
2001
2005
2012
2016
2023
2031
2038
2049
2060
2078
2096
2096
2093
2085
2078
2071
2074
2107
2136
2177
2213
2264
2334
2389
2432
2462
2498
2546
2593
2648
2692
2728
2765
2820
2860
2874
2885
2882
2849
2827
2809
2790
2776
2761
2743
2706
2648
2589
2535
2480
2425
2330
2242
2147
2049
1998
1965
1943
1921
1892
1859
1826
1800
1786
1771
1760
1757
1753
1749
1749
1746
1738
1738
1735
1735
1731
1727
1724
1720
1713
1709
1702
1691
1680
1680
1687
1698
1713
1727
1749
1775
1797
1819
1841
1859
1877
1910
1965
2005
2031
2045
2052
2052
2052
2049
2049
2049
2049
2045
2038
2027
2012
1994
1972
1961
1950
1939
1936
1932
1936
1939
1943
1947
1954
1961
1965
1958
1943
1928
1917
1906
1895
1884
1870
1859
1844
1826
1804
1764
1731
1709
1694
1684
1676
1676
1673
1673
1669
1669
1669
1669
1709
1830
2016
2257
2557
2893
3221
3481
3612
3620
3528
3265
2871
2378
1826
1282
0851
0657
0591
0624
0723
0854
1004
1165
1366
1607
1833
1936
1972
1987
1976
1961
1954
1950
1947
1939
1936
1932
1932
1928
1928
1925
1925
1925
1925
1928
1932
1932
1932
1932
1936
1943
1958
1976
1994
2012
2042
2063
2074
2085
2096
2107
2118
2129
2147
2202
2283
2367
2451
2498
2535
2564
2604
2637
2659
2677
2692
2706
2717
2732
2747
2761
2765
2761
2750
2739
2728
2721
2714
2706
2695
2684
2670
2652
2611
2557
2513
2462
2400
2334
2257
2195
2162
2144
2129
2118
2104
2085
2067
2049
2023
2001
1987
1983
1979
1972
1958
1958
1961
1965
1968
1972
1976
1976
1976
1976
1979
1983
1983
1983
1983
1979
1976
1972
1976
1983
1994
2001
2012
2020
2031
2045
2060
2071
2093
2162
2326
2546
2812
3079
3309
3433
3430
3291
2937
2436
1826
1168
0569
0146
0018
0029
0230
0522
0818
1063
1245
1362
1468
1537
1618
1687
1746
1800
1841
1873
1906
1939
1972
2005
2027
2042
2056
2074
2089
2111
2144
2202
2246
2272
2294
2315
2330
2345
2359
2359
2352
2337
2326
2312
2315
2359
2407
2458
2498
2557
2633
2725
2798
2831
2852
2867
2878
2878
2874
2867
2852
2838
2823
2805
2790
2772
2754
2732
2703
2659
2608
2538
2462
2392
2330
2283
2224
2169
2133
2104
2071
2038
2005
1961
1914
1895
1884
1877
1870
1870
1873
1888
1906
1925
1943
1965
1987
2005
2020
2038
2074
2115
2133
2144
2155
2155
2151
2136
2126
2096
2049
2012
1990
1972
1958
1950
1943
1936
1928
1921
1910
1899
1884
1866
1844
1822
1804
1789
1782
1771
1760
1749
1738
1727
1720
1713
1705
1691
1680
1669
1665
1662
1654
1643
1643
1665
1680
1694
1709
1720
1731
1779
1863
1888
1906
1921
1928
1932
1936
1943
1950
1958
1968
1983
2005
2038
2063
2093
2126
2151
2169
2140
2122
2111
2100
2089
2071
2049
2031
2016
2001
1987
1976
1965
1958
1954
1947
1943
1939
1928
1921
1910
1888
1859
1830
1800
1775
1764
1753
1746
1738
1735
1735
1735
1738
1742
1753
1764
1811
1906
2056
2250
2491
2783
3112
3437
3700
3835
3835
3718
3426
2999
2480
1906
1326
0825
0562
0526
0606
0821
1070
1304
1497
1632
1724
1779
1841
1899
1961
2020
2052
2071
2085
2093
2096
2093
2085
2074
2063
2056
2045
2031
2023
2012
2001
1990
1972
1976
2005
2034
2067
2104
2129
2144
2158
2169
2184
2199
2221
2257
2326
2396
2454
2487
2516
2560
2619
2684
2721
2743
2758
2776
2790
2812
2860
2900
2907
2915
2918
2918
2918
2918
2911
2904
2889
2867
2820
2765
2714
2670
2641
2611
2571
2520
2465
2407
2363
2326
2294
2253
2188
2111
2034
1983
1947
1928
1921
1910
1895
1895
1914
1925
1928
1932
1936
1939
1947
1950
1961
1968
1976
1983
1990
2001
2009
2016
2027
2038
2049
2060
2063
2067
2063
2056
2045
2034
2027
2020
2016
2009
2005
1998
1994
1994
1990
1987
1979
1972
1965
1965
1961
1958
1954
1947
1939
1932
1921
1892
1892
1917
1987
2147
2326
2505
2673
2823
2885
2907
2834
2619
2239
1775
1282
0818
0420
0135
0047
0065
0263
0584
0913
1161
1336
1497
1643
1749
1804
1844
1873
1914
1928
1939
1947
1954
1958
1965
1968
1976
1979
1987
1994
1998
2001
2005
2012
2027
2052
2082
2111
2129
2147
2162
2180
2199
2217
2235
2261
2294
2323
2345
2378
2440
2498
2542
2579
2608
2633
2659
2677
2692
2699
2710
2717
2721
2725
2725
2721
2714
2706
2692
2673
2633
2568
2520
2484
2447
2396
2334
2279
2217
2162
2126
2089
2038
1968
1917
1892
1866
1841
1822
1808
1797
1789
1782
1779
1775
1771
1771
1771
1771
1775
1775
1782
1789
1797
1804
1811
1819
1826
1830
1837
1841
1844
1844
1848
1852
1855
1859
1863
1863
1870
1877
1888
1899
1914
1925
1939
1965
1983
1983
1965
1936
1906
1870
1852
1841
1830
1811
1815
1855
1895
1936
1943
1947
1947
1950
1950
1954
1958
1961
1968
1976
1983
1994
2001
2005
2012
2016
2020
2023
2027
2034
2042
2049
2052
2052
2052
2049
2045
2042
2038
2031
2023
2016
2009
2005
1998
1987
1976
1961
1947
1936
1928
1921
1914
1906
1895
1888
1884
1884
1892
1903
1910
1917
1925
1932
1939
1943
1950
1954
1961
1968
1976
1983
1990
1994
2001
2009
2020
2052
2126
2264
2476
2761
3108
3484
3821
4040
4073
4014
3729
3284
2714
2074
1464
0942
0591
0518
0544
0737
0997
1256
1457
1592
1669
1749
1815
1863
1899
1943
1968
1987
1998
2005
2012
2023
2034
2045
2056
2067
2074
2082
2093
2100
2111
2118
2126
2136
2144
2155
2166
2177
2191
2206
2228
2253
2272
2286
2301
2319
2341
2367
2392
2429
2469
2509
2549
2589
2622
2663
2725
2779
2820
2863
2889
2907
2922
2933
2937
2929
2907
2882
2849
2820
2783
2750
2725
2710
2692
2659
2593
2531
2484
2451
2407
2337
2253
2173
2126
2100
2078
2056
2031
2009
1990
1972
1954
1936
1928
1925
1928
1936
1947
1954
1961
1976
1987
1972
1939
1921
1899
1881
1866
1859
1863
1866
1870
1873
1877
1884
1892
1899
1903
1899
1888
1881
1873
1870
1870
1866
1863
1855
1852
1848
1848
1844
1844
1841
1837
1837
1841
1844
1848
1852
1855
1859
1866
1873
1888
1899
1910
1990
2122
2275
2458
2663
2882
3075
3192
3196
3086
2801
2370
1837
1271
0763
0398
0288
0303
0493
0719
0865
0946
1081
1263
1486
1687
1830
1866
1892
1906
1925
1936
1947
1958
1965
1976
1983
1990
1998
2001
2005
2009
2020
2034
2034
2012
1998
1987
1976
1968
1968
1979
1998
2023
2067
2144
2221
2286
2330
2367
2407
2462
2546
2604
2633
2652
2666
2681
2692
2699
2706
2721
2743
2776
2790
2794
2801
2805
2805
2798
2779
2750
2655
2531
2458
2396
2345
2297
2239
2136
2052
2005
1968
1939
1917
1899
1884
1870
1859
1852
1841
1833
1826
1819
1815
1808
1800
1793
1786
1775
1768
1768
1775
1786
1804
1826
1848
1881
1903
1899
1892
1888
1884
1877
1870
1870
1881
1899
1917
1939
1958
1979
2005
2027
2038
2045
2045
2052
2063
2067
2052
2042
2034
2023
2012
2001
1990
1979
1965
1950
1932
1917
1903
1895
1884
1873
1859
1848
1837
1826
1815
1800
1775
1775
1815
1921
2111
2370
2673
3006
3335
3605
3722
3711
3525
3123
2579
1972
1391
0913
0558
0431
0390
0431
0551
0712
0894
1073
1249
1435
1636
1811
1921
1961
1972
1979
1987
1987
1972
1943
1925
1910
1892
1881
1877
1884
1899
1917
1936
1954
1976
1998
2016
2038
2052
2063
2074
2085
2100
2115
2126
2133
2147
2166
2210
2290
2345
2378
2403
2421
2443
2473
2524
2568
2600
2626
2637
2652
2673
2714
2750
2772
2768
2725
2688
2659
2633
2615
2600
2571
2513
2462
2429
2392
2359
2305
2239
2177
2126
2071
2020
1968
1925
1910
1899
1892
1888
1888
1899
1914
1932
1954
1983
1994
1998
2001
2009
2016
2020
2009
1994
1976
1965
1954
1947
1939
1932
1925
1925
1928
1936
1943
1950
1954
1954
1961
1968
1976
1983
1994
1998
2005
2012
2020
2027
2034
2038
2042
2045
2052
2056
2063
2067
2071
2071
2071
2071
2071
2067
2063
2052
2034
2034
2060
2074
2082
2089
2093
2100
2104
2107
2111
2111
2107
2104
2100
2093
2085
2074
2063
2042
2016
1979
1950
1928
1910
1895
1884
1881
1877
1873
1870
1863
1855
1852
1852
1855
1859
1866
1873
1884
1892
1899
1910
1917
1928
1936
1943
1950
1958
1965
1968
1972
1976
1979
1983
1987
1990
1994
1998
2001
2001
2005
2009
2012
2012
2012
2016
2020
2023
2027
2034
2038
2045
2052
2063
2089
2107
2104
2104
2107
2107
2107
2111
2111
2115
2115
2111
2107
2096
2085
2074
2060
2049
2034
2016
2005
2005
2001
2001
1998
1990
1983
1983
1994
2016
2045
2078
2096
2107
2118
2126
2126
2126
2122
2115
2111
2111
2126
2144
2173
2202
2213
2217
2221
2224
2231
2239
2250
2268
2297
2348
2443
2597
2812
3072
3360
3656
3912
4065
4073
3945
3598
3108
2546
1976
1410
0913
0577
0504
0518
0664
0869
1099
1329
1541
1716
1830
1866
1892
1914
1947
1994
2045
2093
2133
2191
2231
2253
2272
2283
2286
2286
2283
2275
2272
2261
2250
2242
2257
2279
2294
2301
2308
2315
2323
2334
2345
2359
2374
2389
2418
2469
2509
2560
2630
2677
2703
2725
2739
2754
2779
2831
2856
2867
2882
2889
2896
2904
2907
2911
2911
2911
2911
2907
2904
2896
2889
2885
2878
2871
2849
2798
2747
2688
2622
2564
2505
2447
2389
2323
2268
2239
2213
2188
2166
2140
2115
2082
2042
2023
2005
1994
1979
1972
1968
1968
1972
1972
1976
1979
1983
1990
1994
2001
2009
2016
2023
2034
2045
2052
2056
2052
2049
2049
2049
2045
2045
2034
2031
2038
2049
2060
2042
2031
2027
2023
2023
2023
2027
2027
2023
2020
2016
2009
2005
2001
1994
1990
1983
1979
1979
1979
1979
1979
1979
1979
1979
1976
1976
1972
1965
1961
1954
1950
1943
1939
1939
1939
1939
1936
1932
1925
1910
1884
1873
1881
1899
1961
2100
2297
2535
2794
3061
3327
3561
3678
3674
3525
3145
2597
1958
1296
0708
0299
0157
0281
0547
0821
1033
1183
1326
1464
1603
1691
1786
1877
1968
2023
2045
2060
2067
2052
2027
2012
1998
1987
1976
1968
1972
1979
1990
2005
2023
2038
2063
2089
2122
2151
2173
2191
2210
2221
2235
2246
2257
2268
2279
2290
2308
2330
2378
2414
2465
2531
2600
2652
2670
2681
2692
2699
2706
2710
2710
2710
2710
2710
2706
2699
2688
2673
2655
2637
2593
2516
2473
2447
2410
2367
2315
2257
2210
2166
2126
2096
2067
2042
2020
1998
1979
1958
1943
1936
1928
1921
1914
1910
1906
1903
1903
1906
1910
1914
1917
1925
1928
1936
1943
1947
1950
1958
1965
1972
1979
1979
1979
1979
1972
1965
1958
1950
1939
1928
1925
1921
1917
1917
1917
1921
1925
1925
1921
1917
1914
1910
1903
1899
1917
1954
1976
1994
2016
2031
2042
2049
2056
2063
2067
2071
2074
2078
2082
2082
2078
2063
2049
2031
2020
2009
2001
1990
1979
1968
1958
1950
1939
1932
1921
1917
1917
1921
1925
1928
1932
1936
1939
1950
1961
1972
1983
2056
2213
2421
2659
2911
3145
3335
3422
3415
3287
3028
2666
2224
1735
1267
0898
0705
0635
0631
0683
0821
1022
1227
1431
1625
1782
1855
1881
1892
1899
1906
1914
1917
1921
1928
1936
1943
1950
1961
1968
1976
1987
2001
2023
2045
2060
2074
2089
2104
2122
2136
2155
2173
2195
2217
2242
2268
2283
2297
2308
2315
2326
2337
2356
2378
2403
2429
2458
2491
2520
2549
2589
2641
2666
2681
2695
2703
2710
2710
2706
2692
2677
2655
2626
2575
2538
2498
2458
2418
2378
2345
2312
2279
2224
2151
2078
2005
1936
1877
1848
1830
1819
1811
1819
1833
1848
1873
1903
1917
1925
1928
1932
1939
1939
1932
1917
1899
1859
1808
1789
1779
1768
1760
1757
1753
1757
1760
1764
1771
1775
1779
1786
1793
1800
1808
1815
1819
1826
1833
1844
1852
1855
1848
1837
1819
1793
1746
1720
1702
1691
1687
1687
1698
1716
1742
1789
1811
1822
1826
1833
1837
1841
1844
1852
1855
1863
1866
1870
1873
1877
1884
1906
1954
2027
2126
2275
2480
2736
3021
3291
3506
3590
3576
3419
3075
2579
1987
1377
0865
0577
0533
0602
0803
1026
1205
1293
1344
1384
1431
1483
1530
1567
1596
1629
1680
1720
1735
1742
1746
1749
1757
1760
1768
1775
1782
1793
1808
1837
1866
1906
1965
2001
2020
2034
2045
2060
2071
2082
2104
2144
2184
2213
2239
2264
2312
2363
2418
2480
2538
2575
2604
2641
2684
2747
2790
2820
2834
2842
2845
2852
2856
2860
2860
2849
2827
2798
2743
2688
2630
2524
2421
2370
2297
2217
2126
2071
2009
1958
1928
1914
1895
1870
1844
1822
1804
1786
1771
1757
1742
1727
1716
1702
1687
1676
1676
1684
1694
1709
1735
1782
1822
1863
1877
1888
1895
1899
1903
1910
1917
1925
1928
1939
1947
1958
1968
1979
1990
1998
2009
2023
2038
2049
2042
2023
2005
1983
2001
2060
2180
2363
2604
2889
3174
3415
3528
3539
3481
3291
2973
2484
1822
1114
0529
0226
0197
0350
0668
0997
1263
1435
1534
1589
1665
1746
1822
1917
1965
1987
1998
2005
2012
2020
2027
2031
2038
2049
2074
2111
2126
2136
2133
2104
2085
2067
2052
2045
2045
2049
2060
2078
2104
2155
2221
2283
2330
2367
2403
2447
2505
2564
2622
2663
2695
2725
2761
2823
2867
2893
2911
2915
2911
2896
2878
2852
2816
2779
2732
2670
2611
2549
2484
2425
2370
2319
2264
2202
2144
2107
2078
2049
2023
1990
1950
1892
1844
1815
1793
1775
1760
1746
1735
1720
1702
1687
1676
1665
1654
1647
1640
1640
1651
1665
1684
1702
1724
1749
1775
1797
1815
1826
1841
1852
1866
1877
1884
1892
1895
1899
1903
1910
1914
1921
1925
1925
1928
1932
1932
1928
1921
1914
1903
1895
1884
1877
1870
1859
1844
1833
1833
1841
1852
1863
1873
1877
1888
1899
1910
1917
1917
1910
1899
1888
1877
1870
1859
1848
1837
1826
1815
1808
1800
1789
1779
1768
1753
1735
1716
1720
1735
1757
1786
1826
1859
1877
1888
1895
1906
1914
1925
1928
1936
1947
1998
2104
2257
2451
2684
2966
3273
3561
3773
3857
3777
3510
3061
2462
1793
1205
0818
0737
0752
0905
1073
1238
1358
1417
1457
1508
1567
1636
1720
1789
1826
1848
1863
1873
1884
1892
1899
1906
1914
1917
1925
1932
1939
1947
1954
1968
1987
2023
2096
2140
2162
2180
2199
2206
2221
2250
2297
2345
2392
2436
2494
2560
2622
2670
2703
2725
2739
2750
2761
2772
2783
2794
2805
2820
2831
2842
2856
2863
2867
2863
2852
2834
2809
2761
2706
2688
2677
2663
2644
2619
2579
2520
2462
2410
2330
2235
2129
2071
2045
2034
2023
2020
2012
2009
2001
1998
1994
1990
1990
1987
1987
1987
1987
1987
1990
1987
1976
1979
2020
2045
2063
2082
2096
2104
2104
2100
2100
2096
2089
2082
2067
2093
2122
2140
2151
2129
2096
2071
2045
2027
2012
2005
2009
2016
2027
2042
2056
2082
2096
2089
2071
2060
2049
2038
2031
2027
2031
2034
2042
2045
2056
2074
2038
1983
1928
1899
1877
1870
1877
1903
1925
1954
1976
1994
2012
2031
2042
2023
1994
1976
1961
1947
1936
1928
1928
1928
1932
1939
1947
1954
1961
1972
1983
1987
1990
1990
1990
1987
1976
1961
1939
1910
1859
1848
1841
1837
1830
1826
1822
1826
1833
1844
1859
1870
1884
1899
1914
1932
1954
1968
1972
1979
1983
1990
1998
2001
2009
2012
2016
2023
2031
2034
2034
2034
2034
2031
2031
2031
2034
2034
2034
2038
2042
2045
2049
2052
2056
2060
2060
2060
2063
2063
2063
2063
2063
2067
2067
2071
2078
2082
2089
2096
2104
2118
2140
2202
2297
2454
2666
2918
3196
3473
3726
3916
3941
3879
3579
3105
2498
1837
1220
0734
0431
0357
0372
0526
0715
0931
1157
1377
1567
1713
1760
1789
1804
1819
1837
1866
1910
1976
2052
2118
2155
2177
2184
2195
2202
2206
2199
2177
2155
2129
2096
2082
2096
2126
2151
2184
2213
2250
2290
2337
2385
2432
2476
2505
2535
2568
2611
2641
2659
2673
2684
2695
2710
2717
2728
2743
2768
2805
2834
2849
2860
2867
2871
2871
2860
2845
2827
2805
2772
2743
2714
2684
2655
2619
2579
2513
2432
2378
2337
2290
2246
2213
2184
2162
2155
2147
2144
2136
2133
2133
2133
2129
2126
2122
2115
2111
2111
2111
2111
2104
2096
2089
2082
2067
2031
2031
2067
2085
2100
2115
2126
2136
2136
2133
2126
2122
2111
2100
2085
2056
2049
2056
2071
2089
2060
2042
2034
2027
2023
2020
2020
2016
2009
2001
1998
1994
1994
1994
1998
2001
2009
2020
2031
2038
2049
2056
2063
2071
2078
2085
2089
2096
2107
2118
2126
2140
2151
2158
2162
2166
2166
2162
2151
2136
2126
2107
2089
2074
2063
2056
2049
2038
2027
2016
2009
2001
1998
1987
1979
1972
1965
1961
1961
1961
1958
1954
1954
1954
1954
1958
1954
1954
1950
1947
1950
1954
1954
1954
1954
1954
1954
1958
1954
1950
1947
1943
1950
1965
1983
1998
2009
2016
2027
2038
2049
2056
2063
2071
2074
2082
2085
2085
2085
2082
2082
2082
2082
2082
2078
2071
2063
2060
2056
2049
2042
2034
2023
2016
2009
2005
1994
1979
1965
1958
1950
1954
1961
1972
1983
1990
2009
2042
2042
1998
1958
1925
1899
1884
1873
1866
1855
1844
1837
1841
1855
1873
1903
1943
1994
2067
2158
2341
2557
2809
3090
3349
3532
3590
3543
3404
3079
2641
2155
1673
1205
0814
0606
0536
0588
0730
0953
1187
1377
1534
1643
1768
1884
1961
2001
2038
2074
2104
2122
2133
2144
2155
2166
2173
2184
2195
2202
2210
2221
2231
2246
2261
2279
2305
2337
2363
2389
2414
2451
2502
2538
2553
2564
2571
2575
2579
2582
2593
2604
2615
2622
2633
2644
2655
2673
2721
2798
2831
2845
2860
2871
2878
2878
2871
2860
2842
2820
2798
2772
2743
2714
2688
2663
2630
2589
2546
2502
2447
2389
2341
2305
2272
2228
2173
2140
2118
2096
2082
2067
2056
2049
2042
2038
2038
2038
2034
2034
2031
2027
2023
2023
2031
2045
2060
2071
2078
2089
2096
2107
2118
2126
2129
2136
2140
2144
2140
2136
2126
2115
2100
2089
2078
2071
2060
2056
2049
2049
2045
2042
2034
2023
2009
1998
1987
1979
1976
1972
1972
1976
1979
1983
1990
1994
1990
1987
1979
1976
1972
1979
1987
1994
2005
2020
2034
2042
2042
2020
1990
1961
1943
1925
1903
1881
1863
1855
1859
1870
1881
1895
1903
1914
1928
1947
1965
1972
1968
1954
1939
1925
1917
1906
1892
1877
1863
1852
1848
1841
1837
1830
1826
1822
1826
1826
1819
1811
1815
1841
1881
1925
1979
2009
2020
2027
2034
2038
2045
2049
2049
2045
2042
2034
2023
2012
1998
1987
1976
1965
1950
1936
1925
1917
1917
1921
1925
1932
1936
1943
1950
1961
1968
1972
1961
1943
1928
1914
1903
1892
1881
1873
1866
1859
1855
1859
1863
1873
1888
1903
1921
1936
1954
1968
1987
2005
2031
2049
2067
2096
2133
2286
2476
2703
2937
3167
3247
3284
3313
3225
2955
2611
2246
1892
1534
1179
0884
0767
0726
0803
1048
1304
1548
1673
1749
1797
1844
1892
1968
2082
2126
2133
2144
2151
2158
2166
2169
2173
2180
2184
2188
2191
2195
2199
2199
2202
2202
2202
2202
2206
2213
2224
2235
2246
2257
2268
2290
2312
2337
2359
2381
2407
2436
2473
2513
2557
2604
2666
2743
2805
2842
2871
2893
2907
2915
2915
2904
2889
2874
2856
2842
2831
2820
2809
2798
2783
2768
2750
2732
2710
2681
2622
2509
2436
2392
2356
2323
2290
2268
2250
2231
2210
2180
2144
2107
2071
2049
2027
2005
1983
1961
1947
1932
1917
1910
1899
1895
1892
1892
1892
1892
1892
1892
1895
1899
1903
1903
1899
1895
1895
1903
1914
1925
1932
1936
1943
1950
1961
1968
1976
1983
1990
1998
2005
2016
2027
2038
2056
2104
2191
2341
2546
2801
3064
3313
3506
3576
3517
3327
2856
2250
1632
1092
0694
0507
0438
0438
0500
0661
0891
1143
1380
1526
1596
1625
1647
1665
1684
1694
1709
1724
1738
1753
1768
1786
1800
1811
1822
1841
1866
1888
1903
1906
1903
1892
1877
1863
1844
1822
1800
1800
1826
1866
1914
1983
2063
2162
2319
2436
2498
2546
2586
2626
2659
2688
2714
2736
2758
2779
2798
2805
2805
2801
2798
2783
2761
2732
2699
2619
2487
2403
2337
2272
2184
2063
1958
1895
1848
1811
1771
1724
1651
1592
1548
1515
1490
1472
1457
1439
1424
1421
1428
1442
1457
1464
1472
1479
1483
1486
1490
1497
1505
1515
1523
1530
1534
1534
1541
1552
1559
1567
1574
1581
1592
1610
1632
1647
1647
1629
1600
1556
1505
1421
1322
1070
0979
0986
1066
1147
1220
1278
1384
1501
1614
1694
1811
1819
1618
1413
1355
1318
1296
1282
1271
1260
1245
1223
1190
1201
1212
1220
1223
1227
1231
1238
1242
1249
1263
1282
1307
1399
1559
1771
2009
2261
2531
2768
2889
2929
2874
2695
2378
1965
1494
1011
0580
0343
0263
0314
0471
0672
0865
0989
1019
1052
1117
1216
1406
1479
1369
0982
0515
0142
0000
0142
0500
0960
1431
1877
2235
2410
2568
2622
2648
2670
2688
2644
2571
2494
2458
2436
2421
2418
2425
2447
2480
2538
2641
2688
2706
2721
2732
2743
2754
2765
2779
2787
2794
2801
2809
2823
2845
2889
2951
3050
3108
3123
3137
3145
3141
3115
3072
3006
2893
2765
2652
2575
2527
2491
2462
2432
2403
2389
2414
2476
2571
2692
2889
3119
3207
3258
3305
3353
3389
3411
3426
3441
3459
3477
3503
3601
3784
3799
3674
3408
3053
2608
2093
1530
0953
0489
0325
0332
0420
0463
0511
0551
0683
1052
1636
2283
2860
3232
3375
3463
3528
3583
3558
3313
3053
2834
2739
2706
2765
2933
3068
3225
3294
3320
3320
3280
3236
3185
3097
2966
2842
2747
2677
2652
2633
2622
2622
2637
2663
2743
2882
2933
2904
2863
2831
2801
2717
2557
2410
2330
2279
2242
2228
2239
2272
2323
2396
2516
2670
2721
2692
2652
2619
2582
2480
2305
2166
2100
2060
2038
2023
2020
2027
2045
2093
2210
2341
2385
2407
2407
2392
2363
2272
2074
1936
1830
1731
1698
1680
1676
1691
1716
1793
1947
2140
2180
2195
2199
2191
2166
2093
1932
1797
1658
1512
1442
1421
1410
1417
1439
1497
1665
1903
2063
2118
2133
2155
2169
2122
1968
1811
1632
1450
1340
1304
1344
1457
1702
2016
2425
2779
3021
3273
3532
3726
3912
4065
4021
3631
2882
2020
1194
0507
0211
0314
0639
1004
1362
1519
1603
1687
1757
1822
1873
1914
1906
1808
1680
1585
1552
1556
1589
1640
1691
1768
1866
2009
2085
2111
2122
2115
2093
2027
1841
1694
1636
1614
1600
1592
1603
1625
1687
1786
1976
2202
2315
2356
2370
2378
2389
2396
2400
2392
2385
2378
2370
2370
2378
2403
2440
2502
2622
2779
2882
2915
2933
2944
2966
2944
2783
2652
2520
2359
2213
2133
2056
2009
1987
1998
2100
2235
2279
2264
2235
2235
2294
2210
2049
1903
1742
1618
1578
1556
1552
1559
1570
1603
1720
1888
1972
1998
2016
2031
2056
2052
1954
1808
1614
1399
1168
0975
0953
1033
1311
1654
2009
2071
2089
2100
2115
2126
2147
2228
2315
2173
1932
1713
1512
1395
1406
1574
1789
1976
2140
2177
2188
2195
2195
2191
2177
2155
2082
1990
1895
1819
1789
1789
1808
1841
1884
1954
2111
2312
2348
2359
2367
2356
2326
2242
2085
1961
1841
1753
1724
1749
1775
1793
1819
1855
1961
2122
2169
2155
2136
2122
2104
2045
1910
1793
1691
1629
1607
1643
1687
1727
1757
1822
1968
2151
2224
2253
2261
2253
2235
2173
2009
1903
1804
1716
1687
1709
1738
1764
1782
1833
1961
2144
2224
2253
2264
2257
2242
2202
2085
2031
1954
1866
1837
1822
1822
1830
1848
1899
2038
2224
2283
2305
2315
2323
2356
2253
2104
2001
1921
1863
1844
1855
1873
1859
1753
1636
1578
1556
1526
1490
1461
1501
1556
1600
1629
1709
1789
1848
1925
1983
2020
2063
2107
2162
2283
2458
2520
2516
2473
2440
2414
2345
2202
2126
2082
2049
2027
2023
2045
2071
2115
2202
2356
2542
2619
2644
2663
2681
2743
2630
2458
2315
2169
2060
2023
2005
2005
2012
2027
2074
2228
2432
2546
2589
2622
2673
2688
2644
2494
2370
2264
2191
2169
2158
2158
2169
2202
2286
2476
2721
2838
2878
2900
2915
2966
2885
2750
2637
2520
2429
2396
2432
2484
2531
2582
2655
2790
2937
2984
2973
2958
2944
2915
2827
2673
2608
2586
2615
2699
2885
3068
3225
3386
3554
3718
3726
3598
3262
2856
2462
2133
1910
1742
1563
1384
1242
1121
1022
1063
1340
1808
2250
2637
2739
2666
2641
2630
2648
2688
2765
2768
2619
2389
2246
2202
2224
2283
2429
2579
2725
2907
3061
3134
3156
3174
3189
3218
3210
3083
2999
2911
2827
2801
2820
2852
2889
2951
3064
3243
3448
3528
3558
3590
3620
3645
3645
3601
3481
3240
2907
2494
1983
1439
0979
0723
0686
0770
0851
0880
0873
0818
0774
0741
0715
0697
0686
0679
0664
0639
0606
0566
0536
0573
0697
0953
1285
1592
1793
1833
1811
1658
1435
1190
0964
0759
0588
0507
0478
0518
0551
0569
0584
0602
0624
0646
0675
0708
0752
0785
0807
0840
0905
0949
0964
0979
0989
1000
1008
1011
1019
1022
1026
1026
1033
1037
1041
1052
1073
1110
1147
1183
1227
1260
1282
1304
1318
1333
1340
1347
1358
1366
1373
1384
1395
1410
1428
1450
1479
1512
1545
1589
1636
1662
1676
1687
1691
1698
1702
1709
1713
1720
1724
1727
1735
1746
1768
1822
1866
1888
1903
1917
1928
1943
1976
2005
2009
2012
2016
2016
2020
2020
2023
2031
2038
2052
2067
2078
2089
2104
2122
2133
2136
2140
2140
2140
2144
2144
2147
2151
2151
2151
2151
2155
2158
2166
2169
2177
2180
2180
2184
2188
2195
2199
2206
2210
2213
2217
2221
2228
2231
2242
2264
2305
2363
2465
2626
2842
3094
3364
3620
3824
3923
3916
3780
3463
3024
2542
2082
1691
1431
1344
1340
1410
1519
1640
1768
1899
2031
2147
2253
2356
2396
2410
2418
2425
2432
2443
2454
2473
2494
2531
2564
2586
2608
2619
2619
2604
2586
2575
2557
2546
2546
2553
2564
2575
2579
2586
2593
2604
2615
2626
2641
2659
2684
2717
2765
2831
2893
2944
2969
2984
3002
3021
3042
3061
3086
3105
3119
3130
3145
3159
3170
3170
3156
3137
3105
3050
2991
2937
2845
2761
2710
2663
2608
2549
2491
2436
2400
2367
2323
2261
2191
2129
2085
2049
2016
1998
1987
1976
1961
1947
1932
1917
1910
1903
1892
1884
1877
1870
1863
1855
1848
1844
1837
1826
1815
1786
1746
1731
1724
1716
1716
1724
1731
1746
1771
1811
1833
1844
1855
1859
1866
1866
1870
1870
1873
1870
1870
1866
1866
1866
1863
1859
1855
1866
1877
1884
1892
1895
1899
1899
1903
1906
1910
1906
1899
1892
1884
1881
1877
1881
1884
1895
1906
1954
2060
2217
2410
2622
2871
3148
3397
3495
3473
3254
2849
2367
1877
1395
0968
0675
0573
0646
0821
1048
1263
1424
1515
1552
1585
1629
1684
1793
1866
1892
1892
1863
1833
1804
1789
1782
1775
1768
1771
1800
1830
1855
1877
1903
1939
2009
2067
2100
2126
2144
2158
2177
2188
2202
2213
2221
2228
2242
2286
2363
2443
2491
2538
2582
2626
2681
2747
2809
2856
2893
2922
2951
2977
2991
2999
3010
3006
2988
2969
2944
2911
2863
2809
2754
2703
2659
2611
2538
2454
2359
2272
2235
2213
2158
2085
1990
1932
1895
1873
1855
1830
1808
1789
1771
1757
1749
1746
1742
1735
1727
1735
1771
1786
1797
1800
1808
1815
1822
1830
1833
1841
1841
1844
1848
1852
1855
1855
1859
1863
1870
1881
1895
1917
1943
1968
1994
2020
2031
2038
2042
2045
2045
2052
2056
2063
2071
2082
2089
2100
2111
2122
2133
2136
2129
2118
2096
2067
2016
1976
1947
1921
1910
1906
1899
1892
1888
1881
1881
1881
1884
1884
1888
1892
1899
1910
1921
1928
1936
1943
1950
1961
1968
1972
1972
1972
1968
1968
1965
1961
1958
1950
1939
1965
2045
2144
2297
2516
2787
3079
3364
3612
3784
3810
3766
3506
3097
2586
2052
1607
1315
1234
1242
1369
1526
1578
1596
1589
1574
1596
1727
1855
1965
2060
2100
2118
2129
2126
2093
2067
2038
2020
2012
2005
1998
1990
1987
1983
1983
1990
1998
2012
2027
2045
2071
2104
2129
2158
2184
2206
2221
2235
2253
2279
2315
2348
2374
2392
2410
2429
2462
2516
2579
2633
2677
2732
2790
2849
2911
2962
2984
2999
3010
3017
3017
3006
2991
2966
2926
2867
2798
2710
2619
2527
2432
2374
2326
2286
2242
2188
2136
2122
2111
2100
2082
2056
2027
2001
1976
1950
1936
1928
1921
1910
1903
1895
1895
1903
1914
1925
1932
1936
1939
1943
1943
1943
1943
1943
1939
1932
1925
1917
1910
1906
1899
1892
1881
1873
1866
1866
1866
1866
1870
1870
1877
1884
1892
1884
1870
1855
1841
1830
1826
1833
1852
1873
1884
1895
1906
1921
1932
1943
1954
1965
1976
1987
1994
2001
2009
2016
2020
2027
2034
2042
2045
2045
2042
2042
2038
2034
2031
2027
2023
2016
2009
2005
2005
2005
2016
2034
2052
2093
2169
2308
2502
2768
3086
3397
3634
3762
3769
3685
3433
3068
2600
2063
1548
1125
0836
0763
0792
1000
1267
1461
1545
1600
1665
1735
1804
1844
1870
1888
1895
1892
1881
1870
1855
1833
1837
1881
1910
1925
1936
1947
1958
1968
1979
1990
2001
2016
2027
2045
2071
2100
2122
2144
2166
2191
2217
2231
2253
2286
2348
2425
2505
2571
2622
2659
2692
2728
2768
2805
2845
2882
2904
2918
2933
2940
2944
2940
2929
2911
2885
2838
2761
2692
2630
2579
2516
2436
2348
2246
2155
2104
2074
2045
2016
1987
1928
1855
1815
1793
1771
1746
1720
1691
1662
1643
1658
1687
1705
1724
1742
1760
1782
1797
1808
1815
1822
1830
1837
1837
1837
1837
1841
1848
1852
1859
1859
1863
1866
1873
1881
1892
1899
1910
1928
1976
2027
2056
2074
2093
2104
2111
2115
2111
2104
2089
2074
2063
2049
2038
2023
2005
1983
1958
1936
1910
1884
1859
1837
1822
1808
1797
1786
1779
1771
1760
1749
1738
1724
1709
1691
1662
1647
1662
1694
1793
1958
2191
2502
2867
3236
3561
3766
3835
3762
3547
3086
2480
1866
1347
1004
0931
0905
0964
1136
1318
1453
1530
1596
1684
1749
1786
1811
1833
1855
1873
1884
1892
1899
1903
1903
1906
1910
1910
1914
1917
1925
1928
1936
1939
1943
1947
1950
1954
1961
1965
1976
1998
2023
2049
2078
2111
2144
2180
2224
2272
2326
2370
2425
2494
2568
2641
2692
2721
2747
2776
2801
2820
2834
2849
2860
2867
2871
2871
2867
2852
2838
2812
2787
2747
2673
2626
2568
2494
2421
2345
2279
2228
2177
2147
2129
2122
2111
2100
2089
2078
2063
2049
2034
2020
2005
1987
1965
1947
1932
1917
1903
1892
1888
1881
1873
1866
1863
1863
1859
1859
1859
1855
1855
1855
1855
1855
1852
1852
1852
1855
1859
1866
1873
1881
1892
1903
1914
1921
1928
1939
1965
1987
2005
2020
2027
2031
2034
2038
2042
2045
2049
2049
2049
2052
2056
2060
2063
2067
2067
2067
2067
2067
2071
2074
2074
2082
2089
2111
2126
2111
2082
2071
2063
2060
2052
2049
2042
2038
2031
2023
2016
2012
2009
2009
2009
2009
2009
2009
2005
2005
2005
2005
2001
2001
2001
1998
2001
2005
2012
2020
2023
2027
2027
2031
2031
2038
2042
2049
2056
2067
2082
2100
2115
2126
2133
2144
2147
2155
2158
2162
2166
2169
2173
2180
2184
2191
2199
2202
2202
2199
2199
2199
2195
2191
2188
2184
2180
2177
2177
2173
2169
2166
2162
2158
2151
2140
2129
2122
2111
2096
2082
2063
2049
2031
2012
1994
1979
1965
1950
1936
1925
1925
1928
1939
1954
1972
1987
2005
2020
2042
2056
2074
2085
2096
2111
2122
2129
2136
2140
2147
2151
2151
2158
2166
2169
2177
2184
2188
2191
2195
2199
2206
2210
2213
2221
2228
2231
2242
2250
2257
2264
2272
2279
2283
2286
2283
2272
2261
2246
2231
2217
2206
2191
2180
2173
2166
2158
2151
2140
2133
2126
2126
2122
2118
2115
2111
2111
2115
2115
2118
2122
2122
2126
2126
2129
2133
2133
2136
2136
2140
2140
2140
2140
2140
2136
2140
2140
2140
2140
2140
2136
2136
2136
2140
2140
2144
2144
2147
2155
2162
2173
2184
2199
2213
2235
2319
2454
2652
2885
3130
3364
3554
3616
3590
3514
3232
2816
2326
1833
1373
0986
0763
0690
0734
0869
1081
1300
1483
1625
1760
1844
1895
1917
1939
1961
1990
2012
2038
2060
2085
2107
2126
2126
2129
2133
2136
2140
2144
2151
2155
2158
2162
2173
2188
2206
2224
2242
2257
2279
2301
2323
2345
2359
2370
2381
2396
2418
2451
2502
2568
2666
2714
2732
2750
2768
2783
2794
2805
2812
2820
2827
2831
2831
2827
2823
2816
2812
2801
2794
2783
2776
2765
2754
2728
2670
2622
2575
2524
2487
2436
2367
2286
2195
2136
2115
2096
2082
2067
2052
2038
2023
2016
2005
1998
1994
1987
1979
1972
1965
1954
1947
1939
1932
1925
1917
1910
1899
1888
1877
1866
1855
1848
1841
1841
1844
1852
1866
1881
1899
1914
1928
1947
1961
1976
1987
1994
2001
2012
2020
2027
2034
2042
2049
2052
2063
2071
2082
2093
2111
2180
2319
2494
2688
2885
3079
3159
3221
3214
3057
2721
2231
1662
1077
0566
0211
0124
0153
0390
0701
0968
1165
1336
1497
1603
1676
1716
1746
1768
1782
1800
1819
1844
1873
1914
1947
1976
2001
2023
2042
2056
2071
2085
2100
2118
2140
2166
2191
2224
2261
2297
2334
2370
2407
2454
2494
2531
2575
2626
2688
2736
2772
2805
2834
2863
2896
2926
2951
2977
2995
3013
3028
3042
3053
3061
3061
3053
3035
3013
2988
2951
2885
2842
2783
2692
2582
2469
2345
2239
2151
2071
1994
1910
1859
1833
1815
1800
1782
1768
1753
1742
1731
1720
1709
1698
1691
1687
1687
1691
1698
1709
1720
1731
1746
1768
1789
1811
1833
1852
1873
1899
1921
1932
1939
1947
1958
1972
1972
1943
1917
1892
1877
1895
1932
1950
1968
1979
1990
1998
2005
2001
1998
1983
1968
1958
1943
1932
1917
1903
1888
1873
1859
1844
1833
1826
1815
1804
1797
1793
1786
1782
1779
1775
1771
1768
1764
1760
1749
1742
1757
1793
1811
1830
1848
1866
1873
1877
1873
1870
1870
1870
1866
1863
1855
1852
1855
1866
1888
1917
1954
1979
1998
2020
2027
2023
2012
2005
1998
1987
1979
1968
1961
1950
1939
1928
1921
1914
1910
1914
1925
1943
1958
1979
2012
2031
2005
1968
1950
1939
1925
1914
1906
1899
1895
1895
1895
1895
1895
1899
1899
1903
1910
1914
1917
1917
1921
1925
1928
1932
1932
1932
1932
1932
1932
1936
1936
1936
1932
1932
1928
1932
1932
1932
1932
1932
1932
1932
1932
1932
1932
1928
1928
1925
1925
1925
1925
1925
1925
1925
1925
1921
1921
1921
1914
1947
2049
2155
2323
2564
2856
3156
3426
3634
3744
3747
3652
3404
3050
2626
2184
1757
1362
1063
0971
0982
1117
1252
1373
1450
1537
1618
1746
1873
1958
1998
2020
2031
2045
2056
2063
2067
2071
2074
2082
2085
2089
2093
2093
2096
2096
2104
2111
2115
2122
2129
2136
2147
2158
2177
2202
2242
2264
2279
2297
2319
2352
2403
2473
2524
2564
2600
2641
2681
2721
2754
2776
2798
2827
2852
2871
2885
2896
2907
2915
2922
2926
2922
2918
2911
2900
2885
2867
2831
2761
2703
2637
2564
2484
2392
2323
2279
2242
2199
2155
2115
2060
2012
1976
1936
1899
1870
1841
1819
1811
1815
1822
1830
1833
1841
1852
1855
1859
1855
1844
1833
1822
1811
1797
1782
1782
1804
1833
1859
1884
1910
1928
1939
1947
1954
1958
1961
1965
1968
1972
1976
1976
1976
1979
1979
1979
1979
1972
1965
1958
1950
1943
1936
1928
1921
1914
1910
1906
1903
1899
1895
1884
1877
1873
1870
1866
1866
1866
1873
1884
1895
1910
1925
1936
1947
1958
1968
1979
1990
1998
2005
2012
2020
2023
2027
2023
2020
2016
2012
2012
2012
2009
2001
1994
1983
1976
1965
1939
1939
1968
1987
1994
2005
2012
2023
2034
2045
2063
2093
2206
2410
2692
3013
3316
3558
3663
3660
3528
3236
2849
2414
1954
1497
1114
0869
0789
0836
0909
0993
1132
1293
1468
1636
1742
1797
1815
1833
1844
1855
1866
1873
1884
1895
1903
1910
1914
1921
1932
1943
1954
1968
1983
2001
2020
2038
2056
2074
2096
2118
2136
2162
2180
2195
2217
2239
2275
2312
2348
2396
2447
2498
2564
2652
2728
2783
2834
2871
2896
2922
2951
2977
2999
3021
3039
3050
3057
3050
3035
3017
2991
2966
2926
2882
2834
2779
2717
2659
2586
2498
2421
2334
2242
2144
2096
2074
2056
2045
2034
2023
2012
1998
1983
1968
1954
1939
1928
1914
1899
1884
1870
1859
1855
1859
1866
1877
1895
1910
1925
1936
1947
1958
1968
1976
1990
2001
2012
2020
2027
2031
2031
2034
2034
2034
2031
2031
2027
2031
2034
2034
2027
2009
1983
1947
1903
1881
1873
1870
1863
1855
1852
1848
1844
1841
1837
1837
1837
1837
1837
1841
1848
1852
1855
1859
1859
1863
1863
1863
1863
1863
1863
1863
1863
1863
1866
1870
1873
1877
1877
1881
1884
1888
1892
1899
1906
1914
1925
1932
1947
1965
1983
2005
2027
2045
2056
2067
2078
2089
2096
2104
2115
2122
2126
2126
2126
2115
2100
2082
2060
2038
2009
1979
1965
1968
1979
1994
2001
2012
2023
2034
2042
2049
2052
2056
2056
2056
2056
2049
2042
2031
2023
2020
2016
2012
2001
1990
1983
1979
1987
1998
2009
2016
2020
2020
2020
2027
2034
2042
2045
2056
2063
2071
2078
2089
2100
2115
2133
2242
2473
2765
3112
3484
3828
4025
4094
4007
3737
3258
2721
2195
1724
1344
1183
1128
1172
1296
1424
1559
1702
1844
1932
1987
2012
2034
2049
2067
2074
2082
2089
2093
2093
2093
2093
2093
2093
2096
2100
2104
2107
2111
2115
2118
2122
2126
2129
2136
2151
2169
2210
2239
2261
2279
2297
2315
2337
2363
2396
2440
2498
2546
2593
2637
2688
2725
2754
2787
2820
2856
2900
2955
2988
3010
3024
3039
3046
3050
3042
3028
3010
2984
2962
2929
2896
2867
2834
2776
2692
2630
2589
2546
2502
2436
2334
2242
2173
2129
2093
2052
1976
1921
1881
1852
1837
1830
1826
1819
1811
1804
1808
1815
1826
1830
1830
1833
1833
1833
1833
1833
1833
1833
1830
1830
1830
1826
1826
1830
1833
1837
1841
1844
1852
1855
1863
1870
1881
1888
1895
1903
1910
1917
1925
1936
1947
1954
1958
1965
1968
1976
1983
1990
1998
2001
2001
2005
2009
2012
2012
2012
2012
2012
2012
2016
2016
2020
2023
2027
2031
2038
2038
2042
2042
2038
2038
2034
2034
2034
2038
2038
2034
2034
2031
2031
2027
2027
2023
2016
2012
2005
2001
1994
1990
1983
1976
1961
1943
1928
1910
1899
1888
1881
1877
1870
1870
1870
1870
1866
1863
1859
1855
1855
1852
1852
1852
1852
1852
1859
1866
1881
1895
1910
1928
2012
2180
2432
2754
3134
3517
3850
4047
4062
3934
3598
3163
2695
2242
1826
1442
1139
1037
1004
1077
1304
1541
1713
1811
1873
1906
1928
1954
1983
2009
2020
2027
2034
2042
2049
2052
2060
2060
2063
2063
2063
2067
2067
2067
2067
2067
2071
2071
2074
2078
2082
2089
2093
2100
2107
2115
2126
2133
2147
2177
2261
2319
2378
2440
2513
2589
2663
2728
2783
2831
2874
2907
2969
3057
3108
3137
3156
3170
3174
3170
3156
3137
3108
3061
2966
2889
2834
2787
2732
2652
2568
2480
2407
2352
2290
2242
2206
2169
2140
2115
2074
2027
1987
1950
1914
1870
1815
1749
1720
1709
1694
1684
1676
1669
1665
1662
1662
1662
1662
1665
1676
1684
1694
1698
1705
1709
1716
1724
1731
1742
1749
1757
1768
1775
1782
1789
1793
1797
1800
1804
1804
1808
1811
1819
1826
1833
1841
1844
1852
1859
1870
1881
1892
1903
1910
1921
1936
1954
1965
1968
1965
1958
1950
1943
1936
1928
1914
1903
1903
1914
1936
1954
1961
1968
1976
1987
1994
2005
2009
2012
2009
2009
2005
2001
1998
1994
1987
1979
1976
1972
1968
1961
1954
1947
1947
1954
1965
1979
1990
2001
2012
2027
2042
2052
2052
2049
2038
2027
2012
1994
1965
1961
1983
2049
2173
2370
2641
2969
3313
3616
3806
3868
3802
3609
3221
2703
2096
1501
1019
0756
0730
0854
1125
1347
1464
1512
1552
1607
1687
1793
1895
1950
1979
1998
2009
2023
2034
2049
2060
2071
2085
2107
2129
2155
2169
2188
2206
2228
2253
2290
2312
2326
2341
2352
2359
2367
2374
2378
2385
2392
2403
2425
2476
2538
2604
2644
2670
2692
2717
2750
2794
2849
2896
2944
2988
3028
3057
3079
3094
3101
3094
3072
3042
3006
2955
2926
2896
2867
2816
2765
2714
2677
2641
2597
2549
2484
2403
2319
2242
2173
2115
2063
2005
1976
1965
1954
1943
1939
1936
1939
1950
1961
1976
1990
2009
2042
2060
2049
2023
2005
1987
1972
1958
1947
1936
1925
1917
1910
1906
1903
1899
1895
1895
1899
1906
1917
1928
1943
1958
1979
1994
1990
1979
1972
1961
1954
1947
1943
1936
1932
1925
1917
1906
1903
1899
1899
1895
1888
1884
1881
1881
1881
1881
1881
1870
1863
1859
1873
1899
1925
1936
1943
1954
1961
1968
1979
1987
1990
1998
2005
2012
2020
2023
2027
2031
2034
2038
2045
2052
2056
2063
2074
2085
2093
2104
2107
2111
2111
2107
2104
2100
2089
2078
2067
2056
2049
2038
2027
2016
2005
1994
1983
1979
1972
1968
1965
1965
1961
1954
1950
1947
1943
1939
1936
1932
1928
1928
1925
1925
1925
1925
1921
1921
1921
1921
1910
1921
2034
2191
2378
2589
2842
3141
3452
3707
3813
3806
3660
3357
2944
2447
1928
1453
1117
0957
0902
0935
1030
1154
1300
1475
1687
1884
2001
2034
2049
2063
2078
2085
2096
2107
2118
2126
2126
2126
2122
2118
2115
2111
2104
2100
2100
2100
2104
2107
2111
2111
2115
2122
2133
2158
2188
2221
2264
2294
2312
2341
2389
2425
2443
2458
2476
2498
2520
2564
2626
2666
2699
2739
2787
2852
2904
2937
2955
2969
2977
2988
3006
3002
2969
2922
2860
2816
2779
2736
2677
2604
2531
2469
2414
2356
2294
2221
2166
2136
2115
2096
2078
2060
2045
2023
2001
1972
1947
1914
1881
1848
1833
1822
1811
1800
1793
1789
1782
1775
1771
1771
1771
1775
1779
1779
1782
1789
1793
1800
1808
1815
1819
1822
1830
1841
1852
1863
1870
1877
1884
1895
1903
1910
1917
1921
1928
1936
1943
1954
1968
1979
1990
1998
2009
2016
2020
2027
2034
2038
2042
2045
2049
2056
2063
2071
2082
2089
2096
2104
2107
2111
2115
2111
2111
2115
2118
2122
2126
2136
2147
2155
2169
2180
2191
2210
2228
2312
2451
2641
2885
3148
3386
3528
3576
3510
3313
2940
2465
1950
1435
0964
0617
0478
0478
0613
0832
1059
1263
1428
1563
1636
1705
1779
1815
1830
1841
1844
1852
1855
1863
1866
1873
1881
1884
1892
1895
1903
1910
1917
1950
2020
2067
2100
2129
2162
2180
2195
2210
2224
2239
2250
2264
2279
2305
2356
2443
2505
2542
2575
2597
2622
2644
2677
2717
2761
2805
2831
2845
2856
2867
2878
2882
2871
2852
2827
2801
2772
2747
2721
2695
2648
2575
2509
2436
2356
2279
2206
2126
2067
2031
1994
1961
1936
1917
1903
1888
1881
1873
1870
1863
1859
1855
1848
1844
1841
1837
1837
1837
1837
1837
1841
1844
1848
1852
1855
1859
1863
1870
1881
1892
1914
1928
1917
1903
1899
1899
1899
1895
1892
1888
1884
1881
1877
1873
1870
1866
1866
1870
1870
1870
1870
1870
1866
1866
1863
1859
1855
1852
1852
1852
1848
1844
1844
1841
1841
1837
1837
1833
1830
1830
1830
1833
1837
1844
1855
1863
1873
1881
1888
1892
1895
1899
1906
1914
1921
1928
1936
1943
1950
1958
1968
1979
1990
2005
2023
2038
2060
2082
2100
2107
2115
