0758
0737
0705
0672
0640
0619
0604
0597
0587
0583
0579
0576
0572
0565
0561
0561
0576
0601
0633
0658
0676
0694
0708
0726
0740
0755
0762
0773
0780
0787
0794
0794
0794
0794
0791
0787
0783
0780
0776
0773
0769
0762
0758
0751
0740
0733
0715
0723
0776
0927
1166
1503
1907
2337
2734
2996
3092
3096
3039
2870
2602
2262
1890
1528
1227
1023
0955
0912
0876
0851
0837
0823
0808
0798
0791
0783
0783
0783
0783
0787
0791
0798
0808
0819
0826
0834
0841
0844
0851
0859
0869
0880
0891
0902
0912
0919
0927
0930
0941
0955
0977
0998
1041
1088
1141
1209
1288
1335
1356
1370
1381
1392
1396
1403
1406
1406
1399
1392
1381
1367
1345
1324
1295
1249
1202
1156
1102
1038
0966
0909
0866
0834
0801
0776
0762
0751
0744
0733
0730
0723
0719
0719
0715
0715
0712
0712
0708
0708
0708
0708
0705
0705
0708
0712
0719
0730
0737
0748
0758
0769
0776
0783
0791
0798
0801
0808
0816
0823
0830
0837
0844
0855
0869
0876
0887
0891
0891
0891
0891
0891
0894
0894
0894
0898
0902
0905
0912
0923
0934
0948
1038
1234
1510
1847
2176
2444
2595
2648
2620
2534
2333
2065
1757
1431
1131
0894
0798
0773
0766
0755
0748
0737
0730
0723
0715
0712
0708
0705
0708
0708
0712
0715
0719
0723
0726
0726
0726
0726
0726
0723
0723
0723
0726
0730
0737
0744
0748
0755
0762
0769
0776
0783
0791
0801
0819
0866
0916
0962
1023
1088
1131
1156
1177
1195
1206
1213
1213
1199
1181
1152
1123
1091
1048
1002
0959
0912
0866
0823
0780
0748
0723
0701
0687
0672
0658
0647
0637
0630
0622
0619
0608
0597
0583
0579
0590
0619
0651
0680
0712
0740
0755
0737
0705
0672
0655
0640
0630
0615
0601
0590
0579
0572
0565
0558
0558
0561
0569
0579
0583
0590
0594
0597
0597
0604
0604
0608
0612
0612
0615
0622
0630
0633
0640
0647
0658
0665
0672
0680
0687
0698
0723
0748
0766
0769
0762
0748
0733
0715
0687
0690
0748
0905
1131
1435
1800
2176
2480
2616
2663
2613
2459
2222
1940
1632
1324
1055
0851
0748
0687
0651
0622
0587
0554
0529
0508
0493
0479
0472
0476
0486
0501
0519
0536
0547
0558
0572
0583
0597
0608
0622
0633
0644
0651
0662
0672
0687
0701
0719
0744
0791
0837
0873
0909
0934
0952
0966
0980
0995
1005
1016
1020
1023
1023
1023
1027
1027
1027
1023
1023
1023
1023
1027
1027
1027
1009
0980
0952
0923
0884
0841
0798
0751
0712
0676
0644
0626
0615
0612
0608
0608
0608
0608
0608
0608
0608
0608
0608
0608
0608
0608
0608
0608
0608
0612
0615
0615
0622
0626
0633
0637
0644
0647
0651
0655
0662
0665
0669
0672
0672
0680
0690
0701
0715
0726
0723
0715
0705
0690
0672
0658
0637
0615
0601
0601
0619
0647
0683
0730
0801
0855
0912
0970
1009
1034
1048
1063
1070
1066
1038
1002
0966
0945
0927
0909
0891
0873
0855
0841
0837
0830
0823
0819
0816
0816
0816
0819
0819
0819
0819
0819
0819
0816
0816
0816
0816
0816
0826
0841
0855
0876
0898
0916
0934
0952
0970
0984
0995
1002
1009
1016
1016
1013
1009
1002
0998
0995
0987
0980
0973
0959
0945
0930
0912
0894
0873
0848
0823
0798
0776
0751
0733
0715
0705
0698
0698
0698
0701
0712
0723
0740
0805
1034
1410
1911
2494
3046
3454
3536
3479
3096
2555
1986
1503
1156
0923
0791
0676
0604
0597
0597
0597
0594
0594
0594
0594
0594
0597
0597
0597
0601
0604
0608
0608
0608
0601
0590
0583
0572
0565
0554
0544
0533
0529
0529
0544
0565
0597
0637
0690
0776
0834
0876
0916
0962
1013
1052
1081
1106
1131
1156
1181
1202
1224
1242
1260
1274
1285
1285
1281
1270
1252
1234
1209
1181
1131
1084
1045
0995
0941
0891
0844
0805
0762
0712
0665
0619
0576
0536
0493
0454
0429
0418
0411
0404
0400
0397
0400
0425
0465
0493
0511
0522
0533
0544
0558
0569
0576
0583
0590
0601
0608
0615
0622
0626
0630
0630
0633
0640
0647
0655
0662
0676
0687
0701
0715
0726
0737
0748
0758
0769
0780
0787
0794
0798
0798
0798
0801
0808
0816
0823
0834
0841
0855
0873
0891
0912
0948
1005
1217
1578
2058
2588
3049
3239
3210
2885
2280
1614
1048
0766
0669
0719
0776
0826
0826
0755
0701
0655
0619
0604
0612
0633
0658
0669
0676
0683
0690
0698
0705
0712
0723
0733
0740
0751
0755
0758
0758
0758
0758
0762
0769
0780
0787
0798
0808
0823
0837
0848
0862
0880
0902
0927
0959
1016
1070
1120
1149
1174
1191
1209
1220
1231
1234
1234
1231
1220
1206
1191
1181
1170
1159
1145
1134
1120
1106
1091
1077
1059
1041
1023
1002
0984
0959
0923
0862
0812
0766
0719
0665
0637
0615
0601
0587
0576
0572
0569
0565
0561
0558
0554
0551
0551
0547
0544
0540
0536
0533
0536
0540
0551
0561
0576
0594
0612
0637
0662
0687
0715
0762
0819
0859
0876
0891
0905
0912
0919
0923
0927
0927
0923
0912
0902
0891
0876
0866
0851
0830
0805
0791
0780
0773
0762
0751
0744
0762
0794
0819
0841
0859
0876
0898
0919
0941
0966
0987
0998
0998
0991
0980
0966
0945
0916
0955
1070
1306
1653
2108
2641
3203
3694
3930
3912
3579
2917
2144
1453
0980
0866
0841
0819
0805
0794
0787
0776
0766
0758
0755
0751
0744
0740
0730
0712
0694
0694
0719
0748
0766
0780
0794
0805
0823
0841
0859
0880
0916
0973
1020
1055
1084
1106
1123
1138
1149
1156
1163
1170
1174
1177
1181
1188
1191
1199
1202
1202
1206
1209
1213
1220
1227
1231
1242
1263
1260
1217
1170
1116
1070
1038
1020
1005
0991
0977
0962
0948
0934
0912
0884
0851
0823
0794
0769
0744
0726
0708
0690
0672
0658
0651
0658
0676
0694
0705
0719
0733
0748
0751
0748
0740
0733
0723
0708
0687
0690
0733
0773
0808
0841
0873
0891
0905
0916
0927
0937
0941
0945
0941
0930
0923
0912
0905
0898
0887
0880
0869
0862
0855
0848
0841
0841
0830
0823
0808
0787
0808
0869
1030
1285
1646
2108
2616
3071
3282
3260
2935
2323
1660
1123
0808
0744
0755
0794
0816
0826
0823
0808
0787
0766
0740
0719
0701
0683
0662
0655
0665
0690
0701
0708
0715
0723
0730
0733
0737
0744
0751
0755
0758
0766
0769
0773
0780
0791
0808
0830
0851
0887
0945
1005
1059
1088
1102
1120
1138
1159
1202
1260
1299
1324
1338
1345
1356
1363
1367
1353
1317
1260
1191
1145
1109
1077
1048
1016
0980
0894
0801
0740
0712
0698
0687
0676
0669
0665
0655
0647
0640
0633
0626
0619
0604
0587
0569
0561
0569
0583
0601
0612
0619
0622
0630
0633
0640
0651
0658
0665
0672
0676
0683
0687
0694
0701
0705
0708
0708
0712
0712
0712
0708
0701
0690
0683
0676
0669
0662
0655
0644
0633
0630
0633
0637
0644
0655
0662
0669
0680
0694
0705
0719
0737
0748
0755
0766
0776
0783
0794
0801
0812
0819
0834
0851
0937
1181
1549
2033
2566
3049
3336
3354
3167
2663
2022
1381
0905
0712
0683
0740
0808
0830
0830
0794
0751
0694
0665
0655
0640
0633
0630
0626
0622
0622
0619
0622
0626
0633
0644
0655
0665
0676
0690
0712
0733
0751
0766
0780
0798
0819
0841
0859
0884
0912
0937
0952
0962
0970
0980
0991
1002
1016
1048
1095
1123
1141
1163
1188
1209
1231
1245
1234
1209
1184
1152
1120
1081
1023
0962
0909
0862
0812
0755
0698
0655
0619
0597
0565
0522
0490
0465
0465
0486
0497
0501
0508
0511
0515
0522
0526
0533
0540
0547
0554
0561
0572
0583
0597
0630
0651
0669
0676
0683
0690
0698
0705
0708
0715
0719
0719
0726
0733
0755
0794
0819
0841
0841
0837
0834
0830
0830
0830
0826
0823
0819
0816
0812
0805
0794
0783
0733
0658
0619
0597
0583
0572
0587
0633
0755
1038
1464
2026
2627
3132
3325
3293
2924
2301
1660
1159
0848
0733
0690
0687
0701
0715
0726
0726
0712
0694
0676
0680
0708
0755
0801
0823
0834
0841
0826
0808
0794
0783
0773
0773
0787
0805
0826
0851
0880
0912
0941
0959
0973
0984
0991
0991
0987
0977
0970
0959
0955
0966
0991
1016
1052
1077
1109
1156
1188
1206
1224
1242
1263
1281
1306
1317
1306
1281
1242
1184
1123
1066
1005
0948
0909
0884
0859
0841
0812
0766
0723
0690
0665
0640
0615
0601
0594
0587
0579
0576
0579
0590
0604
0615
0604
0594
0587
0579
0576
0576
0583
0594
0608
0633
0683
0719
0733
0748
0762
0780
0794
0808
0826
0841
0859
0876
0894
0905
0916
0923
0934
0945
0952
0952
0945
0934
0919
0905
0887
0851
0851
0891
1005
1242
1575
2004
2494
2945
3228
3246
3060
2545
1907
1313
0898
0776
0733
0766
0801
0830
0830
0812
0798
0783
0787
0808
0830
0841
0859
0873
0891
0919
0952
0962
0973
0980
0984
0966
0930
0909
0891
0873
0862
0855
0855
0862
0873
0887
0898
0909
0919
0930
0941
0952
0962
0966
0973
0980
0987
0998
1013
1034
1063
1091
1120
1149
1170
1184
1195
1199
1195
1184
1170
1156
1138
1123
1106
1088
1052
1005
0973
0955
0937
0919
0894
0851
0805
0773
0744
0708
0687
0672
0658
0647
0640
0630
0626
0622
0619
0612
0608
0604
0601
0604
0612
0626
0640
0655
0662
0669
0680
0690
0698
0705
0712
0719
0730
0737
0740
0748
0755
0762
0776
0808
0837
0855
0869
0880
0887
0884
0873
0855
0837
0808
0787
0776
0769
0762
0758
0751
0748
0744
0737
0733
0726
0719
0715
0705
0683
0683
0730
0848
1081
1431
1918
2480
3003
3307
3321
3103
2588
2004
1485
1109
0952
0902
0876
0862
0859
0848
0837
0805
0762
0723
0701
0687
0690
0726
0769
0805
0826
0834
0837
0841
0844
0848
0851
0851
0851
0848
0848
0844
0844
0841
0834
0837
0859
0898
0948
0995
1045
1081
1102
1113
1102
1081
1055
1020
0998
0984
0973
0966
0966
0980
0995
1009
1020
1034
1041
1041
1034
1023
1009
0987
0945
0905
0873
0848
0816
0762
0723
0705
0687
0676
0669
0672
0680
0687
0701
0712
0723
0737
0751
0758
0766
0766
0769
0773
0776
0773
0740
0715
0698
0680
0669
0669
0676
0687
0701
0723
0755
0776
0837
0934
1106
1367
1736
2201
2702
3132
3300
3271
2963
2434
1861
1385
1088
1005
0977
0955
0937
0880
0798
0705
0647
0594
0558
0551
0551
0547
0547
0544
0544
0544
0544
0551
0554
0565
0579
0597
0626
0651
0680
0719
0748
0766
0787
0808
0826
0837
0844
0855
0866
0880
0894
0923
0977
1020
1052
1084
1131
1181
1220
1245
1209
1174
1145
1127
1116
1109
1098
1088
1073
1052
1027
0998
0970
0937
0887
0851
0837
0826
0816
0808
0801
0794
0787
0769
0726
0683
0655
0647
0637
0626
0655
0683
0701
0719
0733
0748
0762
0780
0787
0780
0758
0723
0676
0640
0612
0583
0547
0501
0476
0458
0451
0458
0486
0526
0579
0622
0655
0676
0694
0708
0715
0705
0676
0630
0597
0594
0590
0587
0587
0597
0615
0644
0687
0708
0719
0726
0733
0740
0744
0744
0744
0740
0737
0730
0726
0719
0708
0694
0665
0644
0630
0622
0615
0608
0604
0597
0594
0590
0583
0579
0572
0551
0551
0612
0780
1073
1517
2101
2734
3246
3479
3371
2963
2394
1807
1335
1034
0876
0819
0798
0787
0780
0773
0762
0755
0744
0730
0701
0647
0619
0601
0587
0583
0583
0594
0608
0619
0630
0640
0647
0658
0672
0683
0698
0708
0719
0730
0737
0744
0755
0762
0766
0773
0776
0787
0798
0816
0862
0919
0973
1023
1077
1109
1123
1134
1145
1152
1159
1166
1174
1177
1184
1191
1202
1213
1217
1209
1191
1166
1127
1066
1027
0995
0955
0902
0837
0769
0708
0644
0590
0544
0497
0468
0451
0440
0454
0483
0515
0554
0594
0615
0630
0640
0647
0658
0669
0680
0690
0705
0715
0726
0733
0744
0755
0766
0776
0791
0798
0808
0816
0823
0834
0841
0862
0898
0927
0945
0959
0973
0977
0970
0948
0927
0909
0894
0880
0866
0851
0841
0830
0819
0808
0798
0783
0769
0758
0755
0758
0769
0780
0798
0812
0834
0851
0869
0887
0898
0905
0912
0919
0927
0930
0937
0941
0948
0955
0962
0970
0973
0980
0987
0995
1005
1020
1030
1034
1030
1020
1002
0980
0934
0887
0869
0855
0905
1052
1292
1639
2104
2659
3203
3597
3747
3593
3167
2588
2018
1571
1285
1206
1181
1152
1109
0980
0905
0891
0884
0873
0866
0862
0855
0851
0848
0844
0841
0841
0841
0844
0844
0841
0841
0841
0837
0830
0834
0869
0891
0909
0919
0930
0941
0948
0955
0962
0977
0991
1020
1063
1088
1102
1116
1131
1141
1152
1163
1170
1184
1195
1213
1224
1234
1245
1260
1281
1277
1242
1199
1152
1116
1081
1041
1002
0952
0887
0848
0830
0816
0801
0780
0762
0751
0740
0733
0723
0715
0708
0701
0694
0690
0683
0680
0680
0676
0672
0669
0665
0658
0647
0644
0655
0672
0690
0701
0708
0719
0726
0733
0740
0744
0748
0748
0744
0744
0737
0733
0730
0723
0719
0719
0712
0708
0701
0698
0698
0701
0708
0719
0726
0733
0740
0744
0751
0758
0766
0769
0776
0780
0787
0791
0791
0791
0791
0787
0787
0787
0787
0787
0787
0787
0787
0787
0791
0791
0791
0791
0794
0798
0801
0787
0766
0744
0715
0715
0773
0916
1231
1714
2333
2988
3529
3737
3704
3311
2627
1900
1299
0905
0837
0816
0805
0798
0787
0773
0758
0748
0730
0690
0619
0565
0536
0522
0536
0561
0590
0626
0651
0665
0672
0680
0687
0698
0705
0715
0726
0737
0748
0758
0769
0780
0787
0798
0808
0819
0830
0841
0851
0869
0902
0970
1030
1091
1149
1213
1252
1270
1288
1299
1310
1310
1310
1306
1295
1288
1277
1263
1242
1217
1191
1156
1098
1027
0959
0902
0859
0826
0801
0787
0776
0766
0751
0740
0730
0715
0690
0655
0626
0612
0604
0597
0590
0587
0583
0587
0590
0601
0612
0622
0630
0644
0658
0676
0694
0712
0748
0787
0798
0808
0816
0823
0830
0837
0841
0844
0851
0859
0862
0862
0862
0859
0855
0855
0848
0841
0841
0873
0898
0923
0941
0941
0927
0905
0873
0844
0862
0912
1102
1431
1907
2491
3074
3518
3651
3396
2809
2068
1356
0830
0637
0572
0597
0622
0637
0658
0683
0762
0834
0859
0859
0830
0791
0737
0676
0630
0615
0604
0597
0590
0590
0590
0601
0615
0637
0676
0730
0758
0783
0816
0859
0909
0941
0955
0966
0980
0991
1005
1020
1052
1102
1145
1191
1242
1299
1353
1388
1413
1428
1442
1453
1456
1453
1442
1428
1410
1385
1356
1317
1267
1170
1073
0984
0934
0884
0837
0762
0676
0647
0630
0615
0604
0601
0594
0590
0587
0583
0579
0579
0579
0587
0594
0601
0612
0622
0640
0669
0694
0730
0776
0805
0823
0834
0841
0841
0841
0837
0834
0826
0816
0837
0848
0859
0866
0873
0876
0873
0862
0851
0834
0769
0708
0687
0723
0755
0773
0791
0808
0819
0830
0841
0862
0859
0837
0816
0791
0794
0819
0837
0848
0859
0869
0880
0884
0891
0898
0902
0909
0916
0927
0934
0941
0952
0970
0966
0934
0909
0891
0873
0862
0851
0844
0841
0834
0823
0812
0808
0812
0826
0841
0862
0891
0919
0959
1016
1063
1088
1106
1106
1102
1091
1081
1070
1066
1077
1098
1166
1306
1521
1814
2194
2641
3107
3500
3661
3633
3318
2741
2097
1542
1156
1038
1002
0984
0970
0959
0916
0844
0823
0816
0830
0851
0876
0905
0930
0952
0970
0991
1009
1023
1045
1070
1095
1113
1123
1134
1138
1138
1134
1123
1109
1098
1084
1070
1070
1084
1102
1134
1177
1202
1217
1227
1238
1245
1256
1260
1267
1277
1288
1295
1302
1302
1299
1299
1295
1295
1292
1288
1281
1274
1260
1238
1202
1145
1102
1070
1030
0980
0919
0884
0866
0848
0830
0812
0794
0776
0758
0737
0719
0708
0698
0687
0680
0669
0662
0655
0647
0644
0637
0626
0615
0601
0587
0579
0587
0597
0612
0622
0630
0640
0651
0658
0665
0669
0672
0676
0683
0687
0687
0690
0690
0694
0701
0708
0712
0712
0708
0705
0701
0701
0701
0698
0694
0687
0683
0683
0687
0694
0705
0712
0715
0726
0737
0744
0740
0726
0708
0680
0622
0587
0569
0554
0544
0540
0540
0551
0565
0587
0626
0690
0730
0755
0769
0755
0723
0698
0672
0651
0637
0626
0615
0604
0597
0608
0633
0665
0694
0651
0615
0597
0579
0565
0554
0547
0540
0536
0529
0522
0519
0511
0508
0511
0515
0519
0522
0526
0526
0529
0529
0533
0536
0536
0540
0540
0547
0551
0551
0554
0558
0561
0565
0594
0708
0894
1174
1549
1986
2423
2774
2877
2842
2545
2043
1481
0991
0669
0479
0422
0408
0397
0390
0386
0390
0397
0408
0422
0447
0483
0497
0511
0526
0529
0511
0479
0454
0429
0408
0400
0404
0415
0433
0461
0511
0572
0622
0647
0658
0669
0676
0680
0687
0698
0705
0712
0723
0737
0762
0805
0841
0862
0880
0898
0919
0945
0980
1023
1041
1052
1063
1066
1066
1052
1023
0984
0919
0859
0798
0737
0680
0630
0576
0511
0451
0404
0375
0347
0318
0307
0300
0293
0286
0282
0279
0275
0272
0268
0264
0261
0257
0257
0257
0261
0264
0272
0279
0286
0293
0304
0315
0325
0336
0343
0357
0372
0386
0393
0397
0400
0400
0404
0404
0404
0404
0408
0411
0411
0415
0418
0422
0433
0447
0461
0479
0497
0519
0554
0590
0604
0615
0619
0626
0630
0637
0647
0658
0669
0680
0690
0705
0726
0751
0791
0805
0812
0812
0812
0812
0812
0812
0816
0819
0819
0819
0819
0819
0819
0819
0816
0808
0801
0798
0791
0783
0776
0769
0758
0751
0733
0701
0690
0676
0665
0712
0769
0819
0862
0894
0923
0941
0941
0930
0919
0905
0884
0887
0945
1095
1331
1675
2136
2673
3189
3565
3679
3486
3006
2373
1768
1313
1134
1077
1041
1020
0998
0952
0919
0916
0912
0909
0909
0909
0916
0923
0930
0937
0948
0962
0987
1016
1052
1070
1081
1091
1098
1109
1116
1127
1131
1138
1141
1152
1163
1184
1220
1263
1295
1313
1335
1353
1374
1392
1413
1435
1460
1489
1510
1528
1546
1567
1596
1621
1643
1660
1671
1682
1689
1689
1685
1678
1664
1646
1607
1546
1485
1428
1374
1317
1256
1191
1145
1120
1098
1084
1070
1059
1048
1034
1023
1013
1002
0995
0987
0984
0980
0977
0973
0970
0970
0970
0973
0977
0987
0998
1009
1023
1048
1091
1127
1170
1206
1209
1209
1209
1209
1209
1209
1206
1206
1202
1202
1206
1206
1206
1206
1202
1202
1199
1199
1195
1195
1191
1184
1177
1163
1152
1141
1134
1123
1116
1106
1098
1098
1102
1109
1120
1127
1138
1141
1149
1159
1166
1174
1181
1188
1191
1199
1202
1202
1206
1206
1206
1206
1206
1206
1202
1199
1195
1188
1181
1174
1166
1156
1141
1123
1077
1034
1002
0977
0959
0941
0930
0923
0916
0909
0902
0894
0891
0884
0876
0873
0866
0859
0851
0844
0841
0837
0830
0823
0812
0808
0805
0805
0805
0808
0812
0816
0819
0823
0830
0837
0841
0844
0855
0866
0887
0962
1149
1453
1875
2380
2906
3364
3615
3629
3439
2931
2283
1664
1199
0919
0798
0751
0723
0647
0554
0440
0411
0404
0400
0404
0422
0429
0433
0433
0433
0433
0433
0433
0436
0443
0447
0454
0458
0461
0465
0468
0472
0479
0486
0508
0547
0579
0597
0615
0630
0637
0637
0630
0619
0608
0594
0587
0608
0647
0676
0698
0719
0733
0737
0737
0737
0740
0744
0748
0748
0748
0733
0715
0694
0672
0651
0630
0594
0536
0486
0458
0429
0400
0357
0293
0221
0150
0110
0089
0075
0064
0060
0068
0082
0096
0114
0125
0132
0143
0150
0157
0164
0171
0178
0186
0193
0200
0204
0211
0214
0221
0232
0239
0246
0257
0268
0282
0300
0318
0332
0347
0361
0372
0383
0390
0397
0400
0400
0404
0408
0415
0415
0418
0418
0422
0425
0433
0440
0451
0465
0483
0522
0558
0587
0608
0622
0637
0655
0669
0680
0690
0701
0708
0715
0719
0723
0723
0723
0723
0723
0719
0719
0712
0708
0701
0698
0683
0665
0708
0841
1138
1585
2151
2763
3321
3647
3669
3454
2888
2215
1621
1213
1084
1084
1145
1177
1141
1038
0891
0787
0751
0733
0723
0715
0712
0708
0705
0701
0694
0690
0690
0694
0708
0726
0744
0758
0780
0801
0819
0834
0862
0905
0927
0934
0941
0948
0952
0959
0966
0970
0977
0987
1002
1034
1098
1166
1231
1292
1345
1392
1446
1492
1524
1560
1589
1610
1625
1625
1610
1582
1539
1474
1413
1356
1310
1263
1220
1170
1127
1098
1073
1055
1045
1034
1027
1020
1016
1013
1013
1009
1009
1009
1005
1005
1002
1002
1002
1002
1002
0998
0995
0987
0987
0984
0980
0977
0966
0959
0970
0995
1030
1077
1098
1109
1120
1127
1131
1131
1123
1116
1102
1091
1073
1063
1070
1081
1088
1098
1106
1102
1095
1084
1073
1077
1098
1116
1134
1152
1174
1213
1242
1256
1263
1234
1191
1156
1131
1109
1084
1045
1005
0973
0970
0991
1052
1195
1421
1739
2176
2681
3182
3565
3722
3583
3182
2638
2097
1696
1478
1363
1306
1213
1113
1009
0941
0919
0945
0980
1030
1070
1091
1106
1106
1095
1073
1041
0991
0945
0902
0884
0873
0866
0859
0855
0855
0862
0873
0887
0902
0912
0927
0941
0955
0966
0977
0984
0995
1005
1020
1045
1070
1109
1166
1231
1302
1338
1356
1370
1381
1392
1396
1399
1399
1396
1396
1392
1385
1378
1367
1345
1310
1263
1174
1059
0959
0873
0826
0780
0737
0694
0655
0630
0615
0608
0601
0601
0608
0615
0630
0655
0698
0744
0787
0812
0826
0837
0844
0848
0848
0844
0841
0837
0834
0830
0823
0819
0812
0808
0812
0819
0834
0844
0876
0912
0927
0937
0934
0909
0876
0841
0816
0780
0733
0701
0683
0669
0662
0662
0669
0683
0701
0737
0798
0841
0876
0912
0955
1013
1063
1120
1163
1195
1206
1206
1213
1217
1181
1116
1059
1030
1016
1002
0998
1005
1016
1034
1055
1084
1088
1066
1009
0912
0873
0844
0855
0966
1184
1521
2008
2620
3253
3754
3951
3769
3235
2537
1861
1370
1177
1156
1202
1227
1191
1084
0952
0887
0862
0848
0841
0837
0834
0830
0826
0826
0823
0823
0819
0819
0819
0816
0812
0808
0805
0801
0801
0798
0798
0798
0801
0801
0805
0808
0812
0816
0819
0826
0834
0841
0862
0916
0959
0984
1005
1027
1063
1109
1138
1152
1163
1174
1177
1177
1170
1159
1145
1131
1116
1095
1073
1052
1027
0998
0966
0927
0887
0848
0823
0787
0733
0712
0708
0701
0698
0690
0690
0687
0687
0683
0683
0680
0672
0669
0665
0662
0662
0655
0651
0644
0637
0630
0619
0608
0590
0572
0558
0544
0536
0533
0529
0526
0526
0522
0522
0519
0515
0515
0515
0515
0511
0511
0515
0522
0529
0540
0551
0569
0587
0626
0672
0719
0762
0801
0841
0869
0884
0891
0894
0898
0891
0869
0841
0816
0787
0762
0744
0730
0719
0708
0701
0690
0687
0683
0680
0680
0680
0680
0680
0680
0683
0687
0690
0683
0658
0637
0612
0601
0615
0662
0794
1055
1449
1961
2552
3114
3522
3661
3497
3060
2473
1875
1367
1038
0891
0844
0805
0773
0719
0630
0583
0561
0547
0533
0526
0519
0519
0519
0522
0529
0540
0547
0561
0576
0587
0597
0612
0622
0637
0651
0662
0672
0687
0701
0719
0751
0783
0816
0851
0898
0941
0984
1030
1070
1113
1152
1191
1213
1227
1242
1252
1256
1256
1249
1234
1217
1199
1177
1149
1120
1091
1066
1038
1013
0984
0959
0937
0909
0869
0837
0798
0762
0726
0676
0619
0590
0579
0569
0561
0554
0551
0547
0544
0544
0544
0547
0551
0554
0561
0569
0572
0583
0590
0608
0651
0676
0687
0698
0701
0705
0708
0705
0698
0687
0680
0672
0665
0662
0655
0651
0647
0644
0647
0655
0665
0676
0687
0694
0701
0708
0715
0723
0730
0733
0737
0740
0740
0744
0744
0744
0740
0733
0730
0719
0708
0698
0701
0712
0719
0723
0726
0730
0737
0744
0748
0758
0766
0776
0787
0801
0834
0887
0912
0923
0937
0945
0952
0955
0959
0959
0959
0955
0948
0941
0930
0919
0905
0869
0834
0798
0762
0762
0791
0862
1073
1385
1804
2301
2809
3225
3400
3253
2774
2097
1403
0855
0644
0569
0533
0511
0443
0343
0311
0332
0397
0519
0594
0615
0630
0637
0640
0647
0651
0655
0658
0662
0665
0665
0669
0669
0669
0669
0665
0658
0651
0644
0637
0622
0612
0612
0622
0644
0672
0705
0740
0787
0837
0855
0869
0880
0898
0916
0934
0962
0998
1027
1055
1084
1120
1138
1152
1163
1174
1177
1174
1166
1152
1134
1098
1041
0962
0866
0812
0769
0740
0715
0690
0651
0597
0561
0540
0522
0508
0479
0429
0393
0375
0361
0350
0350
0357
0365
0379
0393
0418
0451
0493
0547
0587
0612
0633
0647
0655
0658
0665
0669
0672
0680
0683
0687
0694
0698
0705
0708
0715
0719
0723
0726
0733
0740
0744
0744
0740
0733
0726
0715
0701
0676
0676
0705
0744
0794
0830
0855
0880
0912
0948
0966
0977
0984
0984
0973
0952
0916
0887
0880
0876
0873
0869
0866
0866
0873
0884
0898
0912
0941
0941
0916
0894
0876
0866
0873
0902
0980
1145
1417
1811
2301
2799
3200
3393
3318
2956
2394
1818
1367
1081
0977
0937
0916
0898
0887
0876
0880
0884
0891
0898
0902
0905
0912
0923
0945
0980
1016
1023
1027
1027
1027
1023
1023
1023
1027
1030
1030
1034
1038
1038
1038
1041
1045
1052
1059
1070
1098
1149
1184
1213
1249
1270
1288
1299
1310
1320
1331
1338
1345
1353
1370
1388
1413
1435
1456
1467
1474
1478
1485
1492
1464
1421
1367
1306
1249
1188
1127
1081
1052
1030
1016
0991
0948
0898
0862
0844
0826
0794
0737
0662
0640
0626
0615
0612
0612
0615
0622
0630
0633
0637
0644
0651
0658
0665
0665
0665
0665
0662
0662
0655
0647
0647
0669
0680
0687
0694
0701
0705
0705
0705
0705
0701
0701
0698
0694
0690
0690
0687
0683
0676
0672
0669
0665
0662
0658
0658
0658
0658
0658
0655
0647
0633
0637
0665
0705
0769
0816
0844
0859
0859
0848
0830
0798
0744
0676
0640
0626
0615
0658
0787
0987
1299
1732
2251
2781
3221
3432
3346
2967
2383
1804
1374
1113
1059
1041
1020
0991
0894
0733
0579
0497
0468
0497
0544
0597
0651
0694
0715
0730
0730
0719
0712
0708
0705
0705
0705
0705
0712
0726
0740
0755
0769
0783
0798
0812
0819
0823
0826
0826
0830
0834
0837
0841
0841
0848
0866
0887
0916
0955
0977
0991
0998
1005
1020
1038
1063
1098
1145
1156
1166
1174
1174
1145
1106
1048
0984
0916
0848
0791
0733
0683
0651
0630
0604
0569
0536
0504
0490
0501
0522
0554
0601
0637
0658
0672
0683
0694
0705
0708
0701
0683
0672
0665
0658
0655
0651
0647
0647
0647
0651
0655
0658
0665
0669
0672
0676
0680
0683
0687
0694
0698
0705
0712
0719
0723
0730
0740
0748
0762
0791
0848
0891
0927
0970
1005
1038
1052
1045
1023
0984
0952
0934
0948
0980
0991
1002
1009
1013
1013
1005
0995
0980
0959
0916
0876
0869
0862
0855
0848
0837
0823
0808
0794
0780
0762
0748
0730
0708
0680
0680
0694
0705
0712
0719
0726
0737
0744
0755
0766
0783
0808
0837
0862
0909
0970
1020
1055
1084
1120
1159
1184
1199
1206
1199
1174
1138
1084
1034
1002
1002
1045
1159
1417
1793
2273
2817
3336
3719
3862
3686
3239
2623
2018
1557
1281
1195
1166
1134
1063
0966
0851
0769
0737
0723
0712
0708
0701
0694
0690
0683
0672
0655
0658
0687
0723
0762
0794
0837
0869
0891
0905
0905
0887
0869
0848
0848
0869
0887
0902
0916
0934
0952
0962
0977
0991
1005
1020
1030
1041
1055
1077
1095
1116
1127
1138
1145
1152
1156
1156
1152
1149
1138
1127
1106
1063
1020
0980
0945
0898
0851
0801
0737
0676
0633
0604
0587
0572
0561
0558
0551
0547
0544
0540
0540
0540
0540
0540
0547
0554
0561
0576
0590
0608
0647
0683
0712
0733
0751
0762
0769
0773
0776
0783
0791
0794
0787
0773
0751
0719
0680
0676
0672
0669
0665
0662
0658
0658
0658
0655
0655
0651
0651
0651
0651
0651
0651
0647
0647
0644
0640
0637
0633
0626
0615
0619
0651
0694
0755
0791
0816
0830
0841
0844
0848
0851
0859
0862
0869
0869
0869
0862
0851
0841
0812
0791
0783
0780
0776
0773
0776
0791
0805
0819
0834
0841
0826
0801
0776
0758
0737
0712
0690
0669
0647
0630
0622
0619
0615
0612
0608
0615
0658
0712
0787
0859
0927
0962
0984
0998
1005
1002
0984
0966
0941
0905
0909
0955
1088
1320
1664
2136
2702
3257
3669
3815
3647
3235
2691
2158
1761
1492
1360
1252
1134
0984
0866
0834
0812
0801
0791
0769
0715
0658
0619
0601
0587
0576
0576
0612
0665
0730
0776
0812
0859
0880
0891
0902
0909
0916
0919
0919
0923
0930
0934
0937
0941
0941
0945
0948
0952
0959
0966
0984
1030
1077
1109
1156
1202
1245
1260
1270
1277
1285
1288
1281
1263
1238
1206
1159
1131
1106
1077
1027
0977
0930
0891
0855
0819
0780
0740
0701
0669
0644
0630
0615
0601
0590
0572
0547
0515
0497
0479
0468
0461
0476
0508
0536
0569
0604
0644
0669
0690
0708
0723
0737
0748
0755
0758
0766
0776
0794
0805
0801
0769
0737
0712
0690
0672
0658
0651
0651
0662
0672
0690
0705
0719
0740
0762
0776
0776
0762
0740
0723
0708
0694
0676
0662
0658
0665
0683
0705
0723
0737
0751
0766
0780
0794
0801
0801
0798
0794
0787
0776
0769
0758
0740
0726
0712
0712
0726
0751
0783
0823
0880
0919
0937
0952
0962
0973
0980
0987
0991
0995
0995
0995
0991
0987
0980
0973
0966
0955
0941
0927
0891
0830
0794
0766
0769
0837
1020
1360
1850
2455
3099
3647
3926
3923
3640
3028
2315
1707
1263
1034
0909
0830
0672
0526
0468
0472
0522
0594
0680
0744
0794
0837
0851
0862
0866
0869
0873
0876
0880
0884
0891
0898
0902
0909
0912
0919
0923
0930
0941
0952
0966
0995
1055
1106
1149
1188
1202
1209
1213
1220
1224
1227
1231
1234
1242
1249
1260
1274
1288
1313
1353
1388
1413
1428
1446
1456
1460
1460
1449
1431
1410
1381
1331
1281
1213
1134
1073
1027
0984
0945
0902
0862
0841
0819
0805
0787
0766
0751
0740
0730
0723
0712
0705
0694
0690
0683
0680
0676
0676
0680
0690
0701
0715
0726
0737
0748
0758
0769
0776
0780
0783
0787
0794
0801
0812
0819
0830
0841
0844
0848
0855
0859
0859
0859
0855
0851
0851
0851
0851
0855
0859
0862
0866
0869
0873
0876
0876
0880
0884
0884
0880
0880
0884
0887
0891
0898
0905
0912
0916
0923
0930
0937
0941
0945
0945
0948
0952
0955
0962
0966
0973
0980
0991
1005
1020
1030
1038
1041
1041
1045
1045
1048
1048
1048
1052
1052
1045
1027
1005
0980
0948
0927
0923
0919
0912
0902
0909
0955
0980
0991
1002
1013
1016
1020
1023
1027
1030
1034
1038
1041
1041
1048
1052
1059
1063
1066
1070
1070
1073
1077
1081
1084
1088
1091
1106
1123
1138
1149
1149
1145
1141
1134
1123
1106
1174
1363
1689
2154
2716
3268
3694
3862
3701
3243
2613
2015
1524
1163
1020
0970
0948
0955
0973
0991
1013
1023
0998
0959
0937
0916
0902
0887
0876
0869
0869
0869
0869
0873
0876
0880
0887
0894
0894
0887
0884
0876
0869
0866
0866
0880
0905
0930
0955
0984
1013
1041
1066
1091
1116
1141
1166
1191
1213
1234
1260
1281
1306
1328
1349
1367
1388
1403
1413
1410
1396
1370
1331
1267
1170
1030
0894
0805
0733
0687
0658
0644
0630
0619
0608
0597
0583
0558
0529
0493
0451
0425
0411
0404
0400
0397
0393
0386
0383
0379
0375
0372
0368
0365
0365
0368
0372
0368
0368
0368
0368
0368
0365
0365
0357
0354
0354
0368
0386
0404
0418
0429
0443
0458
0468
0472
0476
0476
0472
0472
0472
0472
0476
0476
0472
0461
0447
0440
0433
0425
0418
0408
0400
0393
0386
0379
0368
0357
0347
0336
0325
0315
0300
0282
0268
0261
0257
0257
0257
0254
0246
0239
0239
0254
0272
0300
0357
0397
0418
0433
0443
0451
0451
0447
0440
0429
0422
0408
0400
0418
0447
0468
0483
0497
0508
0511
0508
0497
0476
0451
0404
0329
0293
0272
0257
0246
0239
0243
0246
0257
0268
0279
0289
0304
0315
0322
0329
0332
0336
0343
0343
0347
0350
0354
0361
0372
0390
0418
0511
0719
1013
1378
1796
2240
2645
2842
2824
2537
1958
1317
0769
0433
0357
0336
0325
0315
0307
0304
0297
0297
0300
0304
0311
0322
0332
0343
0354
0372
0393
0422
0451
0468
0479
0486
0497
0504
0515
0522
0533
0540
0547
0554
0565
0579
0604
0651
0683
0712
0730
0748
0773
0798
0823
0844
0869
0891
0909
0930
0955
0977
1002
1013
1023
1034
1041
1048
1048
1045
1038
1027
1013
0995
0970
0919
0880
0844
0812
0773
0715
0651
0597
0558
0511
0468
0429
0418
0408
0397
0404
0443
0468
0490
0511
0519
0519
0508
0497
0486
0479
0468
0458
0451
0447
0443
0443
0440
0436
0429
0422
0418
0429
0454
0483
0504
0526
0547
0569
0587
0604
0622
0647
0683
0719
0755
0791
0826
0841
0844
0848
0851
0851
0855
0859
0866
0869
0876
0884
0891
0898
0905
0912
0916
0916
0919
0923
0927
0930
0937
0945
0952
0959
0970
0980
0987
0998
1002
1009
1013
1016
1020
1027
1030
1038
1048
1063
1081
1098
1113
1123
1134
1149
1163
1177
1195
1209
1224
1231
1238
1245
1252
1256
1263
1267
1267
1263
1260
1252
1242
1231
1217
1195
1159
1159
1213
1360
1639
2040
2552
3117
3640
4001
4095
3887
3432
2863
2323
1907
1657
1510
1417
1360
1331
1306
1295
1288
1285
1285
1281
1277
1274
1270
1270
1274
1285
1306
1331
1363
1413
1449
1485
1517
1535
1546
1553
1560
1564
1564
1553
1535
1521
1506
1492
1478
1467
1460
1464
1471
1489
1510
1549
1628
1685
1725
1750
1768
1782
1793
1804
1811
1814
1811
1800
1786
1771
1753
1728
1700
1675
1628
1567
1510
1449
1406
1381
1356
1328
1281
1217
1163
1123
1095
1070
1052
1038
1016
0998
0973
0948
0927
0902
0862
0812
0773
0744
0748
0780
0819
0859
0887
0916
0945
0966
0984
1002
1002
0987
0973
0959
0955
0962
0973
0984
0948
0916
0894
0876
0859
0844
0834
0816
0791
0780
0780
0787
0798
0808
0773
0744
0726
0712
0698
0687
0680
0669
0658
0647
0640
0630
0622
0619
0615
0615
0619
0626
0633
0647
0658
0669
0680
0690
0705
0715
0723
0723
0719
0715
0705
0694
0669
0622
0594
0572
0576
0626
0758
0980
1310
1725
2233
2756
3210
3432
3429
3182
2677
2104
1585
1163
0984
0927
0898
0884
0873
0823
0701
0529
0350
0232
0189
0189
0225
0257
0282
0300
0300
0293
0282
0268
0250
0250
0282
0318
0357
0393
0415
0425
0436
0447
0458
0468
0483
0497
0533
0594
0647
0683
0719
0751
0787
0819
0844
0869
0891
0916
0952
1009
1073
1131
1166
1191
1202
1184
1149
1113
1073
1048
1027
1005
0977
0945
0909
0873
0837
0783
0719
0655
0587
0529
0490
0465
0454
0447
0443
0436
0433
0433
0436
0447
0461
0476
0490
0504
0522
0536
0554
0565
0576
0587
0594
0604
0615
0626
0633
0644
0651
0662
0676
0687
0698
0708
0715
0726
0733
0744
0751
0758
0769
0776
0787
0798
0808
0819
0830
0837
0844
0851
0862
0880
0909
0970
1034
1102
1159
1206
1252
1277
1292
1306
1317
1324
1331
1335
1338
1342
1345
1353
1360
1388
1481
1660
1918
2247
2652
3103
3522
3758
3765
3572
3074
2455
1879
1456
1292
1242
1213
1195
1181
1170
1138
1081
1027
0991
0977
0970
0966
0966
0962
0959
0959
0966
0980
0998
1020
1055
1131
1206
1281
1356
1424
1449
1460
1471
1478
1485
1489
1496
1503
1510
1517
1524
1532
1539
1549
1564
1600
1628
1653
1685
1718
1761
1786
1807
1821
1832
1836
1832
1825
1811
1793
1768
1728
1696
1657
1596
1528
1464
1399
1331
1277
1238
1220
1206
1195
1188
1202
1231
1263
1302
1335
1356
1374
1385
1385
1370
1345
1317
1285
1260
1238
1224
1209
1199
1184
1170
1159
1149
1134
1113
1077
1052
1041
1034
1030
1027
1023
1020
1016
1013
1009
1009
1005
1005
1005
1009
1009
1013
1016
1020
1023
1027
1030
1034
1041
1048
1066
1113
1156
1181
1206
1231
1270
1324
1353
1367
1381
1388
1392
1392
1385
1374
1356
1335
1306
1256
1227
1206
1184
1163
1138
1120
1106
1095
1084
1073
1063
1052
1041
1027
1016
1005
0998
0987
0977
0970
0959
0945
0923
0887
0869
0851
0841
0859
0923
1095
1378
1786
2290
2845
3364
3719
3815
3568
3031
2358
1764
1381
1213
1149
1088
0970
0794
0651
0604
0637
0687
0740
0766
0776
0787
0798
0801
0805
0801
0798
0794
0783
0773
0762
0744
0715
0687
0655
0637
0626
0615
0604
0597
0590
0587
0590
0594
0597
0604
0612
0619
0626
0637
0655
0672
0690
0705
0719
0730
0744
0758
0766
0773
0783
0816
0902
0955
0995
1020
1030
1034
1038
1041
1052
1013
0945
0887
0848
0812
0740
0647
0551
0490
0461
0443
0433
0425
0422
0415
0411
0404
0397
0386
0375
0357
0332
0322
0329
0343
0354
0361
0372
0379
0390
0397
0408
0422
0454
0519
0572
0608
0619
0622
0626
0633
0640
0630
0601
0579
0558
0544
0544
0551
0558
0565
0572
0576
0569
0551
0540
0533
0526
0519
0515
0515
0511
0511
0508
0511
0515
0519
0526
0533
0540
0544
0551
0561
0572
0579
0590
0601
0619
0690
0905
1267
1764
2333
2870
3228
3321
3078
2570
1958
1403
1034
0916
0880
0851
0823
0791
0755
0708
0680
0658
0622
0565
0529
0515
0504
0493
0486
0479
0479
0479
0479
0483
0486
0493
0504
0515
0533
0565
0630
0662
0676
0690
0705
0723
0740
0758
0780
0798
0819
0837
0848
0862
0891
0945
0970
0980
0991
0998
1005
1009
1013
1016
1020
1020
1023
1027
1027
1030
1038
1048
1016
0977
0941
0894
0841
0773
0701
0626
0590
0572
0558
0547
0540
0533
0529
0526
0522
0519
0515
0511
0508
0504
0501
0490
0472
0454
0440
0429
0418
0411
0404
0397
0393
0393
0393
0397
0400
0408
0415
0422
0433
0443
0465
0486
0515
0558
0608
0633
0644
0655
0669
0680
0690
0701
0712
0726
0737
0751
0766
0780
0791
0801
0812
0823
0823
0823
0812
0801
0787
0762
0712
0672
0640
0619
0604
0594
0583
0579
0576
0583
0594
0608
0622
0637
0655
0672
0690
0705
0719
0726
0730
0733
0740
0744
0748
0751
0758
0758
0762
0766
0769
0773
0780
0816
0952
1174
1514
1983
2548
3110
3518
3661
3450
2967
2255
1553
0998
0644
0547
0544
0594
0601
0544
0415
0329
0300
0332
0433
0519
0612
0647
0665
0676
0644
0590
0540
0515
0501
0490
0486
0490
0501
0515
0536
0583
0612
0622
0630
0637
0644
0647
0651
0658
0662
0665
0669
0672
0676
0680
0683
0694
0705
0723
0740
0758
0791
0841
0902
0959
0995
1016
1030
1030
1020
1002
0977
0930
0884
0841
0798
0748
0698
0665
0640
0615
0590
0554
0533
0519
0508
0493
0483
0468
0454
0436
0418
0393
0372
0354
0343
0329
0307
0311
0336
0361
0383
0408
0433
0472
0522
0554
0569
0583
0597
0608
0619
0630
0644
0655
0644
0626
0615
0604
0597
0590
0590
0594
0604
0615
0626
0640
0662
0683
0712
0755
0805
0826
0841
0851
0855
0844
0834
0816
0794
0783
0780
0776
0773
0766
0766
0769
0787
0805
0823
0841
0851
0862
0866
0873
0880
0891
0887
0862
0826
0776
0744
0723
0712
0719
0744
0780
0834
0862
0884
0894
0891
0873
0848
0823
0787
0787
0841
0977
1242
1596
2029
2509
2974
3361
3497
3371
3021
2459
1872
1302
0891
0698
0630
0651
0715
0801
0851
0898
0930
0902
0876
0859
0844
0841
0841
0851
0866
0876
0887
0891
0894
0902
0909
0916
0923
0930
0934
0941
0945
0955
0966
0995
1041
1063
1073
1088
1106
1134
1177
1238
1281
1302
1324
1345
1363
1378
1392
1403
1413
1421
1424
1428
1435
1442
1456
1453
1421
1388
1349
1324
1299
1270
1234
1181
1116
1052
0991
0934
0866
0808
0769
0762
0758
0755
0758
0758
0755
0748
0733
0723
0708
0687
0672
0683
0701
0715
0726
0737
0744
0744
0733
0715
0698
0676
0644
0626
0637
0655
0669
0683
0698
0701
0698
0690
0680
0676
0672
0669
0662
0658
0655
0658
0665
0672
0676
0683
0694
0701
0715
0730
0744
0755
0766
0773
0783
0791
0794
0794
0791
0783
0780
0773
0762
0751
0730
0694
0680
0672
0669
0662
0658
0655
0651
0647
0647
0647
0651
0655
0662
0672
0680
0690
0712
0769
0819
0848
0862
0873
0884
0894
0902
0887
0848
0791
0726
0690
0665
0687
0751
0887
1138
1499
1947
2426
2888
3239
3343
3228
2774
2154
1503
0987
0719
0658
0640
0626
0608
0594
0569
0544
0583
0630
0669
0672
0644
0619
0590
0576
0587
0615
0658
0726
0758
0766
0776
0780
0783
0791
0794
0798
0801
0805
0808
0812
0816
0816
0816
0816
0819
0819
0823
0830
0837
0844
0859
0894
0937
0991
1063
1116
1149
1170
1181
1188
1199
1213
1209
1188
1163
1141
1141
1170
1195
1224
1224
1191
1145
1088
1027
0973
0891
0791
0719
0651
0604
0576
0565
0554
0547
0544
0540
0540
0544
0551
0558
0569
0576
0583
0590
0594
0601
0608
0615
0626
0637
0647
0658
0669
0680
0694
0715
0751
0783
0808
0819
0826
0834
0837
0841
0844
0851
0855
0859
0862
0862
0862
0862
0859
0855
0851
0844
0841
0841
0834
0823
0816
0805
0776
0715
0669
0640
0640
0683
0791
1005
1317
1714
2179
2673
3056
3189
3078
2616
2015
1449
0991
0823
0773
0744
0726
0712
0705
0698
0687
0676
0662
0640
0604
0569
0526
0501
0483
0461
0454
0468
0501
0551
0619
0662
0690
0712
0733
0755
0776
0780
0762
0744
0726
0730
0776
0823
0862
0894
0916
0952
0998
1023
1034
1045
1052
1063
1070
1077
1084
1091
1098
1109
1116
1116
1106
1088
1066
1041
1002
0970
0945
0927
0902
0869
0834
0798
0762
0730
0708
0690
0655
0604
0576
0554
0554
0594
0626
0658
0683
0698
0712
0726
0744
0755
0751
0740
0723
0705
0740
0783
0816
0830
0837
0841
0841
0844
0837
0826
0819
0812
0801
0798
0798
0805
0819
0834
0866
0912
0930
0941
0952
0955
0952
0941
0927
0909
0884
0923
1030
1277
1650
2136
2695
3232
3604
3711
3486
2981
2373
1796
1424
1181
1013
0905
0869
0855
0844
0873
0912
0941
0912
0869
0812
0740
0705
0690
0683
0680
0698
0726
0751
0776
0791
0794
0787
0780
0773
0766
0762
0769
0787
0812
0848
0894
0959
1020
1059
1081
1095
1120
1159
1213
1267
1306
1338
1363
1378
1385
1392
1399
1403
1403
1396
1388
1374
1360
1338
1302
1274
1234
1184
1131
1077
1027
0980
0948
0930
0912
0891
0866
0841
0812
0798
0787
0780
0773
0769
0766
0762
0762
0762
0762
0762
0766
0769
0773
0776
0783
0787
0801
0837
0880
0909
0923
0934
0905
0873
0851
0837
0819
0801
0787
0776
0766
0762
0755
0755
0751
0748
0744
0744
0744
0751
0762
0776
0791
0805
0823
0837
0844
0848
0844
0841
0834
0823
0819
0808
0798
0787
0780
0780
0783
0787
0791
0794
0798
0801
0808
0816
0830
0841
0851
0869
0884
0894
0905
0916
0927
0941
0948
0941
0919
0884
0841
0819
0808
0801
0798
0791
0787
0783
0780
0780
0776
0776
0780
0780
0776
0773
0766
0766
0769
0780
0787
0791
0798
0801
0808
0812
0819
0823
0830
0834
0837
0841
0848
0859
0912
1088
1360
1732
2197
2731
3243
3651
3772
3586
3071
2391
1775
1310
1120
1052
1027
1016
0984
0912
0776
0694
0601
0554
0533
0522
0515
0511
0515
0522
0533
0547
0561
0590
0622
0662
0698
0726
0744
0762
0773
0773
0769
0762
0758
0751
0751
0776
0805
0848
0902
0955
1009
1059
1084
1098
1113
1116
1109
1095
1081
1063
1045
1030
1030
1041
1063
1084
1116
1141
1159
1177
1184
1174
1149
1109
1063
1027
0984
0941
0894
0844
0794
0766
0751
0740
0730
0726
0719
0712
0708
0705
0701
0698
0694
0683
0676
0676
0680
0698
0719
0748
0783
0798
0801
0805
0808
0812
0808
0798
0783
0769
0758
0751
0748
0740
0730
0723
0715
0708
0705
0705
0705
0705
0712
0715
0723
0730
0740
0751
0762
0769
0776
0791
0808
0823
0837
0844
0851
0859
0866
0873
0880
0887
0887
0887
0884
0880
0876
0876
0862
0884
0934
0952
0970
0980
0991
0995
0991
0984
0970
0952
0934
0894
0841
0808
0791
0766
0740
0698
0655
0633
0615
0604
0615
0644
0669
0694
0723
0758
0780
0801
0816
0834
0844
0851
0862
0873
0898
0952
0987
1013
1023
1005
0973
0945
0912
0898
0909
0937
1020
1263
1650
2169
2770
3364
3822
4073
3973
3540
2863
2179
1632
1249
1109
1052
0995
0887
0830
0780
0751
0780
0812
0837
0844
0830
0794
0766
0737
0715
0715
0733
0762
0805
0869
0905
0919
0934
0941
0948
0959
0970
0977
0987
0998
1005
1020
1034
1048
1063
1073
1088
1102
1123
1152
1177
1199
1234
1285
1342
1396
1424
1446
1456
1464
1456
1438
1413
1374
1313
1256
1199
1152
1123
1102
1088
1077
1066
1055
1041
1023
0998
0955
0887
0837
0794
0758
0740
0726
0719
0708
0705
0701
0698
0701
0708
0719
0733
0748
0758
0769
0780
0791
0805
0816
0826
0837
0841
0851
0859
0862
0862
0862
0859
0851
0848
0844
0841
0841
0841
0837
0837
0837
0837
0837
0834
0826
0819
0812
0805
0801
0798
0791
0783
0776
0773
0773
0773
0766
0755
0744
0737
0733
0740
0755
0773
0787
0805
0834
0855
0859
0855
0844
0841
0830
0823
0816
0812
0812
0812
0812
0816
0819
0826
0830
0837
0841
0851
0869
0902
1013
1299
1757
2391
3107
3772
4052
3926
3404
2645
1814
1234
0816
0669
0622
0594
0576
0572
0576
0579
0587
0594
0604
0594
0536
0497
0468
0443
0429
0429
0440
0451
0468
0501
0569
0619
0644
0662
0683
0698
0712
0730
0751
0762
0744
0708
0687
0665
0647
0633
0633
0640
0655
0672
0708
0787
0844
0873
0894
0916
0934
0952
0970
0987
1009
1027
1034
1023
0998
0962
0902
0805
0712
0633
0565
0501
0465
0451
0436
0422
0400
0379
0357
0325
0282
0254
0232
0214
0200
0189
0171
0153
0132
0096
0057
0035
0021
0007
0000
0014
0042
0085
0153
0221
0286
0322
0340
0357
0375
0390
0404
0415
0425
0436
0443
0451
0447
0443
0433
0425
0422
0418
0415
0411
0404
0400
0400
0397
0393
0393
0390
0390
0390
0393
0397
0400
0404
0411
0411
0383
0357
0332
0332
0357
0393
0447
0504
0565
0608
0633
0651
0651
0633
0612
0601
0590
0579
0572
0565
0558
0554
0554
0551
0547
0540
0533
0519
0565
0690
0923
1252
1675
2165
2648
2996
3103
2838
2319
1600
0948
0472
0221
0186
0254
0383
0433
0433
0400
0383
0372
0361
0354
0347
0340
0340
0340
0340
0340
0343
0347
0354
0361
0375
0390
0422
0454
0497
0554
0615
0669
0694
0708
0715
0726
0737
0748
0762
0776
0812
0869
0919
0959
0991
1020
1048
1084
1116
1145
1174
1199
1217
1231
1245
1256
1260
1256
1245
1231
1213
1195
1170
1145
1116
1088
1052
1005
0959
0916
0902
0894
0887
0884
0876
0876
0880
0891
0902
0916
0937
0902
0859
0826
0823
0819
0816
0816
0816
0830
0844
0862
0884
0898
0898
0884
0866
0848
0830
0816
0830
0851
0873
0902
0923
0941
0959
0980
0987
0980
0966
0945
0923
0952
1030
1191
1442
1796
2240
2713
3110
3232
3196
2895
2405
1900
1492
1295
1231
1199
1174
1163
1152
1134
1116
1098
1073
1045
0984
0948
0945
0941
0945
0970
0991
1013
1041
1077
1091
1098
1109
1116
1127
1131
1138
1141
1145
1149
1156
1159
1159
1159
1163
1166
1170
1177
1188
1206
1260
1302
1328
1356
1381
1417
1449
1456
1460
1460
1464
1464
1467
1467
1467
1467
1464
1456
1446
1435
1421
1406
1381
1356
1335
1310
1288
1267
1252
1238
1231
1220
1206
1191
1174
1159
1141
1120
1102
1091
1084
1084
1081
1077
1073
1070
1063
1063
1066
1073
1084
1091
1095
1098
1106
1109
1113
1116
1116
1116
1116
1120
1127
1131
1131
1134
1134
1134
1138
1141
1141
1141
1141
1145
1149
1152
1156
1156
1159
1159
1159
1159
1152
1145
1138
1127
1120
1116
1113
1109
1106
1102
1098
1095
1095
1091
1088
1084
1077
1077
1073
1073
1073
1073
1073
1073
1073
1073
1077
1081
1081
1084
1088
1095
1102
1109
1113
1116
1120
1127
1152
1170
1184
1191
1199
1202
1209
1217
1220
1227
1231
1234
1238
1242
1245
1249
1256
1270
1267
1238
1224
1213
1202
1195
1188
1181
1170
1159
1134
1102
1077
1063
1052
1041
1030
1016
0998
0966
0923
0902
0887
0876
0873
0873
0876
0887
0902
0927
0955
0962
0966
0973
0980
0991
1002
1009
1016
1023
1030
1034
1034
1034
1034
1038
1041
1045
1045
1045
1041
1038
1034
1030
1027
1023
1020
1016
1013
1009
1005
0998
0991
0973
0973
1023
1149
1406
1775
2255
2792
3275
3622
3701
3429
2863
2158
1521
1034
0887
0841
0816
0794
0780
0755
0726
0762
0801
0826
0841
0830
0812
0787
0755
0715
0669
0615
0583
0558
0547
0554
0572
0594
0612
0640
0672
0698
0715
0733
0748
0755
0762
0769
0780
0794
0791
0766
0744
0723
0708
0712
0730
0758
0798
0851
0937
0987
1016
1030
1045
1055
1066
1073
1084
1095
1109
1120
1120
1102
1081
1052
1016
0987
0948
0894
0841
0776
0723
0683
0647
0619
0601
0579
0561
0544
0526
0508
0493
0476
0461
0443
0429
0415
0411
0415
0422
0429
0436
0443
0451
0458
0472
0483
0501
0519
0544
0561
0572
0590
0608
0619
0626
0630
0633
0640
0651
0658
0669
0680
0690
0705
0715
0723
0723
0723
0726
0730
0733
0730
0694
0665
0640
0622
0612
0604
0601
0597
0594
0590
0587
0583
0579
0579
0579
0579
0583
0587
0594
0601
0619
0619
0594
0576
0561
0547
0544
0551
0569
0587
0597
0608
0615
0626
0633
0640
0647
0651
0655
0658
0658
0662
0669
0680
0683
0672
0644
0626
0608
0594
0583
0583
0587
0590
0597
0601
0604
0608
0612
0615
0622
0626
0633
0644
0651
0662
0672
0694
0705
0694
0672
0658
0651
0644
0637
0626
0619
0612
0604
0590
0572
0536
0468
0422
0390
0390
0436
0558
0816
1227
1782
2426
3071
3590
3797
3669
3203
2552
1864
1277
0884
0748
0740
0801
0841
0855
0869
0837
0780
0723
0644
0561
0519
0501
0490
0479
0476
0476
0483
0497
0511
0519
0526
0533
0536
0544
0551
0554
0554
0551
0547
0540
0536
0529
0519
0504
0497
0504
0526
0554
0597
0665
0751
0808
0873
0934
0987
1034
1073
1098
1127
1145
1159
1166
1166
1156
1138
1123
1113
1098
1084
1066
1048
1020
0980
0948
0905
0859
0794
0715
0626
0540
0511
0497
0490
0486
0483
0479
0476
0472
0465
0458
0451
0440
0429
0411
0400
0400
0415
0440
0479
0536
0558
0569
0576
0583
0587
0594
0601
0608
0615
0626
0637
0651
0665
0705
0773
0805
0823
0837
0848
0859
0866
0869
0876
0884
0891
0894
0898
0898
0898
0894
0891
0887
0884
0880
0873
0866
0862
0855
0848
0841
0830
0819
0805
0787
0769
0744
0719
0687
0672
0687
0712
0730
0744
0758
0769
0783
0794
0805
0819
0830
0841
0844
0855
0862
0869
0873
0873
0869
0866
0862
0855
0848
0841
0823
0823
0848
0927
1081
1335
1703
2194
2766
3357
3822
4023
3808
3228
2434
1635
1041
0787
0755
0805
0830
0801
0712
0644
0626
0615
0604
0601
0597
0597
0597
0597
0601
0608
0615
0630
0644
0655
0665
0683
0705
0723
0737
0751
0766
0776
0783
0794
0808
0819
0834
0848
0876
0919
0952
0984
1013
1048
1098
1156
1202
1238
1285
1320
1353
1370
1374
1374
1378
1378
1381
1381
1381
1370
1356
1335
1306
1263
1227
1184
1123
1059
0995
0916
0855
0826
0805
0773
0733
0715
0705
0698
0687
0680
0672
0669
0662
0655
0651
0644
0640
0637
0637
0637
0637
0633
0630
0626
0619
0612
0608
0615
0633
0655
0676
0705
0730
0751
0762
0769
0776
0783
0787
0791
0791
0791
0791
0791
0791
0787
0783
0780
0776
0773
0769
0766
0762
0758
0758
0762
0766
0769
0773
0780
0783
0794
0801
0805
0801
0794
0783
0773
0762
0751
0740
0733
0723
0712
0705
0698
0690
0683
0680
0672
0658
0644
0637
0644
0662
0687
0723
0769
0791
0808
0826
0830
0823
0819
0812
0808
0805
0805
0805
0805
0808
0808
0812
0812
0816
0823
0826
0830
0830
0826
0819
0812
0808
0801
0794
0783
0776
0769
0769
0773
0783
0791
0801
0808
0819
0830
0841
0859
0876
0898
0941
1020
1166
1424
1807
2287
2827
3314
3540
3511
3139
2434
1650
0991
0576
0440
0429
0511
0626
0698
0766
0841
0869
0880
0891
0894
0898
0905
0905
0909
0912
0912
0916
0919
0919
0919
0916
0916
0919
0919
0923
0923
0923
0923
0923
0927
0930
0934
0941
0945
0952
0959
0980
1002
1020
1034
1052
1077
1088
1081
1066
1048
1030
1034
1073
1127
1195
1249
1285
1335
1367
1392
1413
1424
1417
1399
1374
1345
1302
1263
1224
1184
1131
1063
0973
0876
0801
0773
0755
0744
0737
0733
0733
0740
0751
0758
0769
0780
0791
0801
0808
0812
0805
0791
0769
0744
0715
0665
0640
0626
0615
0604
0601
0597
0608
0633
0665
0708
0769
0805
0837
0869
0894
0909
0919
0930
0937
0941
0945
0945
0941
0941
0941
0937
0937
0934
0930
0927
0927
0937
0948
0962
0984
1016
1052
1141
1302
1557
1907
2333
2770
3096
3225
3035
2545
1861
1141
0551
0250
0150
0196
0329
0511
0662
0719
0737
0723
0698
0672
0640
0644
0687
0737
0783
0808
0823
0830
0837
0841
0848
0855
0862
0869
0876
0884
0894
0898
0898
0891
0876
0862
