0760
0876
0931
0957
0977
0997
1017
1027
1027
1012
0982
0951
0931
0916
0896
0871
0856
0836
0826
0821
0815
0810
0815
0821
0831
0846
0856
0876
0891
0906
0926
0946
0967
0997
1027
1062
1093
1113
1133
1143
1153
1163
1173
1183
1188
1198
1208
1213
1218
1218
1218
1208
1188
1168
1143
1118
1098
1072
1047
1017
0992
0962
0936
0906
0881
0856
0831
0800
0775
0745
0720
0695
0669
0654
0639
0624
0609
0604
0594
0589
0589
0584
0584
0589
0589
0589
0589
0594
0594
0594
0594
0594
0594
0594
0599
0604
0609
0614
0624
0634
0644
0654
0664
0679
0695
0715
0861
1138
1506
1944
2392
2790
3107
3213
3273
3253
3037
2679
2241
1798
1405
1098
0861
0705
0609
0559
0523
0493
0458
0418
0382
0352
0327
0307
0282
0266
0251
0236
0221
0211
0201
0196
0196
0201
0211
0221
0236
0256
0277
0297
0322
0342
0372
0413
0458
0503
0543
0579
0609
0654
0705
0755
0810
0861
0881
0901
0916
0936
0946
0962
0972
0977
0987
0992
0997
0997
0997
0997
0992
0987
0982
0972
0957
0946
0926
0911
0891
0871
0846
0800
0700
0604
0523
0463
0407
0347
0292
0236
0181
0135
0105
0085
0065
0055
0045
0035
0030
0020
0015
0010
0005
0005
0000
0005
0010
0020
0025
0040
0055
0070
0095
0120
0146
0166
0196
0241
0297
0337
0367
0392
0407
0418
0428
0438
0448
0453
0463
0468
0478
0478
0483
0478
0478
0478
0478
0478
0478
0478
0468
0463
0458
0448
0438
0428
0413
0397
0382
0367
0352
0342
0332
0322
0307
0292
0282
0266
0251
0236
0221
0206
0196
0181
0171
0166
0161
0156
0156
0156
0151
0146
0141
0135
0120
0090
0095
0156
0302
0564
0911
1339
1813
2271
2669
2946
3047
3052
2971
2755
2402
2014
1626
1269
0987
0815
0715
0659
0619
0594
0574
0549
0533
0518
0508
0503
0498
0493
0488
0483
0478
0468
0458
0448
0443
0438
0433
0433
0438
0443
0448
0453
0458
0463
0473
0478
0488
0493
0503
0518
0533
0549
0569
0589
0629
0685
0725
0765
0800
0836
0866
0891
0921
0951
0982
1017
1042
1062
1082
1108
1123
1143
1153
1163
1168
1163
1158
1143
1128
1108
1082
1047
0997
0896
0810
0745
0700
0664
0619
0579
0538
0493
0458
0423
0387
0347
0312
0282
0251
0216
0186
0161
0141
0125
0120
0110
0105
0100
0095
0095
0090
0090
0090
0090
0090
0090
0090
0090
0095
0100
0115
0125
0141
0156
0176
0201
0226
0251
0292
0332
0372
0413
0458
0498
0513
0528
0543
0559
0574
0589
0599
0609
0614
0624
0634
0639
0644
0644
0639
0639
0634
0629
0619
0614
0609
0599
0589
0574
0559
0543
0528
0508
0493
0483
0468
0458
0448
0438
0428
0418
0407
0397
0387
0377
0367
0362
0357
0357
0357
0357
0357
0352
0352
0352
0347
0342
0337
0342
0342
0347
0357
0362
0367
0377
0387
0397
0413
0423
0528
0805
1213
1752
2387
3062
3666
4049
4095
3923
3394
2745
2110
1601
1269
1103
1012
0946
0881
0800
0740
0690
0644
0604
0569
0538
0518
0508
0493
0478
0458
0443
0433
0423
0418
0413
0413
0413
0418
0428
0438
0453
0468
0488
0503
0523
0543
0564
0589
0624
0674
0720
0755
0785
0815
0851
0906
0967
1037
1093
1143
1193
1254
1304
1339
1365
1390
1410
1430
1440
1455
1460
1460
1455
1450
1440
1425
1400
1375
1349
1314
1274
1188
1113
1047
0987
0931
0881
0831
0785
0725
0664
0604
0538
0483
0428
0387
0357
0332
0317
0307
0297
0287
0282
0277
0271
0271
0271
0277
0282
0297
0312
0332
0347
0362
0382
0397
0413
0433
0453
0473
0498
0528
0559
0589
0609
0629
0654
0679
0705
0730
0750
0775
0790
0800
0810
0810
0805
0800
0790
0780
0770
0760
0750
0735
0720
0700
0679
0629
0599
0614
0669
0841
1148
1551
2029
2513
2921
3112
3178
3067
2730
2236
1697
1208
0841
0609
0533
0468
0418
0367
0322
0292
0277
0271
0266
0261
0256
0256
0251
0251
0251
0246
0246
0246
0251
0266
0282
0307
0332
0357
0382
0413
0458
0508
0554
0589
0619
0664
0725
0785
0856
0901
0941
0972
1002
1027
1052
1072
1093
1103
1113
1128
1138
1148
1158
1168
1173
1178
1178
1178
1173
1168
1158
1148
1133
1113
1093
1067
1042
1007
0936
0861
0790
0715
0644
0574
0498
0448
0402
0367
0342
0332
0327
0322
0322
0317
0317
0317
0312
0312
0317
0317
0322
0332
0347
0362
0377
0392
0407
0423
0438
0453
0468
0483
0498
0508
0518
0523
0533
0538
0543
0549
0549
0554
0559
0564
0569
0574
0579
0584
0589
0594
0594
0594
0594
0589
0584
0574
0564
0549
0533
0523
0508
0493
0473
0448
0387
0347
0322
0297
0271
0271
0332
0493
0755
1143
1621
2140
2639
3017
3132
3092
2785
2281
1722
1259
0957
0826
0765
0740
0720
0700
0679
0654
0639
0624
0614
0609
0604
0594
0584
0574
0569
0559
0554
0543
0538
0533
0528
0528
0533
0533
0538
0538
0543
0543
0549
0549
0554
0554
0559
0564
0574
0579
0589
0599
0609
0614
0624
0639
0654
0679
0705
0725
0745
0765
0785
0810
0841
0866
0891
0911
0926
0941
0951
0962
0972
0977
0982
0987
0987
0982
0972
0957
0936
0911
0886
0851
0790
0735
0674
0629
0599
0564
0533
0513
0493
0473
0453
0433
0418
0397
0377
0357
0332
0297
0266
0236
0216
0206
0196
0186
0181
0176
0176
0176
0181
0186
0191
0196
0206
0216
0221
0231
0236
0246
0256
0266
0277
0287
0292
0302
0312
0322
0332
0337
0352
0362
0387
0413
0438
0463
0493
0549
0644
0836
1093
1440
1883
2387
2886
3314
3566
3586
3420
2966
2402
1853
1405
1108
0967
0911
0861
0821
0770
0725
0659
0589
0523
0478
0433
0418
0407
0397
0392
0382
0377
0367
0362
0352
0347
0347
0347
0347
0352
0357
0367
0372
0382
0387
0397
0407
0418
0438
0488
0528
0584
0654
0720
0775
0841
0896
0946
0992
1027
1047
1062
1077
1087
1098
1108
1113
1123
1128
1128
1133
1138
1143
1148
1158
1168
1173
1163
1143
1113
1057
0982
0921
0851
0775
0700
0619
0543
0483
0443
0413
0382
0367
0352
0342
0332
0322
0317
0312
0307
0307
0302
0297
0292
0287
0277
0271
0271
0282
0292
0312
0322
0337
0347
0362
0377
0397
0413
0433
0458
0493
0523
0543
0584
0639
0679
0695
0710
0725
0745
0760
0770
0785
0795
0805
0815
0826
0836
0831
0831
0821
0815
0805
0795
0775
0745
0700
0664
0634
0619
0634
0674
0790
1012
1339
1762
2261
2775
3208
3440
3450
3279
2845
2296
1732
1229
0861
0654
0569
0528
0503
0483
0468
0458
0448
0438
0428
0418
0413
0413
0418
0433
0448
0463
0478
0488
0493
0503
0513
0523
0533
0543
0554
0564
0574
0579
0589
0594
0604
0614
0624
0639
0654
0669
0679
0690
0700
0715
0740
0770
0805
0821
0831
0841
0851
0861
0866
0876
0881
0881
0886
0886
0886
0881
0876
0871
0866
0856
0846
0836
0821
0805
0765
0720
0685
0654
0619
0594
0564
0533
0513
0488
0463
0438
0407
0392
0382
0377
0372
0372
0367
0362
0367
0377
0392
0397
0407
0418
0428
0433
0433
0428
0423
0418
0413
0407
0402
0397
0392
0392
0397
0402
0407
0418
0423
0428
0433
0438
0438
0443
0443
0438
0438
0433
0433
0428
0423
0423
0423
0418
0418
0413
0413
0413
0413
0413
0413
0413
0413
0418
0418
0423
0423
0428
0433
0438
0448
0458
0468
0488
0518
0554
0574
0594
0609
0619
0629
0639
0644
0654
0659
0669
0674
0685
0690
0695
0700
0695
0679
0664
0639
0604
0538
0518
0508
0503
0503
0498
0493
0488
0488
0483
0478
0468
0463
0453
0448
0448
0443
0438
0433
0428
0418
0407
0392
0382
0377
0372
0372
0377
0387
0402
0418
0433
0468
0493
0513
0523
0528
0538
0543
0549
0554
0559
0564
0569
0574
0579
0589
0594
0604
0614
0634
0659
0685
0710
0740
0775
0800
0821
0836
0851
0861
0866
0856
0841
0821
0780
0710
0644
0609
0594
0579
0569
0609
0730
0936
1254
1697
2236
2805
3329
3707
3812
3596
3102
2442
1752
1188
0831
0639
0549
0523
0503
0488
0483
0478
0473
0473
0468
0468
0468
0468
0463
0463
0463
0463
0463
0463
0473
0483
0498
0513
0533
0564
0599
0624
0674
0745
0790
0815
0836
0861
0886
0906
0931
0957
0982
1007
1022
1032
1047
1057
1062
1067
1072
1077
1077
1072
1072
1067
1067
1062
1052
1047
1037
1032
1022
1012
1002
0987
0977
0962
0951
0941
0926
0911
0886
0846
0810
0770
0735
0690
0654
0624
0609
0589
0569
0549
0528
0513
0498
0483
0478
0468
0463
0458
0453
0453
0453
0463
0473
0488
0498
0503
0513
0523
0533
0543
0554
0564
0569
0574
0579
0579
0579
0574
0569
0564
0559
0554
0549
0543
0538
0533
0518
0483
0458
0443
0433
0423
0413
0402
0392
0387
0377
0372
0367
0362
0357
0357
0352
0347
0342
0337
0332
0327
0322
0322
0317
0317
0317
0322
0322
0332
0337
0347
0357
0367
0382
0448
0599
0831
1168
1601
2125
2684
3203
3591
3737
3611
3258
2760
2231
1742
1344
1067
0916
0836
0770
0690
0624
0589
0559
0538
0518
0503
0483
0468
0448
0428
0407
0387
0367
0347
0332
0317
0307
0297
0287
0282
0282
0282
0292
0302
0317
0332
0352
0377
0407
0433
0463
0498
0543
0589
0624
0669
0720
0765
0815
0861
0911
0957
1007
1037
1057
1077
1098
1118
1133
1153
1173
1193
1198
1203
1208
1213
1223
1229
1223
1203
1168
1113
1042
0982
0911
0836
0760
0674
0604
0549
0503
0458
0423
0392
0362
0327
0302
0282
0266
0246
0231
0216
0206
0196
0191
0181
0171
0166
0161
0156
0156
0156
0156
0156
0161
0171
0176
0186
0196
0206
0216
0236
0277
0312
0342
0377
0423
0473
0503
0528
0543
0559
0569
0579
0589
0594
0599
0604
0609
0609
0614
0619
0619
0619
0619
0614
0609
0604
0594
0584
0569
0554
0543
0533
0523
0513
0498
0483
0473
0463
0453
0443
0433
0423
0413
0402
0392
0382
0367
0352
0337
0332
0327
0322
0322
0317
0312
0312
0307
0317
0332
0357
0402
0463
0518
0584
0619
0639
0659
0669
0679
0685
0685
0685
0685
0679
0679
0679
0679
0679
0685
0685
0685
0685
0685
0685
0685
0685
0685
0679
0674
0664
0659
0649
0639
0629
0619
0609
0579
0559
0543
0533
0528
0518
0513
0503
0498
0493
0488
0483
0483
0483
0483
0483
0488
0488
0493
0498
0503
0508
0513
0518
0523
0528
0538
0543
0559
0574
0589
0604
0614
0629
0639
0654
0664
0679
0690
0705
0715
0730
0745
0760
0770
0780
0790
0800
0805
0810
0810
0810
0810
0800
0795
0785
0775
0760
0735
0735
0770
0876
1103
1440
1893
2402
2906
3334
3561
3571
3379
2916
2322
1727
1249
0941
0750
0679
0654
0639
0629
0619
0609
0599
0584
0564
0549
0538
0523
0508
0493
0483
0478
0483
0488
0498
0518
0533
0564
0609
0644
0679
0715
0755
0790
0821
0851
0876
0911
0951
1017
1052
1072
1087
1103
1113
1123
1133
1133
1138
1138
1143
1143
1143
1143
1143
1143
1148
1148
1148
1153
1153
1153
1153
1148
1143
1128
1113
1098
1077
1047
1002
0962
0931
0896
0861
0826
0795
0760
0715
0685
0644
0584
0523
0488
0468
0453
0443
0438
0433
0433
0433
0428
0428
0433
0433
0438
0443
0453
0463
0468
0478
0483
0493
0498
0503
0508
0513
0518
0518
0523
0518
0518
0508
0503
0498
0488
0483
0473
0468
0458
0453
0448
0443
0433
0423
0413
0402
0392
0387
0377
0377
0372
0372
0372
0367
0367
0367
0362
0357
0347
0342
0332
0327
0327
0327
0322
0327
0332
0342
0357
0372
0392
0407
0423
0453
0483
0508
0538
0559
0574
0584
0594
0604
0609
0614
0619
0624
0629
0629
0634
0634
0629
0629
0624
0619
0614
0609
0604
0594
0584
0574
0564
0554
0538
0518
0503
0488
0468
0453
0438
0418
0397
0382
0367
0357
0347
0337
0327
0317
0307
0302
0307
0317
0332
0347
0362
0372
0387
0397
0413
0423
0433
0443
0453
0463
0473
0478
0488
0493
0508
0523
0554
0584
0614
0644
0674
0705
0730
0750
0765
0780
0785
0795
0800
0805
0815
0821
0821
0821
0810
0800
0785
0770
0750
0735
0710
0679
0654
0619
0594
0554
0508
0478
0468
0463
0443
0458
0569
0760
1037
1395
1813
2266
2709
3067
3233
3233
3052
2674
2236
1848
1500
1198
0946
0755
0659
0609
0579
0554
0533
0518
0498
0478
0468
0498
0549
0589
0619
0644
0669
0690
0710
0725
0735
0740
0750
0755
0760
0765
0765
0770
0770
0775
0780
0785
0785
0790
0795
0795
0800
0805
0810
0821
0826
0831
0841
0851
0861
0871
0886
0901
0916
0936
0946
0957
0962
0962
0967
0967
0972
0972
0972
0977
0982
0982
0982
0977
0962
0941
0911
0886
0856
0826
0795
0765
0735
0700
0654
0609
0569
0549
0538
0533
0523
0518
0513
0508
0508
0503
0498
0488
0478
0468
0458
0448
0438
0428
0413
0402
0397
0387
0382
0372
0362
0352
0342
0327
0317
0307
0292
0282
0271
0261
0256
0261
0261
0266
0271
0277
0287
0297
0307
0317
0337
0352
0367
0483
0679
0972
1370
1848
2382
2881
3248
3309
3238
2820
2216
1586
1047
0679
0594
0559
0559
0589
0609
0624
0644
0649
0649
0639
0629
0624
0619
0619
0614
0609
0604
0594
0584
0569
0554
0543
0533
0528
0523
0513
0503
0498
0488
0483
0473
0473
0473
0478
0488
0503
0518
0538
0554
0574
0609
0649
0685
0725
0765
0810
0846
0876
0901
0931
0962
0992
1012
1022
1037
1047
1052
1057
1062
1062
1062
1057
1052
1042
1027
1012
0997
0977
0936
0896
0851
0790
0725
0669
0614
0564
0523
0483
0443
0402
0367
0337
0307
0271
0246
0231
0216
0201
0191
0181
0171
0166
0156
0151
0141
0135
0130
0125
0130
0141
0151
0166
0181
0191
0196
0206
0216
0226
0236
0241
0251
0256
0266
0271
0277
0287
0297
0312
0337
0387
0433
0473
0498
0528
0554
0584
0614
0664
0700
0730
0755
0770
0775
0780
0785
0790
0795
0795
0790
0775
0755
0740
0725
0705
0690
0669
0644
0614
0574
0523
0483
0448
0438
0448
0483
0574
0795
1123
1536
2009
2523
3017
3409
3530
3490
3173
2669
2110
1596
1173
0881
0715
0634
0574
0513
0448
0392
0367
0357
0347
0342
0337
0332
0332
0332
0332
0337
0342
0352
0362
0382
0397
0418
0453
0488
0518
0569
0639
0690
0715
0735
0755
0770
0785
0795
0800
0805
0815
0821
0826
0831
0836
0836
0841
0841
0846
0846
0846
0851
0851
0856
0861
0861
0866
0866
0866
0866
0866
0866
0866
0866
0866
0871
0871
0871
0861
0851
0831
0805
0765
0720
0674
0639
0609
0579
0543
0508
0478
0458
0443
0433
0423
0413
0407
0407
0413
0423
0438
0458
0473
0493
0518
0549
0569
0589
0604
0614
0634
0649
0664
0664
0649
0629
0609
0594
0574
0559
0538
0523
0503
0493
0483
0478
0473
0468
0463
0458
0453
0448
0443
0438
0428
0418
0413
0407
0402
0392
0377
0362
0337
0312
0312
0322
0342
0392
0579
0861
1264
1767
2316
2860
3304
3490
3475
3208
2709
2105
1495
0987
0679
0604
0579
0624
0669
0705
0720
0705
0674
0649
0629
0609
0599
0579
0569
0559
0554
0543
0538
0528
0523
0518
0518
0513
0508
0508
0508
0508
0508
0513
0518
0523
0528
0533
0538
0549
0559
0569
0579
0599
0644
0679
0710
0745
0795
0836
0876
0906
0936
0962
0982
1002
1022
1037
1052
1062
1072
1082
1087
1087
1093
1093
1093
1082
1077
1067
1052
1037
1022
0987
0962
0936
0911
0876
0831
0760
0679
0629
0604
0579
0549
0518
0493
0473
0453
0433
0418
0402
0382
0352
0312
0307
0307
0307
0307
0312
0312
0312
0307
0307
0307
0307
0307
0307
0307
0307
0307
0312
0312
0317
0317
0322
0322
0327
0337
0337
0342
0347
0352
0367
0407
0448
0498
0549
0574
0594
0604
0599
0589
0574
0559
0604
0740
0977
1339
1798
2322
2865
3349
3611
3616
3384
2865
2236
1601
1098
0785
0725
0710
0700
0679
0654
0619
0564
0468
0407
0372
0352
0337
0332
0327
0322
0317
0307
0302
0297
0297
0292
0292
0292
0292
0297
0307
0312
0327
0342
0357
0387
0438
0473
0503
0538
0584
0639
0720
0790
0841
0876
0911
0936
0957
0977
0987
1002
1012
1027
1047
1072
1093
1113
1133
1148
1148
1133
1113
1093
1072
1052
1027
1002
0972
0936
0886
0851
0815
0775
0730
0685
0639
0594
0549
0513
0478
0443
0402
0352
0322
0307
0297
0287
0282
0277
0271
0277
0282
0297
0312
0332
0347
0372
0407
0438
0463
0478
0488
0493
0498
0508
0513
0518
0523
0528
0533
0538
0538
0543
0543
0543
0543
0538
0533
0528
0523
0523
0518
0513
0503
0498
0493
0488
0483
0478
0473
0463
0453
0448
0438
0428
0423
0413
0402
0397
0392
0392
0392
0387
0387
0382
0382
0377
0372
0367
0362
0357
0352
0357
0362
0372
0387
0402
0423
0448
0473
0498
0523
0564
0624
0674
0705
0730
0750
0765
0770
0780
0785
0790
0790
0795
0795
0795
0790
0780
0770
0755
0740
0720
0700
0664
0634
0614
0604
0594
0584
0579
0574
0569
0559
0549
0543
0533
0518
0508
0493
0478
0458
0438
0423
0418
0413
0407
0402
0402
0397
0392
0387
0387
0387
0392
0397
0402
0407
0418
0428
0443
0463
0488
0518
0554
0599
0624
0654
0690
0720
0740
0750
0760
0770
0775
0775
0770
0765
0755
0745
0735
0725
0715
0705
0695
0685
0674
0664
0654
0644
0629
0604
0559
0549
0538
0554
0664
0866
1168
1581
2090
2639
3137
3485
3611
3470
3102
2583
2014
1511
1128
0891
0770
0725
0685
0664
0649
0639
0634
0629
0624
0624
0634
0644
0659
0674
0690
0705
0725
0750
0765
0780
0790
0795
0805
0815
0826
0836
0841
0846
0851
0856
0861
0866
0871
0876
0881
0881
0881
0886
0886
0891
0891
0886
0886
0891
0891
0896
0896
0901
0901
0906
0911
0911
0916
0921
0926
0931
0936
0941
0951
0962
0972
0982
0987
0992
0992
0992
0982
0972
0957
0941
0921
0886
0851
0810
0785
0765
0745
0730
0710
0695
0674
0659
0644
0624
0609
0589
0564
0528
0498
0483
0463
0448
0433
0418
0407
0397
0387
0377
0372
0362
0357
0357
0352
0342
0337
0327
0317
0312
0302
0297
0292
0282
0271
0266
0256
0251
0241
0226
0216
0211
0216
0236
0261
0292
0312
0337
0362
0387
0413
0428
0438
0453
0463
0483
0498
0518
0533
0549
0564
0584
0599
0614
0629
0644
0659
0669
0685
0700
0710
0725
0730
0730
0720
0710
0695
0674
0659
0639
0624
0609
0589
0569
0543
0513
0478
0423
0402
0413
0438
0518
0715
1022
1425
1898
2417
2891
3218
3273
3213
2865
2367
1838
1380
1032
0790
0619
0528
0478
0448
0423
0397
0377
0352
0327
0297
0271
0271
0292
0332
0392
0493
0543
0569
0589
0604
0614
0634
0649
0664
0669
0674
0679
0685
0690
0690
0695
0695
0700
0710
0715
0725
0735
0745
0750
0760
0765
0770
0770
0775
0775
0780
0785
0795
0805
0815
0821
0826
0831
0831
0836
0831
0826
0815
0800
0790
0775
0760
0750
0730
0700
0664
0629
0614
0604
0589
0579
0569
0559
0549
0538
0528
0518
0503
0498
0488
0478
0468
0453
0438
0423
0423
0428
0438
0453
0473
0498
0543
0589
0619
0639
0659
0669
0669
0659
0649
0629
0614
0594
0574
0549
0528
0508
0493
0473
0463
0448
0438
0433
0423
0413
0407
0397
0392
0382
0367
0347
0327
0302
0266
0246
0261
0297
0392
0614
0957
1425
1974
2533
3007
3263
3284
3117
2664
2105
1536
1047
0740
0669
0644
0639
0649
0654
0664
0659
0614
0589
0569
0554
0543
0538
0538
0538
0543
0543
0549
0559
0569
0579
0584
0574
0549
0528
0513
0493
0473
0463
0453
0458
0473
0493
0508
0528
0543
0564
0584
0599
0609
0624
0639
0654
0679
0705
0730
0755
0785
0826
0871
0911
0941
0967
0987
0997
1002
1007
1012
1017
1022
1022
1022
1022
1017
1007
0997
0987
0972
0936
0871
0815
0775
0720
0674
0639
0614
0599
0584
0569
0549
0533
0503
0473
0458
0448
0438
0428
0418
0413
0407
0402
0397
0392
0387
0377
0372
0367
0367
0362
0357
0352
0347
0342
0342
0342
0342
0337
0337
0332
0332
0327
0327
0327
0327
0327
0332
0337
0342
0347
0357
0362
0372
0387
0453
0609
0856
1218
1682
2211
2755
3243
3591
3717
3571
3168
2599
1994
1460
1082
0846
0775
0755
0750
0740
0725
0700
0659
0609
0549
0508
0478
0458
0448
0433
0423
0413
0402
0397
0387
0382
0377
0377
0372
0367
0372
0377
0387
0397
0413
0423
0433
0448
0458
0473
0488
0498
0508
0518
0528
0543
0569
0609
0659
0705
0745
0775
0800
0826
0861
0901
0936
0957
0977
0987
0997
1007
1012
1017
1027
1032
1037
1037
1027
1017
1002
0987
0967
0936
0901
0861
0805
0730
0654
0589
0538
0498
0438
0402
0382
0362
0347
0332
0317
0302
0292
0277
0261
0246
0231
0216
0201
0196
0191
0181
0171
0166
0156
0156
0156
0161
0171
0176
0186
0196
0211
0236
0266
0292
0307
0322
0332
0347
0362
0377
0392
0407
0428
0463
0493
0523
0569
0624
0654
0669
0679
0690
0695
0700
0705
0705
0710
0710
0715
0715
0715
0720
0735
0730
0695
0654
0609
0584
0549
0518
0549
0624
0821
1128
1546
2065
2629
3148
3535
3697
3591
3218
2654
2009
1405
0946
0659
0554
0523
0503
0488
0473
0458
0423
0377
0352
0337
0327
0322
0322
0327
0342
0357
0372
0387
0418
0448
0483
0523
0564
0604
0624
0644
0659
0679
0705
0725
0750
0780
0805
0826
0841
0846
0856
0861
0866
0876
0881
0891
0896
0906
0916
0926
0936
0941
0951
0957
0972
0982
0992
0997
1007
1012
1012
1012
1012
1007
1002
0997
0987
0972
0957
0926
0856
0795
0730
0679
0639
0604
0564
0528
0498
0478
0468
0458
0453
0448
0448
0453
0458
0463
0473
0478
0483
0488
0493
0498
0498
0503
0508
0513
0513
0518
0513
0513
0508
0508
0503
0498
0493
0493
0488
0483
0483
0478
0478
0473
0473
0468
0463
0458
0453
0443
0438
0438
0433
0433
0433
0438
0443
0448
0453
0463
0473
0478
0483
0498
0523
0554
0584
0609
0624
0639
0654
0669
0685
0695
0705
0720
0735
0755
0760
0750
0730
0705
0679
0644
0624
0639
0674
0770
0992
1329
1783
2316
2886
3420
3848
4034
3898
3470
2840
2140
1506
1027
0720
0564
0488
0448
0423
0407
0387
0367
0357
0352
0342
0337
0327
0322
0317
0317
0317
0317
0317
0322
0327
0337
0342
0352
0362
0377
0392
0423
0453
0478
0508
0543
0594
0639
0690
0735
0780
0826
0871
0911
0957
1012
1052
1077
1098
1108
1113
1113
1118
1118
1123
1123
1123
1128
1128
1128
1128
1128
1123
1118
1113
1103
1087
1072
1057
1027
0972
0936
0886
0826
0770
0705
0649
0609
0569
0528
0488
0443
0407
0382
0362
0347
0332
0317
0302
0292
0277
0271
0277
0287
0307
0332
0367
0418
0443
0458
0468
0483
0493
0503
0513
0518
0518
0518
0518
0513
0508
0508
0503
0498
0493
0493
0488
0488
0488
0483
0478
0473
0463
0458
0448
0443
0438
0433
0428
0428
0423
0423
0423
0423
0423
0418
0413
0407
0407
0407
0413
0418
0428
0438
0453
0468
0478
0488
0493
0498
0503
0513
0518
0523
0528
0528
0533
0538
0543
0549
0549
0554
0559
0564
0564
0569
0569
0569
0574
0579
0584
0589
0599
0609
0619
0624
0624
0619
0609
0594
0579
0564
0549
0533
0518
0503
0493
0488
0483
0478
0478
0473
0468
0463
0458
0453
0448
0448
0443
0443
0438
0438
0443
0443
0448
0448
0453
0458
0463
0468
0473
0483
0493
0508
0549
0609
0644
0674
0700
0720
0735
0750
0760
0770
0780
0785
0790
0800
0800
0795
0790
0785
0775
0765
0755
0735
0695
0649
0624
0609
0604
0589
0579
0564
0549
0533
0523
0513
0508
0498
0488
0478
0473
0468
0458
0453
0453
0448
0448
0443
0443
0443
0438
0438
0438
0433
0433
0438
0448
0468
0493
0518
0564
0604
0639
0674
0690
0700
0705
0705
0710
0715
0720
0725
0730
0735
0735
0745
0750
0755
0760
0765
0770
0775
0785
0790
0790
0785
0780
0770
0755
0740
0725
0700
0679
0664
0669
0679
0705
0780
1002
1329
1767
2301
2865
3389
3752
3863
3656
3178
2533
1888
1359
0972
0750
0674
0649
0639
0629
0619
0609
0604
0589
0579
0574
0569
0564
0559
0554
0554
0554
0549
0549
0549
0549
0554
0559
0564
0569
0579
0584
0589
0594
0599
0604
0609
0614
0619
0624
0629
0634
0644
0654
0659
0674
0690
0710
0735
0760
0780
0800
0836
0881
0936
0967
0987
0997
1012
1022
1027
1032
1037
1042
1047
1047
1052
1057
1062
1072
1082
1077
1057
1032
1002
0967
0936
0906
0876
0851
0815
0780
0740
0695
0629
0599
0579
0559
0543
0528
0508
0493
0478
0458
0448
0438
0428
0423
0418
0413
0407
0402
0397
0397
0392
0387
0382
0377
0377
0377
0377
0382
0382
0387
0387
0392
0392
0392
0397
0397
0397
0402
0407
0413
0418
0423
0428
0438
0443
0453
0463
0473
0483
0518
0554
0574
0589
0599
0609
0609
0619
0629
0639
0644
0644
0644
0644
0644
0639
0634
0629
0619
0609
0604
0594
0584
0569
0549
0503
0498
0533
0629
0846
1153
1536
1979
2452
2901
3238
3339
3304
3027
2583
2085
1611
1213
0911
0725
0624
0538
0458
0392
0332
0302
0287
0271
0266
0266
0277
0297
0317
0337
0367
0387
0413
0438
0468
0513
0569
0599
0614
0624
0634
0649
0659
0674
0685
0695
0710
0730
0755
0785
0815
0846
0866
0881
0891
0906
0916
0926
0931
0941
0946
0957
0967
0972
0977
0987
0992
1002
1007
1017
1022
1027
1027
1027
1027
1022
1012
0997
0982
0962
0926
0866
0815
0750
0674
0609
0533
0468
0428
0397
0367
0347
0332
0317
0312
0307
0307
0317
0327
0337
0357
0377
0413
0423
0428
0428
0433
0443
0443
0448
0448
0443
0433
0428
0413
0397
0392
0413
0423
0433
0443
0448
0443
0433
0413
0387
0352
0337
0332
0327
0322
0317
0312
0307
0307
0307
0307
0307
0302
0302
0302
0302
0297
0292
0287
0282
0277
0271
0266
0261
0256
0256
0251
0251
0236
0246
0342
0538
0861
1314
1848
2412
2931
3324
3470
3455
3223
2800
2286
1783
1375
1098
0987
0957
0936
0916
0896
0881
0856
0810
0730
0649
0584
0518
0458
0438
0433
0423
0413
0402
0397
0392
0387
0387
0382
0382
0382
0387
0392
0397
0402
0413
0423
0433
0443
0453
0473
0508
0543
0569
0609
0644
0690
0725
0760
0790
0821
0846
0871
0901
0936
0967
1002
1032
1057
1077
1087
1098
1108
1118
1118
1118
1118
1108
1098
1082
1062
1037
0987
0941
0881
0815
0750
0690
0629
0569
0518
0488
0453
0413
0377
0342
0312
0287
0266
0246
0231
0221
0216
0211
0211
0206
0201
0201
0201
0211
0221
0236
0256
0277
0302
0332
0357
0387
0413
0438
0463
0483
0508
0533
0554
0574
0594
0609
0619
0624
0634
0639
0649
0654
0659
0664
0664
0669
0669
0664
0664
0659
0659
0649
0644
0634
0624
0614
0609
0594
0564
0528
0498
0468
0438
0423
0438
0468
0569
0750
1042
1450
1939
2473
2956
3299
3430
3319
2981
2447
1833
1289
0916
0750
0695
0715
0750
0770
0745
0654
0543
0498
0478
0463
0468
0518
0543
0554
0564
0574
0579
0589
0599
0609
0614
0624
0629
0634
0639
0644
0649
0654
0654
0659
0664
0669
0679
0685
0695
0700
0710
0715
0720
0735
0745
0760
0795
0871
0911
0931
0951
0962
0977
0982
0992
0997
1007
1012
1017
1017
1017
1007
0997
0982
0962
0941
0901
0866
0831
0790
0745
0700
0664
0629
0599
0569
0533
0493
0458
0443
0433
0423
0413
0407
0402
0402
0402
0402
0407
0413
0423
0433
0443
0453
0468
0483
0498
0513
0523
0528
0533
0543
0549
0554
0559
0549
0528
0508
0498
0488
0478
0473
0463
0458
0453
0443
0438
0428
0423
0423
0418
0418
0418
0418
0418
0418
0418
0418
0413
0402
0397
0392
0397
0407
0423
0438
0448
0463
0478
0493
0498
0498
0493
0488
0478
0468
0448
0453
0498
0614
0826
1153
1596
2140
2735
3304
3762
3943
3923
3606
3037
2347
1677
1138
0760
0624
0589
0564
0543
0523
0508
0473
0413
0357
0322
0302
0292
0282
0277
0277
0271
0282
0302
0322
0342
0357
0372
0387
0402
0413
0428
0438
0453
0473
0498
0528
0559
0594
0629
0679
0730
0775
0815
0851
0891
0936
0977
1012
1037
1057
1072
1082
1093
1108
1118
1133
1148
1163
1178
1193
1213
1223
1229
1223
1213
1198
1178
1138
1072
1027
0992
0951
0906
0841
0770
0695
0624
0584
0543
0503
0433
0372
0322
0287
0271
0256
0246
0241
0236
0231
0226
0231
0236
0246
0256
0271
0287
0302
0327
0352
0377
0407
0438
0458
0468
0483
0493
0508
0513
0523
0533
0538
0549
0554
0559
0564
0569
0574
0579
0589
0594
0594
0599
0604
0604
0599
0594
0584
0574
0559
0549
0533
0508
0483
0458
0438
0418
0402
0382
0372
0357
0352
0357
0367
0377
0397
0418
0448
0498
0513
0518
0523
0523
0523
0523
0523
0523
0528
0528
0528
0533
0533
0533
0533
0533
0533
0533
0533
0533
0533
0533
0533
0538
0543
0543
0549
0549
0554
0554
0554
0559
0554
0549
0543
0538
0538
0533
0533
0528
0523
0523
0518
0518
0513
0508
0498
0488
0483
0488
0498
0518
0538
0564
0599
0619
0639
0649
0654
0664
0669
0669
0674
0679
0679
0679
0674
0669
0664
0654
0644
0634
0619
0604
0579
0554
0533
0518
0503
0488
0478
0473
0478
0493
0518
0589
0755
1022
1395
1873
2427
3001
3475
3661
3641
3354
2820
2175
1556
1062
0730
0604
0564
0599
0614
0619
0629
0634
0639
0644
0649
0654
0659
0664
0669
0674
0674
0674
0674
0679
0679
0679
0685
0685
0685
0690
0690
0695
0700
0700
0705
0710
0710
0715
0715
0720
0725
0730
0745
0760
0805
0846
0871
0881
0896
0901
0911
0921
0931
0941
0946
0957
0972
0987
1012
1057
1077
1087
1093
1103
1108
1108
1108
1098
1087
1072
1057
1042
1022
0997
0972
0951
0921
0861
0780
0725
0685
0644
0594
0518
0473
0448
0428
0418
0407
0402
0392
0387
0382
0377
0372
0367
0362
0357
0352
0347
0342
0337
0337
0337
0337
0342
0352
0362
0372
0387
0402
0418
0433
0443
0453
0458
0468
0473
0483
0493
0503
0508
0518
0528
0533
0538
0543
0543
0543
0549
0549
0549
0549
0554
0554
0554
0554
0559
0559
0564
0564
0564
0564
0569
0569
0574
0574
0574
0579
0579
0584
0584
0579
0569
0564
0554
0543
0533
0523
0513
0503
0493
0488
0483
0473
0468
0458
0448
0423
0397
0428
0508
0679
0946
1309
1762
2286
2820
3299
3576
3601
3440
3022
2473
1919
1430
1052
0800
0664
0624
0604
0589
0579
0569
0549
0503
0473
0458
0448
0438
0433
0433
0433
0438
0438
0438
0443
0448
0458
0468
0473
0483
0488
0493
0503
0508
0518
0523
0533
0543
0559
0574
0589
0604
0619
0649
0685
0710
0730
0750
0780
0826
0881
0941
1002
1047
1072
1082
1098
1108
1113
1123
1123
1128
1128
1128
1123
1118
1108
1098
1087
1072
1057
1022
0987
0951
0921
0886
0856
0826
0795
0760
0730
0690
0644
0599
0554
0513
0483
0443
0407
0392
0387
0377
0367
0362
0357
0352
0347
0347
0342
0342
0342
0337
0337
0337
0337
0337
0337
0332
0332
0332
0332
0332
0332
0337
0337
0342
0342
0342
0342
0342
0347
0347
0342
0342
0342
0347
0347
0352
0357
0362
0362
0367
0372
0382
0387
0392
0397
0413
0428
0443
0463
0478
0493
0508
0523
0533
0543
0559
0569
0574
0579
0584
0589
0594
0594
0599
0599
0604
0609
0614
0619
0619
0604
0579
0564
0554
0543
0533
0523
0513
0503
0498
0493
0488
0483
0478
0473
0473
0468
0463
0453
0448
0443
0443
0448
0453
0463
0473
0483
0488
0498
0508
0518
0528
0538
0549
0564
0579
0594
0609
0639
0664
0679
0690
0700
0710
0715
0720
0720
0725
0725
0720
0710
0705
0695
0685
0674
0669
0664
0659
0654
0649
0649
0644
0634
0629
0629
0624
0619
0619
0614
0614
0614
0609
0609
0609
0604
0599
0594
0584
0579
0569
0554
0533
0513
0503
0488
0468
0438
0443
0488
0609
0831
1168
1616
2140
2689
3178
3515
3631
3500
3148
2659
2160
1742
1425
1234
1168
1128
1098
1052
0972
0876
0800
0760
0740
0710
0685
0669
0664
0659
0649
0644
0634
0629
0624
0619
0614
0609
0609
0609
0609
0609
0609
0614
0619
0624
0629
0634
0639
0644
0649
0659
0664
0674
0695
0715
0735
0755
0775
0795
0826
0861
0891
0911
0931
0957
0982
1017
1037
1057
1072
1082
1098
1108
1118
1128
1133
1148
1158
1168
1168
1163
1153
1133
1113
1077
1027
0977
0926
0876
0831
0785
0740
0700
0669
0644
0614
0589
0564
0533
0503
0473
0453
0438
0428
0418
0402
0392
0377
0367
0357
0352
0342
0332
0322
0312
0307
0302
0297
0292
0287
0277
0277
0271
0266
0261
0251
0246
0241
0241
0251
0266
0287
0312
0347
0407
0443
0468
0493
0523
0559
0574
0589
0594
0604
0609
0609
0609
0614
0619
0624
0629
0634
0634
0634
0634
0639
0644
0654
0700
0846
1098
1450
1888
2382
2871
3273
3420
3399
3137
2659
2110
1616
1239
0977
0826
0745
0695
0669
0644
0624
0599
0554
0473
0407
0362
0332
0322
0312
0307
0297
0292
0287
0282
0282
0282
0277
0282
0282
0287
0292
0297
0302
0312
0317
0327
0347
0387
0433
0498
0574
0634
0710
0790
0856
0906
0967
1027
1067
1103
1118
1128
1138
1148
1153
1158
1163
1163
1163
1168
1163
1163
1158
1153
1143
1133
1123
1113
1098
1052
1012
0957
0886
0805
0735
0674
0609
0559
0488
0423
0377
0347
0322
0297
0266
0231
0211
0196
0186
0171
0161
0151
0151
0146
0146
0146
0151
0151
0161
0171
0181
0196
0216
0261
0332
0382
0418
0458
0503
0574
0609
0619
0629
0634
0644
0649
0654
0659
0664
0669
0674
0679
0679
0685
0685
0685
0685
0679
0674
0669
0664
0654
0649
0644
0639
0634
0629
0619
0609
0604
0584
0559
0533
0518
0503
0488
0478
0463
0453
0443
0433
0428
0418
0413
0407
0402
0392
0382
0372
0347
0337
0357
0418
0579
0871
1284
1783
2337
2886
3354
3596
3606
3404
2976
2463
1974
1576
1284
1138
1082
1042
0997
0921
0831
0745
0659
0579
0538
0523
0508
0498
0488
0478
0473
0468
0463
0458
0453
0448
0448
0443
0443
0438
0433
0428
0423
0423
0433
0448
0468
0493
0508
0533
0564
0584
0604
0614
0634
0659
0705
0740
0775
0815
0861
0916
0962
0997
1017
1032
1042
1057
1072
1093
1113
1128
1143
1158
1168
1178
1183
1178
1173
1168
1158
1143
1128
1093
1052
1007
0967
0931
0881
0821
0750
0685
0624
0559
0503
0468
0433
0402
0377
0347
0317
0287
0261
0241
0226
0211
0201
0196
0186
0181
0176
0171
0166
0166
0161
0166
0166
0171
0181
0196
0211
0236
0277
0302
0317
0327
0337
0347
0357
0362
0372
0382
0392
0402
0418
0433
0453
0473
0498
0518
0538
0559
0589
0654
0710
0745
0765
0775
0780
0785
0790
0795
0795
0770
0740
0720
0705
0690
0674
0659
0649
0634
0629
0619
0609
0594
0559
0513
0453
0392
0362
0337
0342
0397
0549
0821
1208
1697
2266
2845
3344
3651
3681
3520
3057
2463
1843
1304
0891
0639
0518
0483
0458
0443
0433
0433
0433
0433
0433
0428
0428
0428
0433
0433
0448
0478
0513
0554
0589
0629
0690
0750
0785
0800
0805
0815
0821
0826
0821
0810
0795
0790
0780
0775
0770
0765
0760
0755
0755
0755
0760
0770
0780
0790
0805
0815
0826
0836
0846
0851
0861
0871
0881
0891
0901
0906
0916
0921
0931
0941
0957
0972
0982
0982
0982
0972
0962
0946
0921
0871
0810
0745
0685
0639
0599
0579
0564
0554
0549
0538
0533
0523
0518
0508
0498
0493
0483
0473
0468
0458
0453
0448
0438
0433
0423
0418
0407
0397
0392
0382
0377
0367
0362
0352
0337
0317
0277
0256
0246
0241
0236
0231
0231
0226
0226
0226
0226
0226
0231
0241
0251
0266
0282
0297
0312
0332
0357
0377
0402
0423
0448
0483
0538
0584
0614
0634
0654
0664
0669
0674
0674
0674
0679
0685
0685
0690
0695
0695
0700
0705
0705
0700
0700
0695
0690
0685
0679
0669
0664
0654
0649
0644
0634
0619
0604
0589
0569
0554
0538
0528
0513
0503
0493
0483
0473
0463
0453
0443
0433
0423
0413
0397
0372
0347
0337
0347
0372
0397
0418
0433
0443
0458
0468
0483
0498
0508
0518
0533
0543
0569
0609
0649
0679
0690
0700
0710
0720
0735
0745
0755
0770
0785
0810
0921
1143
1475
1924
2463
3047
3566
3853
3873
3681
3198
2594
1999
1485
1098
0851
0705
0664
0639
0614
0599
0589
0574
0538
0458
0407
0377
0357
0347
0342
0342
0352
0367
0382
0402
0418
0438
0463
0483
0498
0513
0523
0538
0559
0574
0594
0609
0629
0664
0710
0755
0795
0841
0886
0936
0987
1037
1077
1108
1133
1158
1178
1188
1198
1208
1218
1223
1229
1234
1234
1239
1234
1234
1229
1223
1213
1203
1188
1173
1158
1138
1093
1057
1032
0992
0926
0861
0790
0725
0654
0584
0518
0463
0392
0342
0317
0297
0287
0277
0271
0266
0261
0256
0251
0246
0246
0251
0266
0287
0307
0327
0357
0382
0407
0423
0443
0453
0463
0473
0488
0508
0528
0549
0564
0584
0599
0609
0619
0624
0614
0609
0599
0584
0569
0549
0513
0488
0473
0458
0448
0443
0433
0428
0433
0438
0448
0463
0473
0493
0508
0503
0478
0448
0433
0423
0413
0397
0387
0377
0367
0362
0357
0357
0357
0357
0362
0367
0377
0392
0402
0418
0433
0458
0513
0554
0594
0629
0649
0659
0669
0674
0685
0695
0700
0710
0725
0785
0957
1223
1601
2075
2604
3127
3551
3732
3722
3475
2991
2387
1772
1239
0871
0695
0629
0599
0579
0559
0538
0513
0493
0473
0453
0433
0418
0402
0387
0377
0367
0362
0357
0352
0347
0342
0342
0342
0347
0347
0357
0362
0372
0387
0413
0473
0533
0599
0654
0700
0740
0775
0815
0871
0906
0931
0957
0977
0992
1007
1027
1052
1077
1103
1128
1153
1173
1178
1178
1183
1188
1188
1193
1193
1183
1168
1148
1123
1082
1047
1012
0972
0931
0871
0810
0755
0695
0629
0574
0523
0458
0382
0327
0312
0307
0302
0297
0292
0292
0287
0287
0292
0292
0302
0312
0322
0332
0347
0367
0402
0438
0473
0498
0513
0528
0538
0549
0554
0554
0559
0559
0559
0559
0559
0564
0564
0564
0564
0559
0543
0528
0513
0503
0498
0493
0483
0478
0468
0463
0463
0458
0458
0453
0453
0453
0453
0453
0453
0453
0453
0453
0453
0453
0458
0458
0463
0468
0473
0478
0488
0493
0493
0498
0498
0498
0503
0508
0513
0523
0533
0549
0559
0569
0579
0599
0619
0725
0941
1259
1672
2160
2684
3158
3500
3611
3470
3092
2568
2004
1500
1118
0881
0770
0735
0695
0659
0604
0513
0418
0352
0332
0327
0317
0312
0307
0302
0297
0292
0292
0292
0292
0292
0297
0307
0312
0322
0327
0337
0347
0357
0377
0423
0468
0513
0559
0599
0629
0674
0730
0775
0821
0851
0871
0896
0921
0951
0987
1022
1052
1072
1093
1108
1118
1123
1133
1138
1143
1143
1148
1148
1143
1138
1128
1113
1098
1077
1047
0992
0946
0886
0821
0755
0690
0644
0614
0584
0549
0508
0463
0423
0392
0367
0342
0312
0302
0287
0282
0271
0266
0261
0256
0256
0261
0266
0277
0287
0297
0312
0322
0342
0362
0377
0392
0407
0428
0448
0468
0493
0518
0543
0569
0599
0629
0664
0679
0695
0705
0715
0725
0730
0735
0735
0735
0730
0725
0720
0710
0700
0685
0669
0644
0619
0599
0569
0543
0523
0508
0488
0473
0458
0443
0433
0428
0418
0413
0407
0397
0392
0387
0382
0377
0377
0372
0372
0372
0372
0372
0372
0377
0377
0382
0387
0392
0402
0413
0423
0433
0448
0478
0518
0564
0614
0669
0705
0720
0730
0740
0750
0755
0760
0760
0760
0760
0760
0750
0740
0730
0720
0710
0700
0685
0674
0664
0649
0644
0634
0624
0619
0609
0604
0599
0589
0579
0574
0564
0554
0543
0538
0528
0523
0518
0513
0513
0508
0503
0498
0493
0488
0483
0478
0478
0483
0488
0493
0503
0513
0528
0549
0589
0614
0629
0639
0644
0649
0654
0664
0674
0690
0715
0750
0896
1173
1561
2044
2573
3082
3515
3777
3807
3697
3339
2860
2367
1903
1516
1229
1022
0916
0881
0846
0810
0765
0679
0599
0549
0518
0498
0488
0478
0473
0463
0458
0453
0448
0448
0448
0453
0458
0463
0468
0483
0493
0508
0523
0549
0574
0594
0609
0629
0649
0674
0705
0745
0785
0831
0896
0962
0997
1012
1032
1057
1087
1113
1133
1153
1168
1178
1188
1203
1218
1213
1173
1148
1133
1123
1108
1098
1087
1082
1072
1062
1052
1022
0967
0906
0841
0765
0700
0644
0579
0528
0493
0463
0428
0413
0402
0392
0382
0372
0367
0362
0357
0352
0352
0352
0357
0362
0372
0382
0392
0402
0413
0423
0433
0443
0453
0463
0478
0493
0508
0518
0528
0533
0538
0543
0549
0549
0549
0549
0554
0554
0559
0564
0564
0554
0538
0523
0503
0488
0458
0433
0418
0402
0397
0392
0387
0382
0377
0367
0362
0362
0357
0352
0347
0347
0347
0347
0347
0347
0352
0352
0352
0357
0357
0362
0367
0372
0377
0382
0387
0402
0418
0438
0463
0488
0508
0528
0564
0609
0654
0679
0695
0705
0715
0725
0735
0740
0745
0745
0745
0745
0745
0745
0735
0730
0720
0705
0695
0679
0664
0644
0609
0574
0543
0508
0463
0423
0382
0347
0347
0392
0523
0750
1093
1561
2125
2724
3268
3646
3772
3621
3243
2709
2105
1541
1093
0805
0695
0659
0639
0624
0619
0614
0614
0614
0614
0609
0609
0609
0609
0614
0614
0614
0614
0614
0614
0609
0609
0614
0614
0619
0619
0619
0624
0624
0624
0624
0629
0629
0634
0634
0639
0644
0649
0654
0659
0664
0679
0700
0715
0735
0755
0780
0826
0871
0906
0931
0951
0972
0992
1007
1027
1047
1072
1098
1123
1143
1158
1173
1188
1193
1193
1188
1173
1153
1133
1098
1042
0997
0941
0866
0805
0760
0710
0664
0629
0599
0574
0554
0538
0523
0513
0498
0488
0473
0458
0443
0423
0402
0382
0367
0347
0327
0307
0287
0266
0246
0231
0226
0216
0206
0201
0196
0191
0191
0191
0191
0196
0201
0211
0226
0241
0256
0271
0307
0342
0387
0423
0443
0463
0478
0493
0503
0513
0518
0528
0538
0549
0554
0564
0574
0579
0589
0594
0599
0604
0609
0609
0614
0614
0614
0614
0609
0609
0599
0589
0574
0564
0554
0543
0528
0518
0503
0488
0473
0463
0448
0428
0402
0372
0342
0312
0282
0266
0277
0307
0382
0584
0891
1314
1828
2392
2941
3364
3495
3465
3168
2689
2165
1652
1203
0851
0629
0503
0458
0458
0498
0523
0533
0543
0554
0564
0569
0574
0584
0589
0599
0609
0609
0614
0619
0619
0619
0624
0624
0629
0629
0634
0634
0639
0644
0649
0654
0659
0664
0664
0669
0674
0679
0679
0685
0695
0705
0730
0755
0780
0815
0851
0896
0921
0941
0957
0967
0977
0982
0987
0992
0992
0997
0997
1002
1007
1012
1022
1022
1002
0972
0946
0911
0876
0841
0810
0785
0755
0730
0705
0690
0679
0664
0654
0649
0654
0664
0685
0705
0720
0735
0750
0765
0780
0795
0800
0795
0785
0775
0760
0750
0730
0705
0674
0644
0614
0594
0579
0559
0543
0533
0523
0513
0508
0508
0503
0493
0488
0483
0473
0468
0463
0453
0448
0438
0428
0418
0407
0402
0392
0382
0377
0372
0362
0357
0347
0342
0337
0332
0332
0332
0337
0337
0342
0347
0357
0367
0377
0387
0397
0418
0463
0498
0533
0564
0609
0644
0674
0700
0700
0679
0654
0634
0624
0609
0604
0589
0579
0574
0564
0554
0543
0533
0503
0453
0418
0392
0397
0448
0579
0800
1123
1541
2034
2548
3017
3359
3480
3349
3001
2513
1964
1470
1067
0775
0579
0493
0473
0463
0448
0423
0402
0382
0362
0347
0327
0312
0302
0302
0307
0317
0327
0337
0352
0372
0402
0443
0483
0513
0528
0543
0564
0579
0589
0604
0609
0619
0639
0669
0705
0740
0765
0780
0800
0815
0831
0851
0861
0871
0886
0901
0926
0946
0957
0962
0962
0967
0977
0982
0982
0982
0972
0957
0946
0936
0921
0911
0896
0881
0866
0846
0826
0800
0765
0730
0700
0649
0574
0503
0453
0413
0392
0377
0367
0357
0352
0342
0337
0332
0332
0327
0327
0322
0317
0317
0307
0302
0307
0327
0357
0387
0423
0453
0468
0478
0488
0498
0503
0508
0508
0503
0498
0493
0483
0478
0473
0473
0468
0463
0458
0458
0458
0458
0458
0463
0463
0463
0463
0463
0463
0458
0458
0458
0458
0458
0458
0458
0458
0453
0453
0453
0448
0448
0443
0433
0428
0428
0433
0443
0463
0493
0594
0770
1062
1470
1974
2528
3032
3349
3394
3294
2921
2412
1848
1354
1017
0810
0700
0659
0644
0649
0664
0679
0700
0695
0654
0609
0559
0523
0513
0508
0503
0498
0493
0483
0478
0473
0473
0468
0473
0473
0473
0478
0483
0483
0493
0498
0503
0508
0518
0528
0554
0584
0609
0644
0679
0715
0750
0775
0805
0836
0871
0901
0921
0951
0987
1032
1057
1072
1087
1098
1108
1113
1118
1118
1123
1123
1123
1128
1128
1128
1133
1138
1138
1108
1077
1037
0992
0931
0851
0755
0674
0614
0569
0523
0473
0428
0402
0382
0372
0362
0352
0342
0332
0327
0322
0317
0312
0307
0307
0302
0297
0297
0292
0292
0292
0292
0297
0297
0307
0312
0317
0327
0337
0347
0362
0382
0428
0468
0513
0559
0609
0629
0644
0659
0669
0679
0685
0685
0685
0685
0674
0669
0654
0644
0629
0614
0604
0589
0569
0549
0533
0518
0508
0498
0483
0478
0468
0463
0463
0458
0458
0453
0453
0448
0448
0448
0443
0443
0443
0448
0448
0453
0453
0453
0453
0453
0453
0448
0448
0443
0438
0438
0433
0428
0423
0418
0402
0367
0362
0387
0448
0624
0901
1274
1752
2306
2860
3344
3646
3687
3586
3233
2750
2251
1833
1490
1254
1093
0977
0911
0846
0775
0725
0685
0634
0604
0579
0559
0538
0523
0508
0498
0493
0483
0478
0473
0468
0468
0463
0463
0463
0463
0463
0468
0468
0473
0478
0488
0493
0503
0513
0523
0538
0559
0574
0594
0609
0644
0705
0760
0795
0841
0891
0931
0977
1017
1047
1082
1118
1138
1153
1168
1178
1188
1193
1193
1193
1193
1188
1183
1178
1163
1153
1123
1067
1007
0951
0891
0831
0770
0710
0659
0619
0579
0538
0508
0478
0453
0428
0407
0387
0362
0337
0322
0307
0292
0277
0271
0271
0277
0292
0302
0317
0327
0342
0352
0362
0372
0382
0397
0413
0423
0438
0453
0468
0483
0498
0518
0533
0554
0569
0589
0609
0629
0649
0679
0730
0821
0982
1234
1596
2060
2568
3042
3394
3480
3440
3127
2634
2075
1551
1128
0831
0679
0634
0609
0589
0564
0523
0463
0423
0397
0367
0337
0312
0287
0266
0256
0246
0236
0221
0211
0231
0271
0302
0327
0347
0367
0377
0392
0402
0418
0438
0458
0478
0498
0518
0543
0574
0609
0639
0664
0695
0715
0735
0780
0856
0926
0977
1007
1032
1052
1077
1108
1123
1138
1148
1158
1168
1168
1163
1158
1148
1138
1123
1098
1052
1017
0972
0911
0846
0790
0745
0710
0664
0609
0543
0483
0448
0407
0372
0342
0317
0297
0292
0287
0287
0287
0287
0287
0287
0287
0287
0282
0282
0287
0287
0287
0287
0292
0297
0302
0307
0317
0322
0327
0337
0347
0357
0372
0387
0407
0433
0468
0513
0569
0594
0609
0619
0634
0644
0654
0659
0659
0659
0659
0659
0659
0659
0659
0654
0654
0654
0654
0649
0644
0634
0614
0594
0554
0483
0438
0407
0387
0377
0372
0367
0367
0362
0357
0357
0352
0352
0347
0347
0347
0347
0347
0347
0352
0357
0357
0362
0362
0367
0372
0377
0382
0387
0397
0413
0443
0473
0508
0543
0579
0614
0649
0700
0750
0775
0790
0805
0815
0821
0826
0821
0805
0795
0780
0765
0745
0725
0700
0674
0634
0579
0559
0549
0538
0533
0523
0518
0513
0508
0498
0488
0478
0468
0463
0458
0448
0438
0423
0413
0402
0392
0387
0387
0387
0387
0392
0402
0413
0428
0438
0448
0463
0483
0503
0523
0543
0564
0589
0609
0639
0669
0695
0730
0765
0790
0810
0826
0836
0846
0851
0856
0856
0856
0856
0846
0836
0826
0805
0770
0715
0679
0659
0679
0740
0906
1168
1536
2024
2578
3137
3626
3908
3923
3717
3188
2528
1883
1329
0936
0755
0695
0659
0639
0624
0609
0604
0589
0574
0559
0543
0528
0513
0498
0488
0483
0488
0503
0523
0543
0564
0594
0619
0644
0669
0705
0750
0795
0815
0826
0836
0841
0846
0851
0861
0866
0876
0886
0896
0906
0916
0921
0926
0931
0936
0941
0946
0957
0962
0972
0982
0992
1002
1012
1017
1022
1032
1037
1042
1047
1057
1067
1072
1082
1087
1087
1087
1077
1067
1052
1032
1007
0957
0916
0876
0836
0785
0745
0715
0690
0664
0639
0614
0589
0559
0533
0518
0513
0503
0498
0493
0493
0488
0483
0473
0468
0458
0448
0443
0438
0428
0423
0418
0418
0413
0413
0413
0407
0402
0402
0397
0392
0392
0387
0382
0377
0372
0367
0367
0362
0362
0362
0362
0357
0352
0337
0317
0297
0297
0322
0377
0549
0851
1274
1798
2392
2966
3440
3611
3581
3248
2679
2050
1490
1087
0851
0755
0720
0700
0690
0674
0654
0629
0604
0574
0549
0523
0503
0478
0463
0453
0443
0438
0433
0428
0423
0418
0407
0402
0397
0397
0413
0438
0463
0478
0493
0513
0528
0549
0564
0579
0594
0609
0639
0679
0710
0730
0745
0760
0770
0780
0795
0810
0826
0851
0886
0941
1007
1037
1052
1067
1082
1093
1103
1108
1113
1113
1113
1108
1103
1093
1082
1067
1047
1027
0982
0886
0815
0760
0710
0654
0609
0564
0508
0438
0397
0372
0352
0322
0287
0261
0241
0221
0201
0191
0181
0171
0161
0156
0151
0146
0135
0135
0130
0135
0141
0151
0156
0166
0176
0186
0196
0211
0231
0246
0261
0277
0297
0317
0337
0357
0377
0397
0418
0433
0448
0463
0483
0498
0513
0528
0559
0599
0614
0629
0639
0644
0649
0654
0659
0664
0659
0644
0629
0614
0604
0594
0574
0559
0543
0518
0498
0478
0468
0458
0448
0438
0428
0423
0413
0407
0402
0397
0392
0387
0387
0387
0387
0387
0387
0387
0387
0387
0387
0387
0387
0387
0387
0387
0387
0397
0423
0453
0498
0569
0609
0639
0669
0705
0725
0735
0745
0755
0760
0770
0770
0775
0775
0775
0775
0770
0765
0760
0750
0740
0725
0710
0690
0644
0604
0579
0569
0554
0543
0538
0528
0518
0508
0498
0488
0478
0468
0453
0428
0402
0402
0423
0453
0554
0745
1042
1435
1898
2387
2825
3173
3273
3243
2971
2533
2024
1531
1143
0866
0685
0589
0549
0549
0584
0629
0674
0690
0700
0700
0705
0705
0710
0710
0715
0715
0715
0715
0710
0710
0710
0710
0710
0715
0715
0720
0725
0730
0735
0740
0745
0750
0750
0755
0760
0765
0775
0785
0795
0805
0821
0831
0841
0856
0866
0886
0911
0967
1012
1042
1062
1082
1093
1103
1108
1118
1123
1128
1133
1138
1143
1143
1148
1143
1133
1123
1108
1087
1067
1032
0997
0967
0931
0891
0851
0795
0730
0679
0649
0614
0584
0538
0493
0448
0413
0382
0357
0342
0337
0327
0322
0317
0317
0317
0317
0322
0332
0342
0347
0352
0357
0362
0367
0372
0372
0377
0377
0377
0382
0387
0387
0387
0392
0392
0392
0397
0402
0413
0423
0428
0508
0644
0846
1128
1485
1934
2427
2906
3294
3409
3374
3052
2558
2014
1526
1178
0997
0931
0886
0836
0790
0745
0690
0624
0564
0493
0453
0443
0433
0418
0407
0397
0392
0387
0387
0382
0382
0382
0382
0387
0392
0397
0397
0402
0407
0418
0428
0433
0443
0458
0478
0498
0523
0543
0569
0604
0649
0695
0750
0821
0876
0901
0931
0967
1002
1017
1037
1052
1062
1077
1087
1093
1098
1098
1098
1098
1093
1082
1077
1067
1052
1037
1007
0936
0871
0800
0720
0639
0579
0538
0508
0478
0453
0428
0407
0382
0362
0342
0317
0297
0271
0241
0226
0211
0196
0181
0171
0166
0161
0161
0166
0171
0176
0186
0196
0206
0236
0297
0362
0428
0463
0483
0498
0513
0533
0554
0584
0685
0866
1138
1480
1888
2337
2780
3153
3374
3399
3289
2936
2437
1888
1405
1052
0891
0831
0790
0740
0669
0579
0483
0438
0418
0402
0392
0387
0382
0372
0362
0352
0342
0332
0327
0317
0307
0297
0282
0266
0251
0241
0241
0246
0256
0266
0282
0307
0347
0392
0438
0488
0523
0559
0589
0614
0639
0664
0690
0710
0730
0755
0785
0826
0856
0866
0876
0881
0891
0896
0901
0901
0906
0906
0901
0896
0886
0876
0861
0846
0826
0795
0740
0710
0679
0659
0629
0599
0569
0533
0508
0483
0453
0423
0387
0357
0332
0312
0297
0287
0277
0266
0261
0261
0266
0271
0282
0297
0312
0347
0418
0458
0478
0488
0503
0513
0523
0533
0538
0549
0554
0559
0564
0569
0574
0584
0594
0599
0609
0609
0609
0609
0604
0594
0584
0569
0559
0543
0533
0513
0483
0468
0488
0543
0685
0921
1244
1636
2070
2493
2820
2931
2906
2654
2216
1717
1269
0936
0760
0700
0659
0634
0594
0523
0443
0367
0312
0271
0261
0251
0246
0251
0297
0362
0443
0498
0543
0594
0619
0644
0664
0679
0685
0695
0705
0710
0715
0720
0730
0735
0745
0755
0760
0770
0780
0785
0795
0805
0815
0826
0831
0836
0836
0831
0826
0821
0815
0810
0805
0805
0800
0800
0800
0800
0795
0795
0790
0790
0785
0785
0785
0780
0775
0765
0755
0735
0690
0649
0604
0528
0473
0443
0423
0407
0397
0392
0387
0377
0367
0367
0397
0423
0438
0458
0478
0503
0528
0543
0564
0574
0589
0594
0594
0589
0584
0569
0559
0549
0543
0538
0528
0523
0513
0508
0498
0488
0483
0483
0478
0478
0478
0483
0483
0488
0488
0488
0493
0508
0543
0574
