0851
0686
0512
0336
0178
0052
0021
0009
0000
0001
0015
0025
0038
0067
0109
0148
0177
0205
0236
0273
0313
0346
0374
0400
0427
0451
0471
0477
0483
0486
0493
0502
0517
0536
0565
0597
0627
0660
0700
0747
0793
0832
0869
0913
0961
1009
1054
1099
1147
1193
1236
1276
1315
1351
1384
1417
1452
1487
1516
1542
1568
1596
1626
1654
1681
1706
1730
1743
1757
1770
1782
1795
1803
1807
1810
1813
1816
1820
1825
1836
1847
1853
1850
1836
1824
1811
1799
1787
1776
1765
1758
1765
1783
1819
1840
1847
1838
1811
1778
1747
1722
1698
1674
1654
1647
1654
1674
1713
1750
1784
1816
1844
1869
1895
1924
1956
1987
2014
2034
2041
2047
2053
2059
2065
2067
2069
2070
2072
2072
2073
2072
2071
2069
2066
2062
2054
2041
2031
2020
2007
1995
1974
1952
1937
1909
1881
1859
1835
1812
1792
1781
1770
1759
1748
1737
1725
1712
1696
1681
1663
1646
1636
1629
1625
1625
1628
1632
1640
1653
1666
1680
1696
1712
1728
1744
1757
1765
1766
1768
1769
1769
1763
1761
1759
1758
1757
1756
1754
1752
1750
1748
1746
1743
1739
1729
1713
1692
1670
1644
1613
1581
1549
1516
1479
1431
1375
1308
1233
1148
1054
0951
0844
0739
0645
0565
0506
0474
0462
0470
0492
0537
0595
0659
0714
0762
0810
0850
0883
0914
0945
0975
1009
1045
1085
1134
1187
1235
1280
1332
1382
1432
1483
1537
1592
1645
1694
1740
1783
1818
1844
1859
1871
1880
1886
1895
1906
1912
1917
1919
1919
1917
1913
1907
1896
1884
1871
1855
1839
1827
1818
1811
1802
1792
1775
1753
1728
1702
1679
1665
1650
1634
1618
1602
1591
1582
1576
1569
1557
1534
1510
1488
1481
1476
1472
1469
1466
1463
1461
1459
1450
1424
1380
1321
1250
1174
1100
1032
0966
0902
0844
0793
0757
0730
0708
0699
0692
0688
0692
0704
0738
0783
0838
0901
0966
1034
1107
1177
1244
1305
1359
1410
1460
1513
1567
1618
1665
1704
1737
1772
1805
1835
1861
1883
1896
1911
1924
1942
1962
1976
1986
1992
1996
1997
1995
1992
1988
1984
1979
1972
1965
1959
1953
1949
1946
1943
1941
1939
1936
1933
1930
1930
1934
1942
1953
1970
1985
2000
2012
2025
2037
2045
2050
2053
2047
2028
2007
1988
1975
1960
1947
1924
1899
1874
1852
1841
1822
1803
1778
1748
1716
1685
1657
1631
1605
1577
1552
1527
1513
1504
1499
1496
1495
1498
1504
1512
1524
1536
1547
1566
1587
1611
1635
1657
1671
1685
1700
1715
1730
1745
1760
1772
1786
1801
1817
1835
1849
1861
1873
1882
1889
1896
1905
1915
1925
1935
1942
1946
1946
1939
1928
1915
1895
1874
1854
1832
1810
1786
1760
1734
1709
1685
1663
1641
1634
1634
1637
1645
1672
1713
1763
1816
1864
1900
1909
1913
1912
1897
1879
1857
1832
1808
1795
1790
1790
1797
1808
1822
1837
1851
1873
1894
1914
1928
1944
1962
1980
1996
2003
2007
2010
2012
2012
2012
2010
2006
2002
1994
1980
1959
1936
1908
1878
1849
1820
1792
1769
1748
1735
1719
1703
1687
1672
1657
1644
1623
1597
1567
1539
1516
1503
1491
1479
1467
1456
1450
1447
1445
1448
1454
1461
1470
1477
1484
1492
1499
1511
1520
1524
1526
1526
1518
1511
1504
1499
1495
1490
1484
1478
1472
1468
1464
1460
1448
1429
1405
1381
1357
1336
1317
1295
1281
1264
1250
1238
1226
1213
1200
1174
1145
1112
1080
1051
1025
0999
0972
0948
0926
0919
0915
0913
0911
0910
0910
0911
0915
0920
0926
0934
0942
0950
0957
0963
0978
0997
1020
1042
1063
1085
1099
1114
1130
1143
1152
1157
1161
1164
1168
1174
1182
1192
1201
1212
1222
1228
1230
1231
1231
1232
1232
1232
1232
1231
1229
1227
1224
1220
1217
1213
1210
1207
1206
1203
1200
1198
1198
1202
1208
1218
1232
1239
1244
1247
1250
1253
1257
1262
1269
1276
1281
1285
1290
1294
1297
1299
1300
1302
1303
1304
1306
1307
1308
1309
1312
1317
1327
1335
1339
1344
1349
1366
1386
1407
1414
1420
1425
1431
1439
1451
1461
1464
1465
1467
1468
1471
1475
1479
1486
1496
1504
1514
1528
1543
1557
1572
1584
1596
1607
1616
1625
1636
1647
1658
1669
1680
1690
1700
1711
1722
1734
1745
1757
1768
1780
1795
1810
1826
1842
1858
1872
1893
1915
1944
1985
2039
2106
2182
2255
2309
2328
2306
2249
2172
2100
2051
2024
2009
1985
1950
1910
1884
1875
1875
1883
1889
1894
1898
1898
1896
1892
1889
1886
1884
1884
1887
1892
1898
1910
1919
1924
1927
1927
1923
1918
1909
1895
1887
1882
1879
1879
1883
1888
1892
1898
1903
1909
1915
1921
1924
1926
1928
1929
1930
1931
1930
1927
1924
1921
1918
1915
1914
1917
1923
1932
1947
1965
1979
1989
2001
2014
2029
2046
2062
2074
2083
2089
2096
2108
2117
2121
2125
2127
2128
2128
2128
2128
2128
2129
2129
2129
2126
2120
2114
2109
2103
2099
2093
2087
2080
2074
2070
2065
2060
2056
2051
2046
2041
2032
2020
2008
1996
1982
1969
1958
1946
1935
1927
1920
1915
1909
1905
1901
1898
1896
1895
1893
1891
1892
1895
1895
1892
1884
1866
1851
1841
1838
1839
1841
1843
1844
1844
1844
1844
1845
1845
1845
1849
1855
1860
1861
1860
1858
1857
1858
1857
1853
1851
1848
1846
1841
1835
1830
1827
1826
1822
1815
1810
1805
1795
1782
1769
1757
1751
1745
1737
1731
1723
1715
1708
1701
1696
1690
1682
1675
1669
1662
1654
1649
1646
1644
1646
1652
1660
1669
1678
1686
1692
1701
1717
1752
1811
1890
1978
2058
2105
2106
2065
1973
1864
1763
1686
1636
1611
1594
1574
1546
1520
1497
1475
1460
1443
1429
1417
1407
1399
1395
1394
1393
1392
1391
1391
1390
1389
1388
1388
1386
1381
1372
1364
1361
1365
1372
1381
1391
1408
1431
1456
1480
1491
1496
1501
1505
1505
1499
1492
1488
1486
1482
1471
1463
1456
1449
1443
1439
1437
1439
1443
1449
1457
1461
1460
1455
1449
1444
1438
1427
1417
1409
1403
1398
1391
1386
1382
1379
1379
1379
1374
1365
1355
1343
1329
1312
1300
1291
1285
1284
1288
1295
1303
1314
1332
1351
1368
1377
1380
1381
1380
1380
1379
1379
1382
1392
1408
1426
1439
1446
1448
1445
1439
1431
1424
1420
1416
1408
1398
1383
1362
1339
1307
1278
1247
1220
1196
1184
1173
1160
1148
1134
1109
1081
1049
1011
0965
0908
0844
0781
0722
0672
0631
0598
0572
0551
0540
0534
0530
0524
0521
0521
0524
0530
0537
0542
0545
0547
0546
0540
0532
0524
0516
0510
0507
0509
0528
0563
0616
0689
0788
0915
1074
1252
1429
1584
1700
1774
1809
1805
1782
1752
1725
1711
1712
1739
1790
1845
1890
1922
1944
1953
1959
1966
1976
1989
2018
2054
2094
2134
2178
2232
2296
2378
2482
2604
2742
2894
3053
3218
3381
3536
3673
3785
3873
3943
4002
4051
4087
4095
4092
4091
4092
4093
4092
4074
4040
3985
3910
3813
3699
3582
3479
3394
3323
3268
3242
3245
3270
3327
3411
3507
3582
3610
3606
3572
3509
3427
3336
3251
3175
3103
3034
2967
2904
2842
2776
2701
2619
2532
2441
2347
2250
2152
2057
1969
1894
1831
1780
1737
1700
1667
1638
1610
1589
1576
1569
1564
1566
1572
1579
1582
1583
1582
1577
1570
1563
1559
1557
1552
1546
1544
1547
1552
1558
1564
1574
1587
1606
1624
1637
1643
1651
1657
1663
1667
1669
1672
1674
1673
1670
1664
1657
1651
1644
1640
1638
1636
1633
1631
1627
1619
1607
1596
1587
1578
1567
1555
1546
1541
1536
1526
1517
1511
1507
1503
1499
1495
1494
1493
1492
1489
1485
1479
1469
1461
1457
1452
1444
1442
1450
1476
1508
1546
1595
1657
1720
1758
1769
1751
1706
1637
1569
1518
1490
1473
1454
1432
1407
1382
1360
1342
1330
1324
1319
1312
1305
1300
1296
1293
1290
1287
1287
1288
1291
1294
1297
1301
1304
1305
1306
1311
1324
1338
1353
1368
1381
1388
1393
1395
1399
1404
1410
1418
1426
1434
1444
1457
1467
1476
1483
1493
1504
1515
1524
1530
1534
1536
1540
1548
1558
1570
1578
1584
1591
1597
1601
1602
1602
1602
1602
1603
1605
1608
1611
1615
1617
1619
1619
1616
1611
1605
1599
1594
1587
1581
1578
1577
1575
1573
1573
1575
1573
1568
1563
1558
1555
1553
1554
1558
1564
1571
1577
1582
1586
1587
1585
1583
1582
1581
1582
1583
1585
1589
1595
1602
1607
1609
1609
1608
1607
1606
1606
1607
1609
1612
1616
1619
1622
1622
1621
1620
1619
1618
1614
1610
1606
1605
1608
1613
1619
1622
1621
1619
1617
1613
1606
1599
1590
1585
1582
1580
1578
1576
1576
1577
1578
1579
1577
1574
1570
1570
1572
1575
1578
1581
1583
1586
1587
1587
1587
1588
1592
1596
1601
1606
1609
1609
1607
1605
1602
1597
1593
1591
1590
1587
1584
1581
1576
1571
1565
1559
1554
1550
1549
1547
1547
1551
1570
1600
1642
1700
1776
1860
1927
1952
1925
1854
1754
1650
1569
1542
1535
1534
1531
1532
1531
1520
1499
1488
1486
1486
1485
1483
1483
1486
1487
1485
1482
1479
1477
1479
1480
1482
1486
1489
1491
1491
1490
1489
1489
1490
1491
1493
1493
1493
1490
1487
1484
1481
1478
1476
1473
1471
1469
1469
1468
1466
1463
1461
1462
1466
1470
1470
1469
1467
1467
1469
1475
1488
1499
1508
1517
1529
1537
1540
1540
1540
1541
1548
1558
1569
1576
1579
1581
1586
1588
1589
1588
1587
1584
1581
1580
1579
1577
1573
1570
1571
1572
1573
1573
1575
1577
1578
1578
1578
1578
1581
1584
1590
1597
1602
1602
1599
1594
1589
1584
1579
1576
1573
1572
1571
1572
1571
1568
1562
1558
1554
1551
1549
1549
1549
1555
1555
1555
1556
1557
1557
1558
1558
1558
1558
1558
1559
1560
1560
1560
1559
1559
1559
1559
1561
1562
1563
1565
1566
1567
1568
1569
1572
1577
1581
1584
1585
1585
1585
1585
1585
1586
1586
1587
1587
1587
1586
1585
1585
1585
1586
1586
1587
1587
1587
1587
1584
1583
1581
1580
1578
1576
1575
1573
1570
1568
1566
1565
1565
1565
1566
1566
1566
1567
1573
1578
1583
1586
1587
1588
1590
1592
1595
1595
1596
1596
1595
1594
1593
1591
1590
1588
1588
1589
1592
1596
1600
1612
1637
1677
1730
1794
1864
1927
1959
1960
1927
1854
1765
1684
1624
1595
1584
1576
1568
1555
1538
1526
1517
1510
1502
1496
1493
1490
1488
1488
1489
1491
1493
1495
1497
1499
1502
1504
1506
1508
1510
1511
1514
1516
1519
1522
1525
1529
1532
1536
1538
1540
1541
1541
1541
1541
1541
1542
1543
1544
1546
1546
1546
1546
1546
1547
1548
1550
1553
1556
1563
1569
1573
1576
1581
1587
1594
1602
1610
1619
1628
1634
1639
1643
1646
1649
1652
1654
1653
1650
1646
1640
1634
1625
1619
1614
1606
1599
1597
1595
1594
1593
1593
1595
1596
1596
1596
1596
1596
1596
1596
1596
1596
1595
1594
1593
1592
1591
1590
1589
1588
1588
1587
1587
1586
1586
1585
1584
1583
1583
1583
1584
1584
1584
1584
1584
1584
1585
1587
1587
1588
1589
1590
1591
1593
1597
1599
1600
1601
1602
1603
1603
1600
1599
1598
1596
1596
1595
1595
1594
1593
1593
1592
1591
1590
1589
1587
1584
1584
1587
1590
1594
1596
1593
1588
1583
1577
1575
1574
1572
1571
1570
1570
1572
1573
1574
1575
1576
1576
1576
1577
1577
1578
1578
1578
1578
1579
1580
1580
1579
1576
1575
1574
1573
1572
1572
1571
1571
1570
1569
1569
1569
1569
1569
1569
1568
1567
1567
1569
1572
1575
1576
1577
1577
1578
1578
1579
1580
1581
1582
1583
1583
1584
1584
1584
1584
1583
1583
1583
1584
1584
1584
1585
1586
1588
1590
1593
1599
1618
1652
1700
1760
1827
1895
1951
1973
1969
1927
1848
1754
1670
1613
1597
1593
1588
1583
1570
1550
1543
1548
1556
1561
1563
1564
1564
1559
1554
1549
1545
1543
1543
1542
1542
1541
1540
1540
1540
1539
1539
1539
1539
1540
1540
1540
1540
1540
1540
1540
1541
1541
1542
1542
1542
1543
1543
1544
1545
1546
1546
1547
1549
1552
1555
1559
1563
1567
1571
1575
1578
1581
1585
1591
1603
1610
1613
1615
1617
1619
1619
1620
1621
1622
1622
1622
1623
1624
1625
1627
1626
1619
1612
1606
1602
1598
1594
1589
1586
1584
1582
1581
1583
1588
1591
1595
1597
1599
1599
1598
1595
1592
1587
1580
1577
1574
1571
1572
1579
1584
1587
1590
1592
1594
1596
1597
1599
1600
1601
1602
1603
1605
1607
1607
1606
1603
1599
1595
1590
1587
1585
1584
1582
1581
1582
1584
1585
1586
1587
1587
1588
1589
1589
1589
1589
1590
1590
1590
1590
1589
1589
1589
1589
1589
1589
1588
1588
1587
1586
1585
1584
1581
1579
1576
1572
1564
1559
1555
1552
1549
1546
1543
1541
1539
1537
1536
1535
1533
1532
1531
1529
1528
1527
1526
1525
1524
1523
1523
1523
1523
1524
1526
1526
1527
1528
1529
1529
1531
1532
1533
1534
1534
1535
1537
1537
1539
1540
1541
1543
1545
1548
1552
1555
1557
1560
1562
1564
1565
1567
1568
1569
1570
1570
1570
1569
1569
1568
1567
1565
1563
1561
1556
1547
1543
1540
1538
1540
1545
1550
1556
1564
1568
1572
1575
1576
1577
1576
1576
1575
1575
1574
1573
1573
1572
1572
1572
1573
1574
1575
1575
1576
1577
1579
1580
1580
1580
1579
1578
1578
1578
1577
1576
1576
1576
1577
1579
1583
1586
1590
1596
1602
1608
1615
1619
1621
1623
1624
1625
1626
1625
1624
1621
1617
1610
1598
1588
1577
1570
1564
1564
1569
1585
1617
1660
1713
1772
1830
1878
1899
1897
1862
1796
1721
1657
1626
1616
1611
1609
1608
1600
1581
1561
1549
1546
1544
1543
1542
1542
1541
1541
1540
1541
1541
1542
1543
1545
1546
1548
1549
1549
1549
1550
1550
1551
1552
1552
1552
1553
1553
1553
1553
1552
1552
1551
1550
1549
1548
1546
1545
1543
1541
1539
1537
1538
1541
1544
1550
1560
1568
1574
1580
1585
1590
1595
1599
1603
1606
1610
1614
1619
1626
1634
1639
1641
1643
1645
1646
1646
1647
1646
1646
1644
1641
1639
1634
1627
1618
1612
1608
1604
1601
1597
1595
1592
1590
1587
1584
1581
1578
1576
1576
1575
1574
1573
1572
1572
1571
1570
1568
1567
1566
1565
1565
1565
1565
1565
1564
1564
1563
1562
1561
1560
1559
1558
1559
1559
1561
1562
1564
1565
1567
1568
1570
1571
1572
1572
1573
1573
1573
1572
1572
1571
1570
1568
1567
1566
1564
1562
1561
1559
1558
1557
1556
1555
1555
1554
1554
1553
1553
1552
1551
1549
1549
1548
1547
1547
1547
1547
1548
1549
1549
1550
1550
1549
1549
1549
1549
1548
1548
1548
1549
1549
1549
1549
1548
1547
1545
1543
1541
1545
1552
1563
1578
1605
1645
1699
1767
1839
1902
1936
1938
1912
1848
1766
1688
1631
1605
1595
1590
1576
1549
1513
1486
1476
1476
1485
1499
1512
1518
1523
1524
1523
1519
1517
1516
1515
1514
1514
1512
1511
1510
1509
1508
1508
1508
1508
1508
1508
1508
1507
1506
1503
1502
1502
1504
1508
1510
1511
1513
1514
1516
1517
1519
1521
1523
1524
1526
1528
1532
1540
1549
1555
1561
1566
1570
1574
1579
1586
1595
1602
1608
1613
1616
1618
1619
1621
1622
1622
1623
1624
1624
1624
1623
1622
1620
1618
1616
1613
1609
1601
1594
1587
1581
1576
1574
1572
1571
1570
1569
1568
1568
1569
1570
1571
1573
1576
1578
1580
1581
1583
1584
1586
1587
1588
1589
1590
1591
1592
1593
1594
1595
1595
1595
1595
1596
1596
1597
1598
1599
1601
1602
1604
1606
1608
1610
1611
1612
1614
1616
1617
1617
1617
1616
1615
1615
1615
1613
1612
1615
1619
1622
1621
1614
1608
1603
1599
1596
1593
1592
1590
1590
1588
1587
1587
1586
1586
1587
1587
1588
1589
1589
1590
1590
1591
1592
1592
1592
1592
1592
1593
1593
1594
1594
1594
1593
1593
1593
1593
1594
1594
1594
1594
1593
1593
1594
1594
1593
1590
1588
1586
1584
1584
1584
1585
1588
1590
1592
1594
1597
1599
1599
1599
1598
1596
1593
1587
1580
1577
1575
1574
1573
1573
1574
1576
1578
1581
1585
1587
1589
1590
1591
1593
1593
1593
1592
1590
1587
1586
1584
1582
1581
1580
1580
1581
1582
1583
1583
1584
1584
1585
1585
1586
1587
1587
1588
1588
1587
1587
1586
1585
1584
1582
1580
1578
1576
1575
1570
1567
1564
1563
1561
1561
1559
1558
1558
1557
1555
1555
1555
1555
1555
1556
1558
1560
1561
1564
1565
1567
1569
1570
1572
1574
1576
1578
1581
1582
1584
1585
1585
1585
1585
1584
1581
1579
1577
1575
1573
1570
1566
1564
1564
1564
1564
1564
1564
1564
1564
1565
1568
1570
1571
1572
1573
1573
1574
1575
1575
1575
1575
1574
1573
1572
1571
1570
1569
1567
1566
1564
1564
1563
1564
1565
1567
1568
1570
1573
1578
1582
1587
1591
1596
1599
1602
1604
1605
1604
1602
1602
1601
1600
1599
1599
1599
1600
1602
1603
1605
1606
1608
1609
1611
1612
1614
1615
1616
1617
1619
1622
1627
1628
1630
1631
1632
1630
1626
1619
1610
1603
1599
1597
1597
1601
1604
1606
1608
1609
1611
1612
1613
1613
1614
1614
1614
1613
1612
1611
1609
1608
1606
1605
1604
1602
1601
1600
1600
1600
1600
1599
1599
1599
1598
1598
1598
1597
1597
1596
1596
1596
1596
1596
1596
1596
1596
1596
1594
1592
1592
1596
1608
1624
1646
1677
1717
1765
1822
1883
1942
1983
1987
1969
1901
1804
1704
1623
1587
1576
1570
1567
1564
1551
1532
1526
1525
1524
1523
1523
1525
1527
1528
1530
1531
1529
1523
1519
1516
1512
1510
1510
1511
1512
1513
1513
1514
1514
1515
1516
1517
1517
1516
1515
1515
1514
1514
1513
1512
1511
1511
1511
1512
1514
1517
1520
1523
1530
1535
1540
1545
1552
1561
1572
1577
1579
1581
1583
1584
1586
1587
1589
1591
1593
1596
1600
1603
1607
1610
1613
1616
1619
1622
1625
1628
1630
1633
1636
1637
1635
1632
1628
1624
1619
1614
1609
1605
1602
1599
1598
1601
1604
1607
1610
1613
1614
1614
1613
1611
1609
1608
1607
1605
1604
1602
1602
1604
1606
1608
1610
1611
1612
1613
1614
1616
1616
1617
1618
1619
1620
1621
1622
1622
1622
1622
1623
1623
1624
1624
1624
1624
1625
1627
1628
1628
1626
1623
1620
1619
1617
1616
1615
1614
1613
1612
1611
1611
1611
1611
1611
1611
1611
1611
1611
1611
1610
1609
1608
1608
1607
1607
1606
1606
1606
1605
1605
1603
1600
1598
1597
1597
1599
1601
1603
1605
1608
1611
1612
1611
1608
1604
1601
1597
1593
1587
1582
1574
1566
1565
1564
1564
1563
1563
1564
1569
1574
1578
1584
1587
1587
1584
1580
1578
1577
1576
1575
1574
1573
1573
1572
1571
1570
1569
1569
1568
1567
1567
1566
1565
1564
1564
1563
1561
1559
1553
1550
1549
1548
1547
1547
1546
1545
1544
1543
1542
1540
1537
1534
1528
1516
1508
1504
1499
1494
1488
1481
1471
1464
1458
1452
1449
1447
1446
1444
1443
1442
1442
1442
1443
1445
1447
1449
1452
1456
1462
1468
1476
1484
1489
1492
1493
1495
1497
1500
1503
1507
1513
1521
1528
1531
1533
1534
1535
1537
1538
1540
1543
1545
1548
1551
1554
1557
1563
1568
1571
1573
1575
1576
1579
1581
1581
1578
1572
1564
1554
1547
1537
1525
1515
1507
1498
1491
1486
1482
1480
1478
1475
1473
1471
1471
1476
1482
1486
1491
1495
1498
1501
1503
1505
1506
1507
1508
1510
1511
1513
1514
1516
1519
1532
1556
1596
1656
1728
1801
1859
1878
1873
1827
1746
1658
1586
1552
1540
1543
1544
1546
1546
1546
1546
1545
1543
1540
1537
1534
1529
1523
1516
1509
1504
1499
1496
1493
1490
1490
1491
1494
1498
1502
1506
1509
1513
1515
1517
1517
1519
1520
1520
1521
1522
1523
1524
1525
1526
1527
1528
1529
1531
1532
1535
1540
1545
1548
1552
1556
1563
1571
1577
1582
1585
1589
1592
1596
1604
1616
1625
1632
1638
1646
1657
1666
1673
1678
1681
1683
1684
1685
1684
1680
1675
1670
1663
1656
1649
1644
1640
1637
1634
1631
1629
1628
1626
1624
1620
1617
1617
1619
1622
1624
1626
1628
1629
1629
1627
1624
1622
1619
1616
1613
1611
1609
1609
1611
1615
1619
1622
1625
1628
1631
1635
1638
1641
1643
1644
1645
1646
1646
1647
1647
1648
1648
1649
1650
1651
1652
1652
1649
1646
1641
1637
1633
1629
1624
1619
1615
1612
1609
1608
1606
1605
1604
1602
1602
1601
1601
1600
1600
1599
1599
1598
1598
1598
1598
1597
1596
1595
1594
1593
1592
1591
1590
1590
1589
1589
1589
1588
1587
1587
1586
1585
1585
1584
1584
1583
1582
1581
1581
1581
1581
1581
1581
1581
1580
1580
1579
1578
1577
1575
1574
1572
1570
1568
1564
1556
1548
1541
1537
1534
1531
1528
1526
1525
1525
1525
1526
1528
1531
1534
1538
1547
1565
1599
1643
1699
1762
1824
1862
1874
1858
1808
1728
1648
1589
1570
1564
1559
1552
1544
1527
1511
1507
1505
1504
1503
1502
1503
1504
1505
1506
1508
1510
1512
1514
1514
1515
1516
1517
1517
1518
1518
1519
1520
1520
1520
1520
1520
1519
1519
1519
1518
1518
1517
1517
1516
1516
1516
1516
1516
1516
1517
1517
1518
1518
1519
1520
1521
1523
1524
1526
1528
1533
1545
1557
1568
1579
1588
1596
1604
1611
1618
1622
1624
1626
1628
1629
1630
1631
1631
1631
1630
1628
1626
1624
1620
1617
1613
1606
1600
1594
1589
1585
1581
1578
1575
1574
1574
1575
1577
1578
1580
1581
1583
1584
1586
1587
1585
1581
1577
1572
1567
1561
1555
1551
1549
1548
1547
1545
1543
1544
1554
1560
1564
1568
1572
1574
1576
1578
1580
1581
1583
1584
1584
1585
1585
1585
1586
1586
1587
1588
1589
1590
1591
1593
1594
1595
1596
1598
1599
1600
1601
1603
1607
1611
1613
1614
1612
1608
1605
1602
1598
1594
1593
1593
1596
1599
1605
1611
1616
1619
1622
1623
1623
1619
1615
1613
1612
1610
1609
1608
1606
1605
1605
1604
1603
1603
1603
1603
1604
1604
1605
1605
1605
1606
1607
1608
1609
1610
1610
1611
1611
1612
1613
1613
1613
1613
1612
1612
1612
1612
1613
1613
1613
1612
1611
1610
1608
1607
1605
1603
1601
1599
1596
1593
1592
1592
1595
1599
1603
1607
1612
1616
1618
1619
1619
1620
1622
1622
1621
1618
1616
1615
1614
1613
1613
1612
1612
1612
1613
1615
1617
1619
1620
1622
1624
1626
1627
1628
1627
1626
1626
1625
1624
1622
1619
1620
1628
1650
1679
1722
1780
1850
1924
1987
2019
2019
1984
1904
1804
1711
1642
1612
1603
1596
1591
1587
1580
1571
1561
1548
1531
1524
1521
1519
1517
1515
1513
1511
1508
1505
1503
1501
1499
1497
1496
1494
1493
1490
1488
1485
1482
1479
1478
1476
1475
1474
1473
1472
1471
1471
1470
1469
1468
1467
1466
1465
1465
1464
1464
1465
1466
1467
1469
1471
1473
1475
1476
1478
1480
1483
1486
1489
1492
1496
1501
1509
1520
1530
1540
1541
1541
1540
1540
1540
1540
1540
1540
1540
1539
1539
1539
1539
1538
1537
1535
1534
1532
1531
1529
1528
1526
1524
1523
1522
1521
1520
1519
1517
1515
1514
1518
1526
1534
1540
1546
1550
1553
1555
1558
1560
1562
1565
1568
1572
1574
1576
1578
1579
1581
1582
1583
1583
1583
1582
1582
1581
1581
1581
1581
1581
1581
1580
1580
1579
1579
1579
1578
1578
1578
1577
1577
1577
1577
1577
1577
1578
1578
1580
1581
1581
1582
1583
1584
1584
1585
1586
1586
1587
1589
1592
1595
1598
1598
1599
1599
1599
1599
1599
1598
1598
1597
1597
1597
1598
1600
1602
1605
1608
1613
1616
1619
1620
1621
1622
1623
1624
1624
1622
1619
1616
1613
1608
1605
1608
1615
1621
1627
1631
1634
1636
1637
1639
1641
1642
1643
1643
1642
1641
1639
1637
1634
1631
1625
1622
1620
1619
1618
1617
1621
1628
1631
1634
1637
1639
1640
1642
1642
1642
1641
1640
1639
1637
1636
1634
1631
1628
1626
1626
1628
1632
1644
1667
1702
1750
1813
1888
1965
2025
2048
2023
1951
1852
1751
1669
1620
1601
1593
1584
1564
1537
1518
1512
1509
1507
1505
1503
1502
1501
1500
1499
1498
1496
1496
1496
1496
1496
1496
1496
1498
1500
1503
1505
1508
1511
1514
1518
1521
1523
1524
1525
1526
1528
1529
1531
1532
1534
1537
1541
1545
1548
1551
1554
1557
1560
1562
1564
1565
1567
1569
1572
1578
1585
1589
1591
1593
1594
1596
1597
1599
1602
1605
1608
1611
1613
1616
1619
1622
1625
1627
1628
1626
1624
1620
1616
1612
1607
1599
1593
1589
1587
1585
1584
1584
1583
1582
1581
1581
1581
1581
1581
1580
1580
1579
1579
1579
1579
1579
1579
1579
1578
1578
1578
1578
1578
1578
1578
1577
1576
1576
1575
1574
1574
1577
1578
1579
1580
1581
1581
1582
1583
1584
1585
1586
1587
1587
1588
1589
1590
1591
1593
1595
1597
1599
1601
1603
1605
1607
1609
1611
1613
1614
1615
1616
1617
1618
1618
1619
1619
1620
1621
1623
1625
1622
1616
1612
1609
1607
1604
1602
1602
1603
1605
1607
1608
1610
1613
1616
1617
1616
1613
1608
1599
1586
1572
1564
1560
1557
1564
1588
1623
1669
1722
1775
1820
1834
1828
1786
1712
1628
1551
1499
1485
1486
1497
1503
1499
1484
1461
1454
1452
1451
1458
1467
1475
1476
1477
1478
1478
1478
1479
1481
1484
1487
1490
1494
1498
1500
1502
1504
1505
1507
1508
1510
1511
1511
1512
1512
1512
1512
1511
1511
1510
1509
1508
1508
1506
1505
1502
1497
1495
1493
1491
1499
1508
1515
1520
1525
1529
1535
1543
1553
1561
1567
1572
1578
1587
1598
1606
1610
1612
1613
1614
1615
1615
1615
1613
1611
1609
1607
1604
1601
1597
1594
1592
1590
1587
1582
1580
1578
1578
1577
1576
1575
1572
1570
1568
1565
1563
1561
1560
1559
1558
1555
1556
1561
1565
1567
1568
1570
1570
1572
1573
1575
1576
1576
1577
1578
1580
1582
1585
1588
1590
1591
1592
1593
1594
1595
1595
1594
1593
1592
1590
1590
1588
1587
1586
1585
1584
1584
1584
1585
1584
1584
1584
1586
1591
1595
1600
1602
1602
1602
1603
1603
1604
1604
1604
1604
1602
1601
1600
1599
1597
1595
1593
1591
1591
1593
1594
1596
1597
1598
1599
1600
1601
1602
1603
1604
1605
1605
1606
1607
1607
1608
1608
1609
1611
1612
1612
1610
1607
1601
1593
1585
1576
1568
1563
1560
1562
1566
1570
1573
1576
1576
1574
1571
1568
1564
1564
1573
1597
1637
1691
1756
1826
1890
1921
1918
1877
1795
1704
1633
1603
1593
1596
1599
1597
1580
1558
1543
1539
1536
1534
1532
1530
1529
1528
1526
1525
1523
1522
1520
1520
1518
1516
1513
1506
1496
1492
1489
1488
1488
1490
1493
1496
1502
1504
1506
1507
1508
1508
1507
1505
1504
1502
1501
1500
1499
1500
1502
1504
1507
1510
1514
1517
1520
1521
1525
1531
1540
1549
1561
1571
1580
1589
1597
1606
1613
1617
1620
1623
1628
1636
1641
1645
1646
1643
1638
1633
1626
1620
1614
1608
1601
1593
1587
1583
1581
1579
1578
1577
1576
1576
1575
1574
1573
1572
1570
1569
1568
1567
1566
1565
1564
1562
1561
1561
1560
1559
1559
1560
1561
1561
1563
1564
1566
1568
1572
1578
1581
1582
1583
1583
1583
1584
1584
1585
1586
1587
1587
1587
1588
1588
1589
1589
1589
1590
1590
1591
1591
1592
1593
1594
1596
1596
1598
1598
1598
1597
1595
1593
1591
1588
1583
1576
1573
1572
1570
1569
1568
1570
1572
1576
1579
1583
1586
1588
1588
1588
1588
1588
1588
1588
1588
1588
1588
1588
1588
1588
1588
1588
1589
1589
1590
1590
1590
1590
1591
1592
1592
1593
1594
1595
1596
1598
1602
1608
1607
1607
1607
1607
1607
1607
1607
1606
1605
1605
1606
1606
1605
1605
1604
1603
1603
1603
1603
1603
1602
1603
1603
1603
1603
1603
1603
1602
1601
1600
1599
1598
1596
1595
1593
1590
1579
1574
1572
1571
1570
1568
1567
1566
1565
1565
1564
1564
1565
1566
1567
1567
1568
1568
1569
1569
1569
1569
1569
1568
1568
1568
1569
1570
1570
1571
1572
1574
1576
1577
1578
1580
1581
1581
1583
1584
1585
1587
1587
1589
1590
1590
1590
1590
1589
1588
1587
1586
1585
1584
1582
1581
1579
1578
1577
1576
1574
1573
1573
1573
1574
1575
1576
1576
1578
1581
1582
1578
1576
1575
1574
1572
1571
1571
1571
1570
1570
1570
1570
1571
1572
1574
1576
1579
1590
1617
1658
1713
1783
1865
1944
2006
2027
2000
1929
1830
1732
1658
1623
1610
1606
1597
1576
1546
1526
1519
1519
1523
1529
1534
1530
1520
1514
1511
1510
1509
1508
1509
1510
1511
1513
1514
1516
1517
1518
1520
1521
1522
1523
1524
1525
1525
1526
1526
1526
1527
1528
1529
1530
1531
1531
1531
1532
1533
1534
1534
1535
1536
1538
1540
1542
1544
1546
1549
1553
1559
1568
1576
1582
1589
1595
1603
1614
1623
1630
1634
1636
1637
1638
1639
1640
1640
1640
1640
1640
1640
1640
1639
1638
1636
1634
1631
1627
1622
1613
1607
1602
1599
1597
1595
1594
1593
1593
1592
1591
1591
1591
1591
1591
1591
1591
1591
1591
1592
1593
1594
1595
1596
1597
1598
1598
1599
1599
1599
1599
1600
1600
1600
1600
1600
1600
1601
1602
1602
1602
1602
1602
1602
1601
1600
1599
1599
1597
1596
1594
1593
1592
1590
1588
1582
1577
1573
1569
1565
1563
1562
1564
1567
1568
1570
1572
1574
1575
1575
1575
1575
1575
1575
1575
1574
1573
1573
1573
1575
1576
1578
1580
1581
1581
1583
1584
1584
1584
1584
1585
1587
1588
1589
1590
1590
1590
1591
1593
1595
1597
1602
1617
1645
1684
1737
1805
1881
1951
1989
1990
1954
1869
1763
1666
1602
1582
1576
1569
1560
1530
1492
1476
1470
1481
1487
1489
1491
1494
1496
1497
1498
1499
1500
1502
1503
1504
1504
1503
1503
1503
1503
1504
1505
1505
1505
1506
1507
1507
1508
1508
1508
1508
1507
1507
1506
1506
1505
1505
1505
1505
1505
1506
1506
1505
1505
1504
1503
1502
1502
1501
1501
1500
1500
1499
1499
1499
1499
1496
1494
1497
1503
1510
1518
1525
1529
1533
1535
1537
1536
1534
1531
1530
1529
1527
1526
1525
1524
1523
1521
1520
1520
1519
1519
1519
1519
1519
1518
1517
1515
1514
1516
1518
1522
1526
1530
1534
1537
1541
1546
1552
1559
1562
1564
1565
1567
1567
1568
1570
1571
1572
1574
1575
1576
1578
1580
1583
1590
1593
1594
1595
1595
1596
1596
1597
1598
1598
1599
1599
1599
1598
1598
1597
1596
1595
1594
1593
1593
1592
1591
1590
1590
1587
1585
1585
1588
1593
1599
1605
1609
1612
1614
1615
1617
1618
1619
1622
1624
1626
1628
1629
1629
1630
1631
1631
1631
1632
1633
1634
1634
1635
1635
1636
1635
1635
1634
1634
1634
1634
1634
1634
1634
1634
1634
1633
1632
1632
1631
1630
1630
1629
1629
1628
1628
1628
1627
1626
1625
1624
1623
1622
1620
1619
1619
1619
1619
1620
1621
1622
1624
1625
1627
1628
1630
1631
1636
1640
1643
1645
1646
1649
1650
1651
1652
1652
1652
1651
1650
1649
1649
1648
1649
1651
1652
1654
1655
1656
1657
1657
1657
1656
1654
1652
1649
1645
1640
1633
1628
1623
1619
1615
1611
1605
1599
1598
1597
1596
1598
1599
1600
1601
1602
1602
1601
1599
1597
1594
1592
1588
1585
1585
1586
1589
1598
1615
1642
1682
1739
1809
1883
1945
1963
1956
1903
1818
1728
1658
1631
1622
1617
1613
1610
1596
1581
1577
1575
1573
1571
1570
1569
1567
1563
1552
1545
1540
1537
1534
1531
1526
1517
1508
1502
1499
1498
1497
1497
1497
1496
1496
1496
1496
1496
1495
1495
1495
1494
1494
1495
1495
1496
1496
1497
1498
1498
1499
1499
1500
1502
1505
1515
1523
1529
1534
1540
1545
1551
1558
1564
1569
1573
1576
1579
1583
1589
1599
1605
1608
1611
1612
1613
1612
1611
1608
1605
1598
1584
1572
1565
1561
1558
1556
1552
1542
1533
1528
1524
1522
1520
1516
1507
1500
1497
1495
1493
1492
1491
1492
1494
1496
1498
1501
1504
1507
1511
1514
1516
1517
1520
1524
1534
1541
1545
1547
1549
1551
1552
1552
1554
1556
1559
1562
1567
1575
1585
1593
1598
1606
1612
1616
1619
1621
1621
1622
1622
1622
1622
1622
1616
1599
1583
1573
1565
1559
1556
1555
1554
1552
1553
1560
1563
1565
1567
1569
1570
1571
1572
1572
1572
1572
1572
1571
1570
1569
1567
1566
1564
1560
1561
1567
1572
1575
1578
1581
1585
1588
1590
1593
1596
1599
1601
1603
1605
1606
1608
1610
1611
1613
1615
1617
1626
1643
1667
1699
1739
1786
1840
1895
1944
1965
1962
1926
1853
1764
1682
1625
1609
1604
1609
1616
1621
1613
1598
1588
1583
1580
1586
1590
1592
1594
1595
1596
1596
1597
1598
1599
1600
1602
1602
1603
1603
1604
1605
1607
1612
1617
1619
1621
1622
1623
1624
1625
1625
1626
1626
1627
1628
1628
1628
1628
1628
1627
1627
1626
1626
1625
1624
1623
1622
1620
1619
1615
1604
1592
1583
1577
1572
1567
1563
1559
1558
1559
1563
1566
1568
1570
1572
1572
1572
1571
1570
1566
1562
1555
1541
1532
1524
1517
1511
1505
1502
1501
1499
1499
1498
1498
1497
1497
1497
1498
1500
1503
1506
1511
1519
1523
1525
1526
1527
1528
1529
1529
1530
1531
1533
1535
1537
1540
1542
1545
1548
1552
1556
1558
1561
1563
1565
1566
1567
1569
1570
1571
1572
1573
1575
1576
1578
1579
1581
1584
1585
1588
1592
1596
1599
1601
1602
1604
1605
1607
1608
1610
1612
1614
1616
1617
1619
1619
1620
1621
1622
1624
1625
1626
1627
1628
1629
1629
1629
1630
1630
1631
1632
1633
1634
1634
1635
1634
1634
1633
1632
1631
1631
1630
1629
1627
1626
1625
1625
1625
1626
1627
1628
1629
1631
1634
1635
1633
1630
1625
1620
1628
1650
1689
1742
1805
1875
1943
2002
2029
2029
1994
1924
1838
1759
1701
1674
1664
1659
1646
1626
1602
1579
1571
1568
1565
1566
1570
1573
1576
1578
1579
1578
1575
1572
1570
1568
1566
1564
1566
1570
1575
1582
1592
1594
1596
1596
1598
1599
1599
1600
1599
1599
1598
1597
1595
1591
1599
1604
1607
1609
1611
1612
1611
1610
1608
1605
1603
1599
1595
1591
1591
1594
1599
1606
1614
1622
1628
1631
1635
1638
1641
1645
1650
1657
1663
1667
1671
1673
1675
1673
1671
1666
1660
1649
1639
1628
1618
1611
1603
1595
1588
1584
1582
1581
1580
1578
1577
1575
1574
1573
1571
1570
1568
1567
1567
1568
1570
1573
1576
1581
1589
1594
1598
1601
1602
1603
1604
1604
1605
1605
1605
1605
1605
1606
1606
1607
1607
1607
1607
1606
1605
1605
1605
1605
1605
1605
1606
1608
1608
1605
1604
1603
1602
1602
1602
1603
1604
1606
1608
1610
1613
1616
1616
1614
1611
1599
1581
1563
1545
1527
1510
1493
1473
1459
1442
1427
1414
1400
1387
1374
1362
1347
1337
1333
1329
1327
1325
1323
1321
1320
1318
1314
1308
1303
1297
1287
1278
1272
1268
1265
1262
1261
1264
1271
1281
1295
1308
1319
1336
1353
1372
1384
1394
1401
1407
1414
1425
1437
1447
1455
1460
1464
1470
1476
1482
1488
1493
1499
1506
1514
1521
1523
1524
1525
1525
1525
1526
1526
1526
1528
1529
1530
1532
1534
1535
1538
1541
1546
1549
1551
1554
1558
1562
1567
1572
1578
1584
1592
1602
1613
1621
1627
1633
1636
1638
1640
1641
1643
1646
1650
1653
1657
1660
1664
1667
1669
1671
1672
1675
1680
1691
1713
1749
1799
1863
1941
2023
2092
2119
2114
2063
1972
1871
1787
1748
1737
1728
1722
1717
1695
1663
1637
1623
1616
1611
1606
1601
1599
1596
1593
1591
1590
1589
1588
1589
1589
1590
1592
1593
1595
1596
1599
1600
1602
1604
1605
1607
1608
1610
1611
1613
1614
1616
1618
1621
1626
1631
1635
1638
1640
1641
1643
1645
1647
1649
1651
1653
1657
1664
1671
1678
1685
1691
1700
1711
1719
1725
1729
1734
1737
1741
1745
1749
1752
1754
1757
1757
1757
1754
1751
1745
1735
1725
1712
1697
1681
1667
1659
1652
1645
1639
1634
1631
1627
1625
1622
1617
1611
1606
1602
1600
1598
1596
1595
1596
1598
1599
1601
1603
1605
1607
1608
1607
1604
1600
1595
1588
1584
1581
1579
1577
1576
1575
1574
1574
1573
1573
1572
1572
1571
1571
1570
1570
1570
1570
1569
1568
1567
1565
1564
1561
1558
1550
1542
1537
1533
1530
1527
1525
1523
1522
1519
1517
1516
1517
1520
1523
1529
1535
1538
1539
1540
1542
1542
1539
1537
1534
1533
1531
1531
1533
1537
1543
1548
1553
1560
1567
1572
1578
1582
1584
1586
1587
1589
1590
1592
1593
1595
1596
1597
1599
1600
1601
1603
1606
1612
1627
1657
1695
1743
1801
1866
1927
1973
1980
1968
1907
1823
1736
1669
1634
1623
1615
1611
1593
1569
1542
1529
1522
1516
1516
1522
1532
1547
1555
1558
1561
1562
1564
1565
1566
1567
1569
1570
1571
1572
1572
1573
1574
1575
1576
1577
1579
1581
1584
1587
1589
1591
1593
1595
1596
1598
1599
1600
1601
1602
1603
1605
1607
1608
1609
1610
1612
1614
1617
1622
1632
1642
1651
1657
1663
1667
1670
1673
1675
1677
1678
1678
1678
1678
1676
1675
1673
1670
1666
1658
1648
1640
1635
1631
1626
1622
1618
1614
1612
1610
1607
1605
1603
1602
1600
1599
1598
1596
1596
1596
1596
1598
1600
1602
1603
1605
1608
1610
1613
1615
1616
1618
1620
1622
1625
1628
1630
1632
1634
1635
1636
1637
1637
1638
1637
1637
1637
1637
1637
1638
1639
1640
1640
1637
1634
1630
1627
1625
1623
1621
1619
1616
1614
1611
1608
1606
1603
1601
1599
1597
1594
1592
1589
1587
1586
1585
1584
1585
1585
1586
1588
1590
1592
1593
1594
1595
1596
1597
1599
1600
1601
1602
1604
1605
1607
1608
1609
1609
1608
1608
1608
1608
1607
1607
1606
1605
1604
1603
1602
1601
1599
1598
1594
1584
1572
1557
1540
1524
1508
1496
1486
1476
1470
1467
1464
1462
1461
1459
1459
1459
1459
1461
1463
1464
1467
1470
1472
1475
1478
1481
1484
1487
1489
1493
1496
1499
1502
1505
1508
1512
1515
1517
1520
1523
1525
1527
1529
1531
1533
1535
1537
1538
1539
1540
1542
1543
1543
1545
1546
1548
1550
1552
1553
1552
1551
1549
1546
1543
1537
1538
1546
1556
1572
1599
1635
1679
1732
1790
1844
1877
1879
1853
1781
1684
1589
1523
1507
1509
1537
1556
1562
1552
1544
1540
1537
1535
1534
1534
1535
1537
1539
1540
1541
1542
1544
1546
1549
1549
1549
1549
1548
1547
1546
1546
1544
1543
1546
1552
1555
1556
1558
1560
1561
1562
1562
1563
1563
1562
1561
1559
1558
1556
1554
1550
1547
1546
1548
1552
1557
1561
1564
1567
1570
1573
1576
1579
1583
1586
1589
1592
1595
1597
1599
1601
1602
1603
1604
1605
1606
1608
1609
1611
1613
1613
1610
1605
1600
1595
1590
1583
1575
1569
1563
1558
1555
1553
1553
1552
1552
1551
1549
1548
1548
1548
1548
1548
1549
1549
1550
1551
1552
1551
1549
1545
1542
1537
1534
1534
1539
1545
1550
1554
1558
1563
1566
1569
1572
1573
1575
1576
1577
1578
1579
1580
1581
1583
1585
1587
1588
1589
1590
1592
1594
1599
1608
1614
1617
1619
1621
1622
1624
1625
1625
1625
1623
1622
1621
1619
1619
1618
1617
1616
1615
1614
1613
1612
1611
1609
1607
1605
1603
1601
1598
1595
1590
1579
1573
1570
1568
1567
1565
1564
1562
1561
1561
1560
1561
1561
1562
1564
1566
1568
1570
1572
1575
1576
1577
1578
1579
1581
1582
1584
1586
1587
1589
1590
1591
1593
1593
1594
1595
1596
1596
1597
1598
1599
1601
1602
1604
1606
1608
1609
1610
1608
1606
1603
1600
1598
1596
1595
1594
1593
1592
1591
1591
1590
1589
1588
1586
1584
1584
1583
1582
1581
1581
1580
1579
1578
1578
1577
1576
1574
1572
1570
1568
1566
1564
1562
1561
1561
1562
1563
1564
1566
1567
1570
1573
1576
1581
1602
1638
1688
1748
1817
1887
1947
1973
1970
1930
1854
1766
1687
1634
1612
1606
1601
1592
1583
1576
1568
1562
1559
1558
1558
1558
1557
1556
1555
1554
1555
1557
1559
1562
1566
1565
1555
1547
1540
1534
1529
1521
1514
1510
1507
1505
1505
1508
1510
1510
1510
1511
1511
1511
1511
1512
1513
1514
1514
1515
1515
1515
1516
1517
1518
1520
1522
1524
1529
1540
1550
1559
1566
1572
1576
1581
1587
1593
1599
1606
1613
1620
1625
1629
1632
1634
1636
1637
1638
1638
1637
1635
1631
1627
1617
1601
1588
1578
1570
1562
1553
1544
1537
1531
1527
1526
1525
1525
1524
1523
1524
1525
1529
1534
1538
1540
1541
1543
1545
1546
1547
1548
1549
1551
1552
1553
1554
1555
1555
1555
1555
1555
1555
1555
1555
1556
1558
1561
1567
1578
1583
1587
1590
1592
1595
1596
1599
1600
1602
1603
1605
1607
1609
1610
1612
1614
1616
1618
1619
1618
1616
1613
1611
1608
1605
1602
1599
1595
1592
1590
1588
1587
1586
1584
1582
1580
1579
1579
1581
1584
1587
1589
1590
1592
1593
1596
1598
1600
1602
1604
1605
1608
1610
1613
1615
1617
1620
1623
1626
1628
1630
1631
1632
1633
1634
1636
1637
1637
1638
1638
1639
1639
1639
1639
1639
1638
1637
1636
1635
1634
1633
1631
1629
1625
1616
1608
1601
1596
1592
1587
1584
1581
1577
1573
1570
1571
1574
1580
1600
1637
1692
1763
1845
1924
1985
2003
1996
1942
1853
1760
1686
1647
1634
1627
1622
1608
1583
1573
1571
1570
1569
1568
1568
1568
1570
1570
1572
1573
1573
1575
1576
1577
1578
1578
1578
1578
1578
1577
1576
1575
1572
1569
1566
1563
1559
1555
1552
1548
1545
1541
1538
1534
1531
1528
1526
1526
1527
1529
1530
1531
1531
1532
1534
1535
1537
1538
1540
1543
1546
1550
1558
1566
1574
1582
1590
1596
1600
1605
1611
1618
1622
1627
1630
1633
1634
1633
1631
1627
1622
1613
1596
1582
1572
1563
1557
1552
1546
1541
1535
1528
1519
1510
1499
1484
1478
1475
1473
1470
1469
1467
1467
1466
1466
1466
1467
1469
1471
1473
1476
1479
1481
1483
1485
1486
1488
1489
1490
1492
1494
1496
1497
1499
1501
1502
1505
1507
1511
1516
1521
1525
1528
1531
1534
1537
1540
1543
1545
1548
1551
1554
1556
1558
1559
1560
1561
1561
1562
1563
1564
1564
1564
1565
1566
1567
1568
1569
1570
1570
1571
1572
1572
1573
1574
1574
1574
1575
1576
1578
1580
1581
1583
1585
1587
1590
1592
1594
1596
1599
1602
1607
1611
1612
1612
1612
1612
1612
1612
1613
1613
1613
1613
1613
1612
1611
1609
1607
1605
1604
1603
1602
1602
1601
1601
1601
1600
1599
1599
1598
1598
1597
1597
1597
1597
1596
1596
1595
1595
1594
1594
1594
1594
1594
1595
1596
1596
1598
1599
1600
1602
1603
1604
1606
1608
1610
1612
1615
1620
1624
1626
1627
1628
1628
1628
1628
1628
1628
1628
1628
1627
1624
1620
1616
1612
1610
1607
1604
1602
1599
1598
1597
1597
1597
1597
1598
1599
1600
1601
1602
1604
1605
1608
1611
1613
1614
1614
1613
1612
1611
1610
1609
1608
1607
1608
1610
1613
1616
1619
1621
1624
1627
1630
1633
1635
1637
1639
1640
1640
1641
1642
1643
1643
1645
1646
1648
1649
1650
1651
1652
1654
1657
1662
1682
1714
1757
1809
1871
1937
1997
2032
2035
2007
1934
1842
1751
1684
1652
1643
1637
1633
1629
1626
1622
1616
1611
1605
1594
1580
1574
1571
1569
1567
1564
1561
1558
1555
1551
1543
1532
1522
1510
1494
1482
1473
1467
1462
1459
1456
1455
1454
1455
1458
1462
1466
1469
1472
1476
1479
1482
1485
1487
1490
1493
1497
1503
1510
1517
1523
1528
1532
1536
1539
1542
1545
1548
1551
1555
1559
1565
1575
1592
1602
1609
1613
1618
1622
1625
1627
1628
1630
1631
1631
1632
1632
1631
1629
1626
1623
1619
1615
1611
1606
1601
1596
1592
1589
1585
1583
1580
1578
1576
1575
1574
1573
1572
1572
1571
1571
1571
1572
1573
1576
1578
1581
1584
1587
1590
1592
1594
1597
1599
1601
1603
1605
1607
1609
1611
1613
1614
1616
1617
1619
1620
1621
1622
1622
1623
1625
1625
1626
1628
1628
1629
1630
1630
1629
1629
1628
1626
1624
1622
1619
1616
1613
1610
1607
1602
1597
1592
1587
1582
1578
1576
1574
1572
1570
1568
1566
1564
1563
1561
1560
1559
1559
1559
1560
1561
1562
1564
1565
1567
1569
1570
1572
1574
1577
1584
1590
1594
1597
1599
1601
1603
1606
1609
1612
1616
1622
1646
1679
1723
1778
1841
1901
1936
1949
1931
1879
1795
1710
1644
1616
1607
1599
1593
1574
1542
1531
1526
1531
1547
1556
1560
1557
1550
1546
1541
1537
1535
1536
1538
1541
1543
1544
1545
1545
1546
1546
1547
1547
1548
1549
1549
1550
1550
1550
1550
1550
1550
1550
1550
1550
1549
1549
1548
1547
1546
1546
1544
1543
1543
1541
1540
1538
1536
1533
1526
1518
1509
1495
1481
1475
1471
1468
1466
1467
1469
1474
1479
1487
1497
1505
1510
1513
1517
1519
1520
1518
1516
1513
1511
1508
1506
1504
1502
1500
1500
1502
1505
1509
1512
1514
1516
1519
1521
1523
1525
1526
1528
1530
1531
1532
1533
1534
1535
1536
1537
1538
1540
1542
1544
1547
1549
1550
1553
1555
1558
1561
1565
1569
1572
1577
1585
1600
1610
1616
1620
1622
1623
1624
1624
1625
1625
1626
1626
1627
1628
1629
1631
1631
1633
1634
1635
1636
1637
1640
1643
1646
1646
1646
1643
1640
1637
1635
1632
1629
1626
1623
1620
1618
1616
1614
1613
1612
1611
1610
1610
1609
1609
1608
1608
1608
1608
1608
1609
1609
1609
1610
1611
1612
1612
1613
1613
1614
1614
1615
1616
1617
1618
1619
1620
1622
1624
1625
1629
1644
1666
1700
1746
1805
1870
1930
1968
1973
1957
1899
1819
1734
1666
1635
1625
1627
1630
1633
1621
1601
1584
1578
1573
1570
1570
1574
1578
1581
1583
1585
1587
1588
1588
1587
1585
1583
1581
1580
1579
1578
1576
1576
1575
1576
1577
1578
1579
1581
1582
1584
1586
1588
1589
1589
1587
1585
1582
1579
1576
1572
1569
1567
1567
1571
1576
1581
1588
1593
1596
1599
1603
1608
1614
1620
1627
1632
1637
1641
1646
1650
1655
1658
1661
1663
1666
1666
1666
1665
1662
1658
1653
1644
1629
1615
1604
1593
1584
1579
1576
1574
1573
1573
1573
1574
1575
1576
1576
1577
1577
1576
1576
1575
1575
1574
1573
1572
1572
1573
1576
1578
1581
1583
1585
1587
1589
1590
1591
1592
1593
1593
1594
1595
1595
1595
1593
1590
1587
1582
1576
1576
1577
1576
1576
1576
1577
1578
1581
1582
1583
1584
1585
1586
1587
1588
1588
1587
1587
1585
1584
1583
1582
1581
1580
1579
1578
1578
1577
1576
1576
1576
1576
1576
1576
1578
1579
1580
1582
1584
1586
1592
1599
1603
1606
1609
1611
1611
1610
1608
1605
1603
1599
1597
1597
1599
1602
1604
1605
1606
1607
1607
1608
1608
1608
1608
1608
1607
1605
1603
1601
1598
1591
1585
1576
1566
1560
1557
1555
1553
1552
1551
1550
1550
1549
1549
1547
1546
1546
1546
1548
1550
1553
1556
1559
1563
1566
1569
1580
1598
1625
1665
1719
1784
1857
1929
1986
2006
2001
1954
1872
1782
1705
1669
1657
1651
1647
1637
1610
1581
1565
1560
1558
1556
1555
1555
1555
1554
1553
1552
1552
1551
1549
1548
1545
1540
1529
1520
1514
1509
1504
1500
1496
1491
1489
1487
1486
1485
1484
1482
1482
1481
1480
1480
1480
1480
1480
1480
1481
1481
1482
1482
1483
1484
1485
1487
1489
1494
1499
1505
1515
1527
1539
1551
1561
1571
1580
1589
1597
1604
1609
1615
1618
1621
1623
1624
1623
1621
1618
1614
1609
1602
1597
1593
1589
1586
1583
1580
1578
1576
1574
1571
1569
1566
1564
1561
1559
1557
1554
1551
1548
1545
1543
1542
1541
1539
1538
1537
1536
1534
1534
1532
1531
1531
1531
1531
1531
1532
1533
1534
1535
1536
1538
1540
1541
1543
1544
1546
1549
1552
1555
1558
1561
1562
1564
1565
1567
1570
1575
1579
1581
1582
1584
1585
1586
1586
1586
1585
1585
1584
1584
1583
1580
1579
1582
1584
1585
1587
1587
1587
1584
1579
1575
1573
1572
1570
1568
1565
1563
1561
1560
1558
1558
1556
1555
1555
1555
1554
1552
1549
1547
1549
1552
1562
1581
1613
1659
1717
1786
1859
1926
1971
1975
1954
1883
1790
1702
1638
1617
1611
1606
1601
1594
1581
1564
1555
1552
1549
1547
1545
1543
1542
1540
1538
1536
1533
1531
1530
1531
1535
1539
1543
1549
1553
1556
1558
1559
1561
1562
1563
1563
1563
1562
1560
1559
1558
1556
1555
1553
1552
1551
1550
1550
1551
1552
1553
1554
1556
1557
1559
1561
1563
1564
1567
1569
1572
1576
1584
1590
1595
1599
1604
1611
1621
1636
1648
1656
1661
1664
1667
1669
1669
1666
1660
1650
1637
1631
1629
1627
1625
1623
1621
1619
1616
1614
1612
1610
1608
1606
1604
1603
1601
1600
1599
1598
1596
1595
1594
1593
1592
1591
1591
1591
1592
1593
1593
1594
1596
1596
1597
1599
1599
1600
1602
1604
1605
1606
1606
1605
1602
1600
1598
1594
1591
1590
1590
1591
1592
1593
1593
1594
1595
1595
1596
1596
1596
1596
1596
1596
1597
1598
1598
1597
1595
1594
1593
1592
1592
1591
1590
1589
1587
1586
1584
1584
1583
1582
1581
1581
1580
1579
1578
1579
1579
1579
1579
1579
1580
1581
1582
1583
1582
1580
1576
1572
1565
1563
1561
1560
1559
1559
1561
1562
1563
1564
1564
1565
1566
1567
1568
1570
1570
1571
1572
1572
1572
1573
1574
1575
1576
1576
1577
1578
1578
1578
1578
1577
1576
1575
1574
1572
1571
1570
1567
1564
1562
1564
1571
1588
1619
1660
1713
1774
1838
1894
1927
1930
1907
1838
1743
1648
1575
1543
1542
1554
1561
1561
1553
1531
1516
1510
1510
1517
1519
1521
1523
1523
1524
1524
1525
1526
1527
1528
1529
1529
1530
1530
1530
1530
1530
1530
1530
1531
1531
1533
1534
1537
1538
1540
1542
1544
1546
1549
1550
1552
1554
1556
1558
1559
1560
1561
1563
1567
1577
1585
1590
1595
1599
1605
1616
1628
1640
1646
1650
1653
1657
1661
1669
1677
1681
1682
1684
1685
1685
1686
1686
1687
1688
1689
1683
1675
1668
1663
1657
1649
1638
1626
1619
1616
1614
1613
1612
1611
1610
1609
1608
1607
1606
1605
1604
1603
1601
1598
1591
1586
1581
1577
1573
1568
1562
1556
1551
1545
1536
1527
1515
1502
1495
1494
1493
1493
1494
1499
1504
1507
1510
1513
1516
1517
1520
1521
1523
1525
1526
1528
1529
1531
1532
1534
1535
1537
1540
1543
1546
1549
1551
1553
1555
1556
1557
1558
1559
1560
1561
1562
1563
1564
1564
1565
1565
1566
1567
1568
1568
1568
1568
1567
1566
1564
1562
1560
1555
1546
1537
1528
1523
1521
1520
1518
1517
1515
1514
1514
1513
1512
1512
1512
1512
1512
1513
1514
1515
1516
1517
1519
1520
1522
1523
1525
1529
1533
1536
1539
1541
1543
1545
1547
1549
1551
1552
1554
1556
1558
1559
1560
1561
1562
1562
1563
1563
1564
1564
1564
1566
1567
1568
1569
1569
1570
1570
1570
1571
1572
1574
1584
1606
1639
1682
1736
1796
1851
1878
1877
1844
1776
1697
1624
1574
1558
1553
1549
1546
1544
1541
1537
1537
1539
1543
1545
1539
1533
1527
1527
1533
1540
1547
1552
1554
1555
1555
1555
1556
1557
1557
1558
1558
1558
1558
1559
1558
1558
1558
1558
1558
1558
1558
1558
1559
1559
1559
1559
1560
1560
1560
1560
1561
1561
1561
1562
1563
1564
1566
1572
1576
1583
1592
1600
1605
1609
1612
1616
1621
1627
1631
1634
1636
1637
1639
1640
1641
1642
1643
1646
1645
1640
1635
1632
1628
1625
1619
1615
1612
1610
1608
1606
1605
1604
1603
1602
1601
1599
1598
1596
1596
1595
1594
1593
1592
1590
1587
1581
1577
1576
1575
1574
1573
1572
1572
1573
1574
1575
1576
1579
1582
1587
1594
1599
1601
1602
1603
1604
1605
1605
1606
1606
1607
1607
1607
1607
1606
1606
1605
1604
1604
1603
1602
1602
1602
1602
1602
1602
1601
1600
1599
1596
1593
1593
1594
1596
1598
1599
1600
1602
1602
1602
1601
1599
1596
1593
1590
1587
1584
1581
1578
1577
1577
1577
1577
1577
1577
1577
1577
1577
1577
1577
1577
1576
1576
1576
1578
1579
1580
1581
1583
1583
1584
1584
1585
1586
1587
1587
1588
1589
1590
1590
1591
1592
1592
1592
1593
1593
1593
1593
1594
1594
1595
1596
1596
1597
1597
1596
1596
1594
1593
1591
1589
1587
1585
1583
1580
1577
1575
1575
1578
1581
1586
1590
1595
1601
1606
1612
1622
1640
1674
1724
1791
1868
1944
1995
2000
1978
1905
1811
1721
1654
1618
1604
1595
1584
1570
1558
1553
1550
1549
1547
1546
1543
1542
1540
1539
1537
1535
1532
1529
1528
1528
1530
1533
1535
1536
1537
1539
1540
1542
1544
1545
1546
1546
1546
1545
1544
1542
1540
1537
1534
1532
1530
1528
1524
1520
1517
1515
1515
1516
1518
1520
1523
1526
1529
1533
1537
1541
1545
1549
1554
1559
1564
1568
1575
1587
1601
1616
1625
1630
1634
1635
1636
1637
1637
1637
1638
1639
1638
1634
1630
1626
1623
1619
1616
1612
1609
1605
1602
1599
1596
1593
1589
1585
1581
1574
1569
1565
1563
1561
1559
1558
1557
1558
1559
1561
1564
1567
