2455
2458
2464
2470
2476
2479
2481
2484
2502
2523
2541
2550
2547
2532
2511
2481
2425
2330
2282
2252
2232
2220
2217
2223
2232
2246
2261
2285
2303
2309
2303
2294
2285
2276
2267
2270
2285
2303
2318
2336
2348
2354
2345
2318
2294
2276
2261
2243
2229
2217
2214
2217
2229
2246
2267
2291
2318
2365
2401
2428
2449
2467
2484
2493
2493
2484
2473
2467
2461
2455
2452
2449
2449
2461
2476
2493
2508
2517
2526
2532
2538
2547
2556
2565
2574
2583
2589
2592
2595
2595
2598
2598
2601
2606
2621
2633
2630
2601
2559
2517
2467
2440
2425
2401
2374
2383
2449
2490
2523
2550
2574
2589
2595
2601
2606
2609
2609
2612
2612
2609
2612
2615
2618
2624
2624
2624
2624
2624
2621
2618
2609
2604
2592
2580
2562
2493
2362
2190
2002
1788
1556
1333
1127
0985
0931
0934
1002
1184
1482
1791
2169
2568
2928
3246
3493
3600
3639
3636
3583
3499
3410
3288
3145
3068
3011
2964
2901
2818
2714
2627
2565
2514
2490
2473
2461
2449
2437
2428
2419
2413
2410
2407
2407
2407
2407
2410
2413
2413
2410
2407
2404
2401
2401
2401
2401
2404
2404
2407
2407
2407
2404
2398
2392
2383
2371
2359
2351
2339
2330
2321
2306
2294
2282
2270
2264
2261
2261
2267
2276
2288
2300
2312
2321
2330
2342
2357
2371
2389
2401
2410
2416
2422
2434
2449
2484
2523
2529
2532
2538
2541
2538
2523
2505
2484
2458
2446
2461
2499
2568
2627
2642
2651
2660
2669
2672
2675
2678
2678
2678
2672
2660
2645
2627
2612
2592
2559
2493
2473
2455
2437
2443
2490
2514
2523
2532
2541
2553
2565
2577
2586
2592
2598
2601
2604
2606
2606
2609
2615
2630
2639
2624
2586
2476
2348
2193
2002
1761
1505
1300
1148
1086
1047
1023
1110
1357
1690
2086
2505
2895
3184
3395
3556
3618
3621
3568
3422
3255
3109
2970
2913
2865
2809
2731
2678
2648
2627
2606
2586
2571
2559
2550
2544
2535
2526
2517
2508
2496
2481
2464
2452
2443
2434
2422
2410
2398
2380
2368
2354
2342
2327
2315
2300
2285
2273
2258
2237
2202
2172
2151
2133
2115
2095
2077
2068
2077
2098
2124
2151
2187
2223
2264
2306
2354
2380
2401
2407
2410
2413
2419
2422
2428
2431
2431
2434
2434
2434
2434
2437
2443
2449
2452
2458
2467
2476
2487
2496
2505
2514
2520
2532
2550
2562
2565
2553
2538
2520
2505
2499
2490
2479
2470
2458
2449
2446
2437
2431
2431
2437
2446
2455
2470
2487
2505
2520
2535
2550
2568
2586
2601
2612
2612
2604
2592
2574
2556
2541
2520
2499
2479
2464
2449
2431
2386
2318
2220
2080
1892
1675
1467
1273
1107
0993
0952
0958
1038
1255
1595
1996
2413
2794
3106
3371
3586
3696
3734
3696
3574
3422
3273
3139
3068
2999
2922
2830
2737
2657
2604
2565
2547
2535
2526
2517
2508
2502
2496
2493
2484
2479
2470
2461
2455
2449
2440
2434
2425
2416
2407
2395
2386
2374
2365
2357
2348
2339
2327
2312
2300
2291
2282
2279
2276
2276
2276
2273
2273
2273
2273
2273
2276
2279
2282
2285
2282
2273
2264
2252
2234
2220
2220
2240
2273
2297
2315
2333
2351
2368
2386
2404
2419
2437
2455
2490
2544
2571
2583
2598
2609
2615
2618
2615
2606
2598
2592
2589
2586
2580
2574
2568
2562
2556
2556
2556
2559
2562
2565
2568
2571
2571
2571
2568
2565
2562
2559
2553
2550
2541
2532
2523
2514
2499
2398
2232
2038
1818
1574
1321
1068
0842
0648
0592
0574
0595
0732
0931
1258
1696
2202
2797
3386
3824
4026
4095
4053
3928
3758
3600
3395
3193
3023
2904
2824
2776
2746
2726
2717
2711
2705
2699
2693
2690
2687
2684
2681
2678
2672
2663
2657
2648
2639
2630
2618
2606
2592
2568
2544
2517
2496
2479
2464
2458
2452
2449
2449
2449
2446
2443
2440
2437
2431
2425
2416
2404
2395
2389
2380
2374
2365
2357
2348
2336
2324
2306
2291
2276
2264
2255
2249
2249
2249
2252
2264
2276
2294
2312
2327
2348
2386
2431
2473
2502
2520
2535
2547
2556
2562
2565
2562
2556
2547
2538
2529
2520
2514
2505
2496
2490
2490
2493
2505
2520
2538
2553
2571
2586
2598
2606
2609
2604
2595
2583
2568
2550
2532
2508
2484
2461
2440
2419
2392
2359
2315
2267
2223
2154
2065
1922
1737
1535
1330
1116
0928
0803
0764
0800
0910
1172
1535
2008
2523
3038
3508
3830
3978
4029
3961
3749
3490
3226
3038
2943
2874
2818
2758
2711
2675
2642
2618
2598
2568
2535
2514
2496
2487
2484
2481
2479
2476
2476
2476
2479
2481
2481
2481
2479
2476
2476
2473
2473
2470
2464
2455
2449
2440
2434
2425
2407
2389
2368
2345
2321
2294
2270
2243
2220
2193
2166
2142
2118
2101
2086
2068
2050
2038
2032
2032
2041
2053
2071
2092
2118
2160
2234
2288
2333
2371
2410
2449
2476
2496
2514
2529
2538
2544
2547
2550
2556
2559
2568
2586
2583
2550
2526
2508
2493
2484
2484
2493
2505
2517
2526
2538
2550
2559
2562
2562
2559
2550
2541
2532
2526
2517
2511
2502
2490
2481
2476
2467
2455
2440
2365
2220
2035
1791
1523
1232
0949
0708
0523
0428
0395
0425
0517
0696
1002
1377
1892
2422
2976
3508
3833
3919
3913
3782
3600
3431
3345
3273
3202
3077
2958
2818
2684
2606
2568
2550
2535
2523
2517
2517
2526
2538
2553
2565
2574
2583
2598
2612
2621
2621
2612
2595
2574
2553
2538
2514
2487
2470
2461
2452
2449
2446
2443
2437
2431
2425
2419
2416
2410
2404
2395
2383
2371
2351
2315
2312
2312
2309
2306
2303
2300
2300
2300
2300
2300
2303
2309
2315
2327
2342
2357
2374
2389
2407
2428
2449
2464
2481
2493
2502
2511
2520
2529
2538
2544
2550
2553
2550
2550
2550
2550
2550
2550
2550
2550
2550
2556
2541
2529
2517
2511
2505
2514
2529
2547
2565
2583
2595
2595
2580
2565
2556
2547
2535
2523
2517
2517
2520
2523
2529
2532
2538
2550
2517
2490
2476
2461
2449
2443
2434
2422
2410
2386
2386
2395
2404
2407
2413
2419
2419
2419
2419
2416
2410
2404
2395
2357
2255
2130
1961
1726
1461
1178
0904
0693
0607
0604
0678
0871
1116
1440
1898
2359
2886
3342
3657
3761
3758
3633
3464
3327
3223
3166
3083
2949
2848
2737
2651
2598
2559
2529
2502
2490
2484
2476
2473
2467
2464
2464
2464
2464
2464
2467
2467
2470
2473
2476
2484
2458
2428
2401
2368
2339
2312
2297
2288
2285
2282
2276
2273
2273
2270
2267
2264
2261
2258
2258
2255
2249
2246
2243
2232
2226
2226
2234
2249
2261
2279
2297
2321
2351
2383
2389
2395
2398
2401
2401
2404
2404
2410
2416
2425
2434
2443
2449
2464
2493
2514
2526
2532
2535
2541
2544
2550
2553
2556
2556
2556
2553
2553
2553
2553
2550
2547
2544
2544
2544
2541
2538
2535
2529
2529
2529
2532
2535
2538
2538
2544
2544
2538
2532
2526
2520
2511
2502
2493
2484
2476
2467
2458
2449
2443
2431
2413
2413
2431
2449
2476
2505
2538
2562
2565
2553
2517
2452
2380
2312
2240
2145
2026
1889
1746
1589
1404
1193
0970
0773
0654
0645
0723
0985
1377
1889
2476
3029
3496
3812
3910
3913
3839
3717
3589
3416
3231
3095
2993
2919
2856
2770
2669
2592
2565
2565
2586
2606
2627
2645
2654
2669
2681
2666
2624
2547
2493
2481
2473
2467
2464
2458
2452
2449
2443
2440
2434
2431
2422
2407
2380
2351
2330
2318
2306
2297
2288
2279
2270
2258
2240
2234
2240
2255
2267
2276
2285
2297
2315
2333
2345
2357
2365
2377
2383
2389
2395
2398
2401
2407
2410
2416
2425
2437
2449
2464
2487
2526
2565
2609
2654
2687
2699
2705
2708
2708
2696
2678
2648
2604
2568
2544
2523
2508
2496
2487
2481
2484
2493
2505
2514
2523
2529
2535
2541
2550
2559
2568
2574
2577
2583
2592
2604
2609
2609
2601
2589
2580
2574
2571
2565
2562
2556
2550
2544
2541
2538
2532
2529
2520
2514
2505
2487
2487
2502
2526
2559
2577
2586
2592
2592
2577
2553
2514
2464
2431
2410
2431
2487
2562
2609
2642
2666
2678
2678
2669
2654
2609
2517
2434
2374
2303
2175
2005
1818
1592
1354
1139
0970
0860
0845
0889
1086
1428
1818
2288
2836
3273
3606
3824
3907
3913
3856
3702
3544
3377
3160
3011
2883
2821
2788
2752
2720
2675
2609
2571
2532
2496
2467
2449
2449
2473
2505
2550
2574
2586
2598
2601
2598
2589
2574
2535
2449
2359
2297
2279
2267
2258
2255
2258
2267
2279
2294
2303
2321
2333
2342
2339
2330
2315
2297
2270
2246
2232
2223
2211
2202
2199
2196
2202
2208
2220
2232
2246
2264
2282
2294
2306
2327
2365
2395
2410
2422
2431
2434
2431
2422
2410
2398
2383
2357
2357
2374
2401
2443
2473
2493
2508
2517
2532
2559
2577
2583
2589
2595
2601
2601
2606
2615
2612
2571
2508
2449
2431
2422
2413
2410
2413
2416
2425
2434
2443
2449
2455
2464
2473
2479
2479
2476
2473
2464
2452
2410
2345
2258
2145
2026
1877
1675
1440
1208
0988
0785
0604
0458
0389
0392
0485
0702
1113
1630
2252
2922
3496
3847
3928
3913
3746
3535
3368
3273
3237
3214
3160
3053
2904
2761
2663
2615
2595
2586
2580
2574
2565
2556
2547
2541
2535
2526
2517
2511
2508
2508
2511
2517
2523
2532
2547
2568
2541
2499
2455
2437
2422
2413
2407
2407
2410
2416
2419
2425
2431
2437
2437
2425
2413
2395
2374
2348
2324
2309
2294
2285
2276
2267
2261
2255
2255
2267
2285
2315
2357
2389
2413
2434
2455
2481
2508
2547
2577
2592
2604
2592
2577
2565
2595
2618
2633
2645
2654
2663
2669
2675
2693
2693
2627
2559
2541
2526
2514
2502
2496
2484
2467
2467
2484
2502
2514
2529
2547
2562
2580
2598
2598
2574
2556
2544
2532
2520
2505
2490
2476
2455
2449
2455
2470
2481
2493
2505
2517
2532
2547
2562
2583
2598
2598
2586
2571
2550
2523
2499
2476
2452
2440
2425
2413
2407
2416
2431
2440
2449
2458
2464
2464
2458
2449
2434
2410
2359
2270
2127
1949
1726
1485
1235
0996
0815
0717
0705
0755
0940
1226
1598
2095
2609
3136
3559
3791
3836
3821
3690
3541
3419
3294
3172
3056
2931
2856
2818
2788
2752
2687
2612
2547
2523
2511
2505
2502
2502
2499
2496
2493
2487
2481
2473
2464
2449
2449
2458
2467
2476
2479
2461
2449
2440
2425
2410
2392
2380
2371
2362
2351
2345
2336
2330
2327
2324
2318
2312
2294
2261
2249
2237
2232
2229
2232
2243
2252
2261
2270
2279
2288
2294
2300
2306
2312
2321
2333
2351
2377
2419
2449
2461
2470
2479
2490
2502
2508
2517
2523
2529
2529
2526
2517
2505
2484
2446
2413
2392
2395
2428
2449
2467
2481
2490
2496
2502
2505
2508
2511
2517
2520
2523
2523
2523
2523
2520
2520
2517
2514
2511
2508
2505
2502
2499
2496
2493
2487
2479
2473
2467
2461
2455
2452
2452
2449
2449
2449
2443
2437
2434
2449
2473
2493
2511
2529
2532
2529
2520
2505
2481
2443
2395
2348
2261
2154
1999
1803
1589
1351
1116
0907
0744
0672
0648
0678
0767
0979
1357
1857
2476
3080
3538
3773
3806
3752
3609
3452
3291
3169
3029
2922
2845
2749
2660
2580
2529
2487
2458
2446
2437
2434
2428
2422
2416
2410
2401
2389
2368
2330
2291
2246
2223
2211
2205
2199
2190
2184
2178
2172
2169
2163
2157
2148
2142
2142
2148
2157
2169
2178
2193
2202
2187
2154
2104
2050
2026
2011
1999
1999
2005
2020
2062
2136
2163
2175
2184
2190
2202
2214
2229
2249
2270
2291
2312
2374
2449
2502
2520
2526
2523
2508
2493
2473
2449
2410
2371
2348
2333
2330
2342
2354
2365
2380
2404
2437
2476
2499
2511
2523
2538
2550
2559
2580
2604
2580
2562
2550
2538
2523
2502
2484
2470
2455
2443
2431
2419
2413
2404
2389
2368
2368
2386
2398
2404
2413
2419
2422
2425
2428
2428
2428
2425
2425
2422
2422
2419
2413
2416
2431
2446
2452
2461
2476
2487
2505
2523
2553
2553
2535
2514
2493
2476
2449
2410
2383
2371
2362
2357
2348
2339
2333
2327
2318
2303
2240
2118
1931
1711
1476
1220
0970
0752
0589
0514
0511
0577
0738
1002
1416
1976
2592
3139
3502
3612
3621
3550
3470
3398
3368
3345
3282
3142
2993
2851
2726
2672
2657
2648
2642
2633
2621
2612
2604
2598
2592
2589
2583
2577
2571
2565
2562
2559
2556
2550
2544
2535
2520
2496
2493
2490
2487
2481
2470
2455
2428
2407
2401
2395
2401
2410
2419
2422
2416
2410
2404
2398
2389
2371
2321
2267
2252
2237
2229
2217
2211
2199
2193
2202
2223
2243
2264
2285
2312
2351
2404
2443
2461
2479
2490
2505
2553
2624
2675
2690
2699
2705
2705
2702
2693
2678
2633
2556
2502
2484
2514
2541
2556
2571
2580
2583
2583
2580
2580
2577
2577
2577
2580
2577
2571
2562
2553
2544
2532
2520
2505
2496
2490
2487
2479
2467
2490
2532
2580
2612
2636
2660
2684
2696
2705
2714
2720
2726
2731
2729
2726
2723
2717
2714
2711
2705
2696
2684
2675
2666
2660
2648
2633
2645
2657
2660
2666
2669
2672
2675
2675
2678
2681
2684
2690
2699
2678
2627
2556
2434
2246
2008
1723
1425
1148
0928
0791
0770
0821
1068
1496
1979
2550
3130
3577
3883
4041
4056
3984
3800
3621
3496
3413
3306
3202
3032
2907
2868
2859
2851
2848
2848
2854
2859
2868
2877
2851
2803
2767
2755
2752
2749
2746
2740
2737
2731
2729
2726
2720
2711
2702
2678
2624
2589
2571
2559
2547
2532
2523
2511
2499
2481
2464
2455
2446
2410
2333
2297
2270
2249
2267
2288
2306
2309
2306
2300
2297
2294
2294
2300
2312
2330
2359
2416
2479
2517
2529
2541
2547
2547
2541
2529
2520
2508
2502
2508
2523
2535
2544
2553
2553
2541
2520
2490
2443
2386
2345
2321
2303
2303
2318
2357
2422
2499
2529
2538
2547
2553
2556
2550
2538
2520
2505
2481
2470
2476
2487
2493
2505
2508
2499
2476
2458
2437
2422
2410
2392
2374
2357
2342
2327
2327
2357
2386
2413
2428
2431
2437
2440
2440
2443
2446
2446
2446
2443
2437
2428
2413
2362
2249
2089
1892
1657
1407
1169
0970
0830
0770
0770
0824
0979
1217
1562
1999
2481
2964
3389
3678
3761
3758
3657
3523
3398
3273
3166
3077
2984
2842
2702
2604
2511
2431
2407
2398
2392
2395
2422
2443
2458
2473
2479
2476
2464
2449
2440
2425
2413
2413
2428
2443
2452
2467
2479
2479
2467
2449
2389
2318
2243
2193
2136
2107
2098
2089
2118
2142
2157
2169
2175
2178
2181
2184
2184
2190
2190
2181
2175
2169
2163
2160
2160
2166
2175
2187
2202
2226
2249
2273
2294
2315
2339
2374
2407
2422
2428
2437
2449
2461
2476
2487
2499
2511
2523
2535
2547
2562
2601
2636
2654
2666
2630
2565
2508
2473
2446
2425
2395
2359
2333
2315
2333
2386
2473
2511
2532
2544
2559
2583
2621
2663
2687
2702
2711
2696
2666
2618
2565
2541
2526
2517
2508
2496
2487
2479
2467
2455
2449
2443
2443
2449
2458
2470
2479
2490
2502
2508
2502
2487
2467
2443
2410
2401
2386
2398
2443
2484
2511
2526
2535
2541
2541
2535
2526
2508
2449
2359
2270
2169
2044
1889
1690
1467
1255
1074
0919
0785
0720
0729
0845
1124
1532
2023
2526
3017
3446
3752
3868
3871
3782
3633
3478
3327
3190
3074
2970
2868
2779
2705
2627
2601
2583
2574
2592
2624
2657
2678
2690
2696
2696
2684
2660
2636
2604
2580
2547
2502
2467
2449
2428
2410
2389
2362
2348
2342
2339
2336
2333
2333
2333
2333
2336
2342
2351
2362
2377
2395
2428
2431
2404
2383
2362
2345
2330
2315
2288
2252
2223
2202
2232
2285
2336
2365
2392
2422
2437
2446
2449
2458
2467
2476
2481
2487
2493
2502
2517
2550
2592
2604
2612
2618
2618
2615
2604
2586
2559
2514
2481
2458
2458
2481
2520
2565
2609
2657
2687
2708
2723
2723
2705
2678
2627
2565
2541
2529
2520
2514
2508
2499
2493
2487
2481
2473
2455
2416
2368
2339
2318
2336
2413
2479
2526
2553
2571
2574
2559
2529
2449
2291
2098
1892
1672
1440
1196
0955
0741
0568
0505
0526
0699
1080
1618
2211
2752
3220
3562
3779
3845
3865
3830
3711
3550
3359
3178
3050
2958
2922
2892
2854
2800
2752
2717
2687
2669
2660
2651
2642
2630
2612
2598
2583
2571
2562
2550
2541
2532
2523
2517
2508
2502
2493
2484
2476
2470
2461
2449
2431
2413
2392
2365
2312
2252
2229
2208
2187
2160
2121
2086
2071
2065
2056
2053
2050
2056
2068
2083
2104
2130
2178
2211
2240
2273
2312
2359
2422
2461
2487
2508
2523
2535
2547
2565
2574
2562
2538
2526
2517
2508
2499
2493
2487
2479
2473
2464
2458
2458
2455
2455
2455
2452
2449
2449
2449
2449
2449
2446
2443
2440
2437
2434
2434
2434
2431
2431
2434
2434
2431
2428
2422
2413
2371
2279
2166
2011
1803
1568
1297
1002
0702
0440
0235
0124
0124
0235
0556
1035
1627
2324
2898
3345
3636
3725
3755
3722
3615
3520
3395
3288
3163
3011
2880
2779
2669
2621
2598
2583
2577
2577
2586
2598
2606
2618
2624
2630
2633
2627
2615
2598
2577
2559
2541
2523
2505
2490
2481
2473
2467
2458
2452
2449
2443
2437
2431
2425
2416
2407
2398
2392
2386
2374
2359
2333
2306
2282
2270
2261
2249
2237
2229
2223
2220
2217
2217
2220
2226
2229
2237
2246
2258
2270
2294
2348
2377
2392
2407
2416
2422
2425
2422
2416
2410
2401
2389
2371
2371
2395
2407
2419
2431
2437
2440
2437
2428
2416
2404
2389
2362
2362
2389
2410
2425
2440
2452
2464
2476
2505
2535
2559
2556
2505
2434
2336
2214
2059
1862
1630
1386
1154
0955
0782
0642
0577
0586
0696
0991
1470
2065
2660
3211
3586
3737
3752
3684
3565
3455
3380
3285
3178
3020
2856
2737
2657
2636
2621
2612
2604
2595
2589
2580
2562
2526
2484
2446
2404
2368
2351
2339
2333
2333
2342
2357
2368
2380
2392
2395
2389
2377
2362
2336
2288
2258
2240
2226
2220
2223
2229
2240
2249
2255
2264
2273
2282
2282
2279
2273
2261
2246
2214
2178
2166
2157
2148
2145
2148
2160
2184
2249
2330
2431
2535
2624
2711
2818
2919
3002
3035
3065
3092
3112
3130
3142
3151
3163
3169
3172
3166
3151
3127
3092
3041
3008
2976
2943
2907
2886
2871
2862
2854
2845
2836
2806
2737
2696
2651
2615
2583
2556
2541
2532
2526
2526
2529
2538
2544
2553
2562
2562
2553
2538
2508
2484
2479
2476
2470
2467
2464
2464
2467
2473
2479
2484
2493
2490
2470
2449
2428
2428
2449
2470
2490
2490
2467
2449
2434
2419
2410
2401
2395
2383
2365
2362
2368
2377
2386
2383
2362
2348
2333
2324
2315
2315
2318
2321
2327
2330
2336
2345
2354
2354
2348
2333
2297
2214
2115
1976
1791
1574
1318
1047
0779
0559
0458
0458
0565
0874
1309
1815
2359
2883
3273
3574
3696
3734
3711
3633
3467
3291
3062
2916
2809
2711
2666
2627
2580
2535
2508
2496
2505
2529
2562
2612
2648
2672
2681
2672
2651
2621
2580
2538
2496
2458
2425
2395
2371
2330
2312
2300
2288
2282
2276
2270
2264
2261
2261
2261
2264
2264
2267
2270
2273
2279
2282
2285
2291
2294
2300
2309
2315
2315
2312
2306
2297
2282
2255
2240
2232
2223
2217
2217
2223
2234
2249
2258
2267
2276
2282
2291
2303
2312
2321
2327
2336
2345
2357
2368
2380
2392
2407
2422
2440
2449
2437
2413
2398
2383
2371
2359
2357
2359
2368
2383
2401
2437
2493
2517
2532
2544
2553
2559
2559
2556
2547
2538
2523
2511
2502
2493
2481
2470
2464
2461
2464
2473
2484
2496
2508
2520
2538
2556
2568
2574
2574
2577
2583
2589
2595
2586
2565
2538
2502
2458
2357
2217
2035
1833
1630
1428
1232
1065
0943
0904
0919
0961
1107
1377
1773
2279
2854
3392
3773
3940
3961
3892
3705
3511
3416
3380
3348
3264
3160
3041
2904
2770
2654
2547
2476
2458
2449
2440
2434
2434
2431
2431
2428
2425
2422
2422
2416
2410
2410
2422
2428
2437
2443
2446
2443
2431
2413
2386
2336
2309
2297
2285
2276
2267
2261
2258
2255
2252
2252
2249
2249
2249
2249
2252
2252
2249
2243
2240
2240
2243
2252
2264
2276
2291
2306
2324
2342
2359
2380
2407
2446
2461
2470
2476
2481
2484
2487
2490
2493
2496
2499
2502
2505
2505
2505
2505
2505
2508
2511
2511
2514
2514
2517
2517
2514
2511
2502
2496
2487
2473
2461
2461
2476
2496
2508
2523
2538
2547
2547
2544
2538
2526
2484
2386
2249
2104
1922
1717
1479
1220
0964
0741
0601
0559
0583
0654
0803
1062
1443
1955
2514
3062
3544
3827
3949
3990
3961
3868
3740
3606
3395
3145
2940
2809
2764
2752
2743
2734
2729
2720
2711
2687
2645
2618
2601
2601
2624
2657
2693
2711
2723
2729
2723
2708
2687
2645
2589
2556
2541
2532
2529
2526
2529
2532
2535
2538
2541
2544
2538
2526
2514
2499
2481
2464
2452
2440
2431
2422
2416
2410
2401
2395
2389
2383
2371
2357
2327
2303
2282
2264
2264
2285
2315
2348
2357
2362
2368
2371
2374
2374
2377
2383
2386
2392
2395
2401
2407
2413
2422
2434
2446
2452
2464
2487
2532
2574
2612
2627
2636
2642
2648
2651
2651
2648
2642
2636
2627
2618
2609
2592
2571
2547
2532
2517
2505
2496
2493
2499
2505
2514
2520
2526
2529
2532
2538
2541
2544
2544
2544
2538
2532
2526
2520
2511
2499
2476
2455
2437
2419
2395
2395
2413
2428
2443
2449
2446
2428
2380
2297
2175
1987
1752
1514
1288
1077
0892
0735
0648
0645
0720
0922
1217
1610
2109
2681
3196
3565
3714
3764
3746
3690
3600
3523
3389
3255
3080
2910
2794
2699
2624
2577
2523
2487
2476
2470
2467
2464
2461
2458
2452
2449
2440
2422
2389
2362
2345
2371
2398
2419
2428
2422
2410
2401
2392
2377
2357
2321
2285
2264
2249
2273
2306
2336
2348
2354
2359
2362
2365
2365
2357
2342
2324
2312
2294
2276
2264
2258
2249
2234
2202
2160
2139
2133
2127
2154
2193
2234
2264
2288
2309
2339
2386
2428
2449
2461
2470
2473
2476
2479
2479
2481
2481
2481
2484
2484
2484
2484
2481
2481
2481
2479
2479
2479
2473
2470
2470
2467
2467
2464
2461
2455
2449
2446
2443
2437
2434
2428
2422
2416
2413
2410
2407
2407
2407
2410
2416
2422
2431
2440
2449
2458
2479
2502
2526
2550
2577
2577
2562
2538
2505
2481
2473
2464
2452
2443
2434
2422
2410
2398
2392
2392
2398
2404
2413
2407
2348
2258
2136
1952
1732
1490
1238
1008
0836
0746
0717
0744
0830
1056
1470
1979
2553
3145
3580
3862
3955
3877
3696
3470
3285
3214
3193
3172
3148
3071
2910
2752
2690
2672
2663
2654
2651
2645
2645
2639
2633
2606
2538
2476
2461
2452
2446
2440
2440
2437
2437
2440
2443
2446
2449
2461
2446
2425
2410
2401
2413
2434
2449
2461
2473
2479
2479
2476
2467
2458
2422
2357
2285
2232
2217
2208
2202
2199
2202
2208
2220
2234
2267
2324
2357
2374
2386
2404
2416
2431
2461
2496
2511
2517
2526
2538
2550
2562
2574
2586
2598
2612
2624
2636
2648
2666
2675
2663
2642
2621
2601
2580
2565
2541
2505
2464
2440
2431
2422
2419
2419
2434
2449
2481
2532
2562
2577
2592
2606
2627
2648
2672
2675
2660
2621
2550
2508
2476
2452
2434
2386
2336
2321
2345
2419
2484
2511
2514
2502
2473
2383
2255
2098
1868
1601
1330
1068
0851
0699
0663
0687
0854
1130
1526
2062
2562
3047
3452
3681
3749
3770
3755
3699
3633
3550
3431
3282
3151
3038
2922
2830
2755
2711
2687
2675
2666
2657
2651
2648
2642
2633
2627
2627
2636
2651
2669
2687
2699
2693
2678
2657
2627
2609
2604
2598
2595
2592
2586
2583
2577
2571
2565
2559
2550
2526
2481
2461
2449
2446
2440
2431
2422
2410
2395
2383
2371
2362
2351
2342
2333
2333
2333
2336
2345
2354
2371
2401
2449
2467
2481
2499
2520
2583
2651
2723
2749
2761
2767
2773
2773
2764
2755
2740
2723
2749
2779
2800
2812
2818
2827
2833
2836
2827
2806
2740
2690
2675
2666
2657
2654
2651
2651
2654
2657
2660
2663
2669
2678
2660
2645
2636
2624
2609
2589
2571
2556
2541
2523
2505
2493
2484
2470
2449
2452
2481
2508
2529
2550
2562
2574
2586
2604
2604
2589
2550
2487
2470
2455
2446
2434
2413
2371
2282
2178
2023
1815
1577
1309
1041
0812
0630
0529
0520
0574
0690
0952
1345
1809
2422
2973
3389
3645
3702
3693
3586
3407
3178
3017
2859
2752
2663
2580
2553
2535
2523
2511
2490
2449
2404
2371
2354
2342
2336
2330
2327
2321
2312
2303
2291
2261
2214
2169
2145
2133
2127
2151
2175
2193
2202
2190
2169
2142
2109
2095
2086
2074
2071
2083
2109
2130
2151
2166
2166
2157
2139
2086
2020
1985
1958
1937
1922
1913
1907
1898
1895
1892
1892
1895
1904
1916
1928
1943
1961
1982
1996
2011
2062
2133
2202
2240
2267
2288
2303
2315
2327
2333
2327
2318
2312
2303
2300
2300
2315
2330
2339
2348
2357
2362
2368
2368
2365
2359
2348
2333
2303
2252
2184
2109
1982
1797
1580
1318
1032
0732
0440
0181
0017
0000
0071
0351
0779
1324
1973
2604
3130
3487
3663
3720
3690
3606
3434
3291
3163
3083
3044
2993
2901
2791
2663
2547
2487
2473
2467
2461
2455
2449
2446
2440
2434
2422
2401
2392
2398
2413
2422
2428
2431
2437
2437
2440
2440
2437
2434
2428
2422
2413
2404
2395
2380
2365
2357
2351
2345
2339
2330
2330
2342
2351
2357
2362
2368
2368
2362
2357
2348
2342
2336
2330
2324
2318
2318
2318
2324
2333
2345
2359
2386
2410
2434
2452
2479
2505
2532
2559
2577
2595
2604
2604
2598
2589
2580
2571
2562
2559
2559
2565
2571
2577
2586
2592
2589
2574
2556
2538
2517
2505
2517
2538
2550
2559
2568
2577
2583
2589
2595
2598
2604
2609
2615
2621
2630
2639
2648
2657
2666
2678
2684
2684
2681
2669
2660
2651
2633
2624
2639
2663
2678
2690
2702
2714
2720
2720
2717
2714
2708
2702
2696
2690
2678
2666
2651
2624
2583
2535
2499
2476
2458
2490
2529
2565
2589
2606
2618
2630
2630
2618
2595
2523
2419
2291
2154
2005
1818
1586
1348
1136
0976
0880
0871
0916
1124
1493
1958
2511
3050
3467
3785
3990
4071
4008
3859
3678
3496
3282
3103
2999
2904
2848
2797
2746
2720
2702
2693
2687
2693
2702
2714
2731
2755
2729
2693
2663
2642
2627
2615
2606
2598
2586
2574
2583
2595
2606
2583
2556
2532
2529
2532
2535
2541
2541
2529
2514
2496
2473
2440
2389
2324
2294
2288
2282
2291
2297
2300
2303
2306
2306
2309
2312
2315
2321
2324
2330
2339
2348
2371
2392
2416
2449
2473
2487
2499
2514
2529
2541
2550
2559
2568
2577
2586
2598
2606
2618
2633
2648
2651
2648
2639
2621
2568
2505
2440
2392
2351
2324
2312
2318
2336
2383
2455
2544
2565
2568
2571
2571
2565
2550
2532
2493
2458
2437
2437
2449
2464
2476
2476
2455
2437
2413
2389
2354
2309
2232
2142
2059
1993
1958
1904
1830
1746
1663
1562
1431
1264
1071
0863
0666
0511
0446
0452
0544
0767
1065
1440
1839
2243
2586
2815
2886
2892
2839
2779
2764
2755
2749
2743
2737
2729
2723
2714
2708
2702
2696
2693
2687
2681
2675
2669
2663
2660
2654
2648
2639
2630
2621
2604
2592
2606
2630
2648
2663
2681
2696
2711
2726
2743
2770
2770
2755
2734
2717
2731
2740
2749
2755
2761
2761
2758
2752
2743
2731
2711
2663
2618
2586
2574
2565
2562
2556
2550
2541
2529
2511
2476
2431
2389
2359
2345
2336
2339
2354
2371
2398
2434
2449
2458
2470
2487
2508
2523
2535
2547
2559
2565
2562
2553
2541
2526
2502
2449
2419
2401
2386
2377
2368
2368
2368
2368
2371
2371
2377
2380
2386
2389
2392
2395
2398
2404
2410
2416
2419
2422
2425
2431
2434
2437
2440
2446
2449
2455
2464
2476
2484
2496
2517
2529
2520
2499
2476
2449
2428
2392
2348
2318
2300
2288
2285
2294
2309
2318
2327
2336
2345
2345
2342
2336
2324
2312
2294
2270
2252
2240
2208
2121
1999
1830
1610
1374
1124
0871
0666
0577
0583
0699
0961
1339
1833
2357
2856
3315
3612
3720
3722
3633
3458
3264
3148
3059
2981
2904
2854
2761
2687
2592
2499
2422
2398
2383
2380
2380
2380
2380
2380
2383
2383
2383
2383
2386
2392
2401
2413
2431
2455
2464
2470
2473
2479
2481
2481
2479
2470
2461
2446
2416
2374
2339
2297
2249
2208
2166
2121
2074
2044
2035
2032
2029
2026
2023
2023
2029
2035
2044
2053
2065
2083
2101
2118
2148
2190
2243
2291
2345
2383
2398
2407
2413
2416
2419
2425
2428
2434
2440
2446
2449
2455
2464
2470
2476
2481
2487
2490
2502
2523
2562
2586
2601
2606
2604
2595
2586
2580
2574
2583
2601
2612
2627
2639
2642
2645
2648
2654
2621
2583
2553
2550
2571
2586
2601
2609
2612
2609
2598
2583
2559
2523
2467
2425
2410
2401
2398
2398
2407
2416
2422
2431
2440
2443
2437
2422
2407
2395
2380
2365
2357
2351
2345
2339
2312
2237
2124
1970
1749
1476
1151
0827
0562
0401
0339
0425
0633
0982
1473
2112
2705
3255
3627
3764
3779
3714
3583
3458
3309
3160
2996
2845
2749
2696
2645
2589
2529
2484
2467
2458
2452
2449
2446
2443
2437
2434
2431
2428
2425
2422
2416
2410
2407
2407
2407
2410
2413
2413
2413
2419
2413
2389
2354
2312
2276
2232
2199
2181
2169
2157
2145
2136
2130
2124
2121
2115
2112
2109
2112
2118
2127
2142
2160
2193
2249
2297
2348
2389
2419
2437
2461
2484
2499
2511
2502
2487
2479
2479
2505
2547
2574
2577
2580
2583
2583
2580
2577
2571
2565
2559
2553
2547
2547
2547
2553
2556
2562
2565
2568
2574
2580
2589
2598
2609
2621
2639
2657
2669
2684
2702
2702
2681
2651
2612
2544
2481
2413
2309
2160
1976
1755
1505
1229
0937
0678
0473
0363
0357
0443
0684
1020
1479
2023
2586
3121
3520
3764
3797
3788
3740
3699
3636
3520
3365
3190
3059
3014
2996
2981
2964
2922
2842
2740
2651
2589
2568
2556
2559
2568
2580
2595
2606
2615
2604
2583
2562
2544
2529
2517
2505
2481
2446
2410
2386
2365
2345
2330
2315
2306
2306
2312
2318
2321
2327
2330
2336
2336
2333
2327
2318
2309
2303
2294
2279
2267
2258
2258
2261
2270
2279
2294
2324
2345
2354
2362
2371
2380
2386
2398
2416
2443
2464
2481
2496
2508
2511
2508
2499
2493
2487
2479
2473
2467
2467
2467
2470
2473
2479
2484
2493
2496
2487
2464
2434
2389
2359
2336
2306
2232
2151
2124
2115
2112
2109
2107
2104
2098
2092
2080
2062
1996
1889
1758
1615
1479
1360
1264
1229
1208
1214
1258
1300
1368
1437
1505
1574
1639
1714
1797
1901
2047
2229
2404
2481
2508
2523
2532
2541
2577
2666
2770
2862
2910
2925
2925
2901
2871
2848
2839
2836
2830
2827
2824
2821
2821
2824
2824
2827
2830
2833
2836
2839
2842
2842
2839
2830
2815
2767
2702
2660
2627
2604
2592
2586
2574
2577
2639
2705
2729
2737
2731
2708
2675
2630
2562
2481
2449
2431
2422
2416
2404
2392
2377
2359
2330
2297
2264
2234
2232
2249
2288
2359
2401
2428
2443
2452
2467
2479
2496
2520
2550
2571
2589
2604
2618
2633
2642
2654
2663
2669
2669
2666
2657
2648
2633
2609
2586
2565
2550
2538
2535
2538
2544
2547
2553
2559
2562
2562
2562
2559
2559
2559
2559
2556
2556
2550
2547
2544
2541
2538
2535
2532
2529
2526
2523
2517
2511
2505
2496
2493
2496
2502
2508
2517
2532
2565
2598
2621
2645
2681
2705
2720
2711
2645
2568
2467
2368
2300
2264
2240
2226
2226
2246
2303
2371
2398
2425
2437
2446
2449
2455
2461
2461
2461
2458
2449
2440
2422
2359
2205
2020
1800
1541
1267
1008
0788
0636
0613
0642
0818
1104
1458
1916
2401
2848
3246
3520
3618
3648
3630
3562
3473
3345
3178
3023
2842
2687
2559
2517
2499
2526
2568
2606
2624
2636
2642
2648
2648
2648
2642
2636
2624
2609
2571
2529
2487
2455
2431
2398
2362
2336
2333
2330
2324
2327
2330
2330
2333
2333
2333
2333
2333
2336
2336
2339
2339
2336
2333
2330
2327
2324
2318
2315
2309
2300
2294
2288
2276
2264
2252
2243
2234
2223
2205
2208
2229
2249
2273
2303
2348
2395
2419
2437
2449
2446
2434
2416
2395
2365
2348
2330
2315
2342
2389
2437
2479
2517
2541
2553
2562
2562
2547
2526
2490
2446
2425
2413
2407
2404
2401
2404
2413
2425
2437
2452
2479
2493
2502
2508
2514
2520
2523
2526
2529
2526
2523
2511
2499
2473
2446
2428
2416
2440
2455
2467
2476
2484
2487
2490
2487
2481
2476
2467
2452
2434
2461
2517
2553
2568
2580
2559
2532
2505
2490
2487
2484
2481
2479
2476
2473
2473
2473
2473
2473
2473
2473
2473
2476
2479
2481
2484
2490
2496
2467
2425
2389
2371
2359
2362
2389
2410
2431
2449
2467
2479
2493
2502
2508
2505
2499
2490
2484
2476
2467
2452
2437
2401
2348
2252
2107
1949
1755
1496
1223
0970
0773
0663
0651
0702
0910
1264
1726
2288
2880
3336
3681
3856
3877
3815
3657
3508
3386
3249
3089
2958
2886
2812
2776
2720
2636
2556
2511
2479
2458
2458
2479
2514
2541
2550
2559
2562
2565
2559
2544
2526
2493
2455
2437
2422
2434
2449
2464
2443
2419
2407
2395
2380
2362
2351
2339
2327
2315
2306
2300
2303
2312
2327
2354
2431
2481
2499
2508
2502
2481
2449
2407
2365
2324
2252
2184
2163
2196
2229
2255
2273
2288
2306
2324
2336
2348
2357
2362
2368
2374
2383
2389
2398
2410
2425
2452
2511
2577
2627
2648
2660
2672
2681
2684
2687
2684
2678
2672
2663
2657
2651
2645
2636
2627
2612
2598
2583
2568
2550
2532
2523
2520
2523
2532
2538
2547
2550
2556
2562
2568
2577
2580
2580
2580
2577
2568
2562
2556
2544
2526
2502
2476
2446
2413
2431
2481
2574
2606
2618
2630
2630
2612
2595
2571
2538
2487
2446
2422
2407
2410
2428
2440
2449
2455
2458
2461
2464
2467
2467
2467
2461
2455
2446
2434
2419
2398
2365
2336
2309
2217
2095
1958
1770
1544
1276
1005
0797
0708
0800
1238
1714
2273
2749
3208
3452
3595
3639
3621
3559
3428
3380
3336
3169
2984
2815
2675
2553
2487
2428
2374
2354
2345
2342
2336
2330
2327
2324
2324
2321
2321
2318
2315
2312
2309
2309
2309
2306
2303
2303
2300
2300
2297
2297
2297
2294
2291
2288
2285
2282
2279
2276
2270
2264
2258
2252
2234
2187
2145
2112
2083
2050
2020
1993
1967
1943
1970
2053
2157
2214
2258
2294
2336
2368
2395
2407
2392
2368
2351
2336
2321
2312
2306
2306
2312
2321
2333
2345
2365
2404
2440
2479
2547
2601
2627
2648
2669
2687
2702
2717
2731
2743
2752
2755
2755
2746
2737
2723
2681
2586
2523
2484
2458
2443
2434
2443
2455
2476
2499
2529
2550
2568
2589
2615
2654
2693
2734
2788
2821
2851
2871
2877
2874
2862
2845
2791
2684
2571
2532
2520
2511
2505
2502
2502
2508
2523
2538
2559
2589
2589
2559
2476
2359
2220
2038
1800
1526
1249
1005
0815
0663
0595
0607
0720
0958
1374
1916
2470
3026
3508
3827
3901
3892
3761
3630
3496
3368
3193
3020
2886
2770
2660
2562
2505
2481
2473
2464
2461
2458
2458
2458
2455
2452
2449
2443
2440
2440
2437
2434
2428
2419
2410
2401
2395
2383
2368
2351
2336
2318
2300
2288
2279
2267
2255
2246
2237
2232
2223
2214
2208
2202
2196
2190
2181
2157
2107
2077
2065
2053
2047
2044
2041
2044
2053
2065
2080
2101
2127
2157
2193
2223
2249
2273
2294
2309
2324
2336
2345
2354
2365
2374
2383
2392
2407
2431
2464
2484
2499
2511
2517
2520
2508
2490
2473
2449
2437
2425
2419
2413
2404
2398
2392
2392
2395
2401
2404
2410
2413
2416
2422
2428
2431
2431
2428
2422
2416
2407
2395
2377
2345
2306
2214
2077
1910
1732
1520
1270
1002
0741
0496
0300
0214
0229
0389
0720
1193
1779
2383
2874
3321
3684
3845
3895
3868
3791
3681
3532
3428
3282
3124
2990
2892
2845
2821
2809
2803
2797
2788
2779
2770
2761
2752
2743
2729
2714
2699
2675
2651
2627
2598
2571
2562
2556
2556
2550
2544
2541
2541
2553
2571
2583
2595
2604
2609
2615
2612
2606
2598
2583
2559
2505
2449
2386
2339
2312
2294
2282
2273
2267
2252
2237
2240
2279
2324
2365
2389
2398
2404
2410
2416
2422
2428
2431
2437
2443
2446
2449
2452
2458
2461
2464
2473
2481
2487
2490
2493
2490
2487
2481
2473
2461
2446
2443
2464
2535
2601
2633
2651
2666
2666
2642
2583
2434
2234
1990
1729
1458
1193
0970
0806
0752
0767
0907
1145
1467
1895
2392
2895
3333
3630
3749
3758
3681
3565
3407
3249
3106
2976
2856
2731
2654
2624
2606
2598
2589
2583
2580
2583
2595
2609
2624
2645
2654
2651
2636
2595
2520
2452
2431
2422
2416
2410
2416
2443
2467
2493
2496
2476
2446
2398
2351
2309
2267
2243
2237
2234
2232
2226
2223
2220
2220
2214
2232
2264
2279
2291
2300
2300
2297
2288
2279
2264
2243
2229
2202
2205
2267
2345
2413
2446
2458
2467
2473
2476
2473
2467
2458
2446
2428
2410
2398
2392
2386
2380
2377
2374
2377
2383
2392
2401
2422
2449
2461
2467
2473
2476
2481
2487
2496
2508
2532
2574
2604
2624
2639
2645
2654
2660
2663
2663
2657
2648
2636
2627
2618
2609
2598
2583
2571
2556
2541
2523
2508
2499
2490
2484
2479
2470
2461
2458
2458
2461
2467
2476
2481
2487
2481
2461
2416
2324
2208
2059
1871
1660
1449
1246
1059
0907
0827
0827
0895
1050
1324
1702
2151
2621
3098
3499
3773
3925
3946
3895
3740
3571
3461
3353
3211
3026
2859
2711
2598
2538
2520
2541
2606
2684
2731
2752
2752
2737
2726
2714
2699
2681
2669
2660
2654
2645
2633
2624
2615
2606
2598
2589
2583
2577
2577
2580
2583
2589
2592
2595
2601
2604
2598
2583
2571
2562
2553
2544
2535
2529
2520
2508
2496
2479
2455
2419
2371
2339
2318
2330
2374
2443
2467
2481
2487
2496
2502
2502
2490
2473
2455
2434
2434
2452
2481
2526
2577
2624
2648
2666
2672
2672
2660
2636
2604
2547
2487
2434
2398
2374
2359
2351
2336
2321
2339
2354
2365
2374
2386
2398
2410
2416
2422
2434
2443
2449
2455
2458
2461
2470
2479
2490
2505
2520
2529
2538
2547
2556
2559
2556
2550
2541
2526
2505
2458
2422
2398
2377
2362
2351
2336
2330
2339
2359
2374
2392
2404
2407
2410
2410
2413
2416
2395
2374
2359
2354
2359
2377
2395
2419
2446
2458
2467
2476
2481
2490
2502
2511
2520
2535
2559
2565
2568
2571
2574
2544
2499
2455
2428
2401
2374
2357
2345
2336
2330
2324
2327
2327
2333
2339
2351
2365
2404
2443
2464
2476
2484
2493
2496
2487
2470
2446
2401
2318
2205
2068
1928
1785
1633
1455
1246
1029
0827
0666
0586
0562
0610
0758
1098
1601
2205
2779
3258
3603
3743
3764
3725
3565
3371
3217
3124
3044
2973
2913
2839
2734
2627
2529
2440
2413
2407
2401
2401
2410
2419
2422
2428
2431
2428
2419
2407
2398
2395
2392
2389
2383
2380
2377
2374
2371
2368
2365
2365
2362
2362
2359
2359
2357
2351
2348
2348
2345
2342
2336
2333
2327
2324
2318
2312
2306
2300
2294
2288
2282
2279
2279
2276
2276
2273
2273
2273
2270
2270
2264
2288
2321
2348
2365
2377
2386
2392
2395
2401
2407
2413
2422
2431
2437
2443
2446
2449
2449
2452
2455
2458
2461
2464
2467
2470
2476
2479
2481
2481
2481
2481
2481
2481
2484
2487
2490
2499
2505
2511
2511
2499
2487
2476
2470
2458
2449
2440
2434
2434
2440
2446
2452
2461
2470
2481
2493
2505
2511
2517
2523
2532
2538
2544
2547
2550
2544
2538
2526
2514
2490
2440
2336
2205
2029
1788
1529
1264
1011
0794
0651
0604
0630
0717
0934
1339
1883
2428
3029
3523
3815
3907
3913
3842
3749
3609
3475
3356
3231
3109
2984
2871
2782
2696
2636
2559
2523
2517
2511
2508
2508
2508
2505
2502
2496
2490
2484
2476
2467
2455
2443
2425
2407
2386
2348
2309
2291
2276
2270
2282
2306
2348
2410
2449
2467
2481
2487
2481
2467
2449
2440
2431
2419
2410
2401
2392
2386
2377
2371
2362
2351
2327
2282
2258
2243
2234
2232
2232
2240
2255
2273
2309
2374
2437
2493
2550
2612
2666
2702
2702
2672
2627
2595
2580
2571
2559
2547
2523
2526
2583
2666
2690
2696
2699
2702
2705
2705
2702
2693
2681
2663
2630
2580
2535
2476
2365
2205
2035
1812
1544
1279
1041
0821
0621
0511
0476
0520
0651
0898
1345
1827
2362
2943
3470
3806
3886
3874
3728
3547
3377
3231
3145
3103
3071
3032
2958
2871
2785
2705
2651
2615
2598
2586
2577
2568
2562
2556
2550
2547
2541
2538
2532
2529
2523
2520
2514
2508
2502
2496
2487
2479
2470
2458
2449
2446
2440
2437
2431
2428
2425
2422
2422
2419
2416
2413
2410
2407
2404
2398
2395
2389
2383
2377
2374
2368
2365
2357
2351
2345
2342
2339
2342
2345
2354
2362
2380
2446
2529
2574
2604
2630
2660
2708
2737
2764
2705
2618
2520
2473
2458
2449
2446
2440
2431
2422
2449
2473
2487
2502
2514
2523
2532
2544
2559
2541
2514
2493
2514
2568
2633
2654
2660
2654
2645
2654
2696
2717
2693
2621
2541
2502
2487
2496
2508
2520
2499
2476
2458
2437
2407
2315
2169
2020
1830
1604
1368
1127
0910
0749
0708
0726
0874
1187
1639
2217
2761
3264
3672
3862
3892
3865
3788
3684
3577
3431
3273
3178
3098
2996
2907
2827
2731
2636
2606
2598
2595
2589
2586
2580
2571
2559
2538
2499
2422
2345
2312
2300
2291
2288
2297
2315
2324
2333
2342
2354
2362
2371
2383
2416
2443
2449
2458
2458
2440
2416
2374
2324
2279
2211
2142
2118
2121
2142
2154
2163
2169
2175
2181
2187
2193
2196
2199
2205
2211
2217
2229
2243
2258
2270
2276
2285
2294
2306
2318
2333
2357
2386
2413
2437
2458
2493
2523
2553
2571
2583
2601
2618
2624
2630
2636
2618
2586
2550
2514
2479
2419
2315
2175
2011
1815
1598
1348
1077
0827
0630
0502
0488
0541
0773
1145
1669
2252
2925
3517
3910
4044
4038
3880
3624
3401
3193
2984
2809
2663
2586
2559
2559
2580
2592
2604
2612
2618
2621
2618
2612
2601
2589
2562
2523
2496
2476
2449
2425
2398
2377
2359
2351
2339
2321
2300
2282
2264
2249
2240
2243
2249
2261
2270
2279
2285
2291
2297
2303
2306
2303
2297
2291
2285
2282
2276
2270
2264
2258
2258
2258
2261
2267
2273
2282
2300
2342
2374
2389
2404
2416
2425
2440
2458
2473
2481
2487
2493
2496
2499
2496
2493
2487
2479
2470
2473
2502
2547
2592
2609
2618
2627
2627
2618
2609
2601
2589
2580
2586
2595
2609
2624
2604
2574
2535
2496
2452
2407
2380
2371
2362
2365
2386
2407
2425
2443
2458
2484
2535
2577
2606
2615
2618
2618
2621
2621
2609
2589
2571
2547
2535
2535
2532
2532
2529
2529
2526
2526
2523
2520
2514
2505
2476
2410
2288
2109
1877
1618
1357
1101
0880
0720
0669
0684
0806
1029
1294
1621
2023
2452
2925
3371
3737
3928
3958
3910
3776
3618
3452
3324
3196
3062
2955
2862
2815
2773
2734
2702
2681
2660
2642
2627
2609
2589
2571
2559
2547
2538
2529
2520
2496
2461
2449
2446
2440
2437
2434
2431
2428
2422
2416
2413
2407
2401
2395
2389
2377
2359
2348
2357
2380
2410
2449
2464
2476
2481
2487
2484
2481
2473
2464
2431
2383
2371
2362
2357
2351
2348
2351
2351
2348
2348
2351
2357
2365
2374
2392
2434
2461
2479
2496
2517
2538
2562
2589
2589
2562
2538
2511
2511
2529
2547
2565
2553
2538
2523
2562
2627
2657
2663
2666
2642
2618
2598
2580
2568
2529
2455
2434
2425
2416
2416
2440
2467
2496
2526
2547
2568
2577
2568
2556
2544
2532
2526
2535
2550
2559
2571
2580
2586
2592
2595
2598
2601
2609
2609
2604
2601
2601
2598
2595
2592
2586
2580
2571
2565
2559
2553
2544
2535
2520
2493
2446
2365
2246
2092
1886
1639
1368
1104
0877
0717
0636
0636
0714
0901
1229
1678
2208
2764
3270
3630
3764
3770
3675
3553
3458
3395
3359
3330
3288
3187
3044
2931
2865
2845
2824
2806
2773
2726
2678
2633
2592
2544
2493
2458
2443
2437
2434
2431
2431
2428
2425
2422
2422
2422
2422
2422
2419
2419
2416
2416
2416
2413
2413
2413
2410
2407
2404
2401
2398
2392
2383
2368
2348
2321
2303
2288
2273
2264
2255
2249
2243
2234
2229
2223
2220
2217
2217
2223
2229
2240
2258
2294
2336
2374
2398
2413
2425
2440
2458
2479
2493
2508
2523
2535
2541
2547
2547
2550
2553
2559
2562
2556
2550
2541
2541
2547
2553
2562
2559
2535
2517
2502
2490
2481
2476
2467
2461
2452
2449
2443
2437
2431
2428
2422
2416
2404
2380
2345
2321
2303
2306
2333
2357
2377
2398
2416
2449
2484
2505
2520
2529
2520
2496
2473
2443
2422
2374
2276
2127
1946
1717
1464
1208
0958
0752
0651
0654
0758
0985
1312
1696
2148
2565
2996
3398
3687
3865
3892
3856
3708
3508
3312
3083
2886
2723
2615
2571
2553
2547
2556
2571
2580
2592
2604
2606
2604
2592
2577
2550
2499
2464
2449
2437
2425
2419
2416
2419
2422
2425
2431
2443
2452
2410
2377
2359
2342
2330
2321
2315
2309
2303
2297
2291
2285
2279
2273
2270
2264
2258
2252
2243
2232
2220
2217
2229
2246
2267
2297
2318
2330
2339
2351
2365
2386
2410
2431
2449
2470
2479
2481
2484
2490
2496
2490
2452
2407
2368
2398
2428
2446
2458
2470
2479
2487
2499
2505
2496
2479
2452
2434
2458
2490
2514
2532
2544
2568
2601
2627
2648
2645
2627
2604
2562
2538
2529
2520
2514
2508
2505
2502
2502
2502
2502
2502
2505
2508
2514
2520
2526
2535
2553
2550
2532
2517
2508
2499
2490
2481
2473
2464
2458
2449
2443
2440
2440
2446
2452
2464
2484
2520
2559
2592
2609
2621
2630
2630
2627
2615
2604
2598
2592
2586
2580
2574
2568
2559
2553
2547
2541
2538
2532
2526
2517
2499
2487
2479
2470
2464
2458
2458
2461
2470
2479
2490
2496
2487
2473
2455
2434
2404
2336
2223
2089
1931
1726
1490
1229
0979
0773
0642
0624
0666
0839
1130
1553
2107
2627
3118
3478
3645
3702
3678
3609
3529
3446
3371
3297
3234
3139
3041
2910
2782
2678
2636
2618
2609
2592
2568
2526
2479
2458
2449
2443
2437
2434
2431
2428
2425
2422
2416
2413
2407
2398
2383
2383
2395
2410
2425
2428
2410
2398
2392
2386
2380
2377
2374
2368
2362
2357
2348
2342
2333
2327
2318
2309
2300
2291
2288
2282
2276
2273
2267
2261
2255
2252
2249
2249
2249
2255
2264
2273
2282
2291
2303
2315
2324
2336
2342
2348
2359
2383
2428
2476
2502
2508
2514
2517
2520
2520
2514
2502
2487
2476
2467
2461
2458
2449
2446
2443
2440
2434
2431
2425
2422
2419
2416
2413
2413
2410
2404
2398
2392
2383
2354
2330
2273
2160
2020
1836
1595
1327
1017
0735
0464
0258
0178
0190
0330
0619
1059
1607
2115
2711
3175
3589
3821
3886
3886
3800
3690
3541
3359
3193
3038
2907
2785
2740
2726
2717
2711
2702
2687
2663
2621
2571
2547
2532
2526
2538
2559
2574
2592
2606
2612
2609
2601
2586
2565
2529
2508
2493
2484
2484
2484
2487
2490
2490
2493
2490
2484
2479
2473
2470
2467
2461
2452
2449
2440
2428
2410
2383
2357
2327
2303
2297
2291
2285
2297
2306
2312
2318
2324
2330
2339
2351
2377
2422
2470
2523
2595
2636
2654
2669
2669
2654
2609
2544
2455
2389
2365
2404
2443
2464
2481
2493
2502
2514
2529
2529
2493
2398
2267
2163
2101
2035
1940
1830
1735
1702
1681
1684
1729
1791
1862
1919
1937
1913
1877
1851
1883
1982
2175
2389
2574
2720
2797
2821
2836
2851
2865
2877
2889
2898
2904
2907
2907
2901
2892
2880
2871
2856
2827
2803
2788
2773
2764
2758
2758
2764
2773
2779
2788
2800
2809
2812
2806
2794
2773
2743
2687
2633
2589
2559
2532
2496
2449
2416
2401
2410
2487
2538
2556
2553
2523
2490
2455
2434
2380
2309
2270
2234
2211
2234
2270
2321
2374
2422
2443
2452
2461
2470
2481
2496
2505
2511
2517
2520
2526
2529
2529
2529
2529
2532
2535
2538
2544
2544
2544
2547
2547
2550
2550
2553
2556
2559
2565
2577
2601
2624
2645
2660
2672
2672
2669
2660
2645
2615
2586
2571
2562
2553
2544
2538
2529
2523
2517
2511
2508
2499
2479
2410
2321
2249
2211
2154
2017
1854
1678
1476
1246
1008
0827
0758
0773
0916
1258
1743
2175
2681
3154
3481
3681
3746
3720
3633
3535
3452
3401
3309
3199
3127
2999
2886
2779
2687
2651
2630
2606
2568
2514
2481
2470
2461
2452
2446
2440
2425
2413
2434
2458
2479
2479
2464
2449
2443
2434
2428
2422
2419
2413
2410
2404
2398
2395
2392
2389
2380
2368
2354
2339
2324
2309
2291
2279
2267
2258
2249
2243
2234
2229
2223
2217
2217
2220
2226
2234
2243
2252
2261
2270
2285
2297
2309
2315
2324
2342
2380
2416
2437
2455
2470
2479
2484
2490
2496
2499
2502
2499
2496
2490
2481
2473
2467
2461
2452
2446
2440
2434
2428
2422
2419
2413
2410
2404
2398
2401
2407
2416
2431
2446
2470
2487
2496
2505
2514
2520
2523
2523
2517
2511
2505
2499
2496
2490
2487
2481
2476
2473
2467
2461
2455
2440
2401
2315
2184
2032
1871
1678
1443
1211
0999
0833
0755
0729
0770
0901
1211
1663
2187
2737
3217
3636
3886
3978
3907
3752
3544
3333
3157
3008
2934
2892
2848
2806
2764
2717
2654
2601
2571
2559
2547
2538
2532
2526
2523
2517
2508
2490
2452
2422
2401
2401
2422
2434
2443
2449
2455
2458
2458
2455
2449
2440
2419
2386
2371
2365
2359
2351
2342
2333
2324
2315
2309
2300
2291
2282
2279
2279
2282
2288
2291
2297
2303
2312
2321
2321
2315
2306
2300
2291
2285
2288
2300
2318
2330
2339
2351
2362
2374
2386
2398
2410
2422
2437
2449
2470
2484
2499
2514
2526
2535
2544
2550
2553
2556
2559
2568
2580
2580
2562
2550
2541
2532
2520
2505
2487
2464
2437
2434
2449
2455
2461
2467
2473
2476
2476
2476
2473
2473
2476
2479
2481
2481
2484
2487
2490
2493
2499
2502
2505
2511
2514
2520
2529
2538
2547
2550
2547
2541
2532
2523
2514
2508
2499
2487
2479
2470
2464
2452
2434
2395
2333
2258
2157
2035
1862
1636
1389
1130
0886
0693
0559
0488
0556
0732
0985
1413
1922
2449
2993
3422
3708
3797
3794
3737
3678
3568
3496
3407
3282
3157
3011
2842
2690
2583
2544
2532
2568
2606
2642
2645
2627
2574
2496
2431
2359
2294
2237
2217
2220
2249
2270
2285
2300
2315
2324
2333
2345
2357
2371
2383
2398
2419
2449
2467
2476
2484
2487
2490
2487
2481
2473
2458
2437
2386
2351
2330
2312
2294
2276
2252
2223
2199
2181
2163
2157
2166
2187
2208
2234
2264
2300
2357
2419
2467
2496
2520
2520
2505
2496
2487
2479
2476
2476
2481
2490
2499
2514
2547
2580
2618
2648
2663
2672
2672
2660
2642
2627
2606
2586
2568
2541
2496
2470
2455
2449
2437
2428
2422
2419
2413
2407
2401
2395
2395
2404
2416
2428
2440
2455
2464
2458
2443
2398
2267
2095
1868
1601
1306
0999
0714
0473
0330
0315
0377
0556
0871
1363
1919
2458
2996
3422
3734
3916
3996
3934
3850
3714
3583
3398
3243
3130
3059
2987
2943
2898
2851
2770
2702
2648
2609
2586
2568
2565
2568
2583
2598
2609
2618
2624
2633
2639
2645
2654
2660
2666
2675
2687
2696
2693
2684
2672
2648
2609
2559
2517
2479
2434
2380
2345
2321
2306
2297
2291
2285
2282
2285
2291
2300
2312
2324
2342
2359
2380
2395
2410
2428
2440
2452
2470
2487
2505
2526
2541
2550
2562
2571
2574
2571
2565
2553
2544
2529
2505
2505
2532
2547
2559
2571
2580
2583
2577
2571
2562
2550
2523
2487
2464
2449
2449
2467
2490
2511
2526
2535
2541
2547
2541
2529
2523
2514
2508
2505
2508
2520
2532
2556
2586
2601
2612
2609
2583
2556
2523
2496
2461
2431
2419
2413
2407
2401
2395
2389
2380
2371
2359
2336
2309
2267
2246
2237
2252
2318
2362
2383
2395
2404
2407
2410
2410
2407
2407
2404
2401
2398
2389
2377
2342
2217
2068
1883
1648
1383
1098
0833
0630
0541
0547
0657
0907
1196
1630
2148
2609
3080
3434
3669
3705
3690
3583
3434
3282
3145
3011
2865
2752
2675
2568
2538
2532
2529
2526
2523
2523
2526
2526
2526
2529
2529
2529
2529
2523
2511
2493
2464
2437
2416
2392
2365
2342
2336
2336
2333
2333
2330
2330
2327
2324
2318
2312
2303
2282
2249
2232
2220
2211
2208
2211
2220
2232
2240
2246
2255
2261
2270
2282
2291
2306
2333
2365
2377
2386
2401
2419
2449
2470
2479
2487
2464
2440
2413
2413
2431
2446
2458
2467
2479
2484
2490
2496
2499
2505
2508
2514
2517
2523
2529
2535
2544
2556
2580
2621
2642
2657
2666
2675
2678
2684
2699
2696
2648
2571
2532
2505
2484
2452
2431
2413
2401
2389
2383
2380
2371
2342
2237
2109
1946
1714
1425
1104
0794
0514
0309
0252
0282
0476
0732
1118
1618
2112
2574
3011
3380
3612
3776
3818
3815
3755
3600
3502
3371
3267
3163
3035
2886
2785
2731
2708
2696
2687
2678
2669
2657
2648
2636
2621
2598
2580
2565
2541
2502
2467
2446
2446
2461
2487
2529
2568
2589
2606
2615
2627
2639
2645
2633
2609
2583
2550
2529
2514
2505
2493
2484
2470
2458
2452
2452
2449
