3170
3190
3213
3228
3237
3243
3237
3216
3185
3150
3133
3111
3086
3050
3015
2994
2973
2954
2936
2920
2905
2887
2870
2857
2847
2837
2827
2814
2801
2788
2776
2764
2753
2741
2730
2718
2707
2695
2683
2674
2665
2658
2651
2644
2637
2630
2624
2617
2613
2610
2606
2604
2603
2603
2605
2608
2613
2618
2626
2640
2651
2662
2673
2684
2699
2716
2731
2746
2758
2767
2778
2787
2797
2807
2813
2817
2823
2829
2836
2846
2858
2868
2877
2884
2893
2903
2909
2913
2916
2918
2920
2923
2925
2927
2929
2931
2933
2935
2937
2940
2945
2950
2954
2958
2962
2965
2968
2968
2965
2958
2938
2911
2879
2845
2819
2810
2810
2819
2846
2889
2933
2984
3045
3105
3155
3187
3198
3202
3200
3193
3186
3176
3164
3149
3131
3121
3117
3114
3112
3109
3107
3105
3102
3101
3099
3097
3095
3089
3079
3070
3056
3041
3015
2984
2951
2921
2891
2871
2853
2841
2836
2834
2832
2831
2831
2830
2830
2830
2831
2834
2837
2840
2844
2847
2851
2855
2859
2863
2866
2869
2872
2875
2879
2887
2893
2900
2904
2907
2910
2912
2915
2918
2920
2923
2926
2931
2940
2950
2959
2966
2973
2981
2991
3001
3012
3021
3031
3044
3057
3070
3080
3090
3101
3109
3116
3122
3128
3135
3142
3149
3157
3165
3173
3179
3186
3193
3200
3204
3207
3210
3213
3215
3217
3219
3221
3223
3225
3227
3228
3229
3231
3232
3234
3235
3237
3239
3241
3243
3245
3247
3249
3251
3252
3254
3255
3256
3256
3256
3257
3258
3258
3259
3259
3259
3259
3259
3259
3259
3258
3258
3258
3258
3258
3258
3259
3259
3259
3260
3261
3261
3262
3262
3263
3263
3263
3263
3263
3262
3261
3261
3259
3258
3256
3255
3252
3247
3236
3226
3201
3160
3113
3074
3047
3037
3037
3047
3074
3110
3152
3200
3253
3303
3315
3318
3321
3311
3297
3286
3273
3267
3264
3261
3259
3257
3256
3255
3253
3252
3251
3250
3249
3248
3247
3246
3246
3244
3242
3240
3239
3237
3235
3234
3232
3230
3228
3226
3223
3222
3219
3216
3213
3210
3206
3202
3198
3192
3182
3175
3169
3166
3163
3161
3159
3157
3155
3153
3151
3148
3145
3142
3139
3136
3134
3131
3128
3125
3123
3121
3120
3119
3118
3118
3118
3119
3119
3121
3122
3124
3126
3128
3131
3134
3138
3145
3153
3159
3164
3170
3173
3178
3181
3186
3191
3195
3197
3199
3201
3202
3204
3205
3207
3207
3208
3208
3208
3208
3208
3208
3207
3207
3205
3204
3203
3201
3198
3196
3194
3189
3176
3157
3131
3104
3074
3065
3061
3058
3068
3095
3125
3158
3195
3231
3256
3266
3266
3258
3247
3231
3219
3209
3199
3190
3182
3175
3167
3163
3161
3159
3157
3156
3154
3153
3151
3149
3148
3146
3144
3142
3140
3137
3133
3129
3125
3121
3115
3110
3104
3096
3089
3082
3075
3072
3070
3068
3066
3064
3063
3062
3060
3059
3057
3056
3055
3054
3053
3051
3050
3048
3045
3040
3035
3029
3024
3021
3018
3016
3014
3012
3011
3010
3009
3007
3007
3007
3008
3009
3010
3012
3014
3016
3018
3021
3024
3027
3031
3042
3051
3058
3067
3077
3089
3096
3101
3104
3106
3108
3108
3109
3108
3107
3105
3104
3102
3101
3099
3098
3097
3096
3095
3094
3093
3092
3091
3090
3089
3087
3086
3085
3084
3083
3082
3081
3080
3080
3080
3079
3079
3078
3078
3077
3077
3077
3077
3077
3077
3078
3078
3079
3080
3080
3080
3080
3080
3080
3079
3079
3078
3078
3078
3077
3077
3077
3076
3076
3075
3075
3075
3074
3074
3074
3074
3073
3072
3072
3071
3070
3069
3069
3068
3068
3067
3067
3066
3066
3066
3066
3067
3068
3068
3069
3069
3070
3071
3071
3072
3073
3074
3074
3074
3075
3074
3074
3074
3072
3071
3069
3066
3063
3059
3055
3044
3021
2988
2951
2902
2852
2815
2802
2816
2859
2952
3059
3158
3237
3272
3274
3250
3216
3167
3121
3087
3074
3072
3071
3071
3071
3070
3070
3071
3071
3071
3071
3071
3072
3072
3072
3072
3072
3071
3071
3069
3069
3068
3067
3066
3064
3062
3060
3058
3055
3051
3048
3044
3040
3036
3031
3027
3022
3016
3012
3006
3001
2995
2989
2982
2977
2973
2971
2970
2968
2967
2965
2964
2963
2962
2961
2960
2959
2958
2958
2958
2957
2957
2956
2956
2956
2956
2956
2956
2956
2957
2958
2959
2961
2962
2963
2965
2967
2969
2971
2973
2975
2978
2985
2993
3000
3007
3012
3016
3021
3025
3030
3033
3036
3039
3043
3047
3051
3055
3058
3061
3064
3065
3066
3067
3068
3068
3068
3069
3069
3069
3070
3069
3069
3069
3070
3071
3071
3071
3072
3072
3072
3073
3074
3074
3074
3075
3076
3077
3077
3078
3079
3080
3081
3083
3084
3085
3086
3088
3090
3091
3092
3094
3096
3097
3099
3100
3101
3102
3104
3105
3106
3107
3108
3109
3110
3110
3110
3111
3111
3111
3111
3111
3111
3111
3111
3110
3110
3110
3110
3110
3109
3108
3108
3107
3107
3107
3106
3105
3104
3104
3104
3104
3104
3103
3102
3102
3101
3100
3099
3098
3096
3095
3093
3091
3089
3088
3086
3085
3083
3080
3077
3069
3055
3035
3007
2966
2913
2852
2796
2761
2749
2765
2811
2884
2973
3062
3133
3167
3179
3172
3151
3121
3104
3090
3075
3060
3047
3041
3039
3036
3035
3034
3033
3031
3029
3027
3025
3023
3021
3018
3015
3010
3005
3000
2995
2990
2986
2982
2979
2976
2974
2972
2970
2968
2967
2965
2963
2962
2961
2959
2958
2956
2954
2953
2951
2950
2949
2947
2945
2944
2943
2942
2941
2940
2939
2938
2936
2936
2935
2934
2933
2932
2931
2930
2930
2930
2930
2930
2931
2931
2932
2932
2933
2934
2935
2936
2936
2938
2939
2942
2951
2959
2970
2982
2993
3005
3018
3030
3039
3047
3056
3063
3068
3073
3076
3080
3083
3086
3089
3093
3096
3100
3104
3107
3110
3114
3115
3114
3111
3107
3104
3098
3095
3092
3090
3089
3087
3086
3087
3092
3096
3101
3107
3111
3112
3110
3105
3093
3064
3022
2974
2924
2892
2882
2896
2937
3009
3087
3162
3229
3272
3282
3285
3279
3260
3236
3210
3190
3185
3181
3178
3176
3175
3173
3172
3170
3170
3169
3169
3169
3169
3169
3169
3169
3169
3169
3168
3168
3168
3167
3167
3167
3166
3166
3166
3166
3165
3164
3163
3162
3161
3159
3155
3151
3147
3142
3137
3132
3126
3121
3115
3110
3105
3100
3095
3091
3087
3083
3080
3078
3075
3074
3072
3071
3069
3065
3064
3067
3073
3078
3083
3087
3092
3096
3101
3105
3108
3112
3115
3118
3124
3133
3140
3144
3149
3153
3155
3157
3157
3158
3158
3158
3158
3159
3159
3160
3160
3160
3161
3161
3161
3161
3161
3161
3161
3161
3161
3161
3161
3161
3161
3161
3161
3163
3163
3164
3164
3163
3161
3159
3158
3157
3155
3154
3153
3152
3151
3149
3148
3147
3145
3143
3139
3131
3127
3122
3119
3115
3111
3108
3107
3105
3104
3103
3104
3104
3106
3108
3110
3112
3113
3116
3118
3118
3117
3115
3112
3108
3107
3106
3104
3102
3101
3099
3098
3096
3095
3095
3093
3093
3092
3092
3091
3090
3090
3089
3087
3086
3084
3083
3081
3080
3078
3075
3073
3068
3064
3061
3058
3056
3054
3053
3050
3048
3045
3033
3010
2977
2935
2886
2835
2791
2773
2790
2846
2929
3022
3106
3166
3185
3192
3184
3163
3143
3122
3099
3084
3075
3068
3064
3059
3054
3051
3048
3045
3044
3042
3042
3041
3041
3041
3041
3040
3040
3039
3039
3038
3038
3037
3036
3035
3033
3032
3031
3030
3028
3026
3024
3021
3019
3017
3015
3013
3012
3009
3006
3002
2998
2994
2989
2982
2977
2972
2967
2962
2957
2950
2944
2941
2939
2938
2936
2935
2934
2933
2932
2930
2929
2928
2927
2926
2924
2923
2922
2920
2920
2918
2918
2919
2920
2921
2923
2925
2929
2935
2941
2946
2952
2956
2959
2962
2964
2967
2970
2973
2977
2980
2984
2988
2991
2995
2998
3001
3002
3003
3004
3006
3006
3007
3008
3008
3009
3010
3010
3012
3012
3013
3013
3015
3016
3017
3018
3019
3019
3019
3020
3021
3021
3021
3021
3021
3021
3021
3022
3022
3022
3022
3022
3022
3022
3022
3023
3024
3024
3025
3025
3026
3027
3028
3028
3030
3031
3033
3036
3038
3039
3040
3041
3042
3043
3044
3045
3047
3049
3051
3054
3056
3059
3062
3064
3066
3067
3068
3069
3071
3072
3073
3074
3074
3075
3075
3075
3074
3074
3072
3070
3067
3062
3057
3054
3049
3043
3034
3024
3006
2983
2950
2909
2862
2816
2779
2763
2781
2835
2920
3016
3103
3166
3193
3196
3186
3166
3146
3138
3128
3116
3101
3093
3090
3089
3088
3087
3086
3086
3085
3084
3084
3083
3082
3081
3081
3080
3079
3077
3072
3068
3065
3063
3062
3060
3059
3057
3056
3054
3053
3051
3050
3047
3045
3042
3041
3038
3037
3035
3034
3033
3031
3029
3027
3025
3024
3021
3018
3016
3014
3012
3009
3004
3000
2996
2993
2991
2989
2988
2986
2984
2983
2985
2988
2989
2991
2992
2993
2995
2997
2998
3001
3004
3010
3016
3024
3033
3042
3051
3057
3063
3066
3071
3077
3084
3092
3098
3102
3105
3107
3108
3110
3111
3112
3112
3113
3113
3113
3114
3114
3113
3113
3113
3113
3112
3112
3112
3112
3112
3112
3111
3111
3110
3110
3108
3108
3107
3106
3105
3105
3105
3106
3106
3107
3108
3108
3109
3110
3111
3112
3113
3116
3119
3117
3114
3110
3105
3102
3101
3099
3098
3098
3098
3099
3101
3103
3105
3107
3109
3112
3114
3116
3116
3117
3118
3119
3120
3120
3121
3121
3121
3122
3122
3123
3123
3123
3122
3122
3122
3121
3121
3121
3120
3119
3119
3118
3118
3116
3113
3107
3098
3080
3053
3016
2971
2920
2871
2840
2838
2863
2932
3021
3108
3179
3233
3259
3269
3270
3265
3252
3230
3204
3187
3180
3176
3174
3174
3179
3182
3184
3187
3188
3187
3186
3183
3179
3172
3169
3167
3166
3164
3163
3162
3161
3159
3158
3157
3155
3155
3154
3154
3153
3152
3151
3151
3150
3149
3148
3146
3146
3145
3145
3144
3143
3142
3139
3136
3134
3131
3127
3120
3114
3111
3109
3107
3105
3104
3102
3101
3101
3099
3099
3098
3097
3096
3095
3094
3093
3091
3090
3089
3089
3090
3092
3094
3098
3105
3111
3119
3125
3131
3135
3141
3149
3152
3154
3155
3156
3157
3157
3158
3159
3160
3161
3162
3163
3164
3164
3166
3167
3172
3174
3175
3176
3177
3178
3178
3178
3175
3173
3170
3168
3165
3163
3162
3161
3160
3160
3159
3158
3158
3157
3157
3155
3154
3154
3152
3151
3150
3148
3146
3145
3142
3140
3139
3137
3136
3134
3132
3129
3127
3126
3125
3125
3124
3124
3124
3124
3124
3125
3125
3126
3125
3120
3116
3115
3113
3111
3109
3107
3106
3104
3095
3079
3056
3019
2974
2924
2871
2828
2813
2819
2861
2941
3038
3138
3211
3238
3240
3220
3182
3152
3122
3098
3086
3074
3056
3040
3033
3030
3028
3026
3026
3027
3028
3029
3030
3033
3034
3031
3027
3024
3022
3020
3018
3016
3015
3013
3011
3009
3006
3003
3000
2994
2988
2983
2979
2974
2970
2967
2965
2962
2959
2956
2954
2951
2949
2947
2944
2940
2936
2933
2929
2926
2923
2920
2916
2914
2914
2914
2915
2915
2915
2915
2915
2915
2915
2915
2916
2917
2918
2919
2920
2923
2927
2933
2943
2954
2964
2972
2978
2985
2994
3001
3007
3013
3019
3027
3034
3043
3051
3057
3061
3065
3069
3072
3073
3074
3074
3074
3075
3075
3076
3077
3077
3077
3078
3079
3080
3080
3080
3081
3082
3083
3084
3085
3084
3083
3082
3081
3080
3079
3078
3076
3075
3075
3075
3077
3080
3082
3083
3085
3087
3090
3092
3093
3094
3095
3096
3098
3099
3101
3103
3105
3107
3108
3110
3111
3113
3113
3114
3115
3115
3116
3117
3118
3118
3119
3119
3119
3119
3120
3121
3121
3121
3121
3121
3121
3121
3120
3120
3119
3119
3119
3118
3118
3116
3116
3116
3118
3120
3122
3124
3125
3127
3130
3133
3136
3139
3141
3143
3145
3146
3146
3145
3144
3142
3139
3134
3126
3112
3090
3060
3021
2971
2918
2873
2853
2858
2900
2984
3092
3200
3277
3313
3316
3294
3259
3228
3204
3191
3182
3174
3166
3158
3150
3146
3145
3143
3143
3142
3142
3142
3142
3141
3140
3140
3139
3139
3139
3138
3138
3138
3137
3137
3136
3135
3132
3129
3127
3124
3121
3117
3113
3109
3104
3099
3093
3089
3086
3084
3081
3078
3075
3072
3069
3067
3065
3063
3060
3057
3053
3049
3046
3044
3041
3038
3036
3035
3033
3031
3030
3029
3028
3028
3028
3030
3031
3032
3034
3037
3042
3048
3053
3057
3060
3064
3068
3074
3081
3086
3093
3104
3112
3118
3122
3127
3131
3133
3136
3138
3140
3143
3146
3147
3148
3149
3149
3150
3151
3151
3152
3152
3154
3154
3155
3156
3157
3157
3157
3158
3158
3159
3160
3161
3162
3163
3165
3166
3167
3167
3167
3166
3164
3163
3162
3161
3159
3158
3157
3155
3155
3155
3155
3157
3158
3161
3163
3164
3166
3168
3170
3171
3172
3173
3173
3172
3171
3169
3167
3166
3164
3163
3161
3161
3160
3159
3158
3157
3157
3156
3155
3155
3154
3154
3154
3154
3154
3154
3154
3154
3155
3155
3155
3154
3154
3152
3151
3150
3141
3126
3101
3069
3025
2974
2928
2903
2904
2935
3010
3106
3209
3290
3323
3327
3311
3283
3255
3232
3218
3208
3201
3197
3194
3192
3190
3188
3187
3186
3186
3186
3187
3189
3190
3192
3193
3195
3196
3198
3199
3200
3201
3202
3202
3203
3204
3204
3207
3205
3199
3193
3189
3184
3179
3175
3171
3167
3164
3161
3158
3156
3153
3149
3142
3137
3132
3127
3120
3115
3112
3108
3104
3098
3092
3083
3077
3071
3066
3062
3057
3055
3053
3051
3050
3049
3048
3048
3048
3049
3050
3052
3054
3056
3060
3066
3072
3076
3080
3082
3083
3083
3084
3084
3084
3084
3084
3084
3085
3085
3085
3085
3084
3083
3083
3081
3080
3078
3077
3074
3072
3068
3065
3062
3059
3056
3053
3050
3048
3047
3045
3043
3041
3039
3036
3034
3030
3026
3024
3022
3018
3010
2995
2971
2936
2890
2837
2786
2757
2758
2790
2855
2929
2998
3054
3090
3103
3104
3094
3077
3054
3027
2998
2976
2967
2965
2964
2962
2961
2959
2958
2956
2953
2947
2942
2940
2939
2938
2938
2937
2936
2935
2934
2933
2932
2932
2931
2930
2930
2929
2928
2926
2924
2921
2919
2917
2915
2912
2910
2906
2902
2898
2894
2890
2885
2881
2877
2874
2871
2868
2865
2862
2859
2856
2852
2848
2842
2838
2835
2833
2832
2831
2831
2831
2830
2830
2829
2830
2832
2836
2841
2847
2852
2858
2865
2874
2884
2894
2903
2912
2920
2927
2936
2943
2947
2950
2953
2955
2957
2959
2963
2967
2970
2972
2973
2974
2974
2974
2975
2975
2976
2976
2976
2977
2977
2978
2979
2979
2980
2981
2982
2984
2986
2989
2991
2994
2997
3001
3008
3012
3013
3014
3014
3014
3015
3015
3015
3015
3016
3016
3016
3017
3018
3018
3018
3019
3019
3019
3020
3021
3023
3027
3034
3037
3039
3040
3039
3036
3033
3031
3030
3028
3028
3028
3030
3031
3033
3034
3036
3038
3039
3042
3044
3046
3048
3050
3052
3054
3055
3056
3057
3057
3058
3059
3059
3060
3060
3061
3062
3063
3063
3063
3062
3060
3058
3053
3044
3025
2997
2958
2911
2859
2819
2802
2819
2868
2941
3027
3112
3182
3230
3247
3247
3232
3206
3173
3146
3137
3134
3134
3136
3138
3139
3139
3140
3140
3140
3141
3141
3141
3140
3139
3138
3137
3135
3134
3132
3130
3128
3127
3125
3124
3124
3122
3120
3113
3107
3102
3096
3093
3092
3090
3089
3088
3087
3086
3085
3084
3083
3080
3077
3074
3071
3068
3065
3063
3061
3059
3057
3056
3053
3049
3047
3047
3045
3045
3044
3044
3044
3045
3046
3048
3048
3050
3050
3051
3053
3054
3056
3057
3059
3061
3064
3068
3073
3077
3081
3086
3091
3095
3102
3112
3121
3130
3137
3146
3154
3158
3160
3160
3161
3161
3162
3162
3163
3163
3163
3163
3163
3163
3163
3163
3162
3161
3161
3161
3161
3161
3161
3160
3160
3159
3157
3156
3158
3161
3164
3166
3169
3172
3175
3177
3179
3180
3181
3182
3184
3184
3186
3187
3189
3190
3192
3194
3196
3198
3199
3201
3202
3203
3204
3205
3206
3207
3208
3208
3210
3211
3211
3213
3213
3214
3214
3214
3214
3215
3215
3215
3216
3216
3217
3217
3218
3218
3219
3219
3220
3221
3222
3225
3226
3225
3221
3210
3190
3164
3128
3083
3032
2977
2935
2917
2935
2986
3062
3166
3273
3357
3397
3402
3390
3355
3327
3302
3282
3266
3253
3246
3243
3241
3239
3237
3235
3234
3232
3231
3230
3228
3226
3223
3220
3217
3215
3212
3208
3205
3202
3199
3193
3185
3178
3173
3167
3163
3160
3158
3155
3154
3151
3148
3145
3140
3136
3128
3119
3112
3102
3094
3089
3085
3080
3073
3064
3055
3047
3040
3032
3025
3019
3013
3009
3005
3003
3000
2998
2997
2995
2994
2993
2992
2991
2990
2990
2990
2991
2992
2994
2996
2999
3004
3011
3018
3025
3029
3035
3042
3050
3054
3059
3063
3066
3070
3074
3075
3077
3078
3079
3080
3079
3078
3075
3074
3071
3070
3069
3068
3066
3065
3065
3063
3062
3062
3061
3060
3060
3060
3061
3060
3060
3058
3054
3049
3035
3015
2989
2957
2920
2883
2856
2854
2868
2917
2982
3050
3109
3161
3199
3206
3204
3185
3158
3127
3096
3076
3071
3069
3069
3068
3067
3066
3065
3065
3064
3063
3063
3062
3062
3061
3060
3060
3059
3057
3056
3056
3055
3055
3054
3053
3052
3051
3049
3047
3045
3044
3042
3038
3028
3020
3016
3013
3012
3010
3009
3007
3006
3005
3004
3003
3002
3000
2998
2997
2995
2994
2993
2992
2991
2990
2989
2987
2986
2985
2985
2985
2985
2985
2985
2986
2987
2988
2988
2989
2991
2992
2994
3000
3005
3013
3022
3027
3031
3038
3047
3058
3065
3070
3074
3076
3078
3079
3080
3081
3081
3083
3083
3084
3084
3084
3084
3084
3084
3083
3083
3082
3081
3080
3079
3073
3060
3043
3018
2985
2944
2899
2853
2817
2804
2825
2878
2954
3050
3140
3208
3247
3262
3262
3245
3222
3198
3171
3148
3132
3125
3122
3121
3120
3119
3119
3118
3118
3116
3116
3115
3115
3115
3113
3112
3109
3104
3101
3099
3097
3096
3096
3096
3096
3096
3096
3096
3096
3096
3096
3096
3096
3096
3095
3095
3094
3093
3092
3090
3086
3077
3072
3064
3058
3054
3050
3046
3044
3042
3041
3039
3038
3036
3035
3033
3031
3030
3028
3027
3026
3025
3025
3026
3027
3029
3031
3035
3041
3046
3053
3063
3075
3086
3098
3108
3119
3128
3137
3145
3150
3152
3155
3157
3159
3161
3164
3166
3167
3169
3171
3173
3173
3175
3175
3176
3176
3176
3177
3178
3178
3179
3178
3176
3173
3163
3146
3122
3095
3063
3024
2986
2954
2948
2955
2995
3061
3138
3215
3284
3329
3340
3339
3319
3291
3261
3237
3220
3214
3210
3205
3199
3192
3183
3178
3175
3173
3171
3169
3167
3165
3163
3160
3155
3153
3152
3152
3151
3151
3149
3149
3148
3148
3146
3146
3144
3141
3132
3126
3124
3122
3119
3118
3116
3115
3113
3112
3110
3106
3102
3099
3093
3087
3083
3077
3069
3062
3056
3050
3044
3039
3033
3028
3023
3019
3016
3013
3012
3011
3010
3010
3010
3010
3009
3009
3008
3009
3013
3018
3023
3029
3035
3041
3048
3052
3054
3056
3057
3058
3059
3059
3060
3060
3061
3061
3062
3062
3062
3063
3063
3064
3065
3065
3065
3065
3063
3062
3061
3059
3057
3054
3051
3049
3046
3044
3041
3040
3038
3036
3035
3033
3031
3030
3027
3024
3022
3018
3012
3006
3004
3004
3003
3003
3002
3001
3001
3000
3000
2999
2998
2998
2997
2997
2995
2993
2992
2992
2994
2995
2997
2998
2998
3000
3001
3002
3003
3004
3005
3006
3007
3007
3009
3010
3013
3013
3009
2998
2976
2942
2899
2848
2798
2761
2748
2769
2825
2906
2998
3081
3154
3207
3217
3216
3199
3182
3160
3142
3128
3113
3104
3098
3093
3091
3090
3091
3093
3095
3096
3098
3099
3100
3102
3102
3104
3104
3103
3103
3102
3101
3099
3098
3097
3096
3095
3093
3092
3090
3089
3087
3086
3084
3083
3081
3080
3078
3074
3072
3069
3067
3065
3062
3060
3059
3057
3056
3055
3054
3054
3057
3060
3062
3065
3068
3072
3075
3078
3080
3081
3082
3083
3084
3085
3086
3087
3088
3089
3089
3091
3093
3099
3103
3108
3116
3122
3125
3130
3136
3140
3143
3146
3148
3149
3151
3151
3152
3153
3154
3154
3154
3155
3154
3153
3152
3150
3148
3146
3143
3140
3138
3136
3133
3130
3127
3122
3118
3115
3113
3112
3110
3108
3107
3106
3105
3104
3103
3102
3101
3099
3098
3095
3093
3091
3089
3087
3085
3083
3080
3077
3074
3072
3069
3068
3065
3063
3062
3062
3061
3061
3060
3060
3060
3059
3058
3057
3059
3063
3066
3070
3073
3075
3078
3080
3081
3083
3084
3085
3086
3087
3087
3087
3087
3087
3087
3087
3087
3086
3086
3085
3084
3083
3081
3075
3065
3046
3018
2980
2929
2868
2811
2778
2778
2811
2893
3001
3111
3198
3252
3268
3255
3231
3204
3170
3142
3119
3111
3109
3108
3107
3107
3108
3109
3110
3110
3111
3112
3112
3112
3112
3112
3110
3108
3105
3099
3090
3084
3080
3075
3072
3071
3070
3069
3069
3068
3068
3067
3066
3065
3065
3064
3063
3063
3062
3061
3059
3054
3050
3047
3045
3044
3042
3041
3041
3039
3039
3038
3037
3036
3036
3035
3035
3035
3034
3033
3033
3032
3031
3031
3031
3030
3031
3031
3032
3033
3035
3036
3038
3041
3046
3050
3056
3063
3072
3080
3090
3099
3104
3109
3113
3114
3115
3115
3115
3116
3116
3116
3116
3116
3116
3116
3117
3117
3118
3118
3118
3118
3118
3119
3119
3119
3119
3120
3120
3121
3122
3123
3124
3124
3123
3121
3119
3117
3115
3112
3110
3108
3107
3107
3107
3107
3107
3107
3107
3107
3107
3107
3107
3108
3110
3111
3113
3115
3117
3120
3123
3127
3130
3132
3134
3136
3137
3139
3140
3141
3142
3144
3145
3146
3147
3147
3146
3146
3144
3143
3141
3139
3136
3136
3137
3139
3140
3141
3142
3142
3143
3144
3145
3146
3147
3148
3149
3151
3154
3154
3148
3132
3107
3074
3027
2977
2929
2898
2896
2915
2982
3074
3177
3268
3326
3342
3327
3306
3279
3253
3236
3227
3218
3210
3206
3204
3203
3202
3201
3199
3198
3196
3194
3191
3186
3180
3176
3172
3168
3163
3159
3155
3152
3149
3146
3144
3142
3140
3137
3136
3134
3131
3127
3122
3120
3118
3116
3115
3114
3115
3116
3117
3119
3120
3122
3124
3124
3124
3122
3119
3113
3105
3098
3093
3089
3083
3076
3071
3068
3063
3059
3057
3056
3054
3053
3052
3051
3051
3050
3050
3051
3051
3052
3053
3054
3056
3058
3063
3072
3081
3090
3101
3110
3119
3127
3133
3137
3139
3142
3145
3147
3148
3150
3151
3152
3152
3152
3152
3151
3150
3149
3148
3145
3141
3135
3130
3125
3121
3117
3113
3110
3107
3103
3101
3099
3098
3096
3095
3095
3095
3095
3096
3096
3096
3097
3098
3098
3098
3098
3096
3094
3092
3091
3090
3089
3088
3087
3086
3085
3084
3084
3084
3084
3085
3086
3086
3087
3087
3089
3090
3086
3082
3080
3079
3078
3076
3074
3073
3070
3059
3042
3015
2976
2928
2874
2828
2805
2807
2840
2916
3015
3118
3199
3252
3266
3265
3244
3216
3181
3151
3128
3112
3107
3104
3102
3100
3098
3096
3093
3090
3087
3083
3079
3076
3074
3072
3069
3066
3062
3056
3047
3041
3035
3031
3025
3018
3013
3009
3007
3004
3003
3003
3001
3001
3000
3000
2999
2998
2997
2995
2994
2992
2989
2983
2978
2971
2964
2957
2950
2944
2939
2935
2930
2923
2917
2912
2908
2902
2894
2888
2884
2880
2877
2876
2874
2874
2874
2877
2881
2885
2892
2898
2906
2914
2926
2940
2950
2961
2971
2980
2988
2997
3002
3003
3004
3005
3005
3006
3006
3006
3006
3006
3005
3004
3003
3001
3000
2998
2996
2994
2991
2988
2986
2984
2982
2980
2977
2976
2973
2970
2967
2963
2960
2957
2954
2951
2947
2939
2924
2903
2874
2840
2800
2770
2769
2791
2850
2932
3021
3100
3163
3203
3209
3206
3182
3157
3122
3086
3059
3042
3034
3029
3026
3024
3021
3018
3015
3011
3009
3007
3006
3006
3005
3004
3004
3004
3006
3007
3010
3012
3015
3018
3021
3024
3030
3037
3044
3051
3058
3063
3066
3068
3069
3069
3070
3070
3068
3066
3063
3059
3051
3046
3039
3030
3024
3019
3012
3006
3000
2995
2992
2989
2988
2986
2985
2984
2983
2981
2979
2977
2978
2980
2983
2989
2998
3007
3014
3024
3038
3053
3059
3065
3071
3076
3083
3091
3102
3111
3116
3118
3118
3118
3118
3118
3118
3118
3118
3118
3118
3118
3118
3118
3118
3116
3115
3114
3113
3112
3110
3109
3107
3105
3104
3102
3102
3101
3100
3099
3099
3099
3099
3099
3101
3103
3105
3107
3107
3108
3108
3109
3110
3110
3110
3110
3111
3111
3112
3112
3112
3112
3112
3112
3112
3112
3112
3112
3111
3111
3110
3111
3111
3112
3112
3112
3113
3113
3114
3115
3116
3117
3118
3119
3125
3130
3136
3141
3148
3152
3154
3157
3158
3160
3161
3161
3163
3163
3164
3165
3166
3166
3166
3167
3168
3169
3170
3170
3170
3169
3167
3165
3157
3143
3123
3095
3059
3013
2962
2920
2898
2899
2927
2996
3085
3181
3261
3315
3335
3336
3318
3298
3275
3255
3238
3226
3219
3214
3211
3207
3204
3202
3199
3198
3196
3193
3192
3190
3187
3183
3179
3176
3173
3170
3167
3163
3160
3157
3154
3152
3149
3143
3134
3127
3121
3115
3112
3110
3108
3107
3105
3104
3102
3101
3098
3095
3091
3087
3084
3080
3076
3073
3067
3059
3051
3046
3040
3036
3033
3030
3028
3027
3025
3023
3022
3021
3020
3019
3018
3017
3016
3016
3016
3016
3016
3017
3018
3019
3020
3022
3023
3025
3028
3031
3035
3039
3044
3050
3055
3060
3067
3074
3079
3082
3084
3086
3087
3087
3087
3086
3084
3081
3080
3080
3079
3078
3078
3078
3077
3077
3076
3075
3075
3074
3074
3074
3073
3073
3072
3072
3072
3073
3073
3073
3074
3074
3074
3074
3074
3074
3074
3074
3074
3074
3074
3075
3075
3075
3077
3077
3078
3080
3081
3081
3083
3083
3084
3084
3084
3084
3085
3085
3086
3086
3087
3089
3090
3090
3090
3089
3087
3084
3080
3071
3054
3028
2994
2951
2903
2853
2816
2800
2816
2864
2933
3015
3092
3157
3202
3214
3214
3196
3175
3153
3137
3128
3121
3117
3113
3111
3108
3107
3105
3104
3102
3100
3098
3095
3093
3091
3089
3088
3086
3083
3081
3078
3076
3073
3067
3062
3057
3051
3045
3044
3044
3042
3042
3041
3042
3045
3048
3050
3054
3056
3056
3054
3051
3047
3041
3035
3031
3030
3028
3027
3026
3025
3024
3022
3021
3020
3019
3017
3016
3014
3012
3010
3007
3006
3005
3004
3004
3004
3004
3004
3003
3003
3005
3009
3013
3022
3031
3042
3050
3056
3063
3069
3074
3080
3085
3088
3091
3093
3096
3098
3100
3101
3102
3103
3104
3104
3104
3104
3104
3103
3102
3102
3101
3101
3100
3099
3098
3097
3096
3095
3093
3092
3090
3088
3086
3085
3083
3081
3078
3076
3075
3075
3077
3078
3080
3084
3089
3092
3093
3094
3095
3095
3096
3096
3097
3097
3098
3098
3098
3099
3099
3099
3099
3099
3099
3099
3099
3099
3099
3099
3099
3099
3099
3098
3098
3097
3096
3096
3096
3095
3095
3094
3094
3093
3093
3092
3090
3089
3087
3087
3087
3088
3089
3090
3092
3091
3082
3066
3041
3006
2962
2914
2865
2823
2803
2805
2838
2905
2996
3098
3189
3253
3276
3276
3255
3216
3179
3149
3128
3119
3115
3112
3108
3104
3101
3096
3092
3088
3086
3083
3081
3080
3078
3078
3080
3081
3083
3084
3085
3086
3087
3089
3090
3090
3091
3091
3091
3091
3090
3090
3088
3086
3084
3081
3075
3071
3067
3064
3061
3058
3054
3049
3041
3035
3027
3021
3016
3010
3007
3004
3001
2998
2996
2992
2989
2986
2985
2983
2982
2980
2982
2986
2990
2995
2999
3005
3012
3018
3023
3029
3035
3041
3047
3054
3062
3068
3073
3078
3081
3085
3089
3092
3096
3101
3104
3104
3105
3105
3106
3107
3107
3106
3104
3102
3100
3098
3096
3094
3092
3090
3088
3087
3087
3088
3089
3090
3092
3093
3094
3095
3095
3096
3096
3097
3098
3099
3101
3102
3103
3104
3105
3107
3108
3109
3110
3112
3113
3115
3116
3116
3116
3115
3115
3113
3112
3112
3110
3110
3108
3107
3107
3106
3105
3105
3105
3105
3107
3108
3109
3111
3113
3115
3119
3122
3124
3125
3127
3127
3128
3128
3128
3129
3130
3130
3130
3130
3129
3129
3128
3128
3127
3126
3125
3124
3124
3122
3122
3121
3121
3120
3119
3119
3119
3119
3119
3119
3120
3121
3121
3121
3122
3122
3122
3123
3123
3124
3125
3126
3127
3128
3127
3126
3125
3123
3122
3121
3120
3118
3117
3116
3115
3113
3112
3110
3107
3101
3096
3091
3086
3081
3077
3074
3072
3070
3069
3068
3066
3066
3065
3065
3065
3065
3066
3067
3068
3070
3072
3074
3074
3071
3068
3065
3063
3062
3060
3059
3057
3056
3054
3053
3052
3050
3048
3047
3045
3043
3040
3034
3024
3004
2974
2933
2885
2837
2799
2782
2796
2840
2914
3006
3099
3180
3230
3244
3242
3220
3189
3152
3116
3089
3073
3065
3060
3057
3056
3054
3052
3050
3048
3045
3042
3038
3034
3032
3031
3031
3030
3029
3028
3028
3027
3027
3027
3026
3026
3025
3025
3025
3025
3025
3025
3025
3025
3025
3025
3025
3024
3024
3023
3022
3021
3013
3008
3005
3002
2999
2997
2994
2992
2989
2986
2983
2980
2976
2974
2973
2971
2970
2970
2969
2968
2969
2971
2973
2974
2976
2978
2980
2982
2985
2986
2988
2991
2994
2998
3003
3009
3016
3023
3029
3033
3037
3041
3043
3046
3049
3053
3056
3060
3065
3071
3074
3078
3081
3083
3086
3087
3089
3092
3095
3097
3100
3102
3105
3108
3112
3115
3121
3122
3122
3123
3124
3124
3124
3120
3116
3113
3110
3107
3105
3104
3102
3100
3099
3098
3096
3094
3093
3092
3092
3093
3096
3099
3102
3105
3108
3109
3110
3111
3112
3112
3113
3113
3114
3115
3116
3117
3118
3119
3121
3122
3124
3128
3136
3138
3140
3142
3143
3143
3140
3137
3132
3125
3121
3119
3118
3118
3116
3116
3116
3115
3115
3114
3113
3112
3112
3112
3111
3110
3108
3107
3102
3093
3079
3058
3029
2994
2954
2914
2886
2884
2898
2948
3025
3120
3210
3281
3314
3318
3305
3268
3222
3177
3141
3115
3108
3107
3106
3106
3106
3105
3105
3106
3106
3107
3107
3107
3107
3107
3107
3106
3105
3104
3102
3100
3098
3096
3095
3093
3092
3090
3089
3087
3086
3084
3083
3082
3080
3078
3074
3068
3063
3059
3057
3055
3053
3050
3048
3045
3041
3035
3030
3024
3018
3011
3005
3000
2995
2992
2991
2991
2990
2989
2989
2988
2988
2988
2988
2988
2989
2990
2991
2994
2995
2999
3006
3012
3017
3021
3025
3030
3036
3047
3054
3060
3064
3068
3074
3079
3086
3090
3093
3095
3096
3097
3099
3101
3102
3104
3106
3108
3110
3113
3116
3119
3121
3122
3124
3125
3126
3127
3128
3128
3128
3128
3127
3126
3125
3122
3121
3118
3114
3110
3105
3100
3093
3085
3078
3062
3038
3006
2967
2926
2895
2891
2905
2956
3037
3128
3208
3259
3275
3274
3256
3235
3210
3188
3168
3155
3145
3137
3130
3127
3124
3122
3121
3120
3119
3118
3116
3115
3113
3112
3110
3108
3107
3105
3104
3102
3101
3099
3098
3096
3095
3093
3092
3089
3087
3084
3080
3077
3074
3071
3069
3068
3066
3065
3064
3063
3061
3060
3058
3057
3056
3054
3053
3050
3047
3044
3041
3038
3035
3031
3027
3021
3016
3013
3012
3010
3008
3007
3007
3009
3010
3013
3017
3022
3030
3036
3041
3045
3048
3051
3056
3065
3072
3076
3080
3082
3086
3090
3095
3099
3102
3105
3107
3110
3113
3115
3116
3118
3119
3120
3121
3120
3119
3119
3118
3118
3118
3118
3117
3116
3116
3115
3114
3113
3113
3112
3111
3110
3110
3108
3107
3106
3105
3103
3101
3099
3098
3097
3096
3095
3094
3094
3093
3093
3093
3093
3093
3093
3093
3093
3093
3093
3093
3094
3095
3095
3095
3096
3096
3096
3096
3096
3096
3096
3096
3095
3095
3094
3093
3092
3086
3074
3055
3028
2995
2954
2912
2873
2850
2849
2870
2921
2988
3062
3125
3170
3188
3194
3187
3169
3150
3134
3119
3114
3110
3108
3107
3106
3104
3103
3102
3100
3099
3097
3094
3090
3088
3087
3087
3087
3086
3086
3086
3086
3087
3087
3088
3089
3090
3088
3084
3081
3075
3070
3066
3065
3063
3062
3060
3059
3058
3057
3056
3056
3055
3054
3053
3051
3048
3045
3042
3039
3038
3036
3035
3033
3030
3028
3026
3024
3021
3018
3016
3014
3013
3012
3010
3009
3009
3010
3012
3015
3016
3019
3021
3022
3025
3027
3030
3034
3040
3044
3048
3057
3066
3077
3087
3093
3099
3104
3108
3112
3115
3116
3117
3118
3119
3120
3121
3121
3121
3121
3120
3120
3119
3119
3118
3117
3116
3115
3113
3112
3110
3108
3105
3099
3095
3092
3090
3089
3087
3086
3086
3086
3087
3088
3089
3090
3091
3092
3094
3095
3097
3098
3099
3101
3102
3105
3108
3112
3114
3116
3119
3119
3119
3117
3115
3113
3111
3109
3107
3105
3104
3102
3101
3098
3095
3092
3088
3086
3085
3084
3083
3083
3082
3081
3080
3080
3079
3078
3078
3078
3078
3077
3077
3077
3076
3075
3074
3074
3074
3074
3075
3076
3077
3078
3081
3077
3064
3045
3017
2979
2935
2886
2841
2814
2813
2837
2896
2973
3057
3128
3173
3191
3197
3193
3182
3161
3141
3119
3106
3101
3101
3104
3107
3110
3110
3105
3102
3101
3099
3098
3098
3096
3096
3095
3093
3092
3090
3089
3088
3086
3084
3083
3081
3079
3078
3076
3075
3074
3072
3071
3071
3069
3068
3066
3065
3063
3061
3058
3055
3052
3048
3045
3042
3039
3036
3033
3030
3027
3023
3018
3015
3013
3011
3009
3008
3007
3007
3006
3006
3006
3005
3005
3004
3004
3003
3003
3002
3003
3006
3009
3013
3018
3023
3028
3033
3039
3044
3047
3051
3054
3057
3062
3067
3072
3075
3079
3083
3085
3086
3087
3089
3089
3090
3091
3092
3093
3093
3093
3094
3095
3095
3095
3095
3096
3097
3098
3098
3098
3096
3093
3089
3074
3056
3031
3000
2964
2929
2909
2909
2932
2990
3064
3138
3199
3233
3238
3230
3207
3183
3165
3148
3138
3128
3122
3119
3118
3116
3116
3116
3115
3115
3115
3115
3115
3115
3115
3115
3114
3114
3113
3113
3112
3111
3110
3109
3108
3107
3104
3097
3092
3089
3087
3085
3083
3081
3080
3077
3075
3072
3068
3064
3060
3056
3052
3048
3045
3043
3041
3040
3039
3037
3036
3035
3034
3033
3031
3030
3029
3028
3027
3025
3023
3021
3019
3016
3015
3013
3013
3015
3016
3019
3021
3024
3027
3030
3033
3038
3042
3047
3051
3056
3062
3068
3072
3075
3078
3081
3084
3087
3090
3096
3104
3111
3116
3121
3123
3125
3127
3127
3127
3126
3124
3121
3115
3106
3095
3080
3060
3031
2994
2950
2905
2861
2834
2832
2851
2906
2980
3065
3142
3197
3222
3230
3224
3215
3205
3187
3164
3146
3130
3121
3110
3102
3099
3098
3096
3096
3096
3095
3095
3094
3093
3093
3092
3092
3091
3090
3090
3089
3089
3087
3086
3084
3081
3080
3078
3077
3077
3075
3074
3074
3073
3071
3069
3067
3063
3057
3053
3047
3039
3030
3022
3019
3017
3015
3014
3013
3013
3012
3010
3009
3008
3007
3006
3003
3001
3000
3001
3002
3004
3007
3012
3016
3022
3030
3035
3038
3041
3044
3050
3059
3068
3073
3075
3078
3081
3083
3084
3086
3087
3089
3090
3091
3094
3097
3099
3101
3101
3102
3102
3103
3103
3104
3105
3105
3107
3107
3107
3108
3108
3109
3110
3110
3111
3110
3110
3110
3110
3108
3108
3107
3105
3105
3104
3104
3104
3103
3103
3102
3102
3102
3102
3101
3101
3101
3100
3100
3100
3100
3100
3100
3100
3100
3101
3101
3101
3101
3101
3102
3102
3102
3102
3102
3102
3101
3101
3101
3101
3101
3101
3101
3101
3101
3102
3102
3102
3102
3101
3101
3101
3102
3104
3105
3106
3107
3108
3108
3110
3110
3110
3110
3110
3110
3110
3109
3109
3108
3107
3107
3106
3106
3105
3104
3103
3102
3102
3103
3104
3105
3107
3108
3110
3112
3113
3112
3109
3106
3104
3103
3101
3099
3098
3097
3096
3096
3095
3095
3095
3094
3093
3092
3091
3090
3091
3094
3095
3097
3098
3099
3100
3101
3101
3102
3102
3103
3104
3105
3105
3108
3108
3104
3101
3100
3098
3097
3096
3095
3093
3093
3092
3090
3089
3085
3078
3075
3072
3071
3071
3073
3075
3078
3082
3084
3086
3089
3083
3069
3048
3020
2985
2946
2908
2877
2870
2877
2917
2985
3067
3152
3223
3269
3282
3281
3263
3231
3196
3160
3128
3101
3084
3078
3075
3073
3072
3069
3062
3056
3053
3051
3051
3051
3053
3056
3059
3062
3065
3069
3071
3072
3073
3074
3075
3075
3076
3077
3076
3075
3074
3072
3070
3069
3067
3066
3064
3062
3061
3060
3059
3057
3056
3055
3053
3050
3046
3042
3039
3035
3031
3027
3024
3023
3022
3021
3019
3018
3018
3018
3017
3017
3017
3017
3017
3017
3017
3017
3017
3016
3017
3023
3027
3030
3033
3035
3038
3040
3043
3046
3050
3054
3056
3059
3062
3067
3072
3074
3074
3075
3075
3076
3076
3076
3076
3076
3077
3077
3078
3078
3079
3079
3080
3081
3081
3083
3083
3084
3086
3087
3090
3093
3098
3101
3102
3104
3104
3105
3105
3105
3105
3105
3105
3105
3105
3105
3105
3106
3106
3105
3105
3105
3105
3105
3105
3105
3105
3104
3104
3105
3105
3105
3105
3105
3105
3106
3107
3107
3107
3106
3105
3105
3104
3104
3104
3103
3102
3102
3101
3101
3099
3095
3091
3087
3075
3059
3036
3006
2970
2928
2887
2865
2868
2901
2970
3057
3150
3229
3284
3303
3303
3284
3246
3202
3165
3139
3122
3117
3114
3112
3110
3108
3107
3105
3104
3103
3102
3101
3099
3098
3096
3095
3092
3090
3086
3081
3077
3074
3071
3068
3063
3059
3054
3052
3051
3050
3050
3049
3048
3048
3047
3047
3045
3045
3044
3044
3043
3042
3041
3041
3039
3038
3033
3028
3023
3017
3010
3003
2998
2994
2991
2988
2985
2983
2982
2980
2979
2978
2977
2977
2977
2977
2978
2979
2980
2982
2985
2990
2999
3007
3016
3025
3035
3044
3053
3061
3069
3077
3086
3095
3104
3112
3118
3122
3125
3127
3128
3129
3130
3130
3131
3131
3131
3131
3132
3134
3128
3123
3119
3115
3113
3111
3108
3107
3107
3107
3108
3109
3110
3112
3112
3111
3110
3109
3108
3108
3107
3107
3106
3105
3105
3104
3103
3102
3102
3102
3101
3099
3098
3098
3098
3099
3102
3104
3106
3108
3110
3112
3113
3113
3112
3110
3108
3107
3106
3105
3103
3101
3101
3101
3101
3102
3103
3104
3105
3107
3108
3110
3110
3108
3107
3105
3104
3104
3103
3102
3101
3101
3100
3099
3099
3099
3099
3099
3099
3099
3099
3099
3099
3099
3099
3099
3098
3098
3098
3096
3096
3095
3093
3092
3081
3063
3037
3003
2962
2918
2876
2849
2846
2865
2917
2988
3067
3140
3196
3223
3231
3225
3205
3176
3146
3120
3105
3102
3100
3099
3098
3096
3095
3095
3094
3093
3092
3092
3091
3091
3090
3090
3089
3087
3082
3077
3075
3074
3072
3072
3071
3069
3069
3068
3067
3066
3065
3064
3063
3061
3059
3057
3054
3053
3050
3047
3044
3041
3038
3036
3033
3029
3025
3021
3019
3016
3015
3012
3010
3008
3006
3003
3001
2998
2997
2995
2993
2990
2987
2985
2983
2981
2980
2979
2979
2978
2979
2980
2982
2985
2987
2992
2999
3004
3015
3027
3041
3045
3047
3048
3045
3031
3018
3002
2985
2968
2954
2950
2948
2947
2945
2945
2945
2944
2944
2942
2943
2947
2957
2974
2998
3027
3059
3088
3111
3119
3122
3122
3118
3111
3103
3095
3086
3078
3071
3066
3063
3062
3062
3065
3068
3071
3074
3076
3079
3081
3083
3084
3086
3087
3087
3089
3090
3090
3090
3091
3092
3092
3092
3092
3093
3093
3094
3095
3095
3095
3094
3092
3089
3086
3081
3077
3074
3069
3065
3062
3060
3060
3059
3059
3059
3058
3058
3057
3057
3056
3056
3056
3055
3054
3054
3053
3053
3053
3051
3050
3049
3048
3048
3048
3048
3048
3048
3048
3048
3048
3049
3049
3050
3051
3045
3016
2963
2887
2786
2664
2526
2385
2263
2175
2138
2157
2225
2340
2497
2680
2859
3006
3097
3119
3119
3096
3079
3063
3045
3013
2962
2905
2858
2834
2833
2852
2897
2954
3012
3065
3108
3140
3152
3157
3153
3143
3129
3114
3101
3093
3090
3089
3087
3087
3086
3085
3084
3083
3082
3081
3080
3080
3078
3077
3076
3075
3074
3072
3070
3068
3066
3063
3059
3056
3053
3048
3041
3035
3028
3021
3014
3007
3002
2996
2994
2992
2991
2991
2989
2989
2988
2986
2985
2984
2983
2982
2981
2979
2977
2973
2971
2970
2970
2969
2969
2968
2968
2968
2968
2968
2970
2971
2974
2984
2997
2994
2963
2877
2721
2485
2165
1766
1318
0865
0462
0152
0000
0031
0253
0673
1243
1893
2513
3000
3288
3373
3330
3269
3253
3252
3265
3281
3281
3266
3258
3256
3255
3254
3253
3252
3252
3250
3249
3248
3248
3250
3255
3260
3270
3275
3278
3280
3281
3281
3280
3278
3275
3273
3271
3270
3268
3266
3264
3263
3262
3261
3259
3258
3256
3255
3254
3253
3253
3252
3252
3251
3250
3250
3249
3248
3247
3246
3246
3245
3245
3245
3244
3244
3245
3245
3246
3247
3248
3249
3250
3254
3262
3269
3273
3277
3282
3289
3297
3305
3312
3320
3327
3333
3337
3339
3334
3318
3294
3266
3232
3199
3172
3159
3160
3173
3200
3235
3281
3330
3377
3420
3453
3465
3469
3463
3453
3444
3430
3418
3404
3400
3397
3396
3397
3401
3406
3410
3415
3418
3421
3424
3428
3430
3433
3437
3442
3447
3452
3457
3459
3460
3461
3462
3462
3460
3457
3454
3450
3447
3442
3439
3435
3430
3427
3426
3424
3423
3421
3420
3418
3417
3415
3414
3410
3407
3403
3398
3394
3389
3386
3384
3382
3380
3379
3377
3377
3376
3375
3374
3373
3375
3379
3382
3385
3390
3396
3400
3403
3406
3409
3410
3412
3413
3415
3417
3421
3426
3431
3436
3441
3445
3448
3451
3454
3456
3458
3460
3461
3462
3462
3462
3461
3460
3458
3456
3454
3452
3451
3452
3456
3467
3492
3472
3369
3178
2914
2603
2276
1941
1608
1284
0987
0747
0600
0554
0567
0597
0609
0614
0620
0635
0721
0869
1100
1433
1870
2380
2897
3341
3651
3777
3794
3753
3713
3688
3709
3735
3731
3686
3635
3668
3747
3788
3712
3479
3093
2600
2080
1614
1250
0996
0842
0767
0742
0733
0724
0706
0686
0671
0666
0674
0697
0738
0782
0826
0878
0942
1005
1055
1108
1171
1229
1274
1304
1328
1365
1423
1512
1621
1726
1821
1913
2025
2168
2323
2469
2581
2625
2630
2618
2610
2601
2577
2539
2490
2433
2393
2387
2400
2432
2446
2423
2370
2288
2174
2042
1919
1819
1747
1713
1733
1801
1892
1979
2048
2099
2135
2164
2189
2219
2262
2331
2438
2591
2787
3002
3194
3345
3456
3534
3583
3599
3597
3563
3491
3389
3271
3152
3050
3004
3007
3065
3143
3202
3237
3234
3185
3062
2877
2654
2445
2322
2337
2506
2775
3085
3342
3496
3539
3543
3513
3498
3500
3509
3512
3500
3472
3421
3360
3299
3256
3217
3188
3180
3192
3225
3293
3356
3387
3391
3379
3338
3278
3205
3119
3038
2971
2942
2949
3006
3104
3211
3323
3423
3497
3552
3573
3575
3547
3519
3507
3500
3500
3524
3589
3673
3762
3841
3914
3975
4016
4033
4051
4084
4095
4091
4075
4064
4048
4030
4013
4005
4000
3991
3976
3960
3951
3942
3932
3917
3903
3890
3881
3871
3862
3856
3850
3842
3825
3802
3784
3775
3767
3758
3748
3738
3729
3723
3723
3725
3728
3729
3732
3734
3734
3734
3733
3731
3728
3720
3705
3687
3670
3653
3637
3622
3604
3583
3556
3528
3501
3478
3461
3450
3444
3438
3429
3420
3407
3387
3357
3320
3282
3252
3229
3212
3205
3207
3216
3236
3266
3305
3342
3357
3364
3367
3365
3357
3343
3322
3295
3258
3220
3185
3163
3152
3140
3125
3108
3092
3084
3075
3069
3065
3063
3063
3065
3069
3076
3089
3087
3078
3048
3011
2976
2948
2930
2921
2914
2907
2903
2899
2897
2902
2906
2906
2895
2882
2877
2875
2877
2887
2899
2904
2906
2906
2903
2902
2899
2897
2894
2894
2896
2899
2905
2915
2924
2932
2939
2942
2944
2944
2945
2945
2945
2945
2944
2943
2943
2942
2941
2946
2959
2973
2986
2991
2994
2996
2995
2992
2988
2974
2951
2928
2907
2900
2897
2899
2913
2929
2948
2976
3005
3033
3054
3070
3079
3086
3090
3094
3098
3104
3112
3120
3125
3129
3132
3127
3119
3112
3107
3104
3102
3104
3108
3115
3122
3125
3127
3121
3105
3084
3063
3043
3028
3023
3022
3026
3036
3048
3060
3074
3080
3084
3087
3089
3086
3082
3080
3078
3076
3074
3073
3072
3072
3071
3071
3071
3071
3071
3072
3074
3075
3077
3079
3084
3095
3102
3111
3119
3126
3130
3133
3128
3125
3124
3122
3119
3116
3114
3112
3110
3105
3102
3099
3093
3078
3062
3052
3050
3048
3046
3043
3038
3021
2993
2961
2934
2914
2899
2894
2893
2898
2911
2941
2983
3032
3077
3110
3127
3134
3136
3131
3124
3110
3089
3068
3053
3048
3048
3054
3064
3074
3087
3099
3115
3120
3124
3127
3121
3111
3100
3093
3089
3085
3081
3078
3070
3054
3033
3015
3002
2998
2995
2995
2995
2998
3001
3013
3027
3042
3048
3048
3044
3032
3015
3001
2995
2992
2988
2984
2975
2960
2955
2953
2953
2953
2954
2956
2958
2959
2959
2960
2963
2963
2959
2956
2954
2952
2953
2954
2954
2955
2956
2961
2965
2970
2974
2979
2983
2985
2993
3007
3017
3020
3024
3028
3033
3038
3040
3042
3045
3046
3047
3048
3055
3070
3076
3078
3078
3077
3077
3078
3081
3087
3096
3103
3108
3113
3125
3143
3163
3181
3188
3189
3186
3179
3173
3169
3166
3161
3157
3149
3140
3134
3130
3125
3114
3097
3075
3056
3051
3049
3047
3046
3047
3049
3051
3056
3065
3078
3085
3087
3088
3084
3080
3077
3084
3091
3097
3099
3096
3091
3080
3066
3053
3042
3036
3028
3018
3006
2997
2992
2991
2989
2988
2985
2976
2948
2916
2893
2885
2888
2894
2903
2920
2940
2968
3003
3041
3077
3106
3129
3146
3160
3166
3168
3170
3170
3166
3157
3143
3129
3121
3107
3092
3062
3009
2942
2873
2825
2810
2828
2871
2914
2932
2929
2898
2861
2852
2856
2882
2918
2950
2975
2990
2997
3003
3010
3017
3029
3038
3041
3042
3040
3035
3024
3010
2994
2984
2981
2985
2995
3008
3012
3007
3000
2992
2977
2958
2930
2900
2871
2856
2856
2871
2902
2936
2967
2990
3009
3027
3044
3054
3061
3065
3069
3072
3074
3080
3085
3088
3089
3082
3072
3059
3043
3021
2992
2961
2936
2924
2920
2925
2934
2944
2961
2981
3008
3038
3063
3077
3084
3090
3095
3102
3107
3108
3108
3109
3111
3113
3115
3117
3119
3122
3124
3127
3136
3155
3171
3178
3178
3173
3165
3154
3143
3133
3125
3121
3119
3120
3121
3125
3131
3135
3138
3141
3144
3145
3145
3143
3142
3138
3136
3133
3130
3126
3115
3100
3080
3056
3029
2997
2963
2936
2926
2926
2941
2970
3006
3050
3096
3139
3177
3199
3206
3201
3187
3169
3159
3152
3148
3145
3143
3142
3139
3137
3134
3131
3128
3124
3125
3130
3137
3148
3155
3160
3162
3161
3157
3152
3143
3136
3131
3129
3131
3136
3142
3148
3151
3152
3149
3140
3126
3105
3080
3059
3043
3035
3030
3027
3031
3039
3047
3062
3074
3079
3079
3075
3067
3053
3045
3030
3016
3008
3003
2999
2998
3000
3004
3016
3030
3044
3051
3057
3062
3066
3070
3073
3075
3076
3075
3073
3069
3066
3060
3057
3055
3053
3052
3051
3051
3053
3056
3059
3061
3064
3067
3070
3072
3074
3075
3080
3089
3101
3111
3118
3122
3125
3127
3127
3128
3128
3129
3129
3129
3129
3128
3127
3126
3124
3122
3119
3116
3110
3107
3108
3112
3115
3119
3122
3124
3125
3124
3119
3110
3099
3087
3076
3070
3065
3063
3063
3065
3069
3075
3084
3096
3112
3127
3139
3145
3149
3151
3152
3151
3146
3133
3118
3101
3095
3094
3093
3092
3092
3092
3092
3093
3094
3095
3096
3097
3098
3099
3099
3099
3098
3097
3095
3094
3092
3090
3089
3088
3089
3090
3092
3095
3098
3097
3092
3089
3087
3085
3084
3083
3082
3082
3083
3083
3084
3086
3087
3090
3096
3100
3104
3107
3107
3104
3095
3076
3054
3031
3007
2987
2973
2964
2954
2944
2929
2914
2902
2897
2897
2900
2910
2924
2944
2972
3007
3044
3074
3095
3107
3112
3112
3107
3096
3081
3074
3069
3067
3064
3060
3056
3048
3038
3028
3018
3007
2997
2986
2977
2974
2971
2970
2968
2968
2968
2968
2968
2969
2971
2973
2982
3002
3024
3042
3056
3064
3071
3074
3079
3083
3086
3087
3086
3081
3077
3074
3071
3069
3068
3062
3047
3025
3000
2973
2948
2930
2922
2917
2913
2917
2930
2947
2964
2972
2979
2983
2979
2973
2966
2959
2951
2944
2939
2937
2935
2932
2932
2936
2942
2950
2961
2979
3003
3034
3069
3101
3125
3142
3157
3167
3175
3179
3182
3184
3186
3188
3190
3200
3217
3223
3225
3227
3222
3209
3195
3187
3179
3173
3171
3167
3167
3176
3191
3206
3217
3221
3222
3221
3217
3207
3191
3172
3148
3126
3110
3104
3104
3108
3115
3124
3136
3145
3152
3156
3152
3146
3139
3131
3125
3121
3118
3118
3121
3131
3143
3157
3166
3173
3178
3179
3181
3182
3178
3164
3151
3138
3133
3132
3134
3137
3143
3152
3162
3171
3178
3182
3181
3176
3162
3142
3124
3108
3093
3072
3045
3020
3006
3000
3000
3003
3007
3012
3015
3024
3047
3076
3104
3127
3144
3154
3164
3173
3179
3183
3181
3172
3158
3150
3142
3133
3125
3118
3108
3099
3083
3069
3060
3048
3042
3039
3037
3041
3047
3051
3048
3038
3009
2962
2907
2858
2819
2791
2788
2799
2846
2918
3008
3101
3181
3232
3248
3231
3192
3141
3086
3044
3007
2971
2926
2870
2819
2794
2796
2829
2895
2971
3043
3101
3144
3164
3167
3158
3134
3107
3084
3071
3068
3063
3059
3046
3028
3009
2997
2993
2990
2986
2983
2980
2979
2979
2982
2986
2993
3004
3014
3024
3038
3052
3061
3068
3072
3074
3073
3069
3059
3044
3027
3011
2992
2965
2932
2899
2874
2864
2864
2875
2892
2903
2906
2909
2913
2918
2925
2931
2934
2930
2923
2914
2899
2885
2876
2867
2859
2855
2852
2856
2873
2897
2922
2947
2969
2987
3002
3018
3039
3062
3085
3105
3124
3128
3130
3127
3111
3101
3098
3095
3092
3089
3081
3075
3074
3072
3075
3080
3081
3084
3088
3093
3109
3130
3143
3148
3149
3148
3146
3145
3149
3164
3181
3190
3195
3198
3199
3201
3202
3204
3206
3203
3192
3177
3160
3145
3130
3116
3107
3099
3089
3080
3072
3067
3065
3063
3062
3062
3062
3063
3066
3069
3081
3102
3118
3124
3126
3125
3121
3119
3118
3116
3116
3115
3115
3116
3116
3116
3118
3120
3124
3133
3142
3148
3151
3153
3152
3149
3147
3145
3143
3143
3144
3147
3154
3172
3210
3256
3303
3344
3378
3409
3442
3470
3488
3494
3491
3484
3478
3474
3471
3469
3468
3467
3465
3459
3435
3392
3329
3244
3139
3021
2901
2794
2713
2656
2616
2577
2545
2540
2549
2592
2650
2698
2725
2737
2749
2770
2810
2867
2933
2991
3030
3050
3058
3059
3054
3044
3027
3011
3006
3010
3020
3039
3057
3074
3090
3100
3108
3114
3115
3116
3117
3116
3113
3109
3107
3104
3102
3099
3094
3084
3075
3071
3068
3064
3062
3056
3048
3040
3031
3017
2998
2977
2959
2953
2951
2950
2948
2948
2949
2951
2954
2958
2962
2957
2939
2924
2919
2922
2930
2945
2962
2980
2992
2997
2997
2993
2981
2966
2956
2953
2956
2967
2984
3008
3039
3070
3095
3104
3107
3107
3105
3103
3102
3101
3099
3099
3099
3100
3102
3105
3111
3118
3121
3123
3119
3117
3115
3114
3113
3112
3112
3110
3110
3108
3107
3106
3104
3095
3068
3034
3003
2992
2988
2988
2994
3012
3038
3071
3112
3153
3191
3220
3229
3233
3232
3222
3204
3179
3151
3122
3089
3058
3032
3021
3017
3022
3036
3057
3077
3093
3104
3113
3120
3125
3129
3133
3134
3132
3128
3125
3124
3121
3119
3115
3110
3105
3097
3096
3102
3111
3119
3124
3126
3127
3125
3119
3112
3101
3085
3067
3045
3019
2996
2983
2979
2976
2971
2967
2964
2961
2958
2956
2956
2956
2957
2959
2961
2969
2991
3014
3033
3039
3040
3035
3025
3013
3000
2991
2989
2986
2985
2985
2986
2990
2996
3005
3018
3027
3033
3039
3046
3055
3070
3087
3093
3095
3096
3089
3076
3062
3052
3045
3043
3044
3047
3057
3072
3091
3099
3102
3105
3098
3084
3074
3068
3064
3065
3070
3086
3103
3121
3127
3126
3120
3112
3099
3089
3083
3080
3077
3074
3066
3056
3044
3022
2998
2976
2954
2943
2932
2921
2899
2861
2804
2733
2661
2611
2606
2631
2706
2798
2886
2954
3006
3047
3068
3074
3077
3080
3084
3087
3090
3095
3102
3105
3102
3096
3086
3074
3066
3061
3066
3080
3092
3096
3098
3098
3097
3093
3088
3078
3071
3068
3066
3065
3065
