1557
1691
1832
1980
2038
2078
2062
2016
1995
1983
1980
1989
2010
2041
2075
2124
2176
2200
2216
2231
2243
2252
2262
2265
2268
2268
2268
2268
2262
2252
2240
2228
2216
2203
2188
2179
2167
2154
2139
2127
2117
2108
2099
2090
2081
2072
2059
2044
2029
2010
1992
1970
1946
1921
1900
1878
1860
1842
1823
1805
1786
1768
1750
1728
1707
1688
1667
1649
1633
1621
1615
1606
1603
1596
1593
1593
1590
1590
1587
1590
1590
1590
1590
1587
1584
1581
1581
1578
1575
1572
1569
1566
1563
1560
1557
1554
1550
1544
1541
1535
1526
1517
1511
1501
1492
1483
1474
1465
1452
1443
1434
1425
1416
1406
1397
1388
1379
1373
1367
1357
1351
1345
1342
1339
1336
1333
1333
1330
1330
1330
1330
1330
1330
1327
1324
1324
1321
1318
1314
1311
1305
1302
1299
1293
1284
1278
1268
1262
1253
1244
1235
1226
1219
1210
1204
1201
1198
1192
1183
1177
1170
1164
1158
1149
1143
1137
1127
1121
1115
1109
1103
1097
1085
1075
1063
1048
1036
1026
1017
1011
1005
0999
0996
0996
0993
0990
0986
0983
0980
0977
0974
0971
0968
0962
0956
0953
0950
0947
0947
0947
0947
0953
0956
0962
0968
0971
0977
0983
0993
0999
1008
1017
1032
1042
1051
1048
1032
1014
0990
0971
0947
0922
0898
0870
0839
0818
0799
0781
0766
0747
0732
0717
0704
0695
0683
0674
0665
0662
0659
0655
0652
0652
0652
0652
0652
0652
0649
0649
0652
0652
0655
0659
0662
0665
0665
0665
0665
0662
0659
0655
0655
0652
0649
0646
0640
0637
0631
0628
0622
0616
0609
0603
0597
0591
0585
0582
0579
0576
0576
0570
0557
0545
0536
0536
0548
0570
0600
0631
0668
0720
0760
0796
0809
0818
0824
0830
0836
0839
0845
0849
0852
0855
0855
0855
0855
0849
0845
0842
0839
0836
0836
0830
0824
0821
0815
0809
0803
0793
0784
0772
0763
0754
0744
0738
0732
0723
0714
0708
0698
0692
0686
0680
0677
0677
0677
0677
0677
0680
0683
0689
0692
0695
0698
0698
0698
0701
0704
0711
0717
0723
0729
0735
0741
0747
0757
0766
0839
1002
1226
1526
1900
2304
2685
2957
3055
3046
2905
2648
2320
1955
1566
1189
0873
0708
0668
0637
0619
0606
0594
0579
0567
0557
0545
0536
0530
0524
0518
0505
0493
0484
0478
0481
0490
0505
0527
0551
0585
0649
0701
0750
0803
0864
0901
0925
0944
0959
0974
0990
1002
1014
1026
1045
1069
1097
1121
1149
1186
1238
1290
1342
1394
1452
1514
1572
1624
1673
1725
1777
1820
1860
1897
1937
1977
2016
2059
2105
2136
2163
2185
2200
2209
2213
2216
2222
2228
2237
2243
2225
2185
2142
2090
2038
1967
1878
1786
1695
1599
1504
1413
1311
1201
1091
0983
0879
0784
0686
0588
0496
0426
0370
0315
0257
0202
0150
0107
0073
0049
0033
0024
0018
0012
0009
0006
0003
0000
0000
0000
0000
0003
0009
0018
0027
0033
0042
0049
0055
0058
0061
0061
0061
0061
0061
0061
0058
0058
0055
0055
0052
0052
0052
0052
0052
0052
0055
0061
0067
0073
0082
0095
0107
0125
0147
0177
0202
0226
0251
0269
0278
0288
0294
0297
0300
0306
0309
0312
0318
0321
0324
0331
0334
0337
0340
0343
0343
0343
0346
0346
0349
0352
0355
0355
0355
0355
0352
0349
0346
0343
0340
0340
0343
0343
0346
0349
0352
0358
0364
0373
0380
0389
0407
0459
0496
0524
0554
0597
0646
0757
0931
1183
1511
1918
2378
2859
3255
3411
3374
3028
2360
1544
0793
0272
0113
0122
0327
0545
0594
0597
0603
0554
0527
0511
0499
0490
0481
0475
0468
0465
0462
0462
0468
0475
0487
0502
0518
0533
0548
0570
0606
0640
0671
0695
0720
0738
0757
0775
0796
0815
0836
0858
0885
0916
0947
0974
0999
1023
1048
1069
1088
1106
1127
1155
1189
1222
1262
1311
1360
1406
1455
1511
1569
1624
1667
1713
1759
1802
1857
1924
1992
2056
2117
2194
2265
2311
2326
2329
2335
2344
2335
2277
2194
2084
1970
1854
1731
1627
1477
1324
1219
1103
0996
0891
0799
0711
0619
0542
0484
0435
0389
0340
0288
0245
0214
0193
0180
0174
0168
0162
0156
0153
0150
0150
0159
0171
0190
0211
0229
0251
0275
0297
0318
0340
0358
0373
0386
0398
0407
0413
0419
0422
0429
0435
0441
0453
0462
0481
0496
0508
0527
0545
0560
0576
0582
0585
0582
0579
0573
0563
0563
0557
0542
0530
0518
0511
0508
0502
0496
0487
0475
0438
0401
0377
0358
0343
0327
0318
0321
0324
0343
0370
0404
0438
0472
0505
0533
0551
0560
0563
0570
0579
0591
0597
0597
0603
0603
0606
0606
0609
0613
0606
0597
0591
0591
0594
0588
0585
0582
0573
0567
0560
0557
0557
0554
0551
0548
0548
0554
0557
0567
0570
0570
0563
0551
0542
0530
0518
0499
0475
0447
0422
0401
0395
0404
0426
0450
0487
0533
0609
0671
0723
0769
0809
0830
0842
0858
0879
0910
0962
1039
1180
1394
1676
2029
2430
2838
3199
3460
3478
3377
2951
2338
1685
1146
0913
0830
0876
1051
1155
1186
1207
1216
1213
1210
1207
1201
1201
1207
1213
1222
1235
1253
1268
1281
1293
1302
1314
1324
1330
1339
1348
1357
1363
1370
1385
1403
1425
1443
1455
1468
1480
1489
1498
1501
1511
1514
1514
1511
1514
1520
1520
1517
1517
1517
1526
1529
1535
1541
1560
1587
1642
1695
1744
1793
1839
1878
1927
1983
2032
2065
2105
2157
2213
2265
2292
2308
2329
2347
2350
2329
2286
2222
2127
2041
1949
1845
1737
1615
1495
1391
1290
1195
1094
0980
0861
0763
0686
0625
0576
0530
0475
0422
0398
0380
0370
0358
0352
0346
0337
0331
0327
0337
0343
0349
0361
0373
0389
0395
0401
0413
0416
0422
0429
0432
0426
0404
0401
0395
0389
0386
0380
0377
0373
0373
0373
0377
0392
0410
0422
0435
0444
0453
0462
0475
0484
0487
0490
0496
0508
0514
0521
0524
0527
0527
0533
0539
0542
0548
0557
0563
0573
0573
0570
0570
0573
0579
0579
0579
0576
0573
0567
0560
0557
0554
0548
0542
0536
0533
0530
0527
0530
0530
0530
0533
0536
0536
0539
0542
0551
0557
0560
0567
0573
0576
0576
0585
0591
0597
0600
0603
0606
0606
0606
0603
0600
0600
0600
0603
0603
0600
0600
0597
0591
0585
0582
0579
0576
0570
0563
0560
0560
0557
0557
0563
0570
0579
0597
0628
0655
0677
0689
0695
0708
0714
0717
0720
0723
0723
0726
0723
0723
0723
0726
0732
0735
0738
0741
0747
0757
0763
0766
0769
0775
0781
0784
0784
0781
0784
0790
0790
0793
0793
0790
0787
0787
0790
0793
0799
0809
0821
0830
0833
0836
0839
0849
0864
0888
0913
0931
0944
0947
0937
0922
0904
0895
0888
0876
0855
0827
0818
0882
1075
1330
1661
2050
2467
2872
3212
3328
3288
2982
2461
1866
1336
0968
0803
0741
0708
0686
0674
0671
0665
0659
0655
0646
0643
0640
0640
0646
0652
0655
0659
0671
0680
0689
0701
0714
0726
0738
0754
0769
0775
0781
0784
0787
0787
0784
0784
0781
0781
0784
0784
0775
0769
0766
0766
0766
0766
0769
0772
0778
0790
0803
0812
0815
0830
0849
0870
0904
0974
1026
1069
1115
1158
1204
1253
1318
1394
1455
1508
1566
1633
1704
1774
1820
1842
1857
1866
1872
1878
1878
1863
1836
1802
1737
1636
1544
1455
1370
1275
1167
1057
0947
0839
0766
0711
0652
0594
0536
0472
0422
0383
0349
0315
0285
0266
0248
0226
0205
0183
0171
0162
0159
0165
0174
0193
0208
0226
0245
0257
0269
0285
0300
0312
0324
0327
0334
0334
0334
0334
0334
0331
0331
0334
0337
0340
0343
0346
0346
0343
0343
0343
0343
0343
0340
0340
0343
0343
0346
0349
0355
0361
0364
0370
0377
0386
0395
0404
0419
0432
0447
0459
0472
0481
0487
0493
0499
0505
0514
0521
0527
0536
0545
0557
0570
0579
0591
0600
0606
0616
0622
0631
0634
0640
0643
0643
0637
0628
0622
0616
0606
0597
0594
0594
0594
0594
0594
0600
0606
0616
0628
0640
0652
0662
0674
0689
0704
0723
0741
0757
0769
0772
0769
0760
0741
0723
0708
0692
0677
0665
0652
0637
0613
0588
0567
0554
0551
0560
0576
0600
0631
0683
0775
0931
1167
1486
1866
2301
2764
3169
3411
3423
3258
2813
2240
1664
1216
1026
0968
0925
0895
0873
0855
0839
0830
0818
0812
0806
0793
0781
0763
0747
0732
0723
0720
0717
0723
0735
0750
0769
0787
0809
0824
0836
0849
0861
0879
0898
0919
0934
0953
0965
0971
0974
0977
0983
0996
1005
1020
1051
1088
1115
1146
1186
1241
1296
1339
1373
1403
1437
1465
1498
1541
1584
1627
1676
1731
1790
1851
1909
1970
2019
2056
2090
2121
2148
2167
2185
2200
2213
2219
2209
2194
2173
2145
2096
2007
1927
1839
1744
1655
1523
1388
1302
1207
1121
1042
0968
0898
0827
0766
0720
0677
0640
0603
0557
0533
0514
0499
0490
0481
0472
0465
0459
0456
0453
0447
0447
0447
0450
0453
0456
0456
0456
0459
0459
0462
0465
0468
0468
0472
0478
0478
0475
0468
0462
0462
0462
0465
0465
0472
0478
0484
0490
0499
0505
0508
0518
0533
0542
0548
0548
0542
0527
0511
0493
0475
0462
0453
0447
0441
0438
0435
0432
0426
0422
0419
0419
0419
0416
0419
0422
0422
0422
0422
0422
0426
0429
0438
0444
0453
0459
0472
0478
0487
0499
0521
0545
0570
0591
0616
0640
0659
0683
0701
0723
0735
0744
0750
0757
0760
0760
0760
0763
0766
0769
0769
0775
0784
0790
0787
0778
0769
0760
0750
0738
0726
0717
0714
0708
0701
0689
0677
0662
0649
0640
0634
0634
0634
0637
0640
0646
0655
0662
0668
0680
0689
0701
0720
0772
0824
0895
0974
1094
1219
1376
1587
1860
2188
2586
3043
3518
3920
4095
4070
3776
3233
2593
2004
1590
1419
1363
1327
1296
1275
1256
1219
1164
1112
1063
1017
0983
0968
0959
0953
0950
0940
0934
0931
0931
0934
0940
0950
0962
0971
0986
0999
1008
1026
1060
1091
1118
1137
1152
1164
1173
1183
1195
1207
1219
1235
1250
1275
1299
1324
1348
1367
1382
1391
1403
1422
1440
1455
1477
1501
1538
1575
1609
1649
1698
1750
1805
1860
1909
1961
2004
2041
2062
2081
2096
2108
2114
2108
2096
2078
2050
1998
1924
1863
1793
1710
1624
1526
1440
1357
1281
1216
1152
1085
1014
0953
0910
0858
0827
0803
0781
0760
0735
0711
0686
0662
0640
0628
0619
0613
0609
0606
0603
0600
0600
0600
0603
0600
0597
0591
0588
0582
0570
0557
0545
0536
0530
0521
0511
0499
0487
0475
0465
0459
0450
0444
0441
0438
0435
0432
0426
0416
0413
0413
0413
0413
0413
0416
0419
0419
0422
0450
0487
0521
0554
0588
0616
0640
0652
0662
0674
0683
0686
0692
0698
0704
0711
0711
0714
0720
0720
0720
0717
0711
0701
0689
0677
0662
0649
0637
0622
0600
0573
0551
0530
0511
0496
0481
0468
0456
0447
0438
0435
0438
0441
0447
0453
0462
0475
0493
0511
0539
0567
0597
0628
0649
0671
0686
0698
0708
0720
0732
0741
0747
0747
0754
0760
0769
0772
0778
0787
0793
0796
0799
0799
0803
0809
0815
0821
0824
0824
0818
0812
0803
0793
0784
0775
0769
0766
0763
0754
0747
0741
0754
0778
0806
0827
0842
0858
0870
0882
0895
0901
0901
0898
0888
0879
0867
0855
0842
0836
0827
0821
0818
0815
0809
0803
0799
0803
0809
0815
0821
0824
0830
0836
0842
0836
0821
0803
0778
0778
0827
0965
1201
1529
1931
2403
2899
3380
3763
3862
3806
3429
2832
2188
1645
1321
1250
1219
1195
1167
1134
1078
0996
0953
0934
0922
0907
0891
0876
0864
0855
0842
0833
0815
0784
0754
0720
0689
0665
0646
0631
0616
0606
0606
0616
0634
0655
0680
0711
0763
0806
0836
0876
0922
0974
1020
1057
1097
1127
1161
1192
1226
1262
1290
1318
1339
1357
1376
1397
1425
1458
1489
1517
1541
1569
1599
1630
1658
1685
1716
1747
1777
1802
1823
1842
1860
1875
1885
1888
1878
1863
1845
1820
1786
1722
1661
1596
1532
1471
1391
1302
1222
1137
1066
1011
0950
0895
0836
0775
0723
0683
0646
0603
0563
0548
0539
0527
0514
0502
0496
0487
0478
0472
0468
0465
0462
0459
0459
0459
0456
0459
0459
0459
0459
0459
0462
0462
0462
0465
0465
0472
0478
0484
0490
0496
0502
0511
0514
0521
0524
0530
0536
0539
0548
0554
0563
0573
0579
0588
0597
0606
0616
0622
0631
0640
0649
0655
0665
0674
0680
0689
0692
0692
0695
0695
0689
0680
0674
0665
0659
0652
0646
0643
0646
0646
0646
0643
0646
0646
0646
0646
0646
0646
0646
0649
0649
0652
0652
0655
0655
0655
0655
0655
0655
0652
0649
0649
0649
0649
0649
0652
0655
0659
0659
0662
0662
0662
0659
0659
0659
0662
0662
0665
0668
0671
0674
0674
0677
0677
0677
0677
0677
0674
0674
0671
0668
0662
0659
0652
0649
0646
0643
0640
0640
0640
0640
0640
0643
0649
0659
0671
0686
0698
0714
0726
0738
0747
0754
0760
0760
0757
0747
0738
0726
0714
0701
0692
0683
0677
0671
0665
0662
0655
0652
0652
0649
0649
0649
0652
0655
0662
0671
0677
0689
0698
0711
0726
0741
0760
0781
0821
0858
0882
0901
0916
0922
0928
0934
0940
0947
0950
0956
0959
0962
0965
0965
0962
0959
0953
0944
0931
0919
0907
0895
0879
0867
0855
0842
0830
0809
0790
0772
0757
0744
0741
0744
0757
0775
0796
0818
0836
0858
0873
0885
0895
0904
0913
0922
0928
0934
0937
0940
0937
0937
0934
0931
0928
0925
0922
0922
0922
0919
0919
0919
0919
0922
0922
0922
0925
0925
0922
0919
0916
0910
0907
0901
0895
0888
0882
0876
0858
0845
0864
0913
1057
1253
1523
1872
2286
2743
3206
3607
3831
3840
3650
3163
2519
1878
1400
1204
1149
1109
1063
1023
0986
0937
0879
0842
0827
0821
0818
0809
0803
0799
0796
0796
0796
0796
0799
0799
0799
0803
0799
0799
0799
0799
0803
0803
0809
0815
0821
0827
0833
0839
0852
0867
0891
0947
1002
1051
1078
1100
1115
1127
1134
1140
1146
1155
1164
1170
1177
1183
1186
1192
1201
1216
1247
1284
1333
1388
1455
1517
1572
1618
1667
1719
1762
1802
1832
1854
1869
1881
1888
1900
1909
1918
1915
1897
1866
1829
1774
1691
1621
1547
1474
1394
1311
1232
1161
1094
1023
0953
0879
0812
0754
0701
0662
0613
0554
0521
0493
0472
0453
0435
0419
0410
0398
0389
0380
0370
0364
0355
0346
0340
0337
0334
0343
0361
0386
0410
0435
0456
0481
0508
0536
0560
0576
0591
0606
0616
0622
0628
0631
0637
0640
0643
0646
0649
0649
0649
0643
0634
0625
0609
0594
0579
0567
0557
0548
0542
0536
0530
0527
0527
0524
0518
0514
0508
0505
0502
0499
0496
0496
0499
0502
0508
0518
0524
0527
0533
0536
0542
0548
0554
0560
0570
0576
0585
0591
0597
0600
0603
0603
0600
0597
0591
0588
0582
0579
0576
0570
0563
0557
0554
0548
0542
0536
0530
0524
0514
0511
0508
0505
0502
0499
0496
0496
0493
0487
0484
0481
0481
0487
0511
0548
0588
0619
0640
0659
0674
0689
0698
0708
0717
0723
0729
0732
0735
0735
0735
0732
0732
0729
0726
0723
0723
0720
0720
0717
0717
0717
0720
0723
0726
0732
0738
0741
0750
0757
0763
0769
0778
0787
0799
0818
0836
0855
0879
0904
0931
0956
0980
1008
1032
1054
1069
1081
1091
1100
1112
1134
1170
1216
1327
1504
1756
2096
2516
2994
3451
3773
3883
3782
3472
2850
2145
1523
1088
1014
0993
0977
0956
0928
0901
0882
0870
0858
0849
0842
0836
0833
0821
0812
0806
0806
0809
0818
0830
0845
0861
0882
0901
0922
0950
0993
1039
1081
1121
1140
1152
1164
1173
1180
1186
1189
1195
1198
1201
1201
1204
1207
1210
1213
1216
1219
1226
1235
1244
1250
1262
1275
1296
1339
1382
1422
1462
1517
1590
1658
1716
1765
1814
1863
1909
1952
1986
2019
2047
2068
2090
2108
2124
2130
2124
2108
2087
2053
1998
1900
1808
1716
1621
1526
1434
1348
1268
1189
1109
1032
0959
0882
0803
0708
0622
0557
0490
0432
0383
0352
0337
0327
0321
0318
0315
0315
0312
0309
0306
0306
0303
0306
0306
0309
0315
0324
0337
0346
0358
0370
0383
0392
0401
0410
0419
0432
0447
0465
0484
0505
0524
0539
0548
0554
0557
0563
0563
0567
0570
0573
0576
0579
0582
0588
0591
0591
0594
0594
0591
0585
0576
0567
0554
0542
0530
0521
0514
0505
0502
0496
0493
0487
0481
0475
0468
0462
0459
0456
0456
0456
0459
0462
0465
0468
0475
0481
0487
0496
0508
0518
0530
0542
0554
0567
0579
0588
0600
0613
0628
0643
0655
0668
0674
0677
0671
0659
0646
0628
0613
0594
0582
0573
0560
0551
0542
0533
0527
0518
0511
0505
0502
0496
0493
0490
0490
0487
0484
0481
0481
0481
0484
0490
0496
0505
0518
0527
0539
0548
0560
0570
0579
0591
0603
0619
0640
0665
0689
0711
0729
0741
0754
0766
0772
0778
0781
0784
0787
0790
0793
0793
0796
0796
0796
0793
0793
0793
0793
0793
0796
0799
0806
0812
0818
0824
0833
0836
0849
0858
0867
0879
0891
0904
0913
0919
0925
0931
0934
0937
0937
0940
0944
0944
0947
0950
0953
0956
0959
0962
0965
0968
0971
0974
0980
0986
0990
0996
0999
1002
1005
1008
1008
1008
1008
1011
1011
1014
1017
1020
1023
1026
1032
1042
1051
1091
1201
1373
1618
1949
2363
2853
3356
3819
4079
4091
3877
3344
2666
2022
1547
1354
1299
1268
1238
1198
1161
1134
1109
1085
1066
1048
1032
1017
1005
0993
0986
0983
0980
0980
0980
0977
0974
0968
0962
0956
0950
0947
0944
0937
0937
0934
0934
0934
0937
0940
0944
0950
0959
0965
0974
0986
0999
1014
1026
1045
1069
1097
1127
1149
1167
1183
1201
1222
1256
1293
1333
1373
1413
1452
1495
1541
1584
1630
1673
1716
1762
1811
1863
1897
1921
1943
1961
1973
1983
1983
1977
1970
1955
1937
1912
1863
1768
1685
1584
1474
1360
1238
1118
1023
0953
0891
0833
0772
0711
0662
0628
0594
0554
0518
0487
0459
0435
0410
0389
0370
0352
0340
0331
0321
0315
0312
0309
0306
0300
0297
0294
0291
0291
0288
0291
0294
0297
0306
0312
0321
0331
0337
0346
0349
0355
0361
0364
0370
0377
0386
0398
0410
0422
0438
0450
0459
0472
0481
0496
0508
0527
0545
0573
0603
0625
0640
0649
0662
0671
0680
0689
0695
0698
0689
0668
0640
0613
0591
0567
0539
0514
0496
0481
0472
0462
0456
0453
0447
0441
0438
0435
0429
0426
0422
0422
0422
0422
0422
0426
0429
0432
0435
0441
0444
0447
0453
0459
0468
0478
0487
0496
0508
0518
0530
0539
0551
0567
0597
0634
0665
0695
0726
0750
0772
0793
0812
0830
0836
0849
0870
0910
0983
1106
1293
1566
1931
2384
2896
3399
3779
3926
3757
3282
2590
1845
1241
0931
0821
0809
0833
0852
0876
0867
0812
0747
0680
0643
0628
0619
0603
0591
0579
0573
0567
0563
0563
0567
0570
0579
0591
0603
0616
0634
0649
0671
0695
0741
0790
0821
0849
0882
0922
0962
1008
1039
1063
1085
1106
1127
1149
1170
1189
1207
1226
1244
1265
1287
1308
1333
1367
1403
1446
1480
1520
1575
1642
1704
1765
1826
1888
1937
1983
2016
2038
2053
2068
2081
2090
2093
2087
2068
2044
2010
1961
1885
1826
1753
1667
1587
1504
1419
1336
1256
1177
1094
1014
0937
0861
0790
0714
0646
0597
0527
0478
0444
0416
0395
0373
0358
0349
0340
0334
0327
0324
0321
0318
0318
0315
0315
0315
0315
0315
0318
0321
0324
0324
0331
0334
0337
0337
0343
0346
0352
0355
0358
0364
0370
0373
0383
0392
0404
0426
0472
0518
0563
0609
0659
0686
0704
0714
0723
0732
0738
0741
0744
0741
0732
0714
0692
0671
0652
0637
0628
0619
0613
0606
0600
0597
0591
0585
0576
0570
0560
0551
0545
0542
0536
0533
0530
0527
0521
0518
0508
0499
0493
0484
0481
0475
0472
0468
0465
0462
0459
0456
0456
0456
0462
0465
0472
0478
0487
0499
0514
0536
0640
0852
1167
1569
2044
2571
3095
3555
3803
3806
3543
2948
2231
1572
1121
1002
0971
0947
0913
0885
0855
0803
0701
0649
0628
0616
0600
0585
0573
0567
0563
0563
0567
0573
0582
0594
0609
0622
0637
0646
0655
0665
0671
0677
0686
0698
0708
0720
0729
0738
0747
0757
0763
0772
0787
0806
0839
0879
0913
0950
0993
1042
1085
1127
1180
1241
1302
1367
1431
1477
1535
1621
1688
1731
1771
1808
1848
1888
1931
1977
2004
2026
2047
2062
2072
2075
2072
2062
2050
2035
2013
1967
1888
1817
1740
1655
1563
1462
1360
1253
1149
1045
0944
0852
0763
0671
0585
0524
0478
0444
0429
0419
0410
0404
0398
0398
0398
0404
0413
0429
0447
0465
0484
0496
0511
0524
0539
0548
0560
0570
0576
0579
0576
0573
0567
0560
0551
0539
0530
0521
0514
0508
0505
0499
0493
0490
0484
0481
0478
0478
0478
0481
0484
0490
0496
0499
0502
0502
0502
0502
0502
0502
0505
0505
0508
0511
0514
0514
0514
0511
0508
0508
0505
0508
0508
0511
0518
0524
0530
0536
0539
0545
0551
0560
0570
0579
0591
0603
0616
0625
0637
0646
0652
0655
0659
0659
0659
0655
0652
0649
0643
0637
0634
0631
0628
0625
0622
0622
0622
0625
0628
0631
0637
0643
0649
0655
0662
0668
0674
0680
0683
0686
0689
0692
0692
0689
0686
0686
0683
0680
0674
0674
0671
0671
0671
0674
0677
0680
0683
0692
0704
0717
0735
0754
0781
0836
0879
0916
0937
0956
0971
0983
0993
1002
1008
1008
1005
0996
0983
0968
0953
0937
0925
0916
0907
0898
0891
0879
0870
0858
0849
0839
0836
0830
0830
0827
0830
0833
0836
0836
0839
0845
0852
0858
0867
0873
0882
0888
0895
0898
0901
0907
0916
0922
0931
0944
0959
0977
0993
1008
1026
1042
1051
1060
1072
1085
1097
1106
1115
1121
1124
1127
1124
1118
1109
1100
1088
1078
1069
1060
1054
1051
1045
1042
1039
1032
1026
1020
1017
1011
1011
1011
1011
1008
1005
0999
0990
0980
0971
0962
0956
0950
0944
0940
0934
0925
0913
0901
0895
0895
0907
0922
0944
0965
0983
1002
1020
1036
1048
1054
1054
1045
1036
1020
1005
0990
0977
0968
0959
0950
0940
0928
0919
0910
0901
0891
0882
0876
0873
0864
0858
0852
0842
0836
0830
0821
0815
0806
0799
0793
0790
0784
0778
0775
0769
0769
0766
0763
0763
0766
0769
0772
0778
0781
0787
0793
0803
0809
0818
0827
0836
0842
0849
0852
0855
0858
0861
0861
0861
0864
0864
0861
0858
0858
0855
0852
0849
0842
0839
0836
0827
0821
0812
0806
0799
0793
0790
0787
0781
0769
0757
0738
0726
0720
0717
0717
0723
0735
0754
0778
0815
0947
1173
1480
1872
2360
2905
3420
3779
3822
3699
3221
2574
1900
1354
1109
1023
0980
0965
0962
0965
0968
0974
0965
0913
0867
0827
0784
0747
0726
0711
0695
0686
0677
0671
0668
0665
0662
0662
0662
0662
0665
0668
0674
0683
0692
0701
0711
0723
0732
0741
0750
0760
0769
0781
0793
0809
0824
0836
0849
0858
0867
0879
0898
0919
0947
0977
1011
1057
1115
1170
1222
1275
1336
1394
1452
1504
1557
1609
1658
1701
1737
1777
1820
1860
1897
1921
1940
1952
1964
1977
1989
1992
1983
1958
1921
1857
1759
1670
1578
1492
1391
1299
1229
1158
1088
1017
0944
0873
0803
0726
0662
0603
0554
0508
0484
0468
0453
0441
0432
0422
0422
0419
0422
0435
0447
0465
0484
0508
0533
0554
0585
0616
0643
0659
0668
0674
0680
0683
0686
0689
0692
0695
0698
0698
0698
0698
0695
0692
0686
0683
0677
0671
0668
0668
0665
0665
0662
0659
0655
0649
0643
0637
0628
0619
0613
0603
0591
0579
0570
0557
0545
0524
0502
0478
0453
0435
0419
0410
0404
0401
0395
0392
0392
0389
0386
0380
0377
0377
0386
0407
0441
0484
0530
0594
0659
0720
0747
0766
0781
0790
0799
0809
0818
0824
0830
0833
0836
0836
0830
0824
0815
0809
0799
0790
0781
0775
0769
0763
0757
0750
0744
0738
0735
0729
0723
0714
0704
0695
0683
0674
0662
0652
0640
0628
0616
0603
0591
0585
0579
0573
0570
0567
0563
0563
0560
0560
0560
0560
0563
0567
0573
0579
0585
0594
0600
0606
0616
0622
0631
0643
0655
0671
0692
0729
0772
0796
0818
0833
0839
0849
0855
0861
0867
0873
0879
0882
0882
0882
0882
0879
0876
0870
0864
0858
0845
0836
0824
0809
0793
0775
0763
0750
0738
0726
0717
0711
0701
0695
0689
0686
0689
0689
0695
0698
0704
0711
0714
0717
0723
0726
0729
0732
0732
0732
0732
0729
0726
0726
0726
0729
0735
0741
0754
0769
0784
0803
0824
0876
0919
0934
0950
0962
0974
0980
0990
0993
0999
0999
0999
0999
0996
0993
0990
0986
0983
0977
0974
0968
0962
0956
0950
0944
0940
0934
0928
0925
0922
0922
0919
0916
0916
0913
0910
0904
0901
0898
0895
0895
0895
0895
0891
0891
0885
0882
0873
0867
0861
0855
0852
0849
0849
0845
0842
0842
0845
0852
0858
0870
0888
0907
0928
0950
0968
0990
1008
1026
1045
1057
1075
1106
1177
1299
1480
1728
2068
2504
2994
3488
3901
4045
4006
3644
2988
2219
1514
1014
0898
0849
0833
0833
0836
0839
0830
0775
0750
0741
0732
0717
0698
0680
0665
0659
0655
0655
0662
0674
0689
0704
0720
0735
0750
0766
0781
0799
0836
0879
0919
0956
0990
1017
1045
1066
1085
1103
1121
1140
1158
1173
1189
1201
1216
1226
1238
1253
1265
1281
1296
1311
1333
1351
1376
1397
1422
1446
1465
1483
1501
1523
1547
1578
1612
1642
1670
1701
1731
1765
1799
1826
1854
1872
1891
1906
1918
1924
1921
1909
1885
1851
1811
1756
1658
1569
1477
1388
1299
1213
1127
1045
0977
0922
0864
0803
0747
0704
0665
0622
0576
0533
0493
0456
0422
0398
0380
0364
0349
0337
0327
0312
0300
0288
0278
0272
0269
0266
0269
0272
0275
0288
0303
0321
0346
0370
0395
0419
0441
0459
0475
0487
0499
0511
0524
0536
0548
0557
0567
0573
0576
0576
0576
0576
0573
0570
0570
0570
0570
0570
0567
0567
0563
0557
0548
0539
0527
0514
0499
0487
0475
0459
0447
0432
0416
0401
0380
0355
0331
0306
0288
0278
0275
0285
0303
0331
0358
0389
0416
0438
0456
0472
0484
0499
0508
0521
0530
0536
0545
0551
0557
0567
0576
0582
0591
0597
0600
0606
0609
0609
0613
0613
0613
0613
0613
0613
0613
0613
0609
0609
0603
0600
0594
0585
0576
0570
0560
0554
0551
0548
0545
0542
0539
0533
0530
0521
0514
0511
0511
0514
0521
0530
0539
0551
0563
0570
0579
0588
0600
0613
0628
0643
0671
0708
0744
0772
0799
0824
0842
0861
0873
0885
0895
0904
0910
0913
0913
0913
0916
0922
0928
0934
0940
0950
0962
0980
1002
1039
1127
1318
1615
1983
2424
2927
3411
3711
3813
3684
3291
2629
1909
1314
1072
1005
0956
0916
0879
0849
0830
0809
0793
0781
0772
0763
0747
0729
0720
0714
0717
0726
0738
0760
0781
0806
0830
0855
0885
0922
0959
0993
1020
1048
1069
1085
1094
1103
1112
1118
1124
1131
1137
1143
1149
1152
1158
1164
1173
1183
1189
1201
1210
1222
1232
1238
1250
1262
1278
1293
1314
1370
1425
1468
1511
1554
1599
1642
1685
1728
1783
1842
1900
1961
1998
2029
2053
2072
2084
2090
2087
2078
2059
2035
2001
1955
1872
1808
1725
1633
1544
1458
1376
1290
1198
1103
1017
0956
0898
0836
0781
0717
0662
0616
0570
0521
0487
0459
0435
0410
0386
0364
0343
0331
0315
0303
0291
0281
0272
0266
0263
0263
0263
0266
0272
0281
0294
0306
0321
0337
0352
0364
0377
0386
0398
0407
0416
0426
0435
0447
0456
0465
0475
0484
0496
0505
0518
0533
0554
0582
0613
0637
0655
0671
0680
0689
0695
0701
0708
0714
0717
0720
0720
0714
0698
0680
0659
0631
0606
0582
0554
0524
0496
0475
0465
0459
0459
0459
0459
0462
0462
0468
0468
0472
0475
0475
0478
0481
0481
0484
0490
0493
0496
0499
0502
0505
0508
0511
0518
0521
0530
0536
0545
0557
0570
0582
0597
0616
0634
0655
0674
0692
0708
0723
0738
0750
0760
0766
0775
0781
0787
0793
0796
0799
0803
0799
0796
0793
0787
0781
0772
0766
0760
0750
0744
0735
0729
0723
0720
0714
0714
0714
0714
0717
0717
0720
0723
0729
0732
0735
0741
0747
0750
0757
0757
0760
0760
0760
0763
0766
0769
0772
0778
0784
0790
0799
0812
0907
1112
1431
1863
2393
2963
3491
3855
3898
3767
3261
2602
1955
1465
1256
1198
1158
1124
1097
1066
1042
1020
1002
0993
0986
0980
0971
0962
0950
0940
0931
0925
0919
0916
0913
0913
0913
0916
0919
0925
0928
0931
0934
0937
0937
0937
0940
0944
0947
0953
0956
0962
0971
0977
0983
0986
0993
0999
1008
1014
1023
1039
1072
1112
1143
1173
1216
1272
1339
1397
1446
1495
1541
1596
1661
1722
1786
1848
1903
1958
2013
2078
2114
2139
2157
2173
2185
2188
2185
2179
2163
2142
2111
2059
1964
1875
1790
1704
1618
1535
1446
1357
1268
1173
1072
0962
0855
0750
0652
0560
0456
0392
0355
0327
0309
0294
0285
0281
0278
0272
0269
0263
0260
0257
0257
0257
0266
0285
0306
0331
0352
0373
0392
0410
0426
0441
0456
0472
0484
0496
0511
0524
0533
0542
0551
0560
0567
0573
0579
0585
0594
0600
0606
0609
0616
0616
0616
0609
0603
0597
0585
0576
0563
0551
0542
0530
0518
0505
0490
0475
0456
0441
0426
0413
0404
0404
0410
0419
0435
0450
0472
0493
0518
0548
0582
0609
0628
0643
0655
0662
0665
0668
0671
0674
0677
0680
0680
0683
0683
0683
0683
0680
0677
0674
0674
0674
0671
0671
0671
0671
0668
0665
0659
0652
0646
0640
0634
0625
0619
0613
0606
0600
0582
0563
0554
0570
0600
0634
0655
0677
0695
0714
0732
0750
0763
0772
0778
0784
0784
0784
0784
0784
0787
0790
0793
0799
0809
0818
0827
0842
0873
0986
1170
1419
1747
2151
2629
3123
3552
3791
3794
3561
3013
2320
1652
1146
0956
0898
0861
0836
0809
0790
0778
0769
0763
0757
0750
0741
0735
0726
0717
0714
0714
0717
0726
0738
0747
0760
0769
0778
0784
0793
0803
0818
0833
0852
0873
0895
0919
0940
0959
0971
0983
0996
1008
1020
1032
1042
1051
1063
1075
1088
1103
1131
1173
1213
1250
1287
1324
1360
1403
1443
1477
1511
1541
1575
1621
1685
1747
1808
1869
1927
2001
2093
2167
2213
2240
2255
2271
2289
2298
2277
2225
2151
2050
1961
1860
1744
1652
1520
1373
1278
1170
1069
0971
0873
0778
0683
0606
0545
0487
0447
0416
0395
0377
0367
0358
0352
0343
0337
0331
0324
0318
0315
0312
0309
0312
0312
0318
0324
0331
0343
0355
0370
0389
0407
0432
0475
0511
0530
0542
0551
0557
0563
0567
0567
0570
0570
0567
0563
0560
0554
0548
0539
0533
0527
0521
0518
0514
0514
0514
0518
0518
0521
0524
0524
0524
0524
0524
0524
0524
0521
0518
0518
0514
0514
0514
0518
0518
0521
0524
0530
0533
0539
0548
0560
0573
0591
0622
0655
0683
0704
0723
0738
0750
0760
0769
0772
0775
0775
0763
0747
0726
0704
0686
0671
0655
0640
0625
0609
0597
0585
0573
0563
0554
0548
0542
0536
0533
0527
0524
0521
0518
0508
0502
0493
0490
0490
0499
0514
0536
0554
0570
0585
0597
0613
0625
0637
0646
0655
0665
0674
0683
0692
0704
0720
0735
0757
0781
0799
0815
0821
0824
0827
0830
0830
0833
0833
0836
0836
0830
0821
0806
0787
0775
0766
0757
0750
0744
0738
0735
0729
0726
0723
0720
0720
0723
0723
0726
0732
0738
0744
0750
0757
0763
0769
0775
0781
0787
0793
0803
0812
0824
0836
0852
0870
0888
0907
0925
0940
0962
0983
1014
1039
1051
1060
1066
1072
1078
1081
1088
1088
1091
1085
1069
1048
1026
0999
0977
0947
0919
0898
0885
0879
0876
0870
0864
0852
0845
0842
0852
0879
0931
1081
1296
1599
1995
2464
2967
3451
3782
3822
3684
3178
2479
1759
1189
0910
0818
0867
0913
0944
0968
0968
0953
0937
0925
0913
0901
0898
0907
0922
0937
0944
0953
0962
0968
0977
0983
0986
0986
0983
0974
0962
0947
0934
0919
0907
0895
0885
0876
0870
0870
0876
0888
0910
0931
0953
0974
0996
1017
1039
1060
1075
1091
1103
1121
1143
1177
1210
1247
1278
1302
1324
1348
1370
1394
1440
1523
1590
1642
1704
1765
1826
1888
1934
1970
1995
2013
2026
2035
2047
2056
2053
2035
1998
1943
1857
1774
1679
1581
1486
1400
1308
1219
1124
1039
0977
0913
0836
0732
0655
0606
0560
0514
0490
0472
0456
0441
0432
0419
0410
0404
0401
0401
0401
0407
0413
0419
0429
0438
0444
0453
0462
0468
0478
0484
0490
0493
0499
0502
0505
0505
0508
0505
0505
0502
0499
0493
0490
0484
0478
0475
0472
0465
0462
0459
0456
0453
0450
0447
0444
0438
0435
0429
0422
0416
0413
0407
0404
0401
0395
0392
0383
0373
0364
0361
0377
0404
0438
0472
0505
0539
0576
0603
0625
0637
0649
0659
0668
0674
0683
0686
0692
0698
0704
0708
0708
0708
0708
0698
0689
0674
0659
0643
0625
0606
0591
0576
0563
0548
0536
0521
0505
0490
0478
0465
0456
0450
0447
0447
0450
0459
0468
0478
0487
0499
0508
0524
0536
0551
0570
0591
0625
0665
0698
0729
0754
0772
0781
0790
0796
0799
0799
0803
0809
0815
0824
0827
0833
0836
0842
0852
0864
0885
0940
1069
1305
1603
1977
2418
2884
3310
3583
3607
3448
2954
2277
1578
1020
0812
0769
0735
0704
0677
0655
0640
0631
0625
0625
0631
0643
0655
0662
0668
0677
0689
0704
0723
0741
0763
0796
0836
0870
0907
0937
0959
0974
0983
0990
0996
1002
1005
1014
1023
1036
1045
1051
1060
1066
1075
1085
1097
1115
1149
1183
1213
1241
1262
1278
1293
1311
1327
1342
1357
1376
1400
1440
1504
1566
1624
1685
1756
1829
1903
1961
2019
2075
2136
2176
2203
2228
2237
2228
2200
2163
2114
2041
1977
1888
1780
1676
1569
1474
1403
1336
1247
1127
1026
0950
0876
0812
0754
0695
0637
0585
0533
0493
0459
0435
0419
0410
0401
0395
0389
0383
0380
0377
0373
0373
0373
0377
0383
0392
0404
0419
0435
0450
0462
0478
0490
0502
0511
0518
0524
0530
0539
0545
0554
0560
0563
0570
0570
0573
0573
0573
0570
0570
0570
0570
0567
0567
0563
0560
0557
0557
0554
0554
0554
0554
0557
0563
0567
0570
0576
0579
0585
0585
0588
0591
0591
0591
0585
0582
0576
0570
0560
0551
0539
0530
0521
0508
0496
0484
0475
0462
0447
0438
0432
0426
0419
0416
0416
0419
0422
0432
0441
0456
0472
0490
0508
0527
0545
0563
0582
0603
0631
0659
0683
0701
0714
0726
0732
0741
0747
0750
0757
0763
0769
0772
0778
0781
0781
0784
0784
0787
0784
0781
0775
0766
0754
0738
0720
0704
0689
0674
0662
0652
0643
0634
0619
0606
0591
0582
0573
0567
0570
0582
0594
0609
0625
0643
0659
0677
0692
0711
0741
0775
0806
0830
0858
0922
1029
1216
1468
1802
2228
2731
3261
3736
4003
4009
3763
3178
2445
1740
1235
1097
1060
1036
1005
0968
0931
0895
0855
0806
0766
0732
0698
0671
0649
0631
0616
0606
0600
0597
0600
0609
0628
0649
0677
0704
0738
0781
0827
0867
0904
0928
0953
0971
0993
1011
1032
1051
1069
1088
1106
1127
1149
1170
1192
1213
1235
1256
1281
1305
1327
1351
1376
1400
1425
1449
1474
1501
1526
1554
1584
1612
1649
1691
1734
1780
1823
1863
1906
1940
1961
1973
1983
1992
2004
2016
2022
2019
2007
1980
1940
1866
1759
1667
1572
1483
1385
1293
1229
1158
1091
1023
0953
0895
0845
0803
0766
0720
0665
0594
0545
0508
0478
0450
0429
0410
0401
0395
0386
0383
0380
0377
0377
0377
0377
0377
0370
0364
0358
0352
0349
0346
0343
0343
0340
0337
0331
0321
0306
0291
0291
0321
0367
0410
0456
0505
0554
0597
0628
0655
0683
0704
0717
0723
0729
0735
0741
0744
0747
0750
0757
0763
0766
0772
0775
0775
0775
0772
0766
0754
0741
0723
0708
0692
0680
0665
0649
0637
0622
0603
0585
0563
0548
0536
0524
0514
0508
0505
0502
0496
0490
0487
0484
0484
0484
0490
0499
0508
0518
0527
0533
0539
0545
0548
0551
0554
0560
0567
0576
0582
0588
0594
0594
0597
0597
0597
0597
0600
0603
0606
0609
0613
0616
0616
0613
0606
0603
0597
0594
0588
0588
0585
0588
0591
0594
0597
0603
0609
0619
0628
0640
0652
0668
0680
0695
0711
0723
0738
0750
0760
0769
0778
0784
0787
0790
0793
0790
0790
0787
0784
0787
0787
0784
0787
0787
0787
0784
0778
0775
0769
0763
0760
0754
0754
0750
0747
0744
0738
0735
0732
0726
0723
0723
0726
0732
0735
0738
0744
0754
0763
0775
0796
0830
0861
0882
0901
0913
0925
0931
0934
0934
0940
0947
0953
0959
0965
0971
0983
1002
1029
1173
1419
1756
2194
2709
3255
3745
4052
4079
3908
3377
2669
1949
1376
1106
1023
0974
0931
0895
0867
0852
0839
0833
0824
0815
0806
0796
0787
0787
0787
0787
0787
0787
0790
0793
0796
0803
0812
0824
0833
0842
0852
0864
0876
0888
0898
0907
0922
0944
0971
0999
1020
1045
1063
1081
1094
1106
1118
1134
1143
1155
1164
1170
1180
1192
1210
1241
1296
1357
1422
1486
1541
1596
1655
1716
1777
1842
1909
1961
2001
2032
2047
2056
2062
2068
2078
2084
2093
2096
2093
2081
2053
2016
1955
1851
1759
1661
1560
1462
1370
1275
1177
1066
0962
0885
0824
0772
0726
0677
0622
0591
0567
0548
0533
0524
0521
0524
0530
0542
0551
0563
0573
0585
0594
0603
0609
0616
0619
0619
0616
0609
0603
0594
0585
0576
0570
0563
0560
0554
0551
0551
0551
0554
0554
0557
0560
0567
0573
0579
0585
0591
0600
0609
0616
0622
0631
0640
0649
0659
0668
0677
0686
0692
0698
0704
0711
0714
0717
0720
0720
0717
0711
0704
0692
0677
0662
0646
0631
0619
0609
0603
0600
0597
0597
0597
0597
0597
0597
0600
0600
0606
0609
0613
0616
0622
0625
0625
0628
0631
0634
0634
0637
0637
0637
0640
0640
0643
0643
0649
0652
0655
0662
0662
0665
0665
0662
0662
0659
0655
0652
0649
0649
0649
0646
0646
0646
0649
0649
0655
0659
0665
0671
0674
0677
0680
0683
0686
0686
0686
0686
0686
0683
0680
0674
0668
0665
0659
0655
0652
0649
0649
0649
0649
0646
0646
0646
0646
0646
0646
0643
0643
0640
0634
0628
0622
0616
0606
0600
0597
0594
0594
0591
0591
0588
0588
0591
0594
0597
0606
0619
0634
0649
0662
0680
0692
0704
0714
0726
0738
0754
0766
0778
0790
0806
0815
0824
0830
0836
0839
0842
0845
0852
0855
0858
0861
0864
0867
0873
0879
0888
0898
0907
0916
0925
0928
0934
0934
0934
0934
0931
0928
0925
0922
0919
0913
0907
0901
0895
0888
0885
0882
0882
0882
0885
0888
0895
0898
0904
0907
0910
0910
0910
0907
0904
0901
0898
0891
0885
0879
0870
0861
0836
0824
0836
0885
1026
1241
1544
1949
2436
2976
3494
3840
3877
3730
3227
2513
1762
1173
0931
0852
0937
1014
1072
1109
1109
1075
1032
1008
0990
0971
0950
0925
0907
0891
0876
0867
0858
0852
0845
0839
0836
0830
0827
0824
0818
0812
0809
0806
0806
0806
0809
0812
0818
0827
0836
0842
0852
0864
0876
0891
0904
0919
0944
0990
1036
1069
1100
1134
1164
1195
1229
1265
1314
1379
1437
1498
1557
1618
1682
1744
1811
1869
1921
1970
2016
2047
2072
2090
2105
2114
2121
2121
2117
2105
2093
2072
2044
1989
1897
1820
1731
1633
1529
1416
1305
1195
1081
0959
0845
0741
0631
0563
0521
0490
0478
0468
0465
0465
0465
0465
0468
0468
0472
0472
0472
0475
0478
0478
0481
0484
0484
0487
0484
0481
0475
0472
0465
0459
0456
0456
0456
0459
0459
0462
0462
0465
0468
0472
0475
0478
0484
0487
0490
0493
0493
0490
0487
0481
0478
0472
0465
0462
0459
0456
0453
0453
0450
0453
0453
0456
0456
0459
0462
0468
0472
0475
0481
0487
0493
0496
0502
0508
0511
0514
0518
0521
0527
0533
0542
0563
0591
0613
0616
0616
0613
0609
0603
0597
0594
0588
0585
0582
0573
0563
0554
0545
0533
0524
0518
0511
0508
0502
0499
0496
0493
0490
0496
0508
0527
0542
0563
0579
0591
0597
0603
0609
0613
0619
0625
0631
0637
0646
0655
0662
0665
0671
0674
0677
0677
0680
0683
0689
0689
0689
0689
0689
0686
0680
0677
0671
0668
0668
0668
0668
0671
0674
0680
0683
0689
0698
0772
0916
1140
1452
1848
2311
2810
3295
3635
3684
3595
3160
2544
1891
1363
1088
0999
0947
0907
0879
0852
0830
0812
0796
0787
0781
0772
0760
0744
0732
0726
0729
0744
0772
0803
0833
0864
0901
0928
0953
0971
0980
0986
0993
0996
1002
1005
1008
1011
1011
1014
1014
1014
1014
1014
1014
1017
1017
1020
1026
1032
1036
1042
1048
1054
1063
1072
1085
1106
1158
1207
1259
1318
1385
1443
1520
1615
1691
1753
1820
1891
1961
2016
2065
2108
2133
2145
2157
2170
2179
2182
2173
2145
2105
2035
1940
1863
1783
1698
1609
1517
1434
1311
1189
1103
1005
0907
0803
0708
0619
0533
0462
0413
0373
0352
0340
0327
0321
0321
0334
0352
0367
0373
0383
0389
0395
0401
0407
0410
0413
0413
0413
0416
0416
0419
0422
0426
0429
0429
0432
0432
0432
0435
0435
0435
0438
0441
0444
0447
0447
0447
0447
0444
0441
0438
0435
0435
0438
0441
0447
0453
0456
0462
0468
0475
0481
0490
0511
0539
0563
0573
0582
0588
0591
0594
0591
0588
0585
0582
0579
0576
0573
0573
0570
0567
0563
0557
0554
0548
0545
0545
0548
0554
0560
0567
0576
0582
0588
0594
0600
0606
0619
0634
0665
0698
0723
0747
0766
0781
0790
0799
0806
0806
0803
0793
0778
0763
0747
0732
0717
0701
0686
0674
0659
0646
0634
0622
0609
0597
0582
0567
0560
0570
0594
0640
0778
1017
1348
1765
2262
2789
3273
3595
3632
3485
2982
2304
1615
1075
0836
0760
0793
0815
0827
0836
0845
0845
0842
0845
0845
0845
0842
0836
0833
0833
0833
0833
0836
0839
0842
0845
0849
0852
0852
0852
0849
0845
0845
0845
0845
0849
0852
0855
0861
0864
0867
0873
0876
0888
0910
0937
0962
0990
1020
1048
1075
1103
1127
1161
1207
1250
1290
1333
1367
1406
1468
1520
1554
1587
1618
1658
1704
1756
1823
1900
1955
1995
2044
2075
2099
2117
2127
2130
2121
2105
2081
2041
1961
1881
1802
1667
1544
1422
1299
1173
1091
0996
0901
0815
0732
0671
0625
0573
0539
0518
0502
0487
0475
0465
0456
0447
0441
0435
0432
0426
0422
0422
0422
0432
0444
0459
0475
0490
0499
0508
0518
0527
0536
0545
0554
0557
0563
0567
0567
0570
0570
0570
0570
0570
0567
0563
0557
0551
0542
0533
0521
0508
0499
0490
0478
0468
0459
0447
0435
0419
0407
0398
0389
0386
0389
0392
0401
0410
0419
0432
0447
0462
0478
0496
0527
0557
0579
0594
0603
0606
0613
0619
0625
0628
0631
0634
0634
0634
0634
0634
0631
0634
0637
0637
0637
0637
0637
0634
0625
0616
0606
0600
0591
0585
0579
0573
0567
0554
0542
0527
0511
0496
0487
0484
0487
0496
0508
0521
0536
0551
0567
0582
0600
0625
0649
0668
0686
0708
0732
0763
0793
0821
0836
0849
0861
0870
0876
0879
0876
0873
0861
0849
0836
0818
0796
0778
0772
0790
0827
0934
1115
1382
1744
2200
2715
3227
3641
3843
3730
3301
2642
1912
1293
0901
0842
0830
0809
0772
0735
0720
0711
0701
0695
0689
0680
0665
0655
0649
0649
0655
0665
0671
0677
0686
0698
0711
0720
0732
0744
0766
0793
0815
0836
0855
0885
0928
0974
1023
1069
1118
1158
1186
1207
1219
1229
1235
1238
1241
1244
1247
1253
1256
1259
1265
1272
1281
1290
1305
1333
1385
1425
1477
1535
1590
1652
1707
1750
1786
1826
1863
1906
1931
1949
1964
1977
1983
1983
1977
1964
1943
1915
1863
1780
1707
1630
1550
1474
1394
1314
1232
1155
1081
1017
0962
0898
0830
0757
0689
0640
0616
0603
0591
0585
0582
0582
0582
0585
0591
0597
0606
0619
0628
0634
0640
0643
0649
0652
0655
0659
0662
0662
0659
0652
0643
0631
0622
0609
0600
0591
0588
0588
0585
0585
0582
0579
0576
0576
0573
0570
0567
0567
0563
0563
0563
0560
0560
0563
0563
0567
0567
0563
0560
0554
0548
0542
0539
0533
0530
0524
0521
0511
0490
0468
0456
0459
0478
0502
0536
0585
0646
0674
0689
0704
0717
0729
0738
0744
0750
0760
0763
0766
0769
0766
0763
0757
0750
0741
0732
0723
0714
0708
0698
0689
0683
0674
0665
0655
0646
0637
0631
0628
0628
0631
0631
0631
0634
0634
0631
0628
0622
0619
0616
0613
0613
0609
0603
0600
0591
0582
0570
0557
0542
0527
0511
0502
0493
0490
0487
0490
0496
0502
0511
0521
0530
0542
0554
0570
0588
0609
0631
0652
0671
0689
0701
0711
0717
0723
0729
0735
0744
0750
0757
0766
0772
0778
0781
0787
0790
0796
0799
0806
0812
0821
0830
0836
0839
0845
0849
0849
0849
0849
0845
0845
0845
0842
0842
0839
0836
0833
0830
0821
0815
0809
0803
0796
0790
0784
0781
0775
0769
0763
0754
0747
0744
0741
0738
0738
0744
0754
0760
0769
0784
0799
0815
0836
0861
0888
0913
0937
0965
0996
1023
1045
1057
1072
1088
1100
1115
1124
1143
1213
1333
1514
1756
2090
2513
2997
3485
3880
4036
4012
3708
3135
2442
1820
1388
1247
1207
1170
1134
1103
1042
0950
0882
0839
0809
0775
0738
0701
0683
0683
0680
0680
0680
0677
0674
0674
0677
0686
0704
0723
0738
0754
0772
0787
0803
0818
0833
0855
0895
0937
0971
1002
1036
1072
1112
1161
1210
1247
1281
1318
1354
1379
1400
1419
1437
1455
1471
1486
1504
1526
1547
1569
1590
1615
1645
1679
1713
1756
1802
1842
1878
1918
1955
1980
1995
2007
2019
2026
2026
2016
2001
1977
1949
1909
1845
1783
1704
1609
1517
1425
1333
1238
1146
1054
0962
0876
0796
0711
0637
0591
0563
0548
0545
0542
0542
0545
0545
0545
0548
0551
0551
0554
0560
0563
0567
0570
0570
0570
0567
0560
0557
0548
0542
0536
0527
0524
0514
0511
0508
0505
0502
0502
0502
0505
0505
0508
0508
0514
0518
0524
0527
0533
0539
0548
0554
0560
0563
0567
0567
0563
0560
0557
0554
0548
0542
0536
0530
0524
0514
0505
0496
0481
0468
0453
0450
0456
0475
0499
0527
0560
0603
0637
0659
0674
0680
0686
0692
0698
0701
0704
0708
0708
0704
0698
0692
0686
0677
0671
0668
0662
0659
0659
0655
0652
0652
0652
0652
0652
0652
0652
0652
0649
0643
0637
0631
0622
0613
0603
0597
0591
0582
0570
0557
0545
0530
0518
0502
0493
0484
0481
0478
0481
0484
0493
0499
0508
0521
0530
0542
0551
0563
0576
0591
0606
0628
0652
0677
0698
0711
0720
0729
0735
0738
0744
0747
0754
0760
0763
0766
0769
0769
0772
0772
0772
0772
0772
0772
0772
0769
0763
0754
0744
0732
0720
0704
0692
0683
0674
0668
0659
0652
0643
0634
0625
0613
0606
0600
0597
0600
0606
0619
0628
0637
0646
0655
0668
0677
0692
0711
0757
0803
0839
0876
0907
0934
0956
0968
0971
0980
0993
1002
1011
1017
1023
1023
1017
1008
0993
0974
0959
0944
0931
0919
0910
0895
0879
0864
0845
0833
0818
0809
0803
0799
0793
0790
0784
0775
0763
0747
0732
0723
0717
0714
0717
0726
0738
0760
0787
0895
1091
1382
1765
2246
2789
3331
3779
3950
3920
3576
2967
2295
1731
1370
1311
1290
1302
1324
1339
1284
1189
1091
1026
0990
0953
0913
0885
0867
0852
0836
0827
0815
0809
0803
0799
0793
0790
0787
0784
0781
0778
0772
0772
0772
0775
0784
0793
0812
0827
0842
0858
0876
0898
0916
0937
0953
0974
1011
1063
1112
1155
1189
1229
1275
1314
1354
1391
1425
1458
1492
1526
1563
1606
1658
1704
1753
1799
1851
1900
1940
1967
1989
2004
2016
2029
2038
2041
2041
2032
2016
1995
1967
1927
1860
1808
1737
1642
1547
1452
1351
1241
1149
1078
1002
0925
0849
0772
0729
0704
0683
0668
0659
0649
0637
0628
0619
0609
0603
0594
0591
0585
0582
0576
0573
0567
0563
0557
0554
0545
0539
0533
0524
0514
0505
0496
0484
0475
0462
0456
0447
0441
0435
0429
0422
0416
0410
0404
0395
0389
0386
0383
0380
0380
0377
0380
0383
0389
0395
0407
0419
0432
0447
0465
0484
0502
0521
0536
0551
0563
0576
0588
0600
0609
0619
0625
0631
0631
0634
0631
0625
0616
0603
0594
0585
0576
0567
0560
0554
0548
0545
0539
0536
0530
0527
0521
0514
0508
0502
0496
0490
0484
0481
0478
0475
0468
0468
0468
0472
0478
0487
0496
0505
0518
0536
0557
0579
0603
0631
0686
0726
0741
0750
0757
0763
0766
0769
0775
0781
0790
0803
0827
0907
1112
1400
1780
2243
2755
3252
3573
3681
3570
3230
2605
1900
1272
0839
0750
0720
0692
0655
0609
0573
0545
0521
0499
0484
0475
0468
0468
0475
0490
0518
0545
0579
0625
0674
0720
0763
0790
0809
0824
0836
0839
0849
0858
0873
0888
0901
0916
0931
0944
0959
0971
0986
1005
1023
1045
1060
1072
1081
1091
1097
1103
1112
1121
1131
1143
1155
1170
1189
1210
1232
1265
1311
1391
1452
1514
1581
1645
1734
1845
1937
2007
2084
2139
2179
2209
2219
2206
2185
2154
2114
2050
1983
1912
1842
1768
1670
1569
1486
1394
1293
1186
1069
0959
0867
0799
0735
0680
0631
0585
0539
0493
0450
0413
0380
0361
0346
0334
0321
0315
0312
0318
0334
0358
0383
0407
0422
0438
0450
0459
0465
0472
0478
0484
0487
0493
0499
0502
0505
0508
0508
0508
0508
0508
0508
0511
0514
0521
0527
0533
0539
0545
0551
0554
0560
0570
0582
0600
0616
0637
0655
0674
0686
0695
0698
0701
0704
0708
0708
0714
0717
0720
0720
0720
0717
0717
0711
0708
0701
0695
0692
0686
0680
0674
0665
0652
0640
0628
0616
0606
0600
0594
0591
0588
0585
0579
0576
0573
0570
0570
0573
0582
0597
0613
0631
0652
0671
0689
0704
0714
0723
0735
0741
0750
0757
0766
0772
0775
0778
0775
0772
0769
0760
0747
0738
0726
0714
0701
0689
0677
0668
0655
0640
0625
0606
0588
0576
0563
0560
0554
0551
0545
0545
0542
0542
0542
0542
0542
0542
0545
0551
0560
0576
0594
0619
0643
0671
0704
0741
0772
0799
0821
0833
0839
0849
0858
0867
0879
0888
0898
0904
0910
0913
0916
0916
0916
0916
0916
0913
0910
0907
0898
0888
0873
0858
0842
0827
0812
0796
0784
0766
0744
0723
0708
0695
0692
0698
0714
0729
0750
0775
0796
0824
0852
0879
0901
0916
0931
0944
0950
0950
0953
0956
0959
0959
0962
0965
0968
0971
0968
0965
0965
0962
0962
0959
0959
0959
0962
0959
0959
0956
0950
0944
0937
0931
0925
0919
0913
0907
0901
0895
0885
0879
0867
0855
0845
0842
0845
0861
0888
0931
1066
1232
1455
1750
2114
2540
3009
3475
3852
3978
3935
3589
2991
2329
1734
1321
1213
1183
1155
1121
1091
1060
1020
0962
0895
0870
0852
0836
0815
0796
0781
0769
0760
0754
0750
0754
0763
0772
0781
0787
0799
0809
0821
0830
0839
0858
0873
0891
0910
0928
0947
0962
0974
0986
0996
1008
1020
1036
1054
1069
1091
1112
1131
1149
1170
1195
1226
1256
1284
1308
1333
1367
1406
1443
1480
1526
1581
1642
1707
1768
1829
1878
1915
1946
1977
2001
2022
2038
2053
2065
2075
2072
2062
2044
2022
1989
1924
1820
1722
1624
1523
1403
1293
1210
1131
1051
0971
0882
0796
0708
0619
0582
0557
0539
0521
0508
0496
0487
0481
0478
0478
0487
0496
0505
0514
0530
0539
0548
0557
0563
0570
0576
0579
0582
0585
0588
0588
0588
0588
0582
0579
0573
0563
0557
0551
0548
0542
0536
0533
0527
0521
0511
0502
0496
0490
0484
0481
0478
0475
0475
0478
0478
0478
0481
0481
0484
0487
0487
0493
0496
0502
0505
0511
0518
0521
0524
0527
0530
0533
0533
0536
0539
0539
0542
0542
0539
0536
0536
0533
0530
0527
0527
0527
0530
0536
0542
0548
0563
0582
0600
0619
0637
0649
0659
0668
0677
0683
0692
0695
0695
0692
0689
0683
0677
0671
0665
0659
0655
0652
0649
0649
0649
0652
0652
0655
0659
0662
0665
0671
0677
0680
0686
0689
0692
0695
0695
0695
0692
0689
0683
0674
0662
0649
0640
0628
0616
0606
0600
0594
0591
0588
0582
0579
0576
0573
0570
0567
0563
0567
0567
0573
0579
0591
0603
0616
0631
0646
0662
0677
0692
0711
0732
0766
0803
0836
0861
0876
0888
0901
0913
0919
0925
0931
0934
0940
0940
0944
0947
0947
0944
0944
0944
0944
0940
0937
0937
0934
0928
0928
0925
0922
0922
0919
0916
0913
0910
0907
0904
0901
0898
0898
0895
0891
0891
0888
0885
0879
0876
0873
0870
0867
0864
0861
0861
0864
0864
0867
0870
0873
0879
0885
0891
0901
0910
0919
0928
0940
0950
0956
0962
0965
0968
0974
0977
0980
0983
0986
0990
0990
0983
0977
0965
0953
0937
0922
0910
0901
0895
0891
0888
0888
0885
0882
0879
0873
0867
0864
0861
0858
0858
0858
0855
0855
0852
0849
0842
0836
0833
0827
0824
0818
0815
0815
0815
0818
0821
0824
0830
0836
0845
0855
0867
0876
0891
0901
0910
0919
0928
0940
0950
0959
0971
0980
0986
0993
0996
0996
0996
0996
0996
0996
0999
0999
1002
0999
0996
0993
0986
0977
0965
0956
0950
0944
0937
0928
0922
0913
0904
0891
0876
0867
0855
0845
0839
0836
0830
0827
0821
0815
0809
0803
0796
0793
0793
0793
0796
0799
0803
0809
0815
0821
0827
0833
0836
0842
0852
0858
0861
0864
0867
0870
0870
0870
