1278
1280
1284
1286
1288
1293
1299
1301
1303
1303
1305
1307
1311
1315
1324
1336
1344
1349
1347
1340
1332
1322
1311
1301
1290
1282
1272
1263
1255
1247
1239
1230
1224
1218
1214
1210
1203
1197
1191
1183
1174
1166
1156
1147
1139
1133
1127
1120
1116
1112
1110
1108
1104
1102
1097
1091
1085
1079
1073
1066
1060
1056
1050
1046
1039
1033
1025
1014
1002
0985
0969
0954
0942
0929
0919
0909
0898
0886
0875
0865
0855
0846
0836
0826
0815
0805
0794
0784
0778
0774
0770
0770
0772
0774
0778
0784
0794
0805
0850
0987
1164
1373
1587
1778
1932
1971
1982
1959
1818
1631
1417
1205
1006
0846
0736
0689
0668
0657
0651
0645
0643
0641
0643
0649
0660
0670
0682
0695
0709
0724
0738
0753
0767
0782
0794
0803
0813
0821
0830
0838
0848
0861
0871
0884
0894
0902
0909
0915
0919
0921
0925
0927
0931
0936
0940
0946
0952
0956
0958
0963
0963
0965
0967
0969
0975
0985
1008
1035
1062
1095
1135
1185
1212
1226
1239
1249
1257
1263
1268
1272
1274
1276
1276
1276
1276
1276
1276
1276
1274
1274
1274
1274
1274
1274
1272
1268
1257
1243
1226
1214
1203
1193
1185
1178
1172
1166
1162
1156
1151
1145
1141
1137
1135
1133
1133
1135
1137
1141
1147
1153
1162
1170
1180
1189
1197
1205
1226
1268
1286
1299
1309
1317
1324
1328
1324
1311
1297
1278
1261
1237
1216
1199
1185
1174
1166
1158
1153
1147
1147
1149
1156
1166
1176
1187
1199
1214
1228
1243
1257
1268
1280
1295
1317
1338
1361
1384
1405
1432
1461
1486
1508
1527
1546
1562
1573
1583
1591
1600
1602
1600
1593
1583
1569
1552
1531
1496
1475
1461
1446
1432
1425
1438
1469
1513
1579
1641
1708
1772
1847
1897
1924
1944
1955
1955
1946
1932
1913
1888
1849
1814
1764
1706
1650
1593
1535
1477
1421
1359
1297
1234
1170
1110
1056
1006
0923
0828
0732
0635
0525
0413
0303
0201
0099
0049
0024
0008
0000
0000
0016
0045
0093
0159
0201
0226
0251
0271
0309
0361
0450
0593
0794
1029
1270
1506
1722
1884
1950
1971
1926
1793
1600
1380
1162
0973
0832
0713
0670
0651
0639
0635
0647
0670
0689
0705
0720
0734
0749
0761
0776
0786
0799
0811
0823
0840
0859
0882
0915
0944
0971
1004
1043
1079
1112
1137
1166
1201
1216
1226
1232
1239
1245
1249
1253
1257
1263
1268
1272
1274
1276
1276
1276
1276
1278
1280
1284
1286
1293
1297
1303
1311
1317
1324
1330
1336
1342
1349
1357
1365
1380
1400
1425
1446
1467
1496
1535
1573
1625
1683
1739
1791
1840
1892
1948
2007
2069
2131
2193
2251
2303
2357
2413
2469
2517
2548
2565
2571
2577
2581
2584
2586
2586
2579
2571
2559
2544
2523
2492
2490
2509
2561
2679
2866
3123
3391
3630
3818
3914
3947
3910
3798
3601
3360
3104
2864
2664
2536
2469
2424
2386
2351
2322
2299
2272
2245
2227
2212
2200
2189
2177
2164
2154
2141
2127
2112
2094
2079
2065
2048
2027
2002
1973
1944
1924
1907
1894
1884
1878
1876
1876
1878
1880
1880
1880
1880
1878
1878
1886
1903
1915
1928
1940
1946
1946
1940
1924
1901
1857
1793
1749
1714
1683
1641
1583
1540
1513
1486
1459
1442
1427
1417
1407
1394
1384
1373
1361
1347
1328
1307
1286
1266
1251
1241
1232
1224
1218
1210
1203
1199
1197
1193
1187
1180
1168
1145
1112
1077
1041
1006
0973
0946
0919
0890
0873
0863
0853
0842
0836
0830
0823
0819
0815
0813
0809
0807
0803
0796
0786
0780
0792
0826
0921
1100
1344
1633
1928
2146
2177
2104
1820
1459
1089
0796
0610
0504
0462
0427
0408
0392
0381
0371
0361
0352
0342
0332
0319
0307
0292
0280
0265
0253
0246
0240
0234
0228
0224
0217
0213
0209
0209
0209
0211
0215
0222
0230
0238
0249
0259
0271
0284
0300
0325
0352
0373
0388
0400
0410
0421
0431
0442
0454
0466
0483
0500
0518
0545
0570
0597
0622
0637
0647
0655
0662
0668
0676
0682
0689
0695
0701
0705
0711
0718
0724
0732
0740
0749
0757
0767
0774
0778
0782
0782
0782
0778
0772
0763
0753
0743
0726
0695
0649
0622
0603
0587
0574
0564
0556
0550
0545
0543
0539
0531
0518
0520
0547
0622
0772
1006
1322
1679
2021
2251
2278
2181
1851
1436
1029
0707
0523
0462
0442
0471
0514
0568
0603
0622
0635
0643
0647
0649
0647
0641
0630
0622
0612
0601
0591
0581
0579
0585
0599
0620
0647
0684
0728
0759
0782
0801
0815
0830
0844
0857
0865
0871
0880
0886
0896
0907
0919
0933
0946
0958
0969
0977
0983
0987
0992
0996
1002
1004
1006
1008
1010
1012
1014
1014
1017
1019
1019
1021
1021
1023
1023
1027
1029
1033
1035
1035
1033
1027
1023
1017
1012
1008
1010
1017
1023
1027
1033
1037
1041
1046
1052
1060
1075
1089
1097
1093
1083
1068
1052
1033
1017
1006
0994
0983
0971
0963
0954
0950
0952
0960
0977
1002
1079
1232
1448
1745
2085
2386
2579
2598
2503
2200
1820
1452
1183
1029
0992
0981
0973
0973
0992
1021
1058
1081
1095
1106
1110
1110
1110
1106
1102
1100
1091
1093
1112
1145
1185
1218
1255
1288
1330
1371
1415
1452
1479
1506
1533
1560
1596
1629
1664
1693
1720
1749
1780
1826
1876
1924
1971
2015
2065
2117
2170
2227
2270
2295
2310
2320
2322
2318
2307
2295
2276
2249
2222
2189
2146
2100
2058
1994
1921
1847
1768
1685
1598
1515
1463
1405
1353
1313
1284
1268
1249
1228
1212
1189
1156
1118
1077
1025
0998
0985
1000
1083
1249
1506
1838
2193
2498
2635
2631
2463
2154
1822
1519
1284
1122
1006
0921
0869
0848
0838
0828
0823
0817
0813
0809
0805
0807
0809
0811
0813
0815
0823
0828
0838
0857
0896
0938
0981
1027
1066
1122
1180
1237
1295
1334
1369
1394
1405
1411
1419
1421
1415
1400
1388
1378
1365
1361
1363
1373
1388
1417
1463
1506
1546
1581
1612
1631
1645
1645
1631
1593
1537
1463
1382
1309
1243
1201
1158
1129
1116
1108
1112
1141
1178
1220
1237
1249
1255
1257
1253
1243
1226
1201
1158
1120
1091
1062
1046
1035
1027
1023
1019
1012
1006
1000
0994
0987
0979
0975
0971
0971
0973
0979
0987
0994
1000
1006
1010
1019
1027
1037
1048
1058
1066
1075
1081
1087
1093
1104
1110
1114
1112
1108
1102
1085
1064
1025
0996
0977
0967
0963
0960
0958
0956
0952
0948
0948
0946
0948
0952
0958
0967
0973
0981
0985
0992
0998
1006
1014
1021
1029
1037
1046
1058
1070
1085
1100
1112
1122
1133
1137
1135
1127
1116
1106
1089
1066
1046
1033
1023
1012
1004
0996
0994
0998
1006
1019
1052
1141
1293
1517
1816
2137
2424
2577
2579
2432
2106
1733
1394
1124
0950
0911
0896
0888
0886
0892
0898
0909
0915
0923
0931
0936
0933
0923
0907
0890
0867
0848
0838
0830
0823
0817
0813
0811
0813
0817
0823
0830
0840
0853
0877
0898
0921
0942
0963
0977
0987
0996
1004
1010
1019
1025
1033
1043
1058
1077
1106
1147
1191
1228
1253
1270
1282
1286
1290
1297
1303
1307
1311
1313
1313
1311
1309
1305
1303
1305
1307
1309
1313
1317
1320
1317
1315
1309
1301
1295
1284
1272
1255
1230
1216
1205
1197
1193
1193
1199
1212
1222
1232
1243
1255
1261
1261
1257
1247
1234
1216
1187
1170
1158
1149
1141
1137
1135
1139
1149
1162
1176
1193
1218
1239
1255
1263
1268
1272
1274
1276
1274
1274
1274
1272
1276
1278
1280
1282
1284
1286
1286
1288
1290
1295
1299
1309
1317
1320
1311
1297
1274
1237
1203
1180
1162
1149
1141
1135
1129
1124
1122
1122
1124
1127
1131
1135
1141
1147
1158
1176
1216
1239
1253
1261
1261
1261
1257
1247
1255
1328
1488
1726
2027
2357
2652
2814
2816
2664
2316
1880
1475
1162
0971
0909
0888
0909
0940
0979
1010
1027
1039
1054
1064
1073
1079
1085
1091
1097
1106
1110
1116
1127
1141
1166
1187
1201
1210
1216
1224
1232
1243
1253
1263
1278
1305
1336
1349
1355
1361
1367
1371
1376
1380
1384
1388
1390
1392
1394
1396
1398
1403
1407
1423
1459
1496
1533
1554
1564
1575
1581
1583
1581
1575
1569
1562
1558
1554
1550
1546
1542
1542
1546
1550
1556
1562
1567
1575
1581
1587
1591
1591
1587
1579
1571
1558
1542
1513
1490
1467
1442
1415
1390
1369
1361
1369
1394
1463
1604
1820
2083
2382
2660
2814
2822
2704
2424
2092
1782
1569
1463
1427
1409
1403
1407
1415
1430
1459
1496
1515
1525
1535
1540
1540
1535
1531
1527
1523
1519
1515
1515
1519
1527
1533
1537
1544
1548
1554
1558
1562
1569
1573
1577
1581
1585
1589
1593
1596
1602
1606
1612
1616
1620
1623
1625
1625
1625
1623
1620
1616
1612
1608
1604
1600
1593
1587
1569
1554
1540
1531
1525
1519
1515
1508
1502
1498
1494
1490
1483
1477
1465
1444
1419
1403
1386
1376
1367
1359
1351
1344
1336
1326
1313
1299
1280
1278
1286
1311
1388
1521
1710
1971
2274
2573
2822
2943
2897
2683
2334
1938
1560
1286
1137
1108
1100
1095
1091
1089
1087
1089
1091
1095
1102
1106
1108
1112
1116
1118
1120
1122
1127
1131
1135
1137
1141
1143
1145
1147
1151
1153
1160
1164
1170
1170
1170
1166
1160
1151
1139
1108
1083
1068
1060
1060
1066
1077
1085
1095
1106
1114
1122
1135
1151
1166
1187
1214
1243
1274
1305
1326
1334
1338
1342
1344
1338
1326
1315
1309
1305
1299
1293
1286
1282
1274
1266
1247
1226
1205
1191
1178
1170
1162
1156
1149
1147
1151
1158
1168
1180
1199
1216
1232
1245
1253
1257
1261
1266
1268
1263
1253
1245
1239
1232
1226
1222
1218
1212
1205
1201
1197
1197
1199
1205
1214
1222
1234
1234
1220
1176
1122
1073
1056
1081
1156
1330
1596
1934
2283
2557
2681
2627
2411
2087
1764
1521
1355
1293
1270
1257
1239
1214
1168
1116
1089
1083
1079
1077
1075
1075
1075
1075
1075
1075
1075
1077
1079
1081
1083
1085
1087
1089
1091
1091
1093
1097
1100
1104
1108
1116
1133
1145
1156
1162
1174
1193
1216
1239
1259
1284
1315
1344
1376
1405
1436
1457
1467
1475
1483
1492
1500
1506
1513
1519
1523
1525
1525
1523
1517
1510
1500
1479
1444
1415
1392
1371
1357
1344
1336
1328
1322
1315
1309
1305
1299
1293
1284
1276
1270
1266
1259
1255
1253
1251
1251
1253
1253
1255
1257
1259
1261
1263
1266
1268
1266
1263
1257
1249
1241
1228
1220
1218
1216
1212
1210
1207
1207
1207
1210
1214
1218
1222
1230
1230
1218
1212
1203
1197
1195
1197
1203
1212
1226
1251
1274
1293
1299
1305
1309
1309
1301
1290
1278
1263
1247
1234
1222
1222
1232
1261
1347
1492
1714
1996
2307
2590
2745
2750
2604
2264
1847
1463
1193
1033
0998
1000
1031
1058
1070
1075
1079
1083
1087
1089
1091
1093
1093
1093
1091
1091
1089
1087
1083
1081
1077
1075
1075
1075
1073
1068
1066
1064
1064
1066
1070
1077
1083
1089
1095
1104
1112
1118
1124
1131
1137
1145
1158
1168
1183
1197
1214
1226
1241
1253
1268
1274
1282
1286
1295
1301
1311
1324
1342
1355
1363
1371
1376
1376
1367
1353
1332
1303
1282
1261
1237
1210
1193
1185
1178
1174
1172
1170
1172
1178
1187
1195
1203
1210
1218
1226
1234
1239
1241
1234
1228
1220
1214
1210
1203
1199
1195
1189
1185
1180
1176
1174
1170
1166
1162
1160
1158
1156
1153
1151
1147
1141
1137
1137
1139
1143
1149
1156
1166
1183
1189
1189
1191
1193
1195
1193
1189
1180
1172
1197
1270
1403
1591
1843
2123
2370
2490
2480
2299
1934
1475
1050
0740
0612
0606
0695
0811
0915
0954
0967
0958
0946
0936
0952
0981
1004
1014
1023
1021
1008
0998
0987
0983
0990
1006
1029
1066
1104
1137
1166
1195
1214
1230
1243
1251
1255
1257
1259
1263
1268
1268
1272
1276
1282
1288
1297
1305
1317
1332
1344
1357
1369
1380
1386
1392
1407
1434
1454
1467
1473
1475
1475
1473
1473
1473
1469
1450
1444
1440
1438
1436
1434
1432
1432
1430
1430
1427
1425
1423
1421
1421
1419
1419
1417
1415
1413
1411
1409
1405
1396
1376
1365
1359
1355
1353
1349
1347
1342
1338
1334
1332
1328
1326
1322
1313
1299
1286
1276
1268
1266
1266
1272
1282
1293
1305
1320
1334
1344
1351
1357
1363
1367
1369
1371
1371
1369
1365
1359
1353
1344
1336
1322
1295
1278
1266
1251
1243
1241
1237
1232
1228
1226
1226
1226
1226
1226
1226
1226
1228
1230
1232
1230
1226
1220
1216
1210
1205
1203
1205
1212
1222
1232
1249
1259
1268
1276
1284
1295
1309
1326
1342
1347
1349
1351
1351
1353
1353
1347
1340
1334
1328
1322
1315
1307
1299
1293
1284
1274
1266
1255
1247
1239
1230
1224
1218
1210
1201
1193
1187
1180
1176
1172
1168
1168
1170
1176
1183
1191
1224
1315
1461
1691
1992
2337
2650
2816
2824
2698
2397
2031
1683
1417
1214
1112
1075
1062
1058
1062
1070
1077
1085
1089
1089
1083
1073
1060
1046
1029
1008
0990
0979
0973
0971
0977
0990
1004
1023
1041
1066
1087
1093
1097
1102
1104
1106
1106
1104
1102
1100
1095
1093
1087
1083
1083
1087
1097
1114
1141
1166
1193
1218
1247
1274
1297
1315
1340
1361
1367
1371
1373
1378
1378
1380
1378
1373
1369
1363
1359
1357
1351
1347
1342
1336
1332
1326
1320
1305
1278
1255
1226
1199
1178
1162
1156
1149
1145
1141
1137
1135
1133
1131
1129
1129
1131
1131
1135
1137
1141
1145
1149
1153
1158
1164
1170
1180
1193
1205
1216
1226
1237
1253
1274
1293
1305
1313
1322
1326
1326
1326
1322
1317
1315
1313
1311
1311
1309
1309
1309
1309
1309
1309
1309
1309
1307
1307
1307
1307
1305
1301
1299
1297
1293
1288
1286
1282
1278
1274
1270
1266
1259
1251
1245
1241
1239
1243
1247
1253
1259
1266
1268
1270
1272
1274
1276
1280
1282
1284
1288
1293
1295
1297
1299
1301
1303
1305
1307
1311
1313
1317
1328
1349
1365
1376
1384
1392
1396
1394
1390
1382
1369
1353
1326
1305
1276
1239
1216
1203
1193
1187
1185
1187
1193
1203
1214
1226
1247
1257
1263
1268
1268
1270
1272
1272
1274
1274
1276
1278
1280
1282
1284
1288
1293
1297
1301
1307
1311
1317
1324
1332
1340
1349
1355
1359
1357
1353
1347
1336
1326
1307
1278
1261
1247
1234
1220
1201
1178
1156
1145
1131
1135
1189
1303
1492
1778
2114
2457
2716
2812
2710
2430
2054
1697
1425
1253
1176
1137
1102
1079
1070
1066
1064
1060
1060
1058
1058
1060
1060
1062
1062
1064
1068
1073
1077
1081
1083
1087
1091
1095
1100
1104
1110
1114
1120
1127
1133
1137
1141
1145
1151
1156
1160
1166
1172
1178
1183
1189
1193
1197
1203
1216
1241
1268
1282
1295
1307
1315
1326
1336
1344
1349
1353
1357
1361
1365
1367
1369
1369
1371
1369
1369
1367
1363
1359
1355
1349
1342
1334
1320
1303
1286
1278
1272
1268
1263
1259
1255
1251
1247
1245
1241
1239
1234
1232
1230
1228
1228
1226
1226
1224
1222
1218
1216
1216
1214
1216
1216
1218
1220
1222
1226
1230
1232
1234
1237
1239
1243
1247
1251
1253
1253
1251
1247
1243
1239
1226
1212
1237
1311
1452
1652
1913
2204
2449
2542
2523
2330
1971
1544
1164
0909
0799
0786
0838
0925
0985
1004
1012
1010
0994
0977
0967
0958
0950
0944
0940
0936
0933
0933
0936
0940
0946
0954
0965
0990
1031
1068
1108
1143
1168
1185
1193
1199
1203
1207
1212
1216
1222
1228
1234
1245
1257
1274
1307
1336
1357
1378
1388
1392
1394
1396
1398
1400
1400
1403
1403
1403
1405
1405
1405
1403
1398
1394
1388
1382
1373
1367
1361
1353
1336
1324
1317
1311
1309
1305
1303
1303
1301
1301
1299
1299
1301
1303
1305
1309
1315
1320
1324
1328
1334
1338
1342
1349
1355
1361
1363
1365
1363
1361
1357
1353
1349
1347
1342
1336
1330
1326
1322
1315
1311
1305
1297
1286
1270
1261
1266
1272
1295
1373
1500
1679
1903
2166
2428
2627
2696
2602
2349
1975
1589
1276
1075
1023
1004
1004
1021
1033
1046
1058
1070
1093
1127
1151
1166
1176
1178
1174
1168
1162
1156
1151
1158
1174
1197
1230
1257
1293
1320
1336
1347
1349
1338
1326
1315
1301
1290
1286
1282
1274
1268
1282
1309
1338
1365
1400
1425
1436
1446
1452
1454
1452
1446
1438
1430
1419
1403
1396
1403
1419
1438
1459
1473
1483
1492
1498
1500
1496
1488
1477
1463
1442
1425
1415
1407
1400
1392
1384
1373
1363
1351
1338
1330
1320
1313
1305
1299
1295
1288
1284
1278
1272
1259
1228
1212
1201
1193
1189
1185
1185
1189
1193
1201
1207
1214
1220
1226
1234
1241
1247
1251
1255
1257
1261
1263
1268
1268
1268
1268
1268
1268
1266
1263
1259
1255
1249
1245
1237
1222
1214
1210
1207
1203
1201
1201
1205
1210
1214
1218
1222
1226
1226
1220
1212
1203
1197
1189
1180
1174
1166
1160
1156
1149
1139
1124
1118
1114
1110
1106
1108
1122
1133
1139
1147
1151
1149
1145
1135
1124
1108
1087
1083
1081
1077
1093
1110
1122
1135
1151
1158
1162
1166
1170
1172
1174
1174
1176
1178
1180
1185
1187
1189
1189
1191
1191
1193
1193
1195
1197
1205
1212
1214
1207
1199
1191
1178
1180
1203
1263
1405
1631
1917
2229
2515
2683
2694
2577
2285
1936
1616
1386
1253
1197
1176
1162
1141
1112
1087
1070
1064
1073
1089
1100
1106
1114
1120
1124
1129
1131
1133
1135
1137
1141
1147
1151
1153
1151
1149
1145
1141
1135
1129
1124
1129
1141
1151
1164
1174
1183
1191
1199
1205
1201
1193
1185
1176
1178
1199
1228
1263
1299
1330
1376
1425
1448
1459
1463
1467
1469
1473
1477
1481
1486
1490
1494
1496
1502
1506
1508
1506
1500
1490
1481
1467
1446
1440
1438
1438
1436
1434
1434
1432
1430
1427
1425
1425
1427
1430
1432
1436
1440
1444
1448
1452
1457
1461
1463
1465
1469
1473
1477
1481
1483
1488
1492
1496
1498
1502
1508
1515
1525
1546
1567
1587
1610
1631
1654
1674
1701
1741
1784
1849
1934
2075
2270
2523
2839
3192
3557
3874
4074
4094
3999
3679
3231
2754
2324
1971
1737
1573
1440
1309
1180
1083
0996
0917
0890
0880
0873
0869
0865
0863
0863
0875
0892
0915
0942
0958
0967
0973
0977
0981
0985
0987
0985
0981
0975
0965
0952
0929
0888
0853
0817
0792
0774
0761
0753
0745
0740
0749
0765
0784
0801
0817
0834
0859
0890
0940
0998
1060
1097
1139
1176
1212
1247
1270
1282
1293
1301
1309
1317
1336
1369
1390
1403
1411
1415
1417
1415
1411
1405
1394
1378
1342
1313
1290
1268
1232
1193
1156
1122
1091
1060
1035
1017
1000
0983
0967
0950
0927
0898
0882
0873
0865
0861
0861
0863
0867
0875
0886
0900
0923
0938
0956
0981
1012
1043
1068
1089
1114
1131
1141
1149
1156
1160
1162
1166
1172
1178
1183
1178
1174
1164
1156
1178
1245
1369
1560
1836
2175
2521
2799
2901
2887
2708
2386
2034
1726
1494
1378
1330
1305
1288
1276
1268
1257
1245
1232
1212
1189
1172
1162
1156
1162
1178
1205
1243
1261
1268
1274
1278
1282
1288
1293
1299
1305
1309
1313
1317
1324
1326
1330
1334
1338
1342
1347
1351
1357
1365
1382
1415
1450
1486
1519
1550
1571
1583
1596
1608
1614
1618
1625
1627
1629
1631
1631
1629
1627
1623
1616
1608
1593
1560
1525
1496
1469
1440
1409
1376
1338
1307
1286
1272
1259
1251
1249
1245
1241
1239
1237
1234
1232
1232
1234
1234
1234
1237
1239
1239
1241
1243
1243
1243
1241
1241
1243
1243
1243
1243
1243
1243
1239
1237
1232
1226
1220
1214
1214
1218
1228
1257
1336
1471
1672
1932
2224
2490
2635
2637
2494
2160
1733
1326
1033
0890
0875
0944
1039
1095
1110
1118
1127
1133
1139
1143
1149
1153
1158
1160
1162
1164
1166
1170
1172
1174
1176
1176
1176
1178
1178
1178
1180
1185
1187
1191
1195
1199
1203
1207
1214
1220
1230
1249
1268
1284
1303
1313
1320
1326
1330
1334
1340
1347
1357
1373
1403
1419
1430
1436
1434
1425
1413
1394
1365
1332
1303
1276
1251
1220
1199
1189
1183
1178
1178
1178
1185
1195
1205
1214
1222
1230
1239
1241
1241
1241
1241
1241
1239
1241
1241
1241
1241
1241
1243
1247
1251
1257
1263
1270
1282
1297
1311
1320
1330
1338
1342
1340
1336
1330
1320
1305
1293
1284
1276
1272
1278
1290
1303
1313
1324
1334
1344
1359
1388
1444
1548
1720
1965
2264
2548
2723
2731
2602
2274
1867
1467
1151
0994
0973
1019
1120
1205
1259
1276
1282
1288
1286
1270
1253
1237
1218
1207
1201
1197
1191
1187
1185
1183
1183
1185
1187
1189
1193
1199
1207
1214
1220
1230
1241
1247
1253
1255
1259
1259
1261
1261
1263
1266
1266
1268
1268
1272
1274
1278
1282
1288
1295
1315
1353
1378
1398
1421
1436
1450
1461
1461
1454
1442
1421
1392
1365
1338
1315
1299
1280
1257
1228
1216
1210
1205
1203
1199
1199
1197
1199
1203
1207
1212
1218
1224
1232
1245
1255
1259
1263
1268
1272
1276
1274
1268
1261
1255
1251
1257
1272
1282
1290
1297
1301
1301
1299
1295
1286
1272
1247
1237
1230
1224
1220
1218
1216
1216
1218
1220
1226
1234
1263
1355
1517
1762
2079
2420
2700
2833
2756
2496
2117
1733
1427
1243
1168
1143
1129
1127
1133
1141
1158
1176
1189
1197
1197
1180
1158
1129
1100
1066
1039
1021
1010
1004
1000
0998
0996
0996
0998
1006
1014
1023
1033
1046
1058
1066
1073
1077
1085
1093
1102
1110
1118
1127
1137
1151
1170
1189
1205
1216
1226
1237
1245
1257
1272
1290
1309
1330
1349
1359
1367
1373
1378
1378
1369
1357
1340
1320
1303
1293
1286
1280
1276
1272
1268
1263
1259
1255
1251
1249
1247
1245
1243
1243
1243
1241
1239
1234
1230
1226
1224
1220
1218
1216
1214
1210
1205
1201
1197
1193
1189
1189
1189
1191
1195
1197
1201
1205
1210
1214
1216
1218
1216
1216
1214
1212
1210
1207
1207
1205
1205
1203
1201
1199
1197
1195
1195
1199
1203
1207
1212
1216
1222
1226
1232
1234
1234
1232
1230
1226
1220
1212
1199
1218
1272
1388
1567
1818
2112
2407
2637
2733
2673
2455
2139
1799
1531
1359
1324
1313
1299
1280
1249
1220
1207
1201
1197
1189
1180
1172
1164
1158
1151
1147
1143
1143
1143
1143
1145
1149
1153
1158
1162
1164
1168
1172
1174
1178
1178
1180
1180
1180
1180
1178
1176
1174
1172
1168
1170
1187
1210
1239
1261
1274
1284
1293
1301
1305
1309
1311
1317
1322
1328
1334
1342
1359
1373
1392
1417
1450
1469
1475
1481
1465
1442
1421
1407
1386
1361
1338
1313
1301
1295
1290
1288
1284
1282
1280
1280
1280
1282
1284
1284
1286
1288
1288
1290
1293
1295
1297
1299
1303
1305
1307
1311
1313
1315
1320
1322
1326
1328
1330
1334
1340
1351
1363
1373
1382
1394
1411
1432
1448
1465
1471
1471
1473
1475
1473
1457
1438
1419
1400
1373
1344
1322
1307
1322
1365
1473
1647
1878
2154
2453
2696
2812
2752
2517
2164
1760
1405
1147
0998
0977
0990
1068
1122
1153
1166
1145
1122
1104
1100
1100
1100
1100
1114
1141
1168
1183
1191
1197
1199
1197
1191
1185
1183
1178
1176
1172
1168
1166
1166
1166
1166
1168
1170
1174
1178
1185
1193
1205
1230
1241
1245
1247
1249
1249
1249
1247
1247
1249
1249
1251
1253
1253
1255
1255
1257
1257
1259
1263
1266
1270
1276
1297
1332
1378
1425
1454
1479
1498
1517
1533
1548
1558
1567
1573
1579
1583
1579
1571
1558
1535
1510
1483
1452
1417
1392
1378
1365
1357
1351
1342
1330
1320
1313
1307
1303
1301
1303
1311
1322
1340
1367
1382
1392
1398
1398
1390
1380
1369
1359
1347
1336
1326
1317
1309
1303
1297
1290
1286
1282
1278
1272
1263
1245
1228
1210
1193
1207
1251
1353
1533
1768
2054
2339
2548
2629
2534
2272
1899
1498
1149
0888
0776
0759
0788
0865
0942
0996
1014
1021
1012
0998
0987
0979
0971
0967
0965
0967
0971
0979
0987
0998
1017
1035
1058
1087
1118
1145
1170
1195
1205
1212
1216
1218
1220
1222
1226
1228
1232
1234
1237
1241
1245
1257
1280
1303
1330
1344
1351
1357
1361
1369
1376
1384
1394
1415
1448
1502
1554
1608
1664
1714
1735
1745
1753
1751
1733
1708
1679
1660
1637
1616
1602
1583
1558
1527
1502
1488
1475
1463
1448
1432
1417
1400
1386
1371
1359
1347
1332
1326
1324
1322
1317
1317
1315
1313
1309
1307
1305
1303
1301
1297
1293
1284
1268
1257
1243
1228
1214
1195
1178
1168
1158
1149
1151
1168
1212
1303
1440
1629
1867
2123
2357
2496
2505
2401
2117
1770
1434
1187
1058
1014
1006
0994
0973
0950
0933
0931
0944
0981
1031
1048
1058
1064
1062
1041
1027
1014
1006
1000
1000
1004
1010
1014
1017
1021
1027
1031
1037
1041
1048
1056
1070
1100
1133
1166
1178
1185
1189
1193
1197
1201
1203
1205
1205
1205
1207
1210
1210
1210
1210
1210
1210
1210
1207
1207
1207
1205
1203
1201
1197
1195
1191
1185
1172
1145
1102
1050
1021
0998
0981
0969
0956
0948
0942
0938
0933
0931
0931
0931
0936
0940
0946
0954
0979
1000
1010
1019
1025
1027
1029
1029
1031
1035
1035
1025
1019
1012
1006
1004
1008
1019
1029
1039
1046
1052
1058
1064
1070
1077
1083
1089
1095
1102
1108
1114
1120
1124
1129
1133
1141
1151
1162
1166
1172
1176
1183
1187
1197
1222
1317
1477
1722
2015
2293
2461
2469
2347
2036
1658
1305
1050
0940
0904
0921
0942
0958
0971
0983
1006
1029
1056
1085
1108
1118
1124
1129
1131
1133
1133
1133
1133
1133
1133
1131
1129
1124
1131
1139
1147
1156
1162
1164
1164
1160
1153
1147
1137
1139
1158
1178
1199
1214
1226
1237
1243
1247
1251
1257
1261
1268
1276
1290
1317
1355
1384
1405
1421
1430
1432
1436
1440
1444
1446
1448
1450
1452
1454
1454
1457
1457
1459
1463
1471
1454
1432
1413
1396
1388
1384
1380
1376
1373
1371
1371
1373
1378
1382
1386
1390
1394
1398
1405
1409
1413
1409
1400
1390
1378
1367
1353
1340
1332
1326
1322
1320
1317
1313
1309
1307
1303
1301
1299
1297
1293
1288
1284
1280
1272
1255
1257
1286
1376
1533
1762
2054
2378
2662
2777
2764
2581
2235
1818
1440
1183
1054
1037
1081
1143
1189
1205
1203
1187
1178
1176
1172
1170
1168
1166
1162
1160
1156
1151
1149
1145
1143
1141
1139
1137
1133
1124
1116
1114
1120
1131
1141
1160
1178
1199
1218
1224
1228
1232
1234
1239
1245
1253
1263
1282
1313
1342
1367
1386
1400
1411
1415
1419
1423
1425
1427
1427
1427
1423
1419
1413
1403
1386
1359
1324
1280
1239
1191
1160
1133
1116
1110
1116
1131
1149
1170
1191
1201
1207
1212
1214
1218
1222
1226
1228
1232
1234
1237
1241
1245
1253
1268
1284
1305
1336
1371
1405
1438
1469
1498
1527
1558
1585
1612
1637
1654
1660
1666
1672
1677
1681
1685
1691
1720
1774
1845
1934
2017
2060
2050
1955
1753
1461
1124
0807
0566
0435
0400
0390
0404
0448
0510
0595
0693
0780
0857
0921
0958
0983
0998
1010
1021
1031
1043
1060
1075
1091
1106
1112
1116
1118
1120
1120
1122
1124
1129
1131
1135
1141
1149
1166
1199
1232
1259
1293
1338
1388
1419
1450
1481
1515
1540
1552
1558
1562
1556
1540
1525
1510
1496
1481
1469
1454
1442
1432
1415
1390
1369
1353
1340
1324
1301
1274
1247
1214
1183
1158
1141
1129
1120
1112
1108
1114
1127
1141
1158
1172
1183
1187
1191
1195
1199
1203
1207
1212
1214
1214
1216
1218
1218
1218
1220
1220
1222
1224
1226
1226
1228
1228
1226
1226
1226
1226
1224
1224
1222
1220
1218
1218
1218
1216
1216
1212
1210
1218
1237
1263
1297
1324
1342
1355
1359
1363
1367
1369
1371
1373
1373
1371
1369
1367
1363
1361
1359
1355
1353
1349
1347
1344
1342
1340
1336
1332
1326
1322
1315
1309
1297
1272
1261
1251
1241
1237
1243
1259
1303
1405
1564
1801
2096
2399
2644
2760
2704
2480
2146
1780
1471
1274
1203
1178
1191
1216
1232
1243
1249
1234
1195
1143
1087
1029
1000
0981
0967
0967
0979
1000
1025
1052
1075
1085
1091
1095
1100
1102
1102
1100
1095
1091
1087
1081
1077
1083
1093
1102
1106
1112
1120
1127
1133
1143
1162
1193
1220
1247
1274
1303
1328
1347
1363
1376
1384
1392
1398
1405
1411
1417
1427
1432
1423
1407
1394
1382
1369
1359
1349
1334
1320
1309
1303
1299
1295
1293
1293
1293
1293
1297
1301
1305
1311
1320
1326
1326
1313
1299
1290
1284
1276
1270
1266
1263
1263
1266
1268
1274
1278
1280
1284
1286
1290
1293
1295
1295
1295
1297
1295
1295
1293
1293
1290
1288
1288
1286
1284
1284
1282
1282
1282
1282
1282
1282
1284
1284
1286
1286
1286
1280
1274
1268
1259
1249
1230
1216
1199
1183
1164
1156
1149
1143
1139
1139
1147
1160
1174
1193
1205
1214
1224
1224
1218
1210
1199
1226
1303
1436
1641
1917
2233
2530
2696
2708
2602
2334
2009
1704
1502
1347
1293
1272
1251
1220
1176
1151
1139
1131
1124
1118
1112
1108
1104
1102
1097
1089
1077
1073
1070
1068
1064
1066
1085
1114
1137
1145
1147
1149
1151
1153
1158
1162
1166
1168
1172
1178
1191
1220
1251
1272
1284
1295
1293
1278
1268
1263
1257
1255
1253
1255
1263
1270
1284
1307
1344
1363
1371
1380
1384
1384
1382
1376
1369
1355
1334
1330
1328
1326
1326
1324
1324
1324
1324
1322
1322
1322
1322
1322
1322
1322
1322
1322
1322
1320
1317
1315
1313
1311
1309
1305
1303
1297
1290
1284
1278
1270
1259
1245
1268
1336
1465
1670
1944
2262
2575
2806
2889
2797
2557
2233
1907
1641
1442
1328
1237
1139
1068
1025
1010
1006
1019
1039
1048
1054
1058
1060
1064
1066
1068
1070
1075
1079
1083
1087
1089
1089
1089
1089
1093
1097
1102
1112
1135
1147
1156
1160
1164
1168
1172
1174
1178
1185
1191
1195
1201
1207
1216
1226
1247
1266
1280
1290
1299
1305
1311
1320
1326
1334
1340
1347
1355
1369
1382
1396
1407
1415
1423
1421
1409
1394
1380
1361
1349
1344
1340
1336
1330
1328
1336
1353
1367
1380
1392
1400
1409
1417
1427
1436
1436
1430
1421
1411
1398
1398
1417
1471
1604
1807
2081
2397
2696
2876
2889
2768
2449
2046
1668
1392
1234
1212
1205
1199
1197
1193
1191
1191
1193
1195
1197
1199
1201
1207
1210
1207
1205
1203
1203
1201
1201
1201
1199
1195
1191
1189
1185
1180
1176
1172
1160
1149
1135
1118
1102
1100
1097
1095
1095
1106
1124
1151
1176
1193
1207
1220
1228
1239
1249
1261
1274
1295
1309
1328
1355
1386
1417
1432
1440
1446
1452
1454
1454
1450
1446
1440
1434
1425
1413
1398
1386
1371
1355
1340
1324
1297
1268
1251
1243
1237
1234
1241
1255
1268
1276
1286
1290
1288
1282
1274
1263
1249
1251
1253
1253
1253
1253
1253
1253
1253
1251
1251
1251
1253
1257
1259
1263
1266
1268
1270
1272
1272
1274
1278
1280
1284
1286
1288
1288
1290
1290
1290
1288
1284
1282
1276
1270
1266
1249
1218
1172
1127
1079
1062
1070
1097
1207
1382
1614
1884
2150
2353
2428
2345
2104
1747
1355
1035
0832
0786
0772
0761
0757
0759
0761
0770
0780
0819
0875
0929
0958
0981
0998
1008
1017
1027
1037
1050
1064
1079
1095
1114
1127
1137
1147
1151
1156
1160
1162
1164
1166
1168
1170
1172
1174
1176
1180
1180
1183
1185
1187
1189
1193
1199
1207
1222
1251
1282
1313
1342
1363
1380
1392
1403
1407
1398
1380
1367
1355
1344
1336
1332
1328
1324
1320
1315
1309
1305
1297
1290
1284
1278
1270
1266
1257
1251
1245
1237
1226
1210
1189
1172
1158
1149
1145
1143
1139
1135
1133
1137
1145
1153
1164
1174
1189
1210
1239
1257
1266
1272
1276
1280
1282
1282
1284
1288
1290
1293
1293
1293
1288
1286
1282
1280
1276
1274
1270
1268
1263
1257
1249
1241
1226
1205
1203
1228
1295
1440
1660
1936
2227
2469
2592
2550
2349
2031
1691
1400
1214
1116
1081
1064
1052
1033
1019
1006
1000
1006
1019
1023
1027
1029
1029
1031
1031
1033
1033
1035
1037
1037
1039
1041
1041
1041
1041
1041
1043
1043
1046
1050
1054
1058
1062
1073
1095
1112
1133
1162
1195
1222
1239
1251
1257
1253
1245
1239
1230
1226
1226
1232
1245
1263
1290
1320
1347
1371
1396
1419
1436
1450
1457
1463
1469
1469
1469
1465
1457
1446
1436
1421
1409
1396
1390
1384
1380
1376
1371
1371
1373
1378
1386
1394
1403
1413
1430
1444
1452
1461
1465
1469
1471
1475
1477
1479
1479
1479
1479
1479
1479
1477
1475
1471
1467
1465
1461
1459
1454
1450
1444
1442
1444
1446
1450
1457
1479
1571
1730
1953
2233
2517
2727
2799
2687
2401
2009
1618
1336
1210
1168
1183
1207
1210
1166
1110
1060
1046
1060
1087
1108
1118
1124
1127
1118
1102
1087
1068
1060
1056
1052
1050
1046
1043
1046
1052
1062
1075
1087
1102
1118
1133
1143
1153
1164
1170
1176
1180
1187
1191
1195
1201
1205
1212
1216
1220
1224
1230
1237
1241
1247
1253
1259
1266
1274
1286
1301
1315
1324
1332
1340
1347
1351
1355
1355
1351
1349
1342
1336
1330
1320
1301
1286
1276
1266
1253
1243
1230
1214
1197
1180
1168
1160
1153
1149
1153
1162
1174
1191
1210
1214
1218
1222
1201
1174
1149
1133
1114
1097
1089
1083
1077
1097
1164
1286
1473
1737
2060
2390
2644
2745
2660
2407
2060
1708
1425
1243
1145
1110
1087
1056
1012
0981
0967
0958
0952
0958
0969
0975
0977
0979
0981
0981
0983
0985
0990
0994
0996
0996
0998
1000
1000
1002
1006
1014
1039
1058
1068
1077
1083
1091
1097
1106
1112
1120
1129
1137
1147
1168
1199
1220
1234
1251
1266
1276
1288
1303
1315
1328
1338
1349
1357
1363
1367
1373
1378
1380
1380
1380
1376
1371
1367
1361
1353
1336
1317
1301
1284
1268
1255
1247
1241
1234
1232
1232
1234
1241
1247
1253
1266
1280
1293
1301
1307
1311
1313
1315
1313
1309
1301
1293
1286
1278
1272
1268
1263
1261
1259
1257
1255
1255
1253
1251
1251
1251
1253
1255
1257
1259
1263
1266
1268
1268
1272
1274
1276
1276
1274
1274
1272
1272
1270
1268
1266
1263
1261
1259
1259
1259
1261
1263
1268
1274
1282
1290
1307
1315
1322
1328
1332
1336
1336
1334
1328
1322
1315
1309
1303
1299
1301
1307
1317
1330
1347
1361
1371
1382
1388
1384
1373
1365
1357
1351
1340
1332
1320
1309
1295
1282
1274
1268
1259
1247
1241
1247
1261
1276
1297
1303
1307
1311
1313
1305
1288
1270
1251
1259
1286
1392
1560
1805
2096
2409
2679
2795
2787
2623
2312
1959
1668
1496
1423
1392
1357
1305
1232
1151
1118
1106
1108
1124
1141
1158
1158
1141
1122
1104
1089
1083
1079
1077
1073
1070
1070
1068
1068
1070
1073
1075
1081
1087
1097
1127
1147
1158
1168
1180
1191
1212
1243
1259
1268
1274
1282
1290
1303
1317
1338
1355
1367
1380
1392
1405
1430
1454
1475
1502
1525
1544
1556
1564
1573
1579
1579
1571
1558
1546
1525
1504
1488
1471
1457
1442
1419
1388
1359
1328
1297
1274
1263
1255
1251
1257
1270
1286
1307
1320
1330
1336
1342
1342
1336
1328
1324
1322
1317
1315
1311
1309
1305
1303
1299
1297
1293
1290
1288
1284
1280
1274
1268
1257
1247
1232
1203
1166
1133
1097
1056
1029
1010
1000
1014
1056
1151
1295
1498
1757
2056
2345
2559
2637
2561
2330
2013
1689
1444
1276
1166
1073
1041
1031
1027
1023
1017
1008
0998
0987
0977
0965
0952
0940
0921
0898
0877
0863
0853
0842
0838
0838
0842
0848
0855
0859
0863
0867
0871
0873
0877
0884
0890
0896
0902
0913
0925
0952
0973
0994
1014
1033
1046
1054
1060
1068
1079
1089
1100
1116
1129
1139
1147
1153
1162
1170
1178
1191
1207
1230
1245
1261
1274
1288
1299
1309
1313
1313
1307
1297
1290
1284
1278
1272
1272
1274
1278
1282
1288
1293
1299
1307
1311
1311
1305
1295
1284
1274
1263
1249
1241
1230
1212
1187
1168
1156
1170
1220
1342
1556
1851
2208
2561
2839
2965
2897
2660
2307
1930
1604
1338
1205
1162
1151
1143
1139
1135
1131
1127
1124
1120
1116
1114
1110
1104
1095
1083
1064
1054
1048
1046
1041
1041
1039
1037
1039
1041
1046
1054
1060
1075
1104
1131
1160
1191
1220
1234
1241
1247
1251
1255
1259
1263
1268
1270
1274
1284
1301
1315
1334
1363
1386
1396
1407
1415
1423
1430
1440
1450
1463
1473
1483
1498
1515
1535
1567
1583
1589
1596
1600
1604
1606
1608
1610
1612
1614
1616
1616
1616
1616
1616
1614
1614
1614
1614
1614
1614
1614
1616
1616
1616
1614
1610
1604
1598
1587
1569
1550
1531
1513
1496
1481
1471
1461
1450
1440
1434
1425
1417
1411
1400
1382
1349
1322
1305
1299
1297
1295
1290
1293
1305
1317
1330
1336
1332
1320
1307
1293
1276
1268
1257
1251
1251
1257
1263
1268
1276
1280
1274
1263
1249
1232
1212
1195
1178
1168
1158
1151
1147
1143
1139
1135
1133
1131
1127
1124
1122
1118
1116
1116
1118
1124
1131
1137
1143
1151
1160
1170
1178
1187
1197
1214
1226
1232
1234
1239
1241
1243
1245
1247
1247
1249
1251
1251
1251
1253
1253
1253
1253
1253
1253
1253
1253
1253
1253
1251
1249
1249
1245
1243
1241
1237
1234
1230
1224
1220
1214
1197
1183
1172
1164
1156
1149
1147
1149
1156
1164
1170
1178
1187
1195
1203
1220
1241
1247
1253
1257
1261
1261
1257
1253
1249
1245
1241
1237
1234
1232
1232
1234
1239
1245
1255
1268
1280
1288
1297
1303
1297
1286
1276
1263
1263
1284
1344
1488
1697
1971
2264
2527
2685
2691
2573
2258
1857
1471
1153
0969
0919
0921
0956
0985
1004
1014
1027
1041
1066
1102
1120
1131
1137
1143
1151
1156
1162
1168
1180
1199
1212
1222
1228
1232
1234
1232
1226
1220
1216
1212
1207
1203
1201
1203
1207
1214
1222
1232
1251
1266
1282
1307
1336
1365
1392
1411
1430
1444
1461
1481
1506
1537
1567
1598
1631
1666
1701
1739
1780
1809
1822
1830
1836
1836
1826
1811
1789
1751
1714
1677
1641
1612
1591
1564
1548
1540
1533
1529
1523
1517
1510
1504
1500
1498
1494
1492
1492
1490
1490
1490
1488
1483
1481
1477
1475
1471
1471
1469
1467
1467
1463
1461
1446
1417
1394
1378
1378
1403
1469
1608
1809
2067
2345
2600
2785
2845
2762
2544
2247
1955
1699
1517
1415
1357
1322
1286
1247
1214
1191
1185
1183
1183
1180
1180
1183
1189
1191
1193
1195
1195
1197
1197
1199
1199
1199
1197
1195
1189
1185
1180
1174
1164
1160
1168
1183
1197
1207
1220
1234
1249
1257
1266
1272
1278
1284
1290
1297
1301
1307
1315
1330
1353
1376
1400
1425
1448
1471
1492
1498
1502
1506
1504
1483
1452
1419
1394
1365
1332
1297
1259
1224
1201
1189
1172
1153
1122
1081
1039
1002
0948
0875
0796
0730
0670
0612
0552
0512
0466
0427
0398
0377
0363
0342
0323
0317
0311
0313
0332
0363
0394
0417
0444
0473
0506
0543
0576
0597
0608
0618
0628
0637
0643
0649
0655
0662
0668
0672
0678
0686
0705
0738
0770
0801
0819
0832
0838
0834
0823
0811
0801
0801
0832
0911
1066
1295
1583
1899
2173
2328
2339
2222
1940
1598
1276
1033
0956
0929
0940
0950
0958
0960
0960
0954
0942
0929
0913
0913
0933
0963
0996
1008
1014
1019
1023
1027
1033
1039
1048
1056
1068
1089
1106
1120
1131
1141
1153
1172
1197
1224
1251
1272
1288
1307
1332
1367
1413
1450
1483
1521
1562
1604
1647
1685
1706
1716
1724
1730
1735
1739
1745
1753
1751
1728
1695
1656
1602
1550
1496
1440
1380
1320
1286
1268
1259
1253
1243
1230
1220
1201
1176
1160
1151
1147
1143
1139
1135
1131
1124
1120
1116
1112
1104
1083
1056
1046
1041
1037
1035
1037
1046
1058
1073
1095
1112
1122
1129
1135
1139
1143
1149
1153
1160
1168
1178
1193
1210
1228
1255
1297
1320
1332
1340
1347
1349
1347
1340
1334
1326
1317
1311
1305
1299
1293
1288
1284
1282
1282
1284
1286
1290
1295
1299
1303
1311
1320
1320
1309
1297
1288
1282
1278
1272
1270
1268
1268
1268
1268
1272
1276
1280
1286
1293
1299
1297
1288
1272
1249
1205
1176
1158
1151
1162
1191
1274
1436
1668
1963
2272
2536
2660
2656
2501
2181
1787
1440
1178
1050
1006
1029
1070
1095
1106
1112
1093
1079
1073
1066
1060
1056
1054
1052
1050
1050
1054
1060
1068
1079
1089
1108
1149
1193
1230
1259
1276
1278
1280
1280
1282
1282
1284
1284
1286
1286
1286
1286
1284
1284
1284
1286
1290
1301
1311
1326
1351
1376
1394
1409
1421
1436
1452
1477
1506
1513
1515
1519
1521
1521
1519
1513
1500
1488
1473
1450
1440
1436
1434
1434
1434
1432
1432
1427
1425
1421
1419
1417
1415
1417
1419
1425
1430
1438
1442
1448
1452
1459
1463
1467
1475
1488
1498
1508
1515
1515
1513
1504
1496
1483
1469
1446
1423
1403
1384
1363
1340
1317
1293
1284
1278
1274
1270
1268
1263
1259
1255
1251
1249
1251
1249
1249
1251
1253
1257
1261
1266
1268
1274
1278
1284
1288
1295
1299
1305
1309
1317
1326
1334
1340
1347
1351
1349
1347
1340
1334
1326
1315
1305
1290
1266
1245
1230
1220
1210
1201
1193
1189
1189
1195
1203
1214
1226
1237
1253
1268
1282
1297
1309
1320
1332
1342
1353
1363
1371
1380
1390
1400
1415
1430
1436
1440
1442
1446
1452
1457
1459
1452
1438
1419
1394
1363
1349
1334
1320
1351
1444
1620
1870
2177
2482
2731
2849
2772
2532
2168
1789
1459
1237
1164
1141
1172
1195
1205
1216
1224
1230
1234
1232
1228
1222
1212
1201
1189
1174
1151
1129
1106
1085
1070
1056
1043
1035
1029
1029
1037
1050
1062
1075
1083
1089
1097
1104
1112
1120
1127
1133
1139
1143
1149
1156
1162
1168
1180
1203
1234
1268
1299
1326
1338
1347
1353
1359
1365
1369
1371
1371
1371
1369
1365
1359
1353
1347
1340
1334
1330
1326
1324
1320
1317
1315
1313
1309
1307
1303
1301
1299
1299
1299
1297
1297
1299
1301
1301
1301
1299
1297
1293
1293
1290
1290
1290
1290
1290
1290
1290
1293
1290
1286
1280
1278
1282
1295
1309
1322
1334
1347
1353
1349
1338
1326
1315
1305
1295
1284
1276
1268
1259
1251
1245
1239
1232
1230
1228
1230
1232
1237
1243
1249
1255
1257
1259
1261
1263
1266
1268
1268
1270
1272
1274
1276
1278
1282
1284
1286
1288
1293
1297
1301
1305
1309
1313
1320
1328
1336
1344
1351
1355
1357
1357
1355
1351
1347
1342
1338
1336
1334
1330
1328
1324
1320
1315
1311
1307
1303
1297
1293
1286
1282
1276
1270
1263
1247
1228
1214
1201
1191
1187
1180
1176
1170
1166
1164
1162
1160
1158
1156
1151
1149
1147
1145
1145
1143
1143
1143
1145
1147
1149
1151
1151
1153
1156
1158
1160
1162
1162
1164
1166
1174
1183
1187
1185
1176
1164
1151
1131
1131
1156
1226
1369
1583
1863
2185
2474
2640
2650
2536
2227
1847
1488
1210
1077
1027
1027
1052
1068
1079
1087
1093
1102
1110
1120
1129
1137
1145
1151
1156
1158
1160
1160
1162
1164
1166
1168
1172
1174
1178
1180
1180
1183
1183
1185
1187
1189
1191
1197
1203
1216
1245
1274
1301
1324
1342
1357
1365
1371
1378
1382
1386
1388
1390
1390
1390
1390
1386
1382
1378
1369
1361
1353
1340
1315
1293
1272
1239
1191
1162
1145
1133
1122
1116
1114
1110
1108
1104
1102
1100
1100
1097
1097
1100
1102
1104
1110
1114
1122
1129
1145
1183
1207
1220
1232
1243
1251
1268
1297
1324
1344
1365
1392
1427
1461
1494
1560
1618
1650
1664
1672
1681
1683
1681
1677
1672
1664
1656
1674
1737
1803
1849
1863
1834
1749
1579
1353
1106
0873
0703
0628
0606
0622
0653
0686
0718
0745
0784
0840
0900
0969
1037
1081
1118
1145
1164
1174
1183
1187
1193
1201
1207
1216
1226
1239
1255
1272
1301
1338
1371
1407
1446
1479
1513
1546
1564
1573
1579
1585
1587
1589
1591
1591
1589
1587
1581
1577
1571
1564
1556
1548
1537
1529
1521
1513
1504
1496
1486
1473
1463
1448
1430
1407
1392
1380
1371
1361
1351
1338
1322
1299
1278
1253
1222
1193
1166
1151
1141
1135
1137
1145
1160
1174
1189
1199
1199
1201
1201
1203
1205
1199
1187
1178
1170
1164
1160
1158
1158
1162
1168
1172
1178
1187
1195
1195
1189
1178
1168
1156
1147
1141
1137
1133
1131
1129
1129
1133
1141
1151
1164
1185
1201
1222
1247
1266
1274
1280
1274
1261
1239
1212
1191
1193
1237
1355
1554
1836
2179
2515
2779
2895
2820
2565
2189
1799
1459
1247
1172
1145
1127
1114
1102
1095
1102
1118
1145
1172
1191
1201
1187
1162
1131
1110
1095
1087
1087
1095
1108
1116
1124
1131
1135
1133
1129
1124
1122
1118
1116
1118
1127
1139
1153
1172
1189
1210
1234
1247
1251
1257
1259
1261
1266
1268
1270
1274
1278
1282
1286
1290
1299
1315
1332
1347
1363
1373
1380
1384
1388
1390
1392
1390
1386
1380
1371
1361
1344
1326
1315
1307
1299
1295
1293
1293
1293
1295
1295
1295
1297
1297
1299
1301
1301
1303
1305
1307
1307
1309
1311
1311
1315
1322
1320
1305
1284
1259
1237
1222
1241
1288
1425
1645
1953
2314
2664
2914
2992
2847
2507
2067
1654
1336
1172
1129
1110
1091
1064
1037
1027
1023
1019
1017
1014
1010
1006
1004
1000
0996
0990
0983
0975
0956
0944
0936
0929
0925
0923
0921
0921
0925
0933
0940
0948
0958
0969
0981
0994
1008
1029
1043
1062
1089
1120
1151
1185
1214
1234
1251
1268
1280
1290
1299
1307
1313
1330
1353
1373
1392
1403
1407
1411
1413
1415
1413
1411
1407
1403
1398
1394
1392
1388
1382
1376
1367
1361
1353
1340
1332
1330
1336
1347
1361
1378
1386
1396
1403
1388
1361
1332
1305
1290
1313
1386
1535
1751
2027
2341
2635
2845
2901
2774
2492
2106
1733
1417
1216
1143
1118
1100
1085
1056
1031
1023
1014
1041
1089
1118
1127
1133
1135
1135
1127
1118
1112
1108
1102
1095
1087
1077
1066
1058
1048
1039
1031
1029
1031
1035
1041
1050
1064
1089
1104
1112
1120
1133
1143
1151
1160
1168
1176
1183
1189
1197
1203
1214
1226
1239
1251
1266
1284
1299
1320
1347
1373
1394
1405
1409
1413
1415
1415
1409
1400
1390
1378
1363
1355
1349
1344
1342
1340
1338
1338
1336
1336
1334
1334
1334
1336
1336
1336
1338
1338
1340
1340
1342
1344
1347
1347
1347
1349
1351
1353
1353
1351
1342
1334
1326
1320
1313
1305
1297
1288
1280
1272
1268
1261
1253
1247
1245
1245
1247
1249
1253
1257
1263
1272
1270
1255
1232
1205
1189
1178
1166
1151
1137
1122
1116
1122
1141
1197
1349
1596
1932
2310
2625
2770
2714
2467
2114
1749
1457
1278
1210
1185
1172
1164
1149
1124
1091
1075
1066
1062
1077
1083
1087
1091
1093
1095
1095
1097
1097
1097
1100
1097
1097
1100
1100
1100
1100
1100
1100
1102
1102
1104
1108
1110
1112
1116
1127
1153
1176
1199
1220
1234
1251
1266
1280
1297
1315
1332
1349
1359
1367
1373
1380
1386
1392
1400
1407
1415
1423
1425
1421
1415
1405
1388
1359
1334
1317
1307
1305
1303
1301
1299
1297
1297
1297
1297
1297
1297
1297
1297
1299
1299
1299
1301
1301
1301
1301
1303
1303
1303
1305
1303
1303
1303
1301
1299
1297
1295
1293
1290
1286
1284
1278
1263
1261
1257
1255
1253
1251
1249
1249
1249
1249
1251
1255
1259
1266
1266
1253
1232
1203
1176
1160
1172
1207
1328
1540
1820
2139
2438
2617
2629
2513
2197
1818
1463
1203
1070
1025
1039
1083
1122
1133
1139
1141
1139
1133
1127
1122
1118
1112
1108
1112
1122
1129
1133
1137
1139
1143
1147
1151
1156
1158
1162
1164
1168
1170
1172
1174
1176
1183
1195
1207
1222
1232
1241
1247
1255
1261
1268
1274
1282
1290
1299
1307
1315
1328
1342
1357
1365
1371
1376
1380
1382
1382
1382
1378
1373
1369
1365
1361
1357
1351
1340
1326
1317
1311
1305
1299
1295
1290
1286
1280
1278
1274
1270
1268
1263
1249
1216
1180
1158
1143
1153
1232
1396
1666
2027
2413
2750
2884
2876
2696
2382
2077
1853
1712
1610
1529
1440
1330
1245
1185
1166
1156
1147
1139
1122
1095
1073
1056
1052
1048
1043
1046
1064
1095
1120
1129
1135
1139
1139
1131
1118
1110
1102
1091
1085
1083
1083
1085
1087
1089
1093
1095
1089
1079
1070
1062
1056
1056
1062
1073
1104
1151
1205
1263
1313
1365
1398
1421
1434
1442
1442
1432
1419
1396
1361
1338
1328
1320
1313
1311
1311
1313
1320
1324
1330
1340
1344
1336
1320
1295
1266
1241
1212
1172
1133
1108
1091
1081
1081
1087
1097
1114
1139
1164
1185
1197
1203
1207
1212
1210
1205
1201
1197
1191
1189
1189
1195
1203
1212
1222
1232
1243
1253
1263
1268
1263
1253
1241
1224
1207
1185
1164
1158
1153
1149
1147
1145
1143
1145
1149
1151
1156
1158
1160
1162
1166
1168
1170
1172
1176
1178
1183
1189
1195
1210
1237
1261
1290
1315
1332
1338
1340
1342
1344
1347
1342
1332
1315
1293
1268
1243
1212
1185
1172
1164
1158
1156
1156
1162
1172
1185
1210
1247
1280
1313
1334
1347
1357
1361
1365
1371
1378
1378
1369
1361
1353
1355
1367
1388
1415
1440
1459
1479
1492
1500
1506
1513
1517
1519
1517
1515
1513
1510
1508
1508
1506
1502
1500
1498
1494
1492
1488
1481
1477
1473
1471
1467
1465
1463
1461
1457
1454
1450
1448
1444
1440
1436
1434
1432
1427
1425
1421
1417
1413
1398
1369
1344
1313
1280
1255
1245
1239
1234
1230
1228
1228
1228
1230
1234
1237
1237
1239
1241
1243
1245
1247
1245
1243
1237
1228
1220
1210
1189
1189
1214
1280
1409
1604
1867
2183
2484
2714
2797
2708
2469
2127
1774
1454
1255
1178
1153
1139
1129
1095
1043
1023
1010
1002
1002
1008
1017
1025
1027
1021
1014
1010
1006
1006
1010
1017
1021
1025
1027
1029
1027
1023
1019
1014
1010
1006
1004
1006
1014
1025
1035
1052
1064
1075
1081
1089
1093
1100
1104
1110
1114
1122
1133
1151
1174
1203
1237
1282
1332
1388
1440
1496
1550
1583
1606
1620
1631
1631
1629
1627
1625
1623
1620
1620
1618
1616
1614
1610
1606
1600
1593
1583
1562
1523
1492
1469
1448
1421
1388
1351
1313
1293
1284
1278
1272
1268
1266
1263
1261
1257
1255
1255
1253
1253
1253
1251
1251
1251
1251
1251
1249
1247
1247
1247
1251
1255
1261
1268
1274
1286
1297
1297
1288
1276
1257
1237
1253
1299
1415
1602
1845
2119
2368
2492
2488
2343
2038
1674
1334
1085
0977
0942
0952
0967
0977
0975
0960
0946
0931
0933
0960
1000
1050
1077
1091
1100
1104
1104
1097
1087
1075
1062
1039
1031
1027
1021
1017
1012
1012
1023
1037
1046
1054
1060
1068
1077
1085
1091
1095
1102
1110
1122
1137
1151
1160
1166
1170
1176
1183
1189
1195
1201
1205
1212
1222
1241
1276
1311
1347
1365
1376
1386
1392
1392
1386
1376
1361
1340
1313
1295
1282
1272
1266
1257
1251
1245
1239
1226
1222
1228
1245
1263
1282
1290
1297
1303
1307
1303
1288
1266
1243
1237
1234
1230
1228
1226
1224
1220
1218
1214
1205
1197
1214
1268
1386
1577
1826
2110
2388
2594
2656
2552
2303
1955
1600
1299
1081
0990
0958
0973
1021
1077
1097
1104
1108
1112
1112
1106
1100
1095
1089
1083
1083
1091
1102
1118
1137
1141
1147
1151
1149
1141
1133
1122
1118
1124
1139
1162
1193
1220
1253
1276
1288
1299
1307
1313
1320
1324
1330
1334
1340
1347
1353
1359
1365
1373
1386
1398
1411
1427
1446
1463
1475
1486
1494
1494
1488
1479
1465
1442
1419
1394
1367
1342
1332
1326
1322
1317
1315
1309
1305
1299
1293
1282
1268
1243
1239
1237
1232
1237
1251
1263
1274
1280
1280
1272
1259
1237
1205
1180
1151
1127
1112
1097
1085
1073
1060
1048
1033
1010
0981
0963
0948
0944
0944
0944
0942
0942
0942
0946
0952
0958
0967
0971
0963
0948
0923
0892
0842
0799
0782
0782
0803
0863
1012
1230
1510
1828
2119
2322
2382
2278
2031
1701
1384
1135
0994
0958
0948
0940
0927
0915
0892
0865
0857
0850
0846
0844
0846
0855
0867
0886
0913
0940
0967
0994
1012
1029
1041
1052
1062
1075
1083
1089
1095
1104
1112
1122
1139
1160
1172
1189
1210
1232
1259
1280
1293
1301
1311
1320
1326
1332
1338
1347
1353
1361
1373
1390
1407
1432
1461
1488
1517
1533
1544
1550
1548
1537
1521
1496
1459
1436
1417
1403
1396
1392
1390
1388
1384
1382
1378
1376
1373
1369
1369
1367
1367
1367
1367
1367
1367
1367
1367
1365
1363
1361
1359
1355
1353
1351
1347
1344
1340
1338
1334
1330
1324
1313
1301
1295
1288
1280
1272
1268
1274
1293
1309
1326
1338
1344
1347
1353
1359
1357
1342
1330
1320
1307
1297
1284
1270
1253
1232
1214
1199
1185
1170
1166
1162
1160
1158
1156
1153
1151
1151
1149
1147
1145
1143
1143
1141
1141
1139
1139
1137
1133
1131
1127
1122
1114
1093
1083
1079
1075
1070
1068
1070
1077
1087
1100
1118
1139
1160
1178
1197
1220
1249
1278
1305
1328
1359
1380
1388
1396
1400
1405
1407
1407
1405
1400
1396
1390
1382
1365
1340
1324
1313
1301
