2951
3198
3456
3723
3960
4064
4094
4066
4015
3968
3939
3921
3896
3866
3817
3760
3727
3713
3701
3684
3662
3641
3619
3596
3572
3551
3533
3515
3496
3476
3458
3445
3437
3431
3425
3419
3415
3409
3402
3396
3388
3382
3374
3366
3360
3353
3347
3341
3333
3325
3317
3311
3309
3309
3309
3311
3315
3319
3325
3339
3335
3266
3141
2964
2749
2514
2284
2074
1912
1853
1835
1873
1992
2139
2300
2463
2615
2745
2817
2870
2913
2945
2976
3006
3049
3078
3098
3115
3121
3115
3098
3076
3035
2974
2929
2898
2862
2843
2831
2823
2815
2810
2808
2808
2806
2802
2796
2792
2788
2786
2782
2778
2772
2764
2753
2735
2698
2670
2643
2617
2582
2561
2549
2537
2523
2508
2496
2484
2472
2455
2431
2410
2392
2376
2361
2349
2337
2319
2302
2282
2251
2212
2180
2155
2135
2108
2076
2035
1988
1951
1916
1882
1849
1816
1784
1751
1729
1714
1704
1694
1684
1675
1665
1657
1649
1643
1637
1633
1629
1624
1624
1624
1622
1620
1620
1622
1624
1626
1629
1631
1633
1633
1635
1633
1631
1624
1618
1612
1606
1600
1594
1580
1563
1541
1524
1512
1500
1488
1471
1453
1441
1433
1424
1418
1410
1406
1400
1396
1390
1386
1384
1384
1386
1388
1392
1394
1398
1400
1404
1408
1410
1412
1414
1416
1420
1422
1426
1428
1422
1410
1392
1369
1345
1310
1288
1281
1277
1273
1269
1267
1279
1306
1333
1367
1408
1437
1457
1473
1484
1486
1482
1469
1455
1402
1298
1141
0945
0749
0587
0457
0414
0396
0406
0508
0659
0841
1039
1212
1335
1406
1463
1508
1543
1567
1590
1614
1643
1690
1757
1788
1800
1812
1822
1831
1839
1847
1853
1857
1859
1859
1855
1849
1841
1833
1824
1812
1800
1788
1778
1761
1731
1702
1694
1690
1684
1680
1673
1669
1671
1682
1692
1702
1712
1720
1731
1743
1757
1769
1778
1786
1792
1800
1804
1806
1802
1798
1788
1778
1765
1753
1737
1718
1706
1694
1684
1678
1673
1669
1667
1665
1665
1663
1663
1661
1661
1661
1663
1665
1667
1669
1671
1675
1682
1686
1692
1698
1702
1706
1708
1710
1714
1722
1729
1731
1724
1712
1698
1684
1678
1669
1659
1649
1641
1633
1629
1626
1626
1629
1635
1641
1647
1655
1659
1661
1663
1665
1669
1673
1678
1682
1684
1688
1690
1694
1698
1700
1700
1698
1696
1694
1694
1694
1694
1694
1696
1696
1698
1700
1700
1700
1700
1698
1696
1694
1690
1686
1682
1678
1671
1665
1659
1600
1486
1343
1171
0983
0806
0655
0608
0587
0596
0692
0826
0981
1141
1275
1377
1416
1443
1463
1479
1494
1512
1537
1575
1639
1682
1706
1724
1739
1749
1753
1755
1757
1757
1759
1761
1763
1763
1763
1763
1765
1765
1767
1769
1771
1773
1775
1778
1778
1778
1780
1784
1788
1794
1798
1802
1806
1812
1820
1829
1835
1841
1843
1845
1847
1851
1853
1857
1861
1867
1876
1882
1880
1869
1853
1835
1818
1800
1780
1761
1745
1727
1696
1643
1604
1582
1565
1549
1537
1528
1520
1512
1508
1504
1504
1506
1514
1526
1539
1553
1565
1575
1582
1590
1594
1598
1600
1604
1608
1612
1616
1620
1624
1626
1626
1626
1624
1624
1624
1626
1626
1629
1629
1631
1635
1637
1639
1641
1641
1641
1639
1637
1637
1639
1641
1645
1649
1655
1661
1669
1678
1684
1694
1702
1710
1722
1737
1749
1757
1757
1749
1739
1727
1716
1708
1702
1694
1688
1682
1675
1669
1663
1655
1651
1649
1651
1655
1659
1663
1667
1673
1680
1686
1692
1700
1708
1729
1739
1729
1710
1659
1524
1320
1057
0767
0496
0318
0257
0316
0494
0828
1190
1488
1612
1655
1608
1541
1494
1520
1596
1729
1863
1943
1959
1971
1980
1988
1994
2000
2004
2006
2008
2008
2006
2002
1996
1992
1986
1980
1974
1965
1957
1947
1933
1904
1876
1845
1831
1818
1808
1798
1790
1786
1784
1786
1786
1790
1794
1800
1806
1812
1818
1820
1827
1833
1841
1847
1851
1853
1853
1855
1855
1853
1847
1839
1829
1818
1806
1792
1765
1739
1714
1690
1667
1655
1645
1641
1637
1635
1633
1631
1631
1633
1637
1643
1651
1661
1669
1678
1684
1692
1698
1704
1708
1710
1710
1706
1700
1690
1678
1663
1643
1606
1571
1539
1512
1492
1475
1469
1467
1463
1457
1453
1449
1447
1445
1443
1443
1441
1443
1443
1445
1445
1443
1441
1439
1439
1441
1443
1445
1447
1451
1457
1463
1471
1477
1484
1490
1496
1504
1522
1541
1555
1557
1551
1541
1526
1473
1355
1183
0967
0724
0473
0253
0136
0095
0149
0312
0571
0849
1081
1202
1241
1218
1183
1159
1200
1318
1504
1663
1716
1735
1702
1645
1596
1575
1563
1557
1561
1584
1610
1626
1641
1653
1665
1675
1682
1686
1688
1690
1690
1690
1690
1690
1690
1690
1690
1690
1692
1692
1690
1686
1684
1682
1682
1678
1673
1669
1667
1671
1682
1694
1708
1718
1731
1741
1751
1759
1765
1767
1765
1761
1753
1743
1731
1718
1704
1682
1659
1637
1616
1604
1594
1584
1575
1567
1559
1553
1547
1541
1537
1531
1522
1510
1490
1475
1465
1457
1451
1445
1441
1441
1451
1467
1484
1496
1508
1520
1531
1539
1545
1551
1555
1559
1563
1567
1571
1573
1575
1580
1582
1586
1590
1594
1598
1602
1606
1608
1610
1614
1616
1620
1622
1626
1629
1633
1637
1643
1647
1653
1659
1665
1671
1680
1686
1696
1712
1731
1745
1751
1757
1761
1767
1773
1780
1782
1780
1771
1757
1741
1718
1684
1655
1620
1592
1584
1580
1575
1571
1567
1565
1567
1571
1580
1588
1596
1606
1620
1635
1651
1663
1678
1692
1700
1694
1680
1631
1541
1412
1239
1026
0779
0530
0332
0259
0267
0385
0616
0896
1159
1349
1410
1400
1343
1312
1333
1390
1514
1643
1749
1804
1818
1829
1839
1849
1863
1892
1927
1949
1965
1943
1906
1861
1814
1771
1731
1686
1661
1649
1639
1626
1614
1602
1588
1553
1514
1500
1490
1484
1479
1484
1496
1510
1528
1553
1559
1563
1567
1571
1575
1575
1571
1567
1565
1565
1563
1561
1557
1553
1549
1545
1539
1533
1526
1518
1512
1506
1500
1490
1475
1465
1457
1457
1457
1461
1463
1467
1471
1479
1492
1502
1512
1535
1559
1573
1582
1590
1600
1608
1616
1631
1629
1606
1592
1580
1569
1561
1557
1557
1557
1559
1557
1559
1561
1565
1563
1543
1512
1479
1465
1457
1451
1451
1453
1461
1471
1490
1526
1555
1569
1580
1586
1586
1588
1590
1592
1596
1575
1561
1551
1543
1539
1539
1543
1551
1563
1584
1618
1657
1682
1700
1710
1698
1659
1573
1439
1247
1002
0728
0463
0249
0165
0175
0326
0614
0957
1286
1535
1667
1686
1653
1569
1537
1547
1631
1751
1863
1943
1967
1978
1969
1935
1898
1865
1843
1837
1835
1833
1829
1833
1851
1859
1865
1871
1878
1882
1886
1888
1888
1890
1890
1890
1888
1886
1884
1882
1880
1878
1876
1869
1865
1871
1886
1906
1939
1967
1988
1996
2004
2010
2010
1992
1963
1929
1906
1894
1882
1867
1855
1849
1843
1839
1835
1831
1829
1824
1820
1818
1816
1812
1810
1804
1800
1792
1782
1759
1739
1718
1696
1673
1637
1596
1573
1561
1553
1547
1543
1545
1549
1555
1565
1584
1614
1635
1647
1647
1637
1626
1614
1614
1626
1635
1639
1645
1651
1657
1661
1669
1682
1696
1675
1657
1645
1633
1626
1624
1624
1626
1626
1629
1629
1629
1629
1633
1639
1649
1657
1669
1675
1680
1682
1684
1686
1686
1686
1688
1686
1682
1678
1671
1663
1651
1651
1671
1690
1708
1706
1688
1675
1665
1655
1643
1633
1620
1594
1563
1551
1545
1539
1535
1533
1535
1537
1541
1547
1553
1563
1577
1606
1626
1645
1661
1659
1624
1526
1339
1075
0757
0447
0216
0149
0167
0328
0608
0945
1275
1543
1669
1682
1641
1559
1494
1473
1488
1528
1612
1700
1778
1820
1843
1853
1859
1865
1869
1873
1878
1880
1882
1888
1896
1871
1847
1829
1814
1806
1798
1786
1759
1729
1706
1684
1667
1651
1645
1645
1643
1641
1639
1639
1639
1641
1643
1647
1647
1649
1651
1655
1659
1661
1663
1665
1669
1675
1659
1641
1629
1618
1604
1592
1584
1577
1569
1561
1555
1549
1545
1541
1537
1533
1524
1520
1516
1516
1522
1533
1547
1563
1577
1600
1618
1626
1631
1633
1639
1645
1649
1647
1641
1635
1629
1624
1635
1653
1669
1682
1692
1690
1678
1659
1641
1618
1600
1584
1569
1557
1549
1563
1588
1600
1610
1620
1629
1637
1645
1649
1653
1657
1661
1665
1665
1667
1667
1667
1669
1673
1678
1682
1684
1688
1692
1692
1694
1692
1690
1688
1684
1682
1675
1669
1661
1653
1645
1588
1467
1288
1059
0796
0532
0320
0242
0257
0424
0736
1110
1459
1694
1745
1727
1590
1465
1447
1486
1620
1765
1878
1910
1925
1914
1869
1827
1798
1780
1769
1769
1784
1800
1810
1818
1827
1835
1841
1847
1853
1857
1861
1863
1865
1865
1865
1867
1869
1871
1873
1876
1880
1882
1886
1890
1894
1896
1898
1900
1902
1906
1908
1910
1908
1904
1898
1892
1890
1888
1884
1880
1876
1869
1861
1857
1851
1847
1841
1835
1827
1812
1786
1759
1747
1737
1731
1722
1716
1710
1704
1698
1692
1688
1682
1671
1647
1608
1590
1577
1571
1571
1582
1598
1618
1641
1649
1655
1661
1665
1665
1659
1651
1645
1637
1629
1626
1631
1637
1645
1649
1655
1661
1667
1669
1671
1671
1669
1669
1667
1665
1659
1657
1663
1675
1686
1700
1710
1716
1720
1722
1727
1731
1735
1737
1739
1739
1741
1741
1739
1739
1739
1739
1741
1741
1743
1745
1735
1714
1700
1690
1680
1667
1655
1643
1626
1608
1594
1588
1575
1551
1514
1496
1490
1486
1500
1514
1522
1528
1537
1543
1551
1559
1580
1610
1641
1661
1673
1682
1651
1557
1392
1149
0841
0508
0218
0042
0026
0122
0436
0832
1196
1435
1516
1453
1335
1237
1206
1228
1296
1412
1524
1620
1696
1737
1747
1755
1759
1763
1765
1767
1769
1767
1763
1759
1753
1747
1739
1733
1724
1714
1704
1696
1690
1684
1680
1661
1631
1598
1573
1563
1555
1551
1547
1549
1557
1565
1569
1575
1580
1584
1588
1594
1598
1602
1606
1610
1612
1616
1622
1633
1637
1626
1610
1590
1567
1549
1535
1522
1516
1516
1522
1535
1551
1588
1614
1629
1639
1645
1647
1645
1641
1639
1635
1629
1624
1624
1631
1639
1643
1647
1649
1653
1655
1657
1659
1661
1661
1657
1653
1649
1641
1635
1624
1610
1582
1553
1510
1473
1459
1451
1447
1443
1445
1451
1465
1482
1512
1563
1584
1592
1598
1602
1606
1608
1610
1612
1612
1614
1614
1616
1620
1622
1624
1626
1629
1629
1631
1633
1635
1639
1645
1653
1671
1682
1675
1653
1590
1469
1290
1057
0783
0508
0285
0198
0206
0334
0596
0912
1200
1400
1479
1484
1449
1431
1465
1563
1678
1757
1816
1849
1867
1878
1884
1886
1886
1880
1869
1859
1851
1843
1835
1829
1824
1824
1827
1831
1835
1839
1841
1847
1853
1857
1861
1861
1859
1859
1855
1853
1851
1849
1847
1847
1845
1845
1845
1843
1843
1845
1849
1853
1859
1865
1871
1878
1890
1900
1902
1894
1882
1869
1851
1835
1820
1810
1802
1794
1782
1769
1757
1745
1731
1718
1704
1688
1673
1659
1643
1626
1610
1600
1594
1590
1586
1584
1580
1575
1569
1565
1561
1559
1555
1551
1547
1545
1547
1555
1567
1580
1590
1600
1612
1618
1624
1626
1629
1633
1639
1641
1635
1620
1610
1602
1594
1588
1586
1588
1594
1602
1608
1614
1622
1629
1635
1641
1645
1651
1653
1659
1667
1680
1688
1694
1698
1702
1702
1698
1690
1682
1673
1659
1661
1684
1706
1727
1737
1743
1749
1755
1753
1745
1720
1678
1629
1602
1577
1559
1545
1533
1520
1520
1541
1571
1606
1629
1639
1649
1659
1667
1680
1690
1696
1698
1702
1704
1678
1592
1431
1192
0898
0589
0326
0185
0179
0291
0561
0890
1190
1373
1422
1371
1300
1277
1302
1377
1498
1610
1692
1747
1773
1792
1806
1824
1849
1884
1906
1920
1929
1933
1935
1935
1937
1939
1941
1941
1941
1941
1935
1927
1916
1896
1861
1824
1794
1767
1743
1722
1698
1682
1671
1667
1673
1686
1700
1718
1739
1755
1771
1782
1788
1796
1804
1802
1788
1769
1751
1739
1727
1712
1690
1675
1663
1653
1645
1641
1637
1633
1631
1629
1626
1622
1620
1618
1618
1618
1618
1620
1622
1626
1631
1635
1641
1647
1653
1663
1682
1698
1710
1718
1727
1733
1737
1741
1741
1739
1733
1727
1720
1712
1704
1690
1680
1663
1635
1604
1596
1592
1586
1584
1582
1582
1582
1580
1582
1584
1588
1592
1598
1604
1612
1622
1645
1659
1669
1675
1682
1684
1686
1682
1680
1673
1667
1657
1651
1651
1661
1675
1688
1708
1708
1686
1629
1498
1308
1069
0792
0504
0257
0120
0112
0208
0461
0787
1114
1371
1504
1526
1498
1463
1451
1479
1563
1661
1743
1812
1863
1882
1886
1880
1865
1851
1835
1816
1792
1763
1747
1737
1731
1729
1733
1741
1751
1757
1759
1763
1767
1769
1773
1778
1782
1786
1788
1792
1794
1796
1800
1802
1806
1812
1820
1829
1835
1843
1849
1855
1857
1855
1851
1845
1841
1837
1833
1827
1822
1818
1812
1806
1798
1786
1771
1753
1739
1729
1718
1712
1708
1704
1702
1698
1694
1692
1696
1702
1708
1716
1720
1722
1720
1712
1700
1684
1655
1618
1580
1539
1508
1494
1486
1479
1482
1492
1506
1522
1547
1565
1586
1604
1624
1643
1657
1663
1657
1647
1637
1629
1618
1610
1602
1592
1582
1575
1584
1600
1610
1618
1629
1637
1643
1649
1657
1675
1702
1718
1731
1737
1737
1729
1718
1708
1696
1686
1682
1675
1667
1665
1671
1682
1686
1692
1696
1702
1704
1704
1702
1698
1694
1686
1678
1661
1647
1633
1618
1600
1586
1573
1565
1559
1553
1549
1541
1539
1547
1561
1573
1590
1600
1610
1626
1651
1667
1680
1682
1678
1655
1596
1459
1243
0963
0665
0402
0224
0175
0263
0461
0734
1043
1330
1553
1673
1690
1663
1590
1549
1537
1549
1588
1647
1702
1735
1767
1798
1824
1843
1859
1871
1882
1888
1894
1898
1902
1902
1886
1873
1865
1855
1845
1835
1816
1788
1769
1761
1751
1741
1731
1716
1700
1690
1682
1680
1671
1667
1667
1675
1684
1690
1698
1706
1712
1712
1710
1706
1702
1700
1696
1694
1690
1686
1684
1682
1678
1673
1665
1653
1622
1594
1573
1557
1539
1520
1510
1502
1494
1496
1514
1524
1533
1541
1549
1561
1575
1590
1610
1637
1655
1667
1682
1696
1706
1714
1724
1720
1700
1684
1671
1657
1647
1635
1612
1584
1571
1565
1559
1555
1553
1553
1555
1561
1565
1571
1573
1573
1575
1577
1580
1582
1584
1586
1588
1590
1594
1596
1600
1602
1604
1604
1606
1608
1610
1612
1614
1614
1616
1620
1624
1629
1635
1639
1641
1645
1649
1653
1657
1663
1682
1714
1735
1747
1731
1680
1569
1392
1139
0820
0491
0238
0130
0185
0402
0726
1086
1416
1653
1716
1706
1596
1496
1463
1477
1522
1604
1675
1720
1751
1771
1784
1792
1798
1802
1804
1808
1808
1808
1806
1806
1808
1808
1810
1812
1814
1816
1818
1820
1822
1824
1824
1824
1827
1831
1837
1841
1843
1841
1837
1833
1831
1829
1824
1820
1816
1814
1816
1822
1829
1837
1847
1863
1876
1888
1896
1906
1912
1910
1902
1892
1878
1857
1837
1808
1767
1735
1712
1696
1684
1669
1643
1614
1580
1557
1547
1537
1533
1531
1531
1535
1539
1545
1551
1555
1559
1565
1571
1575
1582
1586
1590
1596
1602
1610
1631
1665
1682
1688
1694
1698
1702
1704
1706
1706
1708
1706
1704
1702
1700
1696
1694
1690
1688
1686
1682
1680
1675
1671
1669
1669
1673
1675
1682
1684
1690
1694
1702
1710
1718
1724
1731
1735
1741
1747
1755
1763
1767
1767
1761
1751
1739
1718
1684
1661
1647
1631
1614
1596
1577
1575
1588
1596
1602
1610
1620
1629
1639
1661
1688
1702
1712
1718
1720
1714
1702
1682
1616
1498
1339
1130
0875
0594
0355
0265
0279
0449
0751
1079
1330
1435
1471
1451
1422
1402
1420
1475
1561
1647
1729
1798
1861
1902
1910
1918
1922
1927
1931
1937
1941
1943
1947
1953
1959
1971
1978
1971
1957
1941
1922
1908
1888
1861
1831
1794
1765
1749
1737
1733
1731
1731
1729
1729
1727
1735
1749
1761
1773
1784
1794
1802
1808
1814
1820
1827
1829
1829
1824
1818
1812
1804
1794
1778
1761
1745
1727
1710
1696
1684
1675
1663
1657
1651
1647
1645
1639
1637
1633
1631
1624
1618
1639
1655
1667
1680
1688
1698
1706
1714
1722
1722
1716
1706
1698
1688
1682
1673
1665
1659
1651
1641
1631
1618
1602
1582
1561
1545
1531
1522
1518
1516
1512
1508
1510
1528
1543
1555
1565
1573
1580
1594
1606
1608
1612
1614
1614
1614
1610
1604
1596
1590
1580
1571
1571
1577
1588
1596
1606
1614
1614
1608
1598
1567
1473
1337
1151
0926
0677
0434
0240
0179
0200
0361
0626
0920
1175
1324
1349
1324
1261
1241
1273
1375
1549
1710
1788
1810
1822
1827
1822
1816
1806
1796
1780
1765
1747
1731
1724
1718
1714
1712
1710
1710
1714
1718
1722
1727
1729
1735
1743
1751
1761
1769
1775
1780
1786
1792
1796
1798
1800
1800
1802
1806
1810
1812
1812
1810
1806
1800
1796
1790
1780
1780
1784
1788
1794
1767
1747
1737
1727
1718
1714
1712
1712
1716
1718
1722
1727
1735
1747
1731
1716
1706
1698
1690
1684
1680
1673
1659
1629
1608
1596
1588
1586
1586
1590
1596
1604
1614
1631
1633
1633
1635
1635
1637
1637
1639
1641
1647
1651
1655
1657
1661
1665
1669
1671
1671
1671
1669
1669
1669
1667
1663
1663
1675
1694
1716
1731
1737
1743
1743
1733
1720
1712
1702
1694
1688
1688
1692
1700
1706
1714
1720
1729
1737
1745
1755
1769
1790
1802
1812
1820
1824
1816
1802
1780
1745
1704
1675
1653
1622
1588
1561
1551
1543
1537
1535
1537
1543
1553
1565
1582
1596
1606
1612
1618
1624
1629
1635
1639
1645
1655
1657
1647
1622
1549
1426
1237
0985
0700
0432
0240
0165
0238
0459
0771
1094
1351
1490
1510
1473
1388
1339
1339
1388
1498
1631
1757
1867
1951
1988
1998
1980
1961
1949
1939
1931
1925
1918
1916
1912
1908
1902
1896
1890
1886
1880
1871
1861
1855
1847
1820
1767
1741
1727
1718
1710
1706
1708
1710
1712
1716
1718
1727
1724
1716
1710
1708
1704
1702
1700
1698
1696
1692
1688
1684
1682
1675
1669
1653
1620
1598
1582
1577
1577
1577
1575
1573
1571
1569
1569
1571
1575
1577
1580
1582
1584
1588
1596
1606
1618
1629
1639
1649
1657
1665
1673
1682
1696
1696
1682
1661
1635
1620
1612
1604
1596
1586
1577
1569
1559
1551
1541
1531
1520
1510
1498
1492
1496
1502
1508
1514
1518
1526
1535
1541
1549
1555
1565
1575
1584
1590
1594
1598
1602
1606
1612
1618
1624
1631
1637
1645
1657
1667
1671
1675
1680
1682
1663
1596
1492
1347
1157
0928
0663
0387
0155
0057
0069
0232
0530
0881
1210
1463
1590
1606
1569
1484
1447
1457
1541
1661
1769
1835
1855
1865
1865
1859
1849
1839
1824
1806
1786
1769
1757
1749
1741
1735
1735
1741
1747
1751
1755
1759
1761
1763
1763
1761
1759
1753
1751
1747
1745
1741
1737
1735
1733
1735
1741
1749
1757
1765
1771
1780
1788
1794
1800
1802
1802
1800
1798
1794
1790
1782
1771
1751
1733
1720
1712
1706
1698
1692
1686
1682
1680
1675
1671
1667
1657
1647
1637
1626
1612
1600
1590
1580
1573
1565
1557
1549
1541
1535
1528
1518
1502
1496
1492
1488
1486
1486
1490
1498
1508
1524
1555
1575
1586
1594
1602
1610
1614
1618
1622
1624
1629
1629
1631
1633
1633
1637
1639
1641
1643
1643
1645
1645
1647
1647
1649
1649
1651
1653
1657
1663
1669
1675
1682
1688
1696
1708
1722
1737
1747
1759
1765
1765
1757
1745
1737
1727
1716
1708
1700
1692
1686
1682
1675
1669
1661
1651
1637
1606
1584
1577
1573
1571
1573
1582
1592
1602
1612
1622
1631
1639
1647
1653
1655
1655
1651
1643
1618
1545
1412
1216
0961
0665
0377
0169
0100
0198
0447
0796
1165
1463
1645
1686
1682
1624
1567
1549
1549
1565
1588
1620
1673
1729
1786
1835
1880
1906
1922
1935
1941
1933
1920
1910
1904
1900
1894
1890
1886
1880
1876
1869
1861
1849
1827
1808
1792
1778
1765
1755
1737
1710
1694
1686
1682
1678
1678
1682
1686
1694
1710
1735
1749
1759
1763
1757
1743
1731
1716
1702
1688
1673
1655
1641
1626
1618
1610
1598
1588
1580
1573
1567
1563
1559
1559
1561
1563
1569
1575
1580
1586
1590
1596
1602
1608
1614
1622
1626
1631
1635
1639
1643
1647
1651
1653
1655
1657
1657
1657
1657
1655
1653
1649
1645
1639
1633
1620
1590
1569
1559
1549
1541
1533
1520
1506
1506
1520
1535
1549
1561
1573
1586
1598
1610
1622
1629
1633
1637
1641
1645
1645
1647
1645
1645
1641
1639
1635
1631
1624
1620
1624
1635
1645
1657
1643
1604
1516
1379
1181
0932
0661
0408
0208
0138
0155
0312
0600
0945
1265
1494
1582
1590
1547
1518
1510
1535
1610
1708
1804
1884
1916
1916
1880
1827
1771
1741
1722
1710
1704
1700
1702
1706
1710
1714
1716
1720
1722
1724
1729
1731
1733
1739
1743
1753
1775
1792
1802
1802
1790
1784
1775
1769
1765
1763
1765
1771
1778
1788
1810
1829
1833
1837
1839
1835
1822
1806
1786
1778
1775
1773
1771
1767
1765
1761
1759
1757
1753
1747
1739
1724
1696
1682
1675
1667
1663
1659
1657
1655
1653
1649
1645
1639
1629
1618
1608
1596
1584
1571
1559
1537
1514
1504
1496
1496
1510
1520
1528
1537
1549
1565
1580
1592
1602
1612
1620
1626
1629
1626
1620
1612
1604
1598
1592
1584
1575
1565
1561
1561
1563
1569
1575
1584
1596
1616
1629
1635
1639
1643
1645
1647
1651
1657
1663
1669
1675
1682
1688
1702
1712
1718
1720
1724
1729
1731
1733
1729
1722
1712
1694
1669
1643
1616
1596
1586
1575
1563
1553
1545
1539
1531
1526
1528
1533
1543
1557
1582
1618
1635
1643
1651
1655
1657
1655
1653
1647
1641
1626
1590
1494
1318
1069
0775
0489
0271
0179
0230
0402
0653
0936
1208
1390
1447
1392
1296
1232
1235
1302
1439
1580
1694
1780
1833
1847
1857
1865
1873
1882
1898
1929
1947
1959
1965
1969
1969
1965
1957
1947
1935
1916
1900
1884
1867
1847
1822
1792
1759
1733
1718
1708
1702
1708
1722
1741
1769
1784
1790
1796
1800
1804
1806
1806
1804
1804
1802
1800
1798
1794
1790
1784
1773
1763
1749
1729
1712
1694
1669
1645
1620
1606
1596
1588
1582
1586
1598
1610
1618
1624
1633
1639
1647
1653
1661
1667
1673
1680
1688
1700
1712
1724
1739
1757
1757
1737
1722
1712
1704
1696
1690
1684
1678
1669
1659
1647
1635
1618
1598
1577
1549
1520
1504
1492
1492
1506
1518
1526
1535
1545
1555
1565
1573
1582
1590
1596
1600
1604
1606
1608
1612
1616
1620
1624
1633
1641
1649
1659
1673
1684
1688
1686
1682
1671
1641
1563
1445
1290
1106
0906
0687
0471
0300
0218
0263
0426
0661
0922
1181
1384
1469
1477
1426
1349
1343
1394
1561
1741
1873
1922
1925
1886
1833
1812
1804
1800
1798
1796
1794
1792
1794
1796
1798
1802
1804
1808
1814
1822
1831
1843
1855
1865
1876
1886
1894
1896
1898
1898
1900
1902
1902
1900
1896
1894
1890
1888
1886
1884
1886
1892
1898
1906
1914
1929
1937
1933
1920
1912
1902
1894
1886
1878
1861
1837
1822
1814
1806
1796
1786
1773
1747
1710
1690
1680
1669
1659
1649
1643
1635
1629
1620
1614
1608
1602
1594
1586
1571
1559
1549
1543
1539
1535
1531
1526
1524
1524
1524
1526
1528
1531
1535
1541
1553
1571
1582
1586
1590
1592
1598
1602
1606
1610
1614
1618
1622
1629
1631
1633
1635
1635
1639
1641
1645
1647
1651
1653
1655
1657
1659
1661
1661
1661
1661
1659
1661
1663
1667
1667
1667
1667
1667
1669
1671
1673
1673
1675
1678
1682
1686
1686
1682
1671
1655
1633
1598
1553
1524
1516
1510
1506
1504
1506
1510
1518
1526
1535
1545
1557
1569
1590
1616
1665
1708
1724
1724
1706
1659
1541
1355
1092
0769
0434
0163
0057
0071
0242
0547
0890
1190
1379
1433
1375
1281
1218
1216
1267
1382
1522
1657
1765
1827
1851
1853
1843
1833
1824
1820
1829
1843
1859
1878
1882
1884
1884
1886
1886
1884
1878
1865
1847
1818
1794
1775
1759
1737
1702
1682
1673
1665
1661
1659
1659
1661
1663
1667
1671
1678
1680
1684
1688
1694
1698
1700
1700
1700
1700
1698
1694
1690
1686
1682
1673
1665
1657
1649
1643
1635
1620
1598
1582
1569
1571
1590
1604
1618
1629
1637
1643
1657
1678
1690
1700
1700
1690
1682
1669
1669
1682
1688
1694
1700
1706
1712
1718
1722
1729
1735
1739
1739
1735
1729
1720
1708
1682
1645
1614
1600
1592
1584
1580
1580
1584
1592
1606
1629
1661
1684
1698
1682
1671
1665
1659
1653
1651
1649
1649
1651
1653
1657
1659
1663
1671
1653
1626
1606
1620
1645
1671
1690
1704
1704
1682
1614
1471
1249
0965
0655
0363
0132
0022
0065
0255
0553
0898
1210
1431
1500
1520
1535
1547
1561
1614
1698
1790
1863
1906
1920
1927
1918
1904
1890
1871
1855
1837
1818
1804
1792
1780
1773
1780
1794
1802
1812
1820
1824
1822
1818
1814
1810
1804
1800
1798
1798
1802
1808
1814
1824
1839
1841
1837
1833
1831
1827
1827
1827
1831
1839
1847
1863
1882
1890
1896
1882
1869
1857
1843
1824
1798
1767
1753
1747
1741
1733
1722
1714
1708
1704
1700
1698
1694
1690
1688
1684
1682
1682
1678
1675
1671
1665
1653
1616
1586
1571
1559
1549
1543
1537
1528
1516
1510
1518
1533
1543
1555
1563
1571
1580
1586
1590
1594
1600
1604
1606
1608
1608
1608
1608
1608
1608
1606
1604
1602
1598
1596
1594
1592
1590
1588
1588
1590
1590
1592
1594
1598
1604
1610
1616
1622
1626
1631
1635
1641
1645
1651
1653
1657
1659
1661
1663
1663
1665
1665
1665
1667
1673
1653
1624
1592
1569
1557
1547
1539
1531
1520
1510
1504
1506
1512
1516
1518
1520
1522
1524
1526
1531
1535
1539
1545
1553
1571
1596
1614
1626
1614
1573
1482
1326
1096
0804
0483
0202
0059
0053
0175
0440
0781
1130
1408
1580
1624
1580
1492
1445
1433
1451
1502
1565
1629
1684
1739
1765
1782
1790
1798
1804
1810
1816
1822
1829
1835
1841
1847
1853
1863
1863
1853
1843
1835
1824
1814
1800
1755
1712
1702
1692
1682
1675
1667
1655
1639
1639
1653
1667
1682
1684
1680
1671
1665
1680
1694
1708
1710
1704
1700
1698
1694
1692
1686
1682
1671
1661
1647
1635
1622
1606
1582
1557
1528
1510
1500
1492
1488
1488
1492
1500
1510
1526
1557
1588
1610
1618
1622
1626
1629
1633
1635
1637
1641
1643
1645
1649
1653
1657
1661
1671
1678
1671
1657
1637
1610
1594
1584
1571
1551
1533
1512
1502
1508
1520
1537
1563
1582
1596
1612
1635
1655
1667
1675
1678
1671
1657
1649
1641
1635
1629
1624
1624
1624
1626
1631
1635
1639
1643
1649
1659
1667
1680
1692
1710
1724
1737
1747
1747
1735
1706
1637
1522
1363
1141
0859
0559
0293
0157
0155
0293
0596
0951
1271
1516
1629
1643
1602
1541
1520
1539
1598
1692
1765
1788
1794
1796
1798
1796
1792
1790
1788
1788
1788
1786
1786
1786
1788
1792
1796
1800
1802
1804
1806
1808
1808
1808
1808
1810
1812
1814
1816
1818
1818
1818
1820
1820
1820
1822
1824
1827
1829
1833
1845
1873
1894
1908
1914
1910
1900
1888
1871
1853
1839
1827
1820
1818
1822
1829
1837
1845
1831
1808
1782
1757
1731
1702
1675
1659
1651
1643
1635
1626
1618
1610
1600
1588
1577
1567
1561
1555
1549
1543
1539
1539
1541
1547
1555
1567
1584
1596
1602
1606
1612
1616
1618
1622
1624
1629
1635
1641
1653
1671
1675
1680
1682
1684
1678
1663
1645
1622
1608
1594
1584
1580
1584
1600
1620
1659
1680
1688
1696
1702
1706
1708
1710
1710
1710
1708
1706
1702
1698
1692
1686
1682
1675
1667
1659
1653
1649
1645
1643
1639
1637
1633
1629
1626
1624
1622
1620
1616
1614
1610
1608
1604
1600
1594
1582
1573
1580
1592
1608
1624
1635
1647
1655
1637
1580
1467
1298
1075
0810
0534
0306
0222
0242
0426
0736
1077
1375
1533
1549
1473
1324
1224
1212
1255
1373
1510
1635
1724
1788
1816
1835
1849
1867
1896
1918
1927
1933
1935
1929
1918
1906
1894
1884
1878
1871
1865
1859
1849
1835
1794
1745
1712
1696
1688
1682
1680
1675
1673
1669
1669
1667
1669
1669
1669
1671
1675
1680
1682
1686
1690
1694
1702
1710
1716
1720
1724
1729
1737
1747
1724
1702
1686
1673
1665
1655
1645
1631
1618
1612
1608
1604
1602
1600
1600
1602
1604
1606
1612
1618
1626
1637
1657
1690
1702
1706
1712
1716
1718
1722
1722
1724
1724
1722
1718
1714
1708
1700
1692
1675
1643
1618
1598
1582
1573
1567
1563
1559
1557
1557
1561
1567
1575
1584
1590
1596
1602
1608
1614
1620
1626
1631
1639
1649
1649
1639
1633
1629
1624
1620
1620
1622
1626
1637
1647
1671
1694
1706
1712
1698
1651
1580
1469
1308
1090
0826
0555
0336
0244
0242
0336
0530
0773
1016
1214
1292
1318
1310
1296
1304
1382
1475
1592
1708
1804
1849
1865
1861
1835
1822
1816
1810
1804
1798
1794
1790
1786
1784
1782
1780
1780
1782
1786
1790
1794
1800
1806
1810
1814
1816
1818
1820
1824
1829
1833
1839
1843
1849
1853
1859
1863
1865
1867
1869
1871
1876
1882
1890
1898
1898
1886
1873
1863
1855
1845
1839
1835
1833
1831
1827
1822
1816
1806
1790
1763
1735
1722
1716
1710
1706
1704
1704
1704
1704
1702
1702
1702
1702
1692
1665
1649
1635
1616
1590
1553
1533
1522
1514
1533
1553
1565
1577
1588
1598
1610
1620
1629
1633
1635
1635
1637
1637
1637
1637
1635
1635
1635
1635
1635
1635
1637
1637
1637
1637
1639
1641
1641
1641
1643
1645
1647
1649
1651
1655
1657
1659
1665
1671
1678
1682
1688
1692
1696
1700
1704
1708
1708
1708
1708
1704
1702
1696
1690
1684
1671
1657
1645
1622
1592
1567
1553
1539
1531
1524
1518
1514
1510
1510
1514
1524
1535
1555
1590
1612
1626
1639
1649
1665
1684
1696
1704
1688
1641
1565
1445
1263
1018
0724
0432
0212
0124
0189
0391
0687
1004
1263
1379
1390
1330
1241
1214
1228
1328
1479
1635
1763
1853
1892
1906
1910
1906
1896
1888
1878
1871
1878
1892
1910
1929
1941
1947
1951
1955
1957
1953
1945
1933
1910
1878
1855
1841
1824
1808
1800
1792
1786
1782
1778
1775
1778
1780
1782
1786
1790
1792
1792
1794
1798
1802
1804
1806
1808
1810
1810
1810
1808
1806
1800
1794
1786
1778
1769
1755
1727
1710
1696
1682
1678
1673
1671
1669
1667
1665
1663
1665
1665
1669
1673
1678
1682
1692
1712
1733
1751
1767
1773
1778
1780
1784
1786
1788
1786
1782
1773
1763
1749
1729
1716
1700
1678
1651
1626
1618
1612
1608
1606
1604
1604
1602
1602
1604
1604
1606
1608
1610
1612
1614
1614
1616
1618
1620
1624
1626
1631
1635
1641
1645
1651
1663
1680
1684
1688
1690
1692
1694
1690
1682
1669
1624
1539
1404
1220
0988
0710
0420
0167
0061
0071
0232
0526
0879
1224
1492
1616
1635
1602
1555
1553
1586
1653
1720
1778
1808
1820
1829
1833
1837
1839
1841
1841
1841
1837
1835
1831
1827
1822
1818
1812
1804
1796
1788
1784
1782
1778
1771
1767
1765
1763
1763
1763
1763
1763
1763
1767
1771
1775
1782
1784
1788
1794
1802
1808
1814
1820
1829
1841
1841
1824
1814
1804
1796
1786
1780
1773
1767
1759
1751
1743
1735
1724
1704
1678
1661
1651
1639
1626
1620
1618
1614
1610
1606
1602
1598
1596
1592
1588
1582
1577
1571
1563
1555
1547
1539
1531
1512
1494
1484
1477
1482
1506
1526
1543
1557
1567
1577
1590
1604
1604
1590
1577
1565
1561
1567
1582
1592
1602
1610
1616
1618
1620
1622
1622
1626
1629
1633
1635
1635
1633
1629
1626
1624
1622
1616
1612
1608
1610
1616
1626
1643
1659
1661
1663
1665
1667
1669
1669
1669
1669
1667
1665
1663
1659
1653
1647
1639
1624
1614
1610
1608
1604
1602
1600
1598
1596
1594
1592
1592
1590
1588
1586
1584
1580
1571
1571
1586
1598
1610
1610
1596
1559
1482
1351
1157
0910
0640
0408
0271
0257
0318
0506
0767
1065
1345
1526
1559
1549
1502
1475
1490
1531
1602
1663
1696
1718
1731
1741
1749
1757
1771
1798
1816
1827
1833
1837
1837
1835
1829
1818
1804
1771
1747
1733
1722
1714
1704
1692
1663
1641
1629
1618
1614
1612
1612
1612
1612
1612
1612
1624
1635
1643
1647
1641
1635
1633
1631
1629
1629
1626
1624
1622
1620
1618
1614
1612
1610
1606
1604
1600
1596
1588
1577
1569
1559
1551
1539
1522
1512
1504
1500
1496
1492
1490
1490
1492
1496
1502
1512
1528
1555
1577
1604
1624
1639
1647
1653
1657
1663
1667
1659
1647
1635
1624
1614
1606
1598
1586
1571
1555
1539
1524
1512
1506
1500
1496
1494
1498
1506
1516
1526
1539
1549
1557
1561
1565
1571
1573
1577
1580
1582
1586
1590
1596
1600
1606
1612
1618
1626
1633
1637
1641
1643
1649
1655
1659
1659
1651
1633
1575
1475
1324
1126
0883
0622
0377
0200
0140
0244
0498
0836
1179
1453
1608
1639
1631
1598
1580
1598
1649
1708
1767
1822
1847
1857
1865
1863
1847
1827
1796
1780
1771
1765
1761
1761
1759
1759
1761
1765
1769
1773
1780
1794
1816
1827
1831
1835
1837
1839
1841
1841
1841
1841
1841
1841
1839
1837
1835
1833
1829
1827
1827
1829
1831
1833
1833
1835
1837
1839
1839
1841
1841
1837
1833
1829
1822
1816
1802
1786
1771
1757
1743
1731
1724
1718
1714
1708
1702
1696
1688
1682
1673
1663
1649
1635
1622
1612
1604
1594
1586
1580
1571
1567
1563
1557
1553
1549
1549
1551
1555
1563
1577
1602
1631
1641
1643
1645
1647
1649
1649
1645
1639
1633
1629
1626
1622
1620
1616
1614
1612
1612
1612
1614
1616
1620
1624
1629
1633
1639
1643
1647
1653
1657
1661
1667
1675
1682
1688
1696
1702
1710
1716
1722
1729
1735
1743
1749
1751
1749
1741
1731
1712
1684
1661
1631
1594
1561
1547
1539
1533
1528
1524
1522
1522
1524
1526
1533
1537
1543
1549
1557
1569
1577
1590
1608
1639
1673
1696
1712
1712
1678
1582
1426
1212
0947
0667
0418
0244
0193
0293
0532
0849
1167
1406
1482
1477
1377
1263
1224
1232
1314
1445
1573
1688
1788
1861
1882
1886
1888
1888
1890
1892
1894
1896
1898
1902
1906
1910
1918
1916
1898
1878
1855
1841
1806
1761
1708
1688
1680
1671
1667
1665
1669
1682
1694
1704
1714
1724
1731
1735
1741
1743
1747
1749
1751
1753
1755
1757
1757
1757
1755
1755
1751
1747
1741
1733
1714
1688
1673
1661
1647
1626
1598
1577
1567
1559
1557
1559
1563
1571
1586
1614
1631
1639
1645
1649
1653
1655
1659
1661
1663
1663
1665
1665
1667
1667
1669
1669
1671
1675
1673
1659
1647
1639
1629
1612
1594
1573
1549
1533
1522
1516
1510
1506
1502
1500
1500
1502
1506
1514
1524
1543
1575
1598
1610
1622
1637
1649
1655
1659
1663
1667
1671
1673
1678
1682
1682
1682
1682
1682
1682
1682
1678
1673
1669
1665
1659
1653
1618
1533
1394
1194
0945
0677
0438
0300
0285
0355
0579
0871
1153
1363
1435
1437
1379
1347
1357
1431
1539
1645
1722
1780
1831
1869
1902
1925
1927
1912
1888
1851
1808
1780
1767
1757
1780
1800
1812
1822
1831
1837
1843
1849
1853
1859
1867
1873
1882
1890
1898
1904
1904
1898
1890
1880
1869
1869
1888
1902
1914
1925
1935
1945
1955
1967
1974
1965
1947
1933
1918
1906
1896
1888
1878
1865
1847
1829
1814
1802
1788
1771
1759
1751
1745
1737
1731
1722
1714
1706
1694
1680
1667
1657
1643
1614
1577
1561
1557
1555
1551
1551
1549
1553
1559
1567
1573
1580
1588
1596
1604
1612
1620
1626
1631
1635
1637
1639
1641
1641
1641
1641
1643
1647
1649
1653
1655
1657
1657
1659
1659
1661
1663
1665
1667
1671
1678
1682
1682
1680
1678
1675
1673
1673
1671
1669
1667
1665
1665
1665
1667
1671
1675
1682
1688
1694
1700
1708
1718
1727
1729
1729
1724
1718
1710
1698
1669
1643
1626
1614
1602
1592
1580
1571
1567
1563
1561
1557
1555
1557
1561
1569
1582
1602
1631
1649
1659
1651
1626
1569
1477
1324
1104
0839
0571
0363
0277
0285
0406
0636
0904
1151
1326
1390
1345
1239
1165
1165
1232
1375
1531
1657
1733
1773
1786
1796
1804
1814
1827
1845
1861
1873
1886
1896
1906
1925
1943
1953
1959
1959
1943
1902
1859
1812
1782
1747
1716
1700
1694
1688
1684
1682
1682
1682
1684
1688
1694
1700
1704
1708
1714
1720
1727
1729
1727
1720
1712
1704
1698
1694
1688
1682
1678
1671
1667
1665
1661
1657
1647
1624
1600
1577
1559
1547
1526
1510
1496
1488
1496
1510
1522
1535
1549
1561
1571
1594
1622
1641
1651
1659
1671
1682
1688
1696
1704
1708
1710
1706
1698
1686
1671
1635
1606
1590
1575
1565
1555
1537
1516
1510
1504
1500
1498
1500
1510
1524
1549
1582
1600
1612
1616
1616
1614
1612
1608
1606
1604
1604
1610
1620
1633
1645
1663
1673
1671
1665
1659
1651
1647
1653
1665
1682
1698
1704
1710
1716
1686
1596
1433
1202
0922
0618
0332
0126
0053
0136
0363
0679
1018
1302
1463
1488
1477
1433
1431
1484
1598
1718
1812
1837
1843
1847
1849
1847
1845
1843
1839
1837
1835
1833
1831
1829
1827
1824
1822
1824
1824
1829
1831
1833
1837
1841
1847
1855
1865
1884
1892
1898
1900
1904
1908
1912
1914
1914
1916
1920
1925
1929
1933
1935
1937
1941
1945
1947
1949
1947
1941
1933
1925
1916
1906
1892
1878
1867
1859
1853
1843
1829
1818
1810
1806
1802
1796
1786
1773
1757
1733
1712
1696
1686
1678
1665
1653
1647
1641
1637
1631
1626
1624
1622
1620
1620
1620
1620
1618
1618
1618
1620
1620
1620
1618
1622
1633
1645
1659
1678
1690
1702
1708
1704
1698
1692
1688
1682
1675
1665
1653
1639
1618
1616
1626
1635
1641
1649
1657
1663
1671
1678
1682
1688
1694
1700
1706
1714
1720
1727
1735
1743
1747
1749
1747
1741
1733
1724
1708
1675
1647
1624
1614
1606
1598
1588
1573
1565
1557
1551
1547
1541
1535
1531
1524
1514
1498
1520
1545
1565
1580
1590
1598
1604
1610
1612
1608
1604
1594
1584
1565
1539
1471
1345
1157
0914
0634
0359
0144
0059
0144
0385
0724
1088
1386
1569
1620
1565
1463
1400
1398
1457
1559
1647
1694
1722
1743
1755
1769
1784
1802
1822
1829
1833
1837
1839
1839
1837
1829
1818
1810
1802
1794
1784
1769
1755
1739
1720
1706
1698
1692
1688
1686
1684
1682
1680
1678
1675
1678
1678
1678
1678
1675
1675
1678
1678
1680
1680
1673
1665
1653
1635
1612
1600
1592
1600
1606
1612
1618
1622
1622
1618
1608
1596
1586
1580
1569
1561
1551
1543
1541
1543
1545
1549
1555
1559
1565
1577
1590
1600
1614
1635
1667
1684
1696
1704
1708
1708
1702
1692
1682
1671
1653
1641
1633
1620
1598
1567
1539
1520
1510
1502
1500
1502
1508
1518
1537
1567
1586
1594
1602
1606
1610
1612
1612
1614
1616
1616
1616
1616
1616
1618
1618
1620
1620
1620
1620
1620
1620
1620
1618
1616
1616
1626
1641
1655
1671
1690
1710
1722
1731
1731
1716
1682
1631
1543
1406
1208
0955
0671
0406
0226
0179
0267
0473
0771
1096
1375
1565
1635
1657
1633
1598
1573
1590
1641
1704
1741
1753
1759
1759
1753
1745
1737
1729
1727
1733
1749
1767
1788
1802
1812
1820
1827
1829
1827
1822
1818
1816
1814
1814
1812
1810
1810
1808
1808
1808
1808
1808
1808
1810
1810
1812
1814
1816
1820
1822
1824
1827
1831
1833
1835
1837
1839
1841
1845
1847
1849
1849
1845
1839
1831
1818
1790
1757
1724
1702
1682
1669
1649
1624
1606
1596
1590
1582
1575
1569
1561
1547
1531
1518
1508
1502
1502
1508
1518
1528
1545
1565
1588
1606
1612
1614
1618
1620
1620
1620
1620
1618
1618
1618
1620
1626
1637
1651
1675
1688
1694
1700
1706
1710
1712
1716
1722
1731
1710
1692
1682
1673
1667
1667
1669
1673
1680
1682
1684
1688
1690
1694
1698
1702
1706
1712
1716
1722
1727
1737
1745
1749
1747
1737
1727
1706
1673
1649
1639
1631
1622
1614
1608
1602
1598
1592
1586
1577
1573
1575
1580
1588
1596
1606
1624
1637
1647
1657
1657
1649
1624
1561
1461
1306
1083
0796
0491
0251
0151
0230
0463
0781
1092
1324
1420
1426
1361
1288
1263
1292
1377
1500
1608
1694
1759
1810
1837
1853
1865
1878
1894
1906
1918
1929
1937
1945
1955
1965
1971
1963
1951
1935
1916
1904
1888
1863
1822
1775
1745
1724
1712
1704
1698
1698
1696
1696
1694
1692
1694
1708
1720
1731
1739
1747
1757
1773
1798
1814
1827
1827
1808
1782
1747
1710
1682
1651
1629
1614
1604
1604
1612
1620
1626
1633
1633
1629
1622
1618
1614
1612
1610
1610
1608
1608
1608
1612
1618
1624
1635
1653
1680
1686
1692
1696
1700
1700
1694
1684
1673
1653
1633
1626
1624
1618
1614
1606
1586
1551
1541
1533
1528
1526
1528
1533
1539
1545
1561
1573
1577
1580
1582
1584
1582
1577
1575
1571
1565
1567
1580
1588
1590
1594
1598
1602
1606
1610
1614
1618
1624
1631
1639
1661
1686
1698
1706
1706
1688
1639
1547
1404
1214
0996
0765
0551
0387
0322
0379
0557
0822
1110
1341
1451
1465
1437
1377
1371
1400
1508
1633
1739
1816
1861
1878
1878
1861
1839
1804
1771
1751
1743
1739
1735
1733
1733
1741
1751
1759
1765
1771
1778
1786
1796
1804
1816
1827
1843
1855
1857
1857
1855
1855
1853
1851
1845
1839
1835
1831
1829
1831
1839
1849
1861
1880
1892
1902
1912
1910
1894
1880
1867
1857
1849
1841
1827
1802
1788
1782
1778
1771
1761
1749
1737
1727
1718
1708
1700
1692
1686
1682
1675
1667
1659
1651
1643
1635
1626
1616
1602
1569
1533
1520
1514
1510
1508
1506
1508
1516
1526
1539
1553
1575
1592
1602
1610
1618
1624
1631
1637
1641
1643
1645
1647
1649
1649
1651
1649
1649
1647
1643
1639
1635
1629
1622
1614
1610
1610
1616
1624
1633
1641
1649
1655
1665
1673
1682
1688
1696
1700
1706
1714
1718
1722
1724
1722
1720
1716
1712
1706
1700
1684
1663
1643
1624
1610
1598
1586
1573
1559
1541
1528
1518
1508
1502
1502
1508
1520
1531
1543
1553
1565
1573
1580
1588
1598
1612
1631
1651
1669
1667
1631
1528
1318
1037
0714
0406
0173
0100
0118
0289
0569
0890
1171
1337
1365
1335
1239
1181
1183
1251
1390
1537
1659
1741
1767
1773
1773
1778
1782
1788
1796
1806
1820
1841
1853
1863
1869
1873
1876
1871
1861
1849
1833
1810
1792
1769
1741
1710
1680
1661
1647
1639
1635
1639
1645
1653
1661
1667
1673
1680
1682
1680
1678
1671
1667
1663
1659
1655
1651
1645
1639
1631
1620
1612
1604
1598
1592
1584
1577
1571
1567
1563
1561
1559
1557
1555
1553
1551
1551
1547
1541
1561
1577
1586
1596
1608
1618
1631
1649
1675
1694
1706
1716
1724
1731
1735
1737
1745
1753
1731
1704
1682
1665
1651
1641
1624
1602
1588
1573
1563
1555
1551
1551
1557
1565
1573
1584
1594
1610
1624
1633
1639
1647
1657
1657
1641
1633
1624
1616
1610
1612
1620
1635
1649
1661
1675
1686
1696
1702
1706
1712
1716
1724
1729
1724
1710
1673
1596
1463
1269
1028
0763
0516
0318
0232
0240
0371
0634
0953
1245
1445
1520
1520
1475
1449
1433
1445
1528
1641
1753
1845
1910
1935
1945
1953
1933
1876
1810
1782
1769
1761
1757
1755
1759
1765
1773
1784
1794
1804
1816
1829
1839
1847
1855
1863
1865
1861
1853
1843
1831
1816
1794
1792
1812
1824
1837
1845
1851
1855
1857
1859
1859
1863
1865
1867
1869
1869
1869
1867
1863
1859
1853
1845
1831
1800
1763
1729
1702
1682
1673
1667
1665
1661
1659
1655
1651
1645
1641
1635
1629
1618
1608
1596
1584
1573
1567
1559
1553
1547
1541
1539
1537
1535
1535
1533
1531
1528
1524
1522
1524
1533
1545
1555
1563
1567
1573
1577
1582
1586
1590
1592
1596
1600
1602
1606
1608
1608
1610
1612
1616
1618
1622
1629
1637
1647
1653
1661
1667
1671
1675
1680
1682
1684
1686
1690
1696
1700
1706
1710
1716
1722
1731
1743
1755
1763
1769
1773
1782
1792
1775
1745
1716
1690
1663
1637
1606
1586
1571
1561
1557
1559
1567
1577
1584
1590
1596
1600
1606
1612
1616
1622
1629
1639
1659
1688
1708
1718
1688
1602
1435
1202
0920
0616
0324
0114
0046
0151
0424
0785
1126
1375
1504
1520
1475
1382
1335
1337
1390
1494
1612
1706
1771
1798
1812
1822
1829
1835
1843
1855
1867
1888
1912
1925
1933
1939
1941
1941
1931
1914
1890
1853
1824
1804
1782
1753
1720
1708
1704
1700
1696
1694
1692
1690
1690
1690
1690
1690
1690
1692
1692
1694
1696
1700
1702
1704
1708
1716
1714
1698
1686
1680
1671
1661
1653
1645
1637
1624
1612
1600
1584
1569
1557
1547
1537
1528
1526
1526
1533
1543
1555
1575
1612
1639
1657
1671
1684
1696
1708
1716
1718
1712
1704
1698
1694
1692
1688
1684
1680
1675
1669
1663
1655
1643
1622
1602
1571
1547
1537
1528
1524
1533
1551
1559
1565
1569
1575
1582
1586
1590
1596
1602
1608
1614
1620
1624
1629
1631
1635
1641
1647
1651
1657
1663
1669
1673
1680
1682
1686
1690
1698
1710
1718
1712
1700
1669
1586
1447
1239
0967
0661
0359
0124
0044
0063
0236
0534
0869
1194
1467
1645
1682
1669
1614
1586
1600
1641
1729
1816
1849
1857
1863
1865
1863
1861
1857
1853
1849
1843
1835
1827
1818
1810
1806
1804
1802
1800
1800
1800
1800
1804
1810
1816
1822
1829
1835
1843
1851
1859
1863
1863
1861
1857
1853
1849
1847
1843
1837
1833
1829
1829
1829
1831
1835
1837
1839
1843
1847
1851
1855
1855
1853
1847
1841
1833
1820
1798
1775
1751
1729
1706
1688
1675
1665
1655
1649
1643
1637
1633
1629
1622
1614
1608
1602
1598
1594
1590
1586
1584
1580
1577
1575
1575
1575
1575
1575
1580
1584
1590
1594
1600
1606
1612
1620
1631
1635
1637
1637
1639
1639
1641
1645
1647
1647
1647
1643
1637
1631
1622
1616
1622
1633
1637
1639
1641
1645
1647
1651
1653
1657
1659
1663
1665
1669
1671
1673
1678
1682
1688
1694
1700
1706
1712
1716
1718
1716
1710
1698
1682
1649
1618
1584
1563
1551
1543
1537
1535
1535
1541
1547
1555
1561
1567
1571
1577
1584
1590
1594
1598
1602
1604
1610
1616
1624
1631
1620
1596
1528
1396
1208
0981
0728
0475
0259
0173
0187
0347
0626
0963
1292
1555
1673
1682
1622
1526
1453
1447
1475
1565
1667
1745
1796
1816
1831
1843
1859
1878
1888
1896
1902
1908
1910
1910
1906
1902
1894
1886
1873
1851
1833
1816
1800
1782
1767
1753
1743
1735
1731
1727
1724
1720
1718
1718
1720
1727
1735
1743
1751
1765
1773
1767
1753
1745
1737
1729
1720
1714
1708
1702
1690
1673
1657
1637
1608
1594
1588
1582
1575
1571
1569
1567
1567
1567
1567
1569
1571
1575
1582
1588
1596
1606
1626
1643
1655
1665
1671
1680
1682
1688
1692
1696
1700
1700
1696
1690
1682
1673
1657
1639
1626
1616
1608
1600
1592
1580
1559
1537
1522
1514
1533
1551
1567
1580
1590
1608
1637
1661
1678
1682
1682
1678
1673
1667
1667
1675
1684
1692
1678
1659
1645
1633
1624
1612
1602
1596
1590
1584
1604
1641
1673
1686
1692
1696
1700
1702
1706
1710
1712
1716
1720
1729
1739
1714
1647
1518
1324
1065
0755
0440
0193
0091
0181
0440
0802
1179
1490
1655
1680
1639
1553
1520
1508
1531
1567
1602
1633
1663
1692
1718
1737
1747
1757
1769
1780
1790
1798
1806
1816
1833
1853
1869
1880
1865
1851
1841
1833
1824
1816
1810
1800
1788
1786
1798
1808
1816
1824
1839
1855
1865
1878
1888
1894
1896
1892
1886
1878
1863
1837
1818
1806
1806
1818
1829
1839
1845
1847
1849
1851
1855
1839
1790
1743
1724
1710
1694
1669
1639
1618
1604
1592
1577
1555
1520
1496
1492
1486
1484
1486
1494
1506
1514
1522
1531
1539
1545
1551
1561
1571
1586
1598
1606
1612
1614
1618
1620
1622
1624
1626
1629
1631
1633
1639
1639
1633
1629
1624
1620
1618
1616
1620
1624
1629
1633
1633
1635
1635
1639
1641
1643
1643
1645
1649
1651
1655
1657
1659
1661
1665
1669
1680
1696
1712
1727
1741
1741
1724
1700
1671
1641
1610
1588
1573
1561
1553
1543
1531
1522
1516
1510
1506
1502
1500
1502
1508
1518
1553
1612
1635
1647
1655
1659
1655
1641
1604
1528
1414
1267
1086
0861
0602
0351
0183
0167
0240
0481
0792
1073
1273
1367
1379
1345
1302
1288
1312
1382
1477
1580
1673
1745
1796
1824
1839
1847
1853
1859
1865
1869
1876
1880
1888
1892
1884
1867
1849
1827
1804
1775
1739
1712
1698
1688
1684
1688
1694
1698
1702
1708
1712
1716
1718
1720
1718
1714
1708
1704
1698
1688
1682
1680
1682
1688
1692
1696
1700
1702
1698
1688
1675
1659
1635
1620
1612
1606
1600
1596
1594
1592
1590
1588
1586
1586
1586
1586
1584
1584
1582
1582
1580
1586
1598
1612
1622
1633
1643
1651
1655
1659
1659
1659
1659
1659
1661
1663
1663
1657
1643
1626
1614
1602
1590
1577
1567
1557
1547
1541
1535
1526
1522
1516
1514
1514
1516
1518
1522
1526
1533
1541
1551
1559
1571
1584
1594
1600
1608
1616
1624
1639
1647
1645
1637
1626
1616
1643
1686
1737
1790
1833
1855
1871
1869
1829
1724
1539
1296
1024
0761
0528
0351
0255
0247
0308
0504
0777
1069
1320
1453
1471
1428
1365
1345
1384
1498
1665
1798
1845
1861
1831
1810
1800
1790
1782
1778
1773
1771
1769
1769
1771
1773
1780
1786
1792
1798
1804
1806
1810
1814
1818
1822
1827
1833
1839
1845
1851
1855
1859
1863
1865
1869
1873
1878
1882
1886
1890
1896
1900
1902
1906
1908
1908
1906
1906
1902
1898
1890
1884
1876
1869
1849
1812
1788
1767
1747
1735
1724
1716
1712
1708
1708
1712
1716
1722
1727
1735
1741
1741
1733
1720
1704
1684
1671
1659
1643
1624
1600
1569
1537
1522
1520
1516
1518
1531
1551
1577
1600
1618
1631
1643
1651
1657
1655
1651
1645
1639
1659
1692
1718
1724
1731
1735
1737
1735
1731
1722
1716
1710
1704
1698
1694
1692
1690
1692
1694
1698
1704
1714
1743
1782
1806
1816
1822
1827
1829
1831
1829
1824
1818
1812
1806
1802
1794
1788
1782
1778
1773
1753
1706
1684
1671
1661
1649
1631
1612
1594
1584
1590
1602
1612
1622
1633
1645
1653
1661
1669
1678
1684
1690
1698
1714
1737
1755
1767
1751
1704
1596
1422
1175
0883
0598
0373
0277
0279
0385
0594
0843
1098
1314
1451
1486
1477
1437
1414
1428
1467
1543
1629
1710
1790
1857
1900
1910
1916
1922
1929
1937
1943
1951
1957
1963
1971
1980
1988
1990
1988
1984
1978
1967
1937
1886
1835
1818
1804
1794
1778
1745
1716
1698
1690
1698
1712
1722
1731
1741
1747
1753
1759
1765
1775
1780
1773
1759
1749
1743
1735
1729
1722
1716
1712
1704
1696
1684
1665
1645
1637
1631
1624
1620
1616
1614
1612
1610
1612
1614
1616
1620
1624
1629
1635
1639
1647
1661
1671
1671
1671
1671
1671
1671
1671
1671
1671
1671
1667
1663
1657
1649
1633
1612
1592
1577
1565
1555
1545
1531
1520
1516
1512
1510
1508
1506
1506
1506
1510
1516
1522
1528
1533
1539
1545
1549
1553
1557
1561
1567
1573
1580
1586
1594
1604
1614
1622
1631
1637
1645
1653
1659
1663
1661
1655
1645
1616
1541
1420
1247
1028
0773
0508
0275
0142
0136
0234
0479
0771
1067
1312
1416
1451
1443
1431
1437
1494
1600
1710
1798
1824
1833
1837
1841
1841
1843
1843
1843
1841
1839
1833
1829
1820
1814
1808
1800
1792
1786
1786
1786
1786
1786
1786
1786
1786
1786
1786
1788
1788
1790
1794
1800
1806
1816
1829
1853
1861
1867
1871
1876
1878
1878
1876
1871
1865
1857
1847
1829
1802
1778
1757
1745
1739
1727
1708
1696
1694
1690
1688
1686
1682
1682
1680
1678
1673
1667
1655
1626
1604
1594
1582
1571
1559
1539
1502
1486
1477
1471
1467
1463
1459
1457
1457
1455
1455
1457
1457
1461
1463
1467
1471
1475
1479
1492
1520
1535
1543
1547
1551
1555
1557
1559
1561
1565
1565
1567
1569
1571
1573
1575
1580
1582
1580
1573
1563
1553
1541
1535
1541
1553
1569
1596
1610
1618
1624
1629
1633
1633
1635
1635
1637
1635
1633
1629
1624
1620
1616
1612
1606
1598
1590
1582
1575
1569
1565
1557
1551
1541
1528
1516
1504
1488
1477
1488
1506
1524
1545
1557
1559
1561
1563
1567
1569
1571
1573
1569
1559
1541
1486
1341
1124
0851
0551
0271
0073
0000
0073
0283
0583
0912
1204
1420
1510
1543
1547
1541
1533
1526
1541
1582
1637
1686
1714
1745
1773
1790
1800
1806
1812
1812
1810
1806
1802
1796
1788
1788
1804
1827
1851
1863
1873
1853
1824
1788
1749
1716
1671
1639
1626
1622
1631
1645
1655
1663
1669
1673
1680
1682
1686
1690
