0644
0456
0247
0063
0000
0053
0219
0495
0758
1062
1257
1324
1346
1321
1264
1101
0857
0598
0389
0216
0155
0134
0116
0109
0113
0138
0162
0177
0184
0187
0194
0201
0209
0216
0223
0226
0226
0226
0223
0223
0219
0216
0209
0205
0201
0194
0187
0180
0173
0170
0170
0166
0166
0166
0162
0162
0162
0162
0162
0159
0159
0173
0205
0240
0262
0279
0297
0311
0329
0347
0364
0379
0393
0410
0425
0442
0460
0481
0513
0541
0559
0559
0563
0566
0573
0577
0580
0559
0517
0474
0439
0400
0364
0322
0265
0198
0134
0109
0095
0085
0077
0070
0063
0056
0049
0042
0038
0038
0035
0035
0038
0042
0046
0056
0067
0077
0088
0102
0116
0131
0148
0162
0184
0233
0279
0315
0343
0368
0386
0403
0421
0439
0460
0485
0510
0534
0566
0598
0630
0662
0690
0719
0747
0768
0789
0804
0814
0825
0832
0839
0846
0857
0860
0864
0857
0839
0821
0797
0775
0758
0740
0722
0704
0690
0683
0676
0673
0676
0680
0690
0704
0722
0740
0758
0782
0818
0860
0899
0938
0967
0984
1002
1016
1030
1041
1055
1069
1083
1101
1119
1137
1161
1200
1243
1282
1321
1342
1353
1363
1370
1381
1385
1392
1399
1402
1413
1424
1431
1438
1445
1452
1459
1466
1473
1480
1487
1494
1501
1509
1516
1526
1533
1544
1551
1562
1572
1579
1586
1594
1601
1611
1618
1633
1643
1672
1725
1767
1799
1820
1838
1849
1859
1863
1863
1856
1845
1834
1824
1813
1806
1803
1795
1792
1785
1778
1771
1767
1764
1764
1771
1778
1785
1795
1806
1817
1831
1838
1849
1852
1859
1866
1873
1881
1888
1898
1909
1919
1930
1948
1966
1994
2051
2164
2337
2546
2802
3057
3269
3390
3432
3432
3379
3227
3032
2805
2571
2334
2121
2040
2012
1997
1987
1976
1969
1962
1951
1941
1927
1909
1898
1888
1881
1863
1845
1831
1820
1820
1831
1845
1859
1870
1877
1884
1891
1898
1905
1912
1923
1934
1944
1955
1962
1966
1973
1980
1990
2001
2015
2033
2054
2079
2104
2128
2153
2175
2196
2213
2231
2245
2260
2274
2291
2306
2323
2345
2373
2408
2447
2486
2525
2571
2624
2646
2656
2667
2678
2681
2685
2670
2635
2582
2486
2369
2288
2196
2104
1994
1877
1749
1640
1562
1494
1473
1459
1445
1434
1424
1416
1413
1406
1402
1395
1388
1385
1381
1381
1377
1377
1381
1385
1388
1392
1395
1402
1409
1416
1420
1424
1427
1427
1431
1434
1438
1441
1448
1452
1459
1463
1463
1463
1459
1452
1445
1438
1431
1420
1413
1409
1406
1399
1392
1385
1385
1388
1399
1416
1434
1448
1455
1463
1473
1480
1487
1491
1494
1498
1501
1501
1501
1498
1494
1494
1491
1491
1487
1487
1487
1487
1491
1494
1494
1498
1498
1501
1505
1509
1512
1519
1523
1530
1533
1544
1551
1562
1576
1590
1611
1636
1654
1672
1689
1707
1735
1856
2015
2252
2561
2915
3255
3457
3467
3305
2872
2295
1732
1409
1300
1353
1441
1537
1583
1604
1622
1633
1636
1629
1622
1615
1604
1597
1590
1579
1572
1565
1558
1558
1558
1569
1583
1601
1618
1640
1654
1672
1689
1707
1728
1746
1760
1778
1792
1810
1827
1849
1873
1898
1923
1944
1966
1987
2008
2033
2058
2082
2111
2143
2185
2245
2295
2341
2380
2412
2440
2458
2472
2486
2497
2504
2511
2515
2515
2511
2508
2497
2483
2461
2437
2408
2348
2221
2121
2047
1990
1919
1817
1742
1703
1675
1643
1618
1590
1562
1537
1512
1494
1473
1455
1445
1434
1427
1420
1413
1406
1402
1399
1395
1395
1392
1392
1392
1392
1392
1392
1392
1388
1388
1388
1392
1402
1409
1420
1427
1438
1448
1463
1473
1487
1505
1548
1583
1601
1611
1618
1625
1636
1640
1640
1640
1633
1611
1586
1558
1540
1526
1516
1501
1491
1480
1470
1463
1455
1452
1445
1441
1441
1441
1441
1448
1452
1459
1466
1473
1480
1487
1494
1498
1501
1505
1505
1509
1512
1512
1512
1512
1512
1509
1505
1505
1501
1498
1494
1494
1494
1491
1491
1491
1487
1484
1477
1473
1466
1463
1455
1452
1448
1445
1441
1441
1441
1441
1441
1441
1441
1445
1448
1448
1452
1452
1455
1463
1470
1477
1484
1494
1501
1516
1548
1583
1615
1650
1785
1948
2164
2437
2755
3092
3372
3478
3446
3163
2674
2075
1523
1229
1133
1204
1324
1402
1424
1431
1434
1445
1455
1466
1477
1487
1498
1509
1519
1530
1540
1562
1583
1604
1625
1640
1647
1661
1672
1686
1703
1718
1735
1753
1767
1781
1788
1795
1799
1803
1810
1817
1824
1834
1845
1856
1870
1881
1895
1902
1912
1923
1937
1955
1990
2026
2061
2121
2221
2316
2387
2447
2497
2536
2582
2631
2660
2685
2706
2724
2734
2738
2734
2727
2717
2699
2678
2631
2543
2447
2341
2221
2100
1980
1870
1771
1682
1633
1597
1565
1537
1516
1498
1484
1466
1445
1424
1399
1381
1360
1342
1324
1317
1317
1331
1346
1367
1392
1424
1473
1512
1540
1562
1576
1586
1597
1604
1608
1604
1597
1586
1572
1555
1537
1516
1480
1452
1445
1441
1438
1431
1424
1427
1445
1480
1523
1576
1615
1629
1636
1643
1650
1661
1668
1675
1679
1686
1686
1689
1689
1686
1686
1682
1679
1672
1668
1664
1657
1654
1650
1647
1640
1636
1615
1597
1597
1611
1640
1735
1884
2082
2337
2653
2989
3273
3382
3358
3127
2727
2270
1902
1696
1633
1601
1590
1583
1579
1576
1572
1569
1562
1555
1548
1540
1533
1519
1505
1487
1477
1463
1455
1441
1427
1409
1392
1377
1367
1360
1353
1353
1353
1360
1367
1381
1399
1413
1431
1448
1480
1516
1544
1569
1604
1643
1675
1696
1714
1732
1749
1771
1792
1813
1834
1856
1884
1912
1941
1969
1997
2026
2040
2047
2051
2054
2058
2065
2072
2058
2026
1976
1898
1817
1728
1636
1548
1409
1278
1197
1119
1048
0991
0949
0913
0871
0811
0747
0683
0641
0612
0584
0556
0524
0488
0471
0467
0467
0464
0464
0464
0464
0464
0467
0467
0471
0474
0474
0471
0467
0464
0460
0456
0449
0442
0435
0428
0421
0414
0410
0403
0396
0389
0382
0371
0364
0354
0343
0332
0322
0315
0308
0308
0304
0301
0297
0294
0286
0269
0223
0205
0191
0180
0170
0166
0166
0170
0177
0187
0198
0216
0223
0219
0205
0198
0191
0180
0173
0170
0170
0170
0173
0177
0180
0184
0187
0194
0198
0201
0201
0198
0194
0187
0180
0170
0155
0155
0191
0290
0446
0665
0942
1289
1672
2022
2182
2175
1980
1562
1041
0584
0336
0255
0308
0364
0407
0428
0425
0410
0396
0379
0382
0428
0503
0580
0612
0627
0634
0641
0648
0658
0669
0683
0701
0722
0772
0843
0867
0882
0892
0910
0935
0963
0991
1027
1062
1087
1115
1215
1324
1356
1377
1395
1409
1438
1491
1597
1707
1774
1842
1905
2001
2114
2235
2309
2387
2461
2561
2674
2802
2933
3018
3117
3198
3301
3425
3485
3524
3549
3560
3545
3524
3506
3489
3475
3464
3460
3464
3475
3489
3503
3517
3531
3553
3574
3595
3620
3638
3655
3676
3691
3705
3712
3719
3726
3733
3744
3758
3776
3793
3815
3857
3917
3971
4009
4038
4063
4087
4091
4091
4091
4095
4095
4095
4095
4095
4091
4087
4080
4073
4059
4041
4020
3981
3946
3928
3914
3907
3900
3896
3885
3878
3871
3864
3854
3843
3822
3786
3758
3726
3676
3627
3570
3521
3489
3453
3432
3418
3407
3397
3397
3397
3404
3411
3421
3429
3446
3453
3439
3407
3354
3294
3244
3184
3113
3053
2996
2936
2876
2816
2755
2688
2603
2529
2476
2433
2398
2362
2330
2299
2256
2196
2157
2132
2118
2114
2107
2100
2093
2104
2118
2128
2125
2090
2051
2004
1973
1934
1870
1824
1799
1778
1760
1746
1732
1703
1650
1611
1586
1562
1537
1516
1494
1473
1448
1427
1402
1374
1339
1278
1193
1154
1137
1119
1105
1098
1091
1087
1083
1083
1087
1087
1094
1098
1108
1122
1137
1165
1215
1285
1385
1533
1753
2033
2330
2593
2667
2621
2316
1803
1229
0726
0467
0428
0499
0676
0839
0903
0921
0935
0945
0942
0924
0899
0871
0832
0797
0758
0722
0701
0683
0669
0662
0676
0704
0729
0754
0775
0793
0804
0811
0818
0825
0828
0832
0836
0836
0836
0839
0836
0836
0832
0832
0828
0825
0821
0818
0807
0814
0846
0871
0896
0924
0952
1048
1158
1261
1303
1331
1360
1409
1463
1526
1586
1629
1661
1682
1700
1714
1718
1714
1700
1675
1597
1498
1392
1282
1186
1130
1073
1006
0931
0850
0804
0782
0768
0758
0750
0747
0747
0750
0758
0765
0768
0772
0775
0782
0786
0793
0797
0800
0804
0811
0814
0814
0811
0807
0800
0797
0793
0789
0782
0775
0768
0765
0758
0750
0740
0733
0733
0740
0754
0772
0800
0864
0910
0931
0949
0967
0974
0974
0967
0952
0938
0928
0917
0903
0889
0878
0867
0860
0853
0846
0839
0828
0821
0818
0814
0807
0800
0793
0786
0782
0782
0786
0793
0804
0814
0828
0846
0885
0935
0995
1073
1119
1144
1161
1179
1197
1211
1225
1236
1246
1261
1271
1275
1268
1257
1243
1232
1222
1211
1197
1186
1179
1179
1186
1200
1215
1225
1239
1254
1271
1289
1300
1310
1321
1335
1353
1374
1392
1409
1427
1441
1455
1470
1484
1494
1509
1519
1533
1540
1544
1540
1540
1537
1533
1530
1512
1512
1533
1540
1544
1548
1555
1558
1562
1565
1565
1569
1572
1572
1572
1569
1565
1562
1562
1558
1558
1562
1565
1569
1572
1572
1569
1565
1562
1558
1558
1562
1562
1565
1565
1565
1569
1576
1583
1590
1597
1643
1774
1948
2160
2419
2713
3046
3368
3581
3588
3407
2911
2277
1675
1268
1197
1225
1438
1608
1661
1629
1526
1438
1406
1409
1463
1526
1586
1604
1615
1622
1622
1604
1572
1551
1530
1512
1501
1491
1484
1473
1463
1452
1445
1466
1509
1548
1586
1633
1679
1739
1803
1831
1842
1845
1849
1849
1849
1852
1856
1859
1866
1870
1873
1881
1884
1891
1898
1912
1944
2029
2097
2132
2164
2189
2213
2231
2245
2260
2270
2277
2277
2270
2260
2242
2221
2192
2146
2104
2047
1976
1905
1824
1760
1721
1679
1636
1583
1523
1459
1416
1381
1346
1303
1250
1200
1151
1108
1083
1062
1037
1006
0988
0981
0974
0967
0963
0959
0959
0967
0984
1002
1023
1041
1055
1073
1091
1105
1122
1137
1151
1168
1186
1204
1225
1254
1282
1296
1300
1300
1300
1300
1300
1303
1303
1300
1300
1300
1300
1300
1300
1300
1296
1292
1289
1289
1289
1285
1282
1278
1275
1271
1271
1271
1271
1275
1282
1292
1303
1317
1331
1342
1356
1367
1381
1392
1413
1438
1459
1470
1463
1445
1424
1402
1377
1346
1317
1317
1342
1374
1406
1441
1473
1501
1523
1533
1540
1551
1558
1562
1565
1565
1565
1565
1569
1572
1576
1579
1583
1583
1586
1590
1594
1597
1601
1604
1611
1622
1640
1664
1693
1728
1788
1895
2086
2359
2695
3049
3368
3517
3496
3251
2755
2157
1615
1282
1236
1321
1572
1764
1831
1834
1813
1806
1803
1799
1799
1799
1803
1803
1803
1803
1799
1795
1795
1795
1795
1792
1788
1785
1781
1781
1781
1781
1781
1778
1774
1771
1767
1757
1746
1739
1742
1760
1788
1834
1930
1990
2019
2040
2058
2075
2090
2104
2111
2125
2143
2178
2256
2352
2451
2497
2518
2539
2557
2568
2575
2578
2582
2582
2582
2575
2571
2561
2550
2536
2518
2493
2437
2376
2316
2260
2203
2128
2036
1944
1842
1764
1721
1686
1643
1611
1590
1572
1562
1548
1537
1523
1512
1494
1480
1466
1452
1438
1424
1409
1395
1381
1367
1353
1339
1328
1317
1314
1314
1321
1328
1339
1353
1370
1392
1413
1448
1519
1579
1604
1615
1625
1640
1647
1657
1668
1675
1679
1686
1686
1689
1686
1675
1661
1650
1640
1633
1625
1618
1615
1611
1611
1611
1615
1611
1608
1601
1594
1590
1583
1576
1569
1562
1558
1555
1551
1551
1551
1548
1544
1537
1533
1530
1523
1519
1512
1498
1487
1477
1470
1473
1480
1487
1501
1512
1526
1540
1562
1576
1579
1579
1572
1562
1548
1533
1512
1498
1509
1544
1643
1810
2051
2352
2685
3000
3237
3319
3241
2996
2529
2036
1661
1572
1540
1636
1739
1827
1824
1746
1693
1657
1633
1611
1601
1597
1594
1590
1583
1565
1551
1548
1562
1586
1601
1611
1618
1625
1629
1633
1636
1636
1636
1633
1625
1618
1611
1604
1586
1572
1572
1601
1643
1689
1742
1781
1799
1810
1824
1838
1852
1870
1902
1941
1983
2033
2086
2132
2175
2217
2260
2299
2345
2405
2476
2546
2610
2631
2646
2660
2670
2653
2614
2557
2469
2384
2284
2171
2065
1955
1856
1771
1679
1583
1491
1438
1409
1388
1360
1328
1303
1289
1278
1264
1254
1243
1232
1225
1218
1211
1207
1204
1207
1211
1222
1229
1243
1254
1268
1282
1300
1317
1339
1385
1424
1445
1459
1477
1501
1512
1498
1470
1448
1431
1413
1399
1392
1392
1392
1399
1402
1409
1420
1441
1438
1399
1367
1335
1314
1303
1300
1289
1275
1324
1367
1392
1416
1427
1431
1431
1434
1438
1441
1448
1452
1455
1463
1470
1480
1494
1501
1509
1516
1523
1530
1537
1548
1551
1555
1555
1548
1540
1533
1519
1505
1491
1477
1466
1455
1445
1431
1416
1402
1392
1385
1377
1374
1370
1374
1374
1381
1392
1406
1420
1438
1455
1487
1548
1594
1693
1824
1997
2221
2493
2816
3163
3467
3560
3521
3223
2755
2252
1842
1633
1558
1604
1728
1827
1859
1866
1845
1813
1795
1781
1771
1760
1753
1749
1749
1746
1742
1742
1749
1757
1771
1785
1799
1813
1820
1831
1845
1859
1870
1881
1888
1888
1888
1891
1888
1884
1877
1866
1859
1852
1845
1831
1813
1813
1827
1849
1866
1888
1909
1937
1966
1997
2040
2082
2121
2182
2270
2352
2408
2454
2515
2596
2678
2734
2752
2766
2777
2780
2773
2752
2713
2600
2465
2380
2288
2206
2090
1962
1820
1728
1647
1590
1544
1519
1501
1491
1480
1470
1463
1455
1448
1441
1434
1431
1424
1416
1409
1402
1402
1406
1420
1434
1452
1466
1484
1501
1516
1526
1526
1523
1512
1501
1494
1484
1477
1470
1463
1455
1455
1459
1470
1480
1494
1505
1509
1516
1523
1533
1540
1548
1551
1555
1562
1565
1569
1569
1569
1569
1565
1565
1562
1558
1555
1548
1544
1537
1537
1533
1530
1526
1516
1509
1501
1501
1498
1487
1473
1459
1448
1448
1448
1455
1459
1466
1473
1480
1491
1501
1512
1519
1526
1537
1551
1569
1586
1597
1604
1615
1622
1636
1640
1650
1654
1654
1657
1654
1650
1643
1636
1622
1604
1590
1576
1558
1540
1523
1509
1494
1484
1473
1466
1459
1455
1448
1441
1434
1431
1427
1427
1427
1427
1427
1427
1434
1441
1452
1459
1466
1470
1473
1480
1491
1498
1498
1491
1473
1452
1427
1392
1339
1310
1292
1275
1268
1264
1285
1324
1360
1381
1399
1416
1431
1445
1459
1470
1480
1491
1498
1505
1509
1516
1523
1530
1540
1555
1572
1594
1618
1647
1686
1725
1746
1760
1767
1774
1781
1792
1803
1813
1824
1838
1863
1958
2157
2405
2695
3000
3280
3439
3446
3301
2940
2472
2004
1657
1555
1519
1579
1636
1675
1696
1682
1664
1640
1618
1647
1664
1675
1682
1686
1686
1686
1686
1689
1693
1703
1710
1714
1721
1725
1728
1732
1735
1739
1746
1753
1767
1788
1810
1820
1817
1810
1799
1792
1785
1778
1771
1771
1781
1799
1820
1845
1884
1927
1980
2022
2065
2100
2132
2164
2221
2306
2352
2376
2394
2415
2433
2451
2465
2479
2497
2515
2525
2532
2522
2504
2476
2440
2380
2267
2182
2128
2079
2036
1987
1930
1863
1803
1753
1703
1661
1636
1615
1597
1583
1569
1558
1548
1540
1533
1526
1523
1519
1516
1516
1512
1512
1509
1509
1509
1509
1509
1505
1505
1501
1505
1505
1505
1505
1501
1501
1498
1501
1505
1509
1512
1516
1519
1526
1533
1544
1551
1558
1565
1579
1622
1657
1693
1721
1746
1767
1778
1771
1749
1725
1700
1664
1633
1594
1555
1523
1494
1470
1448
1431
1416
1406
1402
1395
1388
1377
1370
1367
1367
1367
1367
1370
1374
1381
1395
1416
1438
1477
1562
1718
1916
2150
2419
2731
3053
3280
3358
3262
2968
2422
1803
1271
0963
0921
1006
1257
1501
1583
1604
1594
1533
1501
1480
1463
1448
1441
1431
1427
1424
1424
1427
1438
1452
1470
1484
1501
1516
1540
1565
1579
1586
1597
1604
1615
1625
1636
1640
1640
1640
1633
1625
1615
1601
1579
1586
1647
1707
1757
1795
1824
1849
1866
1884
1905
1927
1955
1980
2015
2061
2128
2185
2238
2295
2359
2398
2422
2447
2461
2472
2472
2465
2451
2430
2405
2352
2256
2153
2040
1909
1788
1672
1569
1473
1374
1278
1197
1165
1147
1133
1122
1115
1108
1101
1098
1091
1083
1076
1073
1069
1076
1094
1112
1126
1133
1144
1154
1168
1179
1193
1204
1211
1222
1232
1243
1254
1264
1271
1278
1289
1303
1314
1324
1331
1331
1331
1331
1331
1331
1328
1328
1328
1328
1328
1331
1335
1342
1349
1360
1367
1374
1381
1388
1395
1402
1406
1409
1413
1416
1420
1420
1416
1416
1409
1406
1402
1399
1399
1395
1392
1388
1385
1381
1374
1367
1374
1385
1392
1395
1399
1402
1406
1406
1413
1420
1431
1434
1438
1441
1448
1455
1463
1484
1523
1537
1544
1555
1562
1548
1526
1512
1501
1494
1484
1480
1484
1491
1501
1519
1533
1548
1565
1586
1601
1608
1604
1597
1583
1569
1548
1516
1512
1533
1586
1718
1902
2121
2380
2681
2986
3248
3351
3329
3106
2688
2199
1781
1555
1519
1594
1742
1834
1863
1817
1732
1675
1661
1654
1650
1647
1647
1640
1640
1636
1633
1629
1625
1625
1625
1622
1622
1618
1611
1604
1608
1625
1647
1668
1689
1710
1728
1746
1764
1785
1806
1834
1870
1909
1966
2029
2065
2086
2100
2114
2125
2139
2150
2164
2185
2221
2274
2316
2352
2380
2398
2415
2433
2447
2469
2497
2529
2554
2585
2607
2617
2610
2596
2575
2539
2472
2394
2316
2189
2068
2001
1941
1895
1845
1778
1689
1643
1622
1608
1597
1586
1572
1562
1551
1544
1533
1523
1501
1470
1441
1416
1406
1395
1381
1374
1367
1363
1360
1363
1367
1370
1377
1385
1399
1409
1424
1434
1445
1455
1470
1480
1494
1509
1519
1530
1544
1551
1562
1569
1579
1586
1597
1618
1636
1643
1636
1615
1590
1569
1544
1516
1494
1473
1431
1388
1377
1370
1363
1363
1367
1385
1409
1431
1441
1445
1452
1459
1470
1477
1484
1491
1498
1501
1509
1516
1519
1519
1519
1516
1509
1505
1501
1498
1498
1494
1491
1487
1484
1484
1484
1484
1484
1480
1477
1473
1470
1466
1459
1455
1448
1445
1441
1448
1459
1473
1487
1501
1512
1519
1530
1540
1548
1551
1555
1558
1565
1569
1576
1579
1583
1586
1586
1590
1597
1601
1608
1615
1625
1643
1707
1838
2022
2281
2596
2950
3287
3510
3531
3404
3000
2458
1948
1608
1487
1484
1576
1661
1682
1696
1703
1707
1707
1700
1686
1672
1657
1650
1640
1622
1608
1597
1601
1615
1636
1654
1672
1682
1693
1710
1728
1742
1753
1760
1767
1774
1778
1785
1788
1792
1792
1799
1806
1820
1831
1842
1852
1866
1888
1909
1937
1969
2004
2036
2072
2111
2146
2182
2221
2263
2299
2330
2369
2412
2433
2447
2454
2461
2469
2472
2469
2465
2451
2433
2408
2359
2277
2210
2132
2054
1976
1912
1863
1806
1746
1686
1629
1579
1533
1491
1441
1413
1395
1381
1367
1356
1346
1335
1324
1317
1314
1310
1303
1300
1292
1289
1278
1271
1264
1268
1282
1303
1324
1346
1363
1385
1399
1416
1427
1441
1455
1470
1480
1487
1480
1463
1441
1420
1399
1381
1370
1370
1388
1406
1420
1424
1431
1438
1445
1452
1459
1466
1473
1480
1487
1494
1494
1494
1491
1487
1484
1484
1484
1480
1477
1473
1473
1473
1473
1470
1466
1463
1459
1452
1448
1448
1445
1441
1441
1438
1438
1434
1431
1427
1427
1431
1445
1466
1491
1519
1562
1601
1636
1746
1905
2118
2366
2660
2972
3255
3418
3418
3248
2840
2352
1919
1664
1586
1611
1647
1672
1625
1576
1533
1516
1512
1516
1519
1523
1530
1530
1530
1530
1526
1530
1530
1533
1533
1530
1526
1526
1530
1537
1551
1565
1586
1604
1636
1668
1707
1728
1746
1760
1771
1778
1788
1795
1806
1817
1824
1834
1842
1852
1863
1884
1905
1927
1948
1973
1997
2022
2054
2086
2114
2150
2196
2263
2316
2362
2405
2440
2469
2500
2532
2546
2529
2483
2433
2369
2309
2231
2125
2004
1888
1767
1654
1548
1452
1388
1342
1310
1296
1285
1278
1271
1268
1268
1268
1268
1268
1271
1271
1271
1275
1282
1285
1292
1296
1300
1303
1307
1310
1314
1317
1317
1317
1324
1328
1335
1339
1342
1342
1342
1339
1339
1339
1335
1328
1321
1321
1321
1324
1335
1349
1363
1377
1399
1420
1448
1473
1491
1509
1526
1537
1540
1540
1533
1526
1523
1516
1509
1505
1498
1494
1498
1501
1505
1512
1519
1530
1540
1544
1540
1526
1512
1505
1498
1491
1480
1477
1477
1484
1498
1516
1530
1537
1544
1551
1558
1565
1576
1583
1590
1597
1601
1608
1608
1611
1611
1608
1608
1608
1611
1622
1633
1629
1611
1586
1569
1551
1537
1526
1523
1526
1530
1537
1544
1555
1565
1579
1601
1636
1739
1916
2143
2422
2745
3081
3347
3429
3397
3156
2745
2284
1877
1643
1569
1597
1643
1700
1735
1753
1767
1774
1781
1795
1810
1774
1714
1647
1604
1572
1562
1572
1597
1633
1679
1696
1707
1714
1718
1721
1725
1728
1728
1728
1725
1721
1718
1714
1707
1700
1693
1686
1686
1696
1710
1725
1746
1774
1803
1838
1873
1909
1941
1969
2019
2086
2139
2178
2210
2238
2256
2277
2299
2316
2334
2352
2369
2384
2398
2412
2430
2451
2461
2447
2419
2369
2309
2235
2139
2022
1944
1852
1771
1710
1668
1636
1594
1537
1484
1416
1356
1314
1292
1282
1275
1268
1264
1261
1257
1250
1246
1239
1236
1225
1218
1207
1190
1179
1197
1232
1254
1268
1282
1296
1307
1321
1335
1346
1356
1367
1381
1406
1420
1424
1431
1434
1438
1441
1445
1448
1448
1445
1441
1438
1427
1413
1416
1455
1480
1501
1516
1530
1533
1537
1537
1533
1533
1533
1533
1530
1530
1526
1526
1526
1523
1523
1523
1523
1526
1533
1537
1540
1544
1544
1551
1555
1555
1555
1548
1537
1519
1501
1477
1441
1438
1477
1586
1785
2079
2465
2904
3322
3574
3591
3411
2968
2444
1951
1604
1516
1487
1555
1608
1636
1657
1675
1686
1686
1679
1664
1643
1629
1597
1544
1501
1477
1463
1448
1441
1438
1434
1431
1431
1434
1448
1463
1480
1505
1555
1636
1672
1696
1718
1735
1749
1760
1774
1792
1813
1845
1884
1912
1934
1958
1980
2004
2029
2051
2072
2097
2125
2153
2175
2199
2249
2323
2369
2394
2412
2430
2440
2451
2458
2472
2493
2504
2490
2458
2426
2394
2355
2309
2231
2136
2051
1976
1923
1881
1831
1767
1689
1615
1540
1480
1434
1402
1381
1356
1346
1353
1370
1385
1402
1413
1399
1367
1328
1285
1250
1222
1200
1183
1183
1207
1239
1264
1282
1300
1321
1339
1356
1377
1395
1413
1427
1445
1463
1477
1484
1484
1473
1459
1445
1434
1427
1424
1420
1413
1409
1402
1399
1392
1388
1385
1381
1377
1377
1377
1381
1381
1377
1377
1374
1374
1374
1374
1370
1370
1370
1370
1374
1374
1374
1374
1363
1346
1381
1434
1498
1530
1540
1551
1562
1569
1576
1583
1586
1583
1579
1572
1565
1555
1540
1523
1509
1494
1480
1466
1448
1434
1424
1416
1420
1427
1445
1466
1487
1509
1537
1590
1625
1640
1643
1650
1654
1657
1664
1668
1675
1679
1682
1689
1696
1707
1721
1785
1898
2061
2277
2546
2865
3195
3432
3453
3319
2897
2327
1749
1328
1200
1215
1409
1608
1679
1682
1664
1650
1640
1640
1664
1682
1703
1718
1718
1707
1693
1686
1679
1672
1668
1664
1672
1682
1696
1710
1718
1725
1728
1735
1742
1746
1749
1753
1753
1757
1764
1771
1774
1778
1778
1781
1788
1792
1799
1806
1817
1827
1852
1909
1951
2004
2075
2143
2217
2288
2362
2426
2472
2511
2550
2589
2631
2656
2674
2688
2695
2695
2688
2670
2649
2607
2536
2419
2288
2210
2136
2058
1987
1905
1813
1725
1661
1625
1583
1540
1473
1385
1346
1324
1310
1300
1292
1289
1289
1292
1296
1303
1314
1324
1339
1349
1356
1363
1367
1374
1381
1388
1392
1395
1395
1399
1399
1402
1402
1399
1399
1395
1392
1392
1388
1388
1385
1385
1385
1385
1385
1385
1385
1385
1385
1385
1385
1385
1388
1392
1395
1399
1402
1406
1409
1413
1420
1427
1434
1438
1441
1448
1459
1470
1477
1484
1491
1491
1487
1484
1480
1473
1466
1452
1438
1420
1395
1346
1339
1328
1321
1314
1328
1360
1395
1441
1480
1494
1505
1512
1523
1530
1540
1544
1551
1555
1558
1562
1562
1558
1551
1544
1540
1537
1530
1526
1519
1516
1509
1505
1498
1491
1477
1459
1448
1445
1459
1480
1509
1562
1647
1788
1994
2281
2635
3014
3336
3443
3400
3074
2504
1859
1335
1091
1066
1193
1413
1608
1707
1757
1781
1803
1817
1820
1817
1810
1795
1778
1757
1735
1696
1657
1618
1590
1565
1544
1526
1523
1526
1540
1562
1583
1611
1647
1682
1721
1749
1778
1803
1827
1845
1859
1877
1888
1902
1919
1944
1973
2001
2026
2054
2082
2107
2125
2139
2153
2171
2189
2210
2231
2256
2277
2306
2337
2384
2422
2454
2479
2497
2515
2525
2525
2518
2500
2472
2422
2337
2249
2164
2100
2047
2004
1944
1866
1778
1689
1625
1583
1544
1501
1466
1434
1399
1367
1339
1317
1296
1275
1261
1246
1236
1229
1222
1218
1211
1204
1197
1190
1186
1190
1200
1211
1225
1239
1254
1275
1292
1314
1342
1370
1399
1424
1448
1477
1498
1509
1505
1491
1470
1452
1438
1431
1420
1409
1399
1385
1377
1370
1363
1353
1346
1342
1335
1335
1339
1342
1346
1349
1353
1356
1363
1370
1377
1388
1399
1409
1420
1431
1448
1470
1487
1498
1501
1509
1516
1526
1537
1548
1551
1551
1544
1537
1530
1523
1516
1505
1494
1484
1473
1466
1459
1455
1452
1448
1445
1445
1445
1445
1445
1441
1438
1434
1431
1427
1424
1424
1424
1427
1431
1438
1445
1452
1459
1470
1477
1487
1498
1519
1565
1608
1643
1672
1703
1732
1827
1966
2160
2426
2752
3096
3393
3471
3421
3099
2621
2093
1640
1395
1314
1374
1480
1540
1558
1569
1551
1533
1519
1512
1530
1572
1625
1679
1696
1710
1721
1728
1714
1693
1679
1668
1654
1643
1640
1640
1643
1654
1661
1672
1675
1682
1689
1696
1703
1710
1721
1728
1735
1739
1746
1753
1760
1767
1781
1806
1863
1909
1973
2058
2139
2199
2252
2291
2320
2345
2369
2391
2415
2440
2469
2500
2529
2557
2585
2610
2635
2642
2635
2617
2585
2536
2458
2387
2302
2199
2093
1987
1888
1799
1703
1625
1565
1509
1463
1427
1402
1385
1370
1356
1342
1328
1317
1314
1321
1335
1353
1367
1388
1406
1416
1420
1416
1413
1406
1395
1388
1392
1409
1431
1445
1455
1466
1480
1491
1494
1491
1484
1473
1463
1452
1445
1431
1416
1402
1392
1392
1399
1413
1427
1441
1448
1459
1466
1473
1480
1484
1491
1498
1505
1512
1519
1526
1530
1533
1533
1537
1537
1537
1537
1533
1533
1533
1533
1537
1548
1558
1558
1540
1519
1509
1501
1494
1484
1477
1466
1459
1455
1455
1459
1466
1473
1487
1501
1523
1540
1555
1565
1576
1586
1597
1608
1618
1625
1633
1640
1643
1647
1654
1657
1654
1650
1647
1643
1640
1633
1625
1618
1611
1601
1594
1586
1579
1569
1555
1537
1523
1512
1512
1519
1537
1555
1576
1594
1611
1633
1650
1664
1679
1693
1700
1710
1718
1721
1728
1735
1742
1749
1760
1767
1778
1792
1806
1827
1873
1966
2100
2299
2571
2904
3251
3542
3648
3627
3390
2943
2408
1927
1601
1487
1452
1509
1615
1682
1696
1700
1700
1700
1703
1700
1700
1700
1703
1707
1710
1718
1725
1728
1735
1739
1742
1749
1757
1764
1767
1774
1781
1788
1799
1810
1820
1831
1842
1852
1863
1873
1877
1884
1884
1888
1891
1898
1905
1916
1927
1944
1966
1990
2015
2040
2072
2121
2196
2256
2306
2348
2394
2440
2497
2561
2600
2621
2639
2653
2660
2660
2649
2624
2593
2536
2440
2359
2299
2231
2143
2026
1898
1771
1668
1590
1516
1448
1395
1360
1339
1335
1331
1331
1328
1328
1324
1324
1321
1317
1314
1310
1314
1314
1317
1317
1317
1317
1317
1317
1317
1314
1310
1303
1296
1292
1292
1289
1282
1275
1271
1268
1268
1268
1264
1261
1257
1254
1254
1254
1254
1254
1254
1254
1254
1257
1257
1264
1275
1289
1307
1324
1346
1363
1377
1388
1402
1413
1424
1434
1441
1445
1445
1441
1438
1431
1427
1420
1413
1409
1402
1395
1388
1385
1374
1363
1353
1342
1339
1335
1339
1346
1353
1363
1374
1392
1406
1406
1392
1381
1370
1360
1356
1356
1367
1385
1399
1409
1424
1441
1459
1473
1473
1466
1452
1441
1431
1427
1416
1406
1395
1388
1385
1381
1381
1385
1385
1385
1392
1395
1402
1409
1413
1413
1416
1416
1424
1431
1438
1438
1424
1399
1363
1335
1314
1289
1264
1239
1218
1207
1207
1218
1229
1243
1264
1285
1310
1346
1388
1427
1463
1505
1544
1583
1618
1661
1813
2033
2330
2674
3021
3301
3397
3312
3039
2497
1912
1438
1225
1151
1229
1363
1463
1484
1487
1487
1491
1491
1494
1498
1501
1505
1512
1516
1523
1526
1530
1537
1544
1551
1558
1569
1579
1597
1611
1629
1647
1668
1689
1710
1728
1746
1764
1781
1803
1824
1849
1877
1898
1927
1951
1966
1976
1983
1994
2004
2012
2026
2036
2051
2061
2072
2086
2100
2121
2143
2185
2274
2341
2398
2444
2486
2525
2554
2578
2603
2617
2624
2617
2593
2557
2518
2472
2405
2348
2302
2228
2125
2026
1930
1866
1824
1771
1710
1640
1562
1501
1477
1463
1448
1438
1427
1420
1413
1409
1406
1406
1409
1413
1420
1427
1434
1448
1466
1487
1509
1526
1555
1583
1611
1636
1657
1675
1689
1696
1707
1718
1728
1739
1746
1757
1764
1774
1781
1785
1788
1792
1792
1795
1803
1810
1817
1824
1831
1834
1834
1834
1831
1827
1820
1813
1806
1803
1799
1795
1795
1792
1788
1785
1778
1774
1771
1771
1771
1771
1774
1774
1774
1774
1774
1774
1771
1771
1767
1764
1757
1753
1749
1749
1746
1746
1746
1742
1739
1735
1728
1721
1714
1707
1700
1679
1654
1640
1629
1618
1611
1601
1590
1579
1569
1562
1558
1555
1555
1555
1558
1565
1572
1583
1590
1594
1601
1604
1608
1615
1629
1640
1650
1650
1640
1618
1597
1572
1537
1516
1533
1586
1728
1941
2231
2596
2989
3280
3375
3312
3127
2745
2323
1948
1714
1625
1562
1509
1463
1441
1463
1512
1569
1633
1633
1565
1519
1484
1452
1438
1441
1463
1494
1523
1537
1551
1565
1579
1586
1597
1601
1604
1604
1604
1601
1597
1590
1583
1579
1576
1569
1555
1544
1533
1533
1540
1558
1579
1601
1622
1647
1679
1714
1749
1788
1842
1916
1980
2029
2065
2104
2143
2182
2221
2260
2302
2330
2359
2415
2497
2546
2582
2596
2571
2511
2440
2352
2274
2167
2043
1916
1803
1718
1650
1583
1487
1377
1275
1190
1130
1087
1076
1066
1059
1055
1055
1062
1069
1076
1080
1087
1091
1098
1101
1108
1115
1126
1133
1137
1140
1140
1140
1140
1144
1151
1158
1168
1179
1190
1204
1218
1232
1239
1250
1254
1261
1268
1275
1285
1296
1303
1314
1324
1331
1335
1339
1339
1339
1335
1331
1328
1321
1317
1310
1310
1303
1296
1289
1303
1328
1346
1360
1370
1381
1381
1377
1370
1360
1356
1349
1339
1328
1321
1317
1324
1342
1360
1374
1385
1392
1402
1413
1427
1438
1448
1452
1459
1463
1470
1473
1473
1473
1473
1473
1473
1473
1473
1473
1477
1480
1487
1494
1501
1505
1512
1519
1533
1548
1565
1608
1707
1891
2150
2465
2802
3120
3372
3446
3414
3159
2709
2167
1686
1413
1321
1367
1448
1523
1576
1608
1583
1569
1565
1558
1555
1555
1555
1558
1562
1569
1576
1583
1590
1601
1615
1625
1633
1625
1615
1594
1576
1555
1530
1509
1509
1530
1558
1579
1604
1629
1654
1682
1710
1749
1799
1838
1870
1895
1916
1937
1966
1997
2033
2072
2107
2143
2171
2192
2213
2235
2256
2277
2309
2352
2391
2430
2472
2522
2561
2589
2607
2617
2610
2593
2568
2522
2444
2362
2270
2167
2058
1941
1834
1735
1640
1572
1519
1470
1402
1331
1303
1285
1271
1264
1257
1257
1261
1264
1271
1275
1282
1296
1307
1310
1300
1282
1268
1250
1239
1236
1243
1261
1275
1282
1285
1289
1296
1303
1307
1310
1314
1321
1324
1331
1335
1339
1339
1339
1339
1342
1346
1349
1356
1363
1370
1385
1402
1420
1438
1455
1470
1480
1487
1494
1501
1509
1516
1523
1523
1526
1526
1523
1519
1516
1509
1501
1498
1491
1487
1484
1480
1480
1477
1473
1470
1466
1463
1459
1459
1459
1455
1459
1466
1473
1484
1494
1501
1512
1519
1530
1540
1555
1569
1579
1590
1597
1608
1622
1643
1689
1725
1742
1749
1760
1767
1774
1792
1803
1813
1834
1863
1987
2196
2479
2833
3212
3531
3613
3567
3248
2734
2160
1686
1455
1438
1569
1795
1927
1973
1962
1905
1852
1803
1771
1746
1739
1735
1728
1721
1714
1707
1703
1700
1696
1693
1693
1693
1693
1693
1693
1693
1693
1696
1700
1703
1707
1710
1714
1721
1728
1742
1753
1764
1774
1792
1842
1881
1912
1951
1997
2022
2043
2054
2072
2090
2114
2143
2182
2238
2281
2320
2359
2405
2472
2550
2600
2631
2653
2663
2670
2681
2692
2685
2628
2543
2440
2362
2306
2249
2175
2075
1987
1919
1863
1806
1749
1693
1618
1519
1452
1413
1388
1370
1360
1349
1342
1335
1328
1328
1331
1346
1367
1388
1406
1416
1431
1441
1455
1470
1480
1494
1501
1512
1519
1526
1533
1537
1540
1544
1544
1551
1558
1569
1576
1572
1555
1526
1505
1491
1477
1459
1445
1431
1420
1413
1409
1409
1409
1413
1420
1431
1445
1459
1470
1477
1484
1491
1501
1516
1523
1530
1530
1530
1530
1530
1526
1523
1519
1516
1512
1512
1509
1509
1501
1494
1487
1484
1480
1480
1480
1480
1477
1477
1477
1480
1480
1484
1480
1480
1480
1480
1480
1480
1484
1487
1491
1498
1505
1516
1530
1562
1643
1735
1831
1994
2206
2500
2862
3241
3553
3627
3581
3241
2702
2143
1718
1512
1438
1494
1526
1540
1551
1558
1562
1572
1579
1586
1597
1608
1618
1629
1633
1633
1633
1636
1640
1640
1643
1650
1657
1664
1675
1682
1689
1696
1700
1703
1703
1703
1707
1707
1707
1710
1714
1718
1721
1728
1735
1739
1746
1753
1764
1778
1817
1849
1877
1909
1951
2015
2086
2150
2192
2249
2320
2398
2483
2568
2624
2656
2681
2699
2709
2709
2685
2649
2614
2571
2532
2497
2437
2337
2228
2114
1987
1866
1753
1640
1526
1434
1385
1356
1331
1303
1275
1232
1179
1161
1144
1130
1122
1137
1172
1211
1261
1292
1310
1317
1324
1331
1339
1349
1363
1374
1388
1399
1409
1416
1427
1434
1438
1445
1448
1452
1455
1459
1463
1463
1466
1466
1466
1466
1463
1459
1455
1448
1445
1441
1434
1427
1416
1409
1402
1395
1385
1370
1360
1353
1356
1370
1385
1402
1413
1424
1441
1459
1473
1480
1487
1491
1491
1494
1494
1494
1494
1491
1491
1494
1501
1505
1505
1509
1509
1512
1516
1516
1516
1512
1512
1509
1512
1516
1519
1523
1526
1537
1544
1551
1551
1544
1530
1512
1498
1477
1459
1459
1473
1501
1548
1618
1686
1760
1898
2068
2288
2557
2872
3220
3542
3701
3691
3467
2950
2284
1664
1289
1232
1314
1583
1771
1831
1774
1735
1718
1707
1696
1689
1682
1682
1679
1679
1679
1679
1679
1679
1682
1686
1686
1689
1686
1686
1686
1689
1693
1696
1700
1700
1696
1686
1679
1672
1661
1650
1650
1668
1696
1728
1764
1806
1852
1898
1944
1980
2012
2043
2086
2143
2192
2235
2277
2316
2362
2419
2476
2522
2554
2585
2614
2639
2667
2695
2720
2720
2706
2678
2635
2571
2508
2444
2330
2189
2043
1912
1827
1749
1689
1629
1572
1523
1487
1459
1427
1385
1328
1292
1271
1257
1243
1236
1232
1232
1239
1250
1268
1282
1296
1303
1314
1324
1335
1349
1363
1370
1377
1381
1381
1377
1374
1370
1363
1353
1339
1331
1321
1314
1307
1292
1278
1264
1257
1257
1261
1275
1289
1307
1324
1349
1381
1409
1424
1434
1438
1445
1448
1455
1459
1463
1463
1463
1463
1466
1466
1466
1466
1463
1455
1452
1448
1441
1438
1431
1424
1416
1413
1409
1406
1402
1399
1399
1399
1395
1395
1392
1388
1385
1381
1381
1381
1385
1385
1385
1388
1392
1395
1402
1406
1409
1413
1413
1413
1413
1416
1416
1416
1416
1416
1420
1420
1424
1424
1427
1431
1438
1445
1455
1466
1484
1505
1558
1604
1714
1895
2164
2518
2933
3340
3645
3687
3584
3138
2543
1941
1463
1254
1236
1360
1551
1597
1608
1615
1618
1618
1615
1601
1583
1565
1551
1537
1523
1505
1494
1487
1484
1484
1484
1480
1477
1473
1470
1466
1473
1491
1516
1540
1565
1590
1618
1640
1661
1682
1700
1721
1739
1764
1785
1803
1827
1856
1902
1955
1990
2008
2022
2033
2043
2058
2068
2079
2090
2104
2118
2143
2182
2224
2270
2295
2316
2334
2348
2359
2362
2362
2359
2348
2334
2316
2295
2263
2199
2139
2058
1962
1799
1654
1583
1523
1477
1409
1363
1331
1307
1282
1268
1250
1222
1183
1165
1158
1154
1147
1144
1140
1140
1137
1137
1137
1140
1144
1147
1154
1165
1176
1186
1197
1222
1278
1303
1314
1321
1328
1335
1339
1349
1356
1367
1377
1388
1395
1406
1413
1424
1448
1470
1477
1463
1434
1406
1395
1388
1381
1377
1367
1360
1353
1346
1339
1331
1328
1324
1321
1321
1321
1324
1331
1335
1342
1342
1342
1342
1335
1328
1321
1328
1346
1356
1367
1377
1381
1377
1374
1367
1363
1353
1360
1409
1548
1721
1919
2128
2366
2660
2968
3202
3230
3110
2699
2143
1555
1080
0889
0889
1091
1360
1526
1565
1590
1608
1618
1625
1622
1618
1611
1601
1586
1576
1562
1540
1519
1509
1512
1526
1551
1579
1611
1654
1689
1718
1735
1749
1760
1771
1778
1788
1799
1806
1813
1820
1831
1845
1870
1916
1955
1983
2004
2022
2043
2068
2093
2121
2157
2192
2224
2277
2352
2422
2500
2564
2614
2663
2717
2766
2794
2819
2837
2848
2830
2791
2731
2639
2539
2444
2341
2252
2111
1969
1824
1753
1710
1682
1654
1629
1579
1540
1526
1519
1512
1505
1491
1480
1466
1445
1441
1463
1484
1501
1509
1498
1470
1448
1434
1420
1406
1392
1377
1363
1353
1346
1335
1328
1324
1321
1328
1339
1353
1367
1381
1395
1413
1434
1452
1463
1463
1463
1459
1459
1459
1455
1448
1487
1526
1555
1579
1597
1618
1640
1640
1601
1548
1473
1402
1335
1300
1275
1264
1264
1278
1296
1317
1346
1374
1406
1420
1434
1441
1452
1459
1463
1466
1459
1448
1434
1420
1406
1392
1377
1363
1353
1342
1335
1331
1331
1335
1335
1339
1342
1349
1356
1367
1385
1399
1409
1420
1434
1445
1455
1470
1484
1498
1555
1679
1834
2026
2284
2621
2996
3333
3475
3450
3173
2667
2075
1576
1331
1246
1285
1402
1473
1491
1501
1512
1519
1523
1526
1530
1533
1533
1533
1530
1526
1523
1519
1516
1509
1505
1498
1487
1470
1463
1473
1494
1530
1590
1618
1633
1640
1643
1650
1657
1664
1675
1679
1686
1693
1703
1718
1746
1810
1852
1877
1898
1919
1941
1980
2029
2047
2058
2068
2082
2104
2128
2164
2210
2242
2277
2334
2405
2465
2497
2515
2529
2536
2532
2518
2497
2461
2398
2327
2252
2171
2093
1976
1849
1718
1640
1558
1473
1424
1402
1388
1374
1363
1356
1349
1342
1335
1328
1321
1314
1307
1300
1292
1289
1285
1285
1289
1296
1314
1335
1363
1420
1505
1533
1551
1562
1572
1579
1583
1586
1586
1586
1583
1576
1569
1558
1544
1526
1501
1455
1431
1413
1392
1395
1445
1470
1484
1501
1512
1523
1530
1533
1537
1540
1540
1544
1544
1540
1537
1530
1526
1523
1519
1516
1509
1501
1498
1491
1487
1480
1473
1463
1448
1431
1399
1374
1342
1317
1370
1420
1452
1477
1494
1505
1516
1523
1526
1533
1540
1544
1551
1551
1551
1548
1544
1540
1537
1533
1526
1519
1516
1512
1512
1512
1512
1516
1519
1526
1540
1555
1576
1650
1803
2019
2274
2543
2830
3124
3361
3393
3319
2947
2384
1767
1303
1151
1158
1346
1579
1735
1792
1792
1749
1686
1640
1622
1608
1615
1647
1672
1696
1710
1714
1700
1672
1640
1597
1540
1509
1491
1473
1459
1452
1463
1487
1512
1540
1572
1601
1625
1640
1668
1703
1735
1760
1781
1806
1842
1884
1930
1983
2022
2047
2093
2157
2231
2291
2334
2369
2419
2465
2511
2546
2568
2578
2589
2596
2603
2603
2603
2600
2593
2582
2568
2550
2525
2479
2426
2359
2277
2139
1990
1852
1735
1664
1629
1608
1597
1590
1579
1565
1555
1548
1533
1516
1477
1388
1331
1303
1282
1268
1264
1264
1264
1264
1264
1268
1268
1268
1268
1271
1271
1275
1285
1303
1321
1335
1349
1363
1377
1388
1402
1413
1420
1424
1431
1434
1438
1441
1445
1445
1448
1452
1459
1463
1466
1466
1463
1455
1448
1445
1438
1434
1431
1427
1420
1416
1416
1413
1413
1416
1420
1427
1438
1445
1455
1463
1470
1473
1477
1480
1487
1487
1491
1494
1494
1498
1501
1501
1501
1498
1494
1487
1477
1470
1463
1455
1445
1438
1431
1427
1424
1416
1406
1395
1388
1388
1392
1402
1413
1420
1420
1424
1427
1434
1438
1441
1445
1448
1448
1452
1455
1459
1463
1466
1466
1466
1470
1477
1480
1487
1494
1505
1516
1530
1548
1569
1586
1604
1622
1643
1693
1785
1962
2210
2518
2872
3220
3464
3485
3344
2869
2231
1597
1115
0921
0906
1037
1275
1498
1633
1675
1675
1633
1608
1594
1576
1569
1558
1551
1548
1544
1544
1544
1548
1558
1569
1579
1590
1597
1608
1615
1622
1629
1636
1640
1640
1647
1657
1664
1672
1679
1682
1693
1703
1718
1735
1753
1771
1792
1813
1838
1863
1884
1898
1919
1958
2029
2086
2128
2171
2213
2256
2313
2391
2490
2546
2578
2600
2614
2617
2617
2607
2589
2568
2529
2458
2391
2320
2245
2175
2043
1905
1806
1710
1640
1586
1533
1484
1431
1392
1356
1331
1314
1300
1292
1285
1278
1275
1271
1275
1292
1314
1339
1360
1370
1377
1388
1399
1409
1416
1424
1427
1434
1438
1445
1452
1459
1463
1466
1470
1473
1477
1480
1480
1484
1487
1494
1509
1526
1544
1555
1555
1551
1544
1537
1526
1516
1494
1480
1470
1480
1505
1530
1548
1562
1576
1594
1608
1625
1640
1650
1664
1686
1732
1817
1955
2175
2486
2883
3312
3634
3669
3545
3064
2444
1923
1739
1675
1714
1746
1767
1781
1792
1788
1774
1753
1721
1657
1583
1558
1540
1526
1516
1512
1512
1512
1516
1519
1526
1537
1555
1572
1590
1604
1615
1629
1640
1647
1657
1672
1682
1693
1703
1710
1721
1732
1742
1767
1820
1873
1923
1969
2004
2036
2079
2125
2171
2203
2224
2245
2270
2295
2327
2387
2454
2479
2493
2500
2508
2511
2511
2500
2486
2472
2451
2426
2384
2345
2313
2217
2072
1905
1806
1721
1657
1604
1544
1494
1480
1473
1470
1466
1463
1455
1441
1424
1399
1363
1353
1349
1346
1342
1339
1335
1331
1328
1324
1317
1310
1300
1292
1289
1282
1275
1264
1254
1246
1243
1243
1250
1257
1268
1278
1292
1307
1328
1346
1363
1385
1416
1452
1459
1463
1470
1473
1473
1477
1477
1477
1477
1477
1477
1477
1473
1470
1466
1466
1466
1470
1470
1470
1470
1470
1466
1463
1452
1452
1466
1477
1487
1494
1501
1498
1491
1480
1473
1470
1470
1463
1455
1448
1445
1441
1438
1438
1434
1434
1434
1434
1438
1441
1445
1448
1452
1455
1463
1466
1473
1477
1487
1498
1509
1544
1629
1788
2022
2323
2678
3049
3393
3609
3623
3482
3057
2490
1934
1530
1381
1377
1463
1530
1558
1572
1583
1590
1594
1594
1586
1576
1565
1555
1548
1533
1516
1501
1491
1491
1494
1505
1512
1519
1526
1537
1551
1565
1576
1586
1594
1604
1615
1625
1640
1664
1689
1707
1725
1739
1757
1771
1781
1788
1795
1810
1827
1859
1937
2001
2040
2065
2082
2114
2160
2192
2206
2221
2242
2263
2295
2355
2444
2486
2515
2532
2543
2539
2532
2518
2497
2461
2401
2341
2270
2192
2114
1994
1891
1792
1739
1689
1640
1590
1537
1501
1480
1463
1445
1420
1392
1353
1328
1310
1300
1292
1289
1282
1278
1275
1271
1268
1264
1257
1250
1236
1239
1275
1324
1399
1434
1455
1470
1480
1487
1494
1498
1501
1505
1509
1509
1512
1516
1519
1526
1487
1445
1416
1395
1377
1363
1339
1307
1289
1278
1264
1257
1271
1303
1331
1360
1388
1413
1434
1459
1491
1494
1470
1452
1431
1420
1420
1420
1424
1427
1427
1427
1427
1427
1431
1434
1441
1452
1459
1466
1484
1480
1445
1409
1377
1353
1339
1328
1314
1310
1324
1353
1402
1463
1494
1516
1533
1555
1576
1594
1608
1618
1633
1643
1654
1664
1682
1703
1718
1707
1679
1640
1586
1558
1544
1533
1530
1526
1533
1544
1562
1597
1647
1675
1686
1696
1703
1710
1721
1728
1735
1746
1764
1824
1916
2065
2281
2557
2904
3312
3723
4006
4034
3882
3358
2646
1969
1548
1445
1590
1820
1955
2001
1962
1895
1834
1813
1806
1803
1795
1792
1788
1785
1774
1767
1760
1753
1749
1746
1742
1735
1725
1703
1689
1689
1703
1725
1735
1746
1757
1771
1781
1795
1810
1834
1873
1902
1937
1987
2043
2107
2143
2157
2167
2178
2182
2189
2196
2203
2206
2213
2217
2224
2231
2242
2256
2291
2327
2373
2422
2469
2511
2543
2561
2561
2529
2479
2415
2345
2277
2171
2068
2015
1976
1951
1927
1902
1859
1788
1721
1672
1633
1594
1551
1512
1459
1377
1331
1314
1300
1289
1282
1275
1264
1257
1246
1243
1243
1239
1232
1225
1204
1161
1137
1112
1087
1133
1168
1190
1204
1218
1236
1257
1278
1296
1324
1367
1399
1424
1441
1459
1470
1473
1455
1427
1392
1367
1335
1307
1289
1289
1289
1289
1285
1285
1282
1282
1282
1289
1296
1303
1310
1296
1268
1250
1232
1215
1204
1204
1215
1232
1257
1307
1360
1381
1392
1402
1413
1420
1431
1445
1459
1473
1484
1491
1487
1477
1463
1445
1431
1416
1399
1385
1374
1363
1353
1339
1328
1328
1339
1360
1427
1565
1774
2036
2348
2724
3113
3397
3421
3255
2741
2082
1473
1108
1052
1130
1392
1640
1735
1767
1700
1643
1615
1586
1565
1551
1544
1530
1512
1480
1445
1424
1406
1395
1388
1392
1409
1438
1466
1494
1526
1558
1579
1597
1615
1633
1643
1661
1682
1703
1728
1764
1813
1859
1891
1916
1937
1955
1973
1990
2015
2043
2075
2104
2121
2136
2146
2160
2175
2189
2203
2221
2256
2323
2376
2415
2458
2504
2543
2554
2564
2575
2568
2522
2472
2419
2366
2299
2206
2107
2004
1930
1881
1842
1810
1781
1749
1707
1654
1576
1466
1385
1324
1285
1257
1236
1222
1225
1257
1300
1335
1370
1402
1424
1441
1455
1463
1466
1470
1477
1484
1487
1491
1491
1494
1498
1505
1512
1516
1519
1523
1526
1530
1540
1548
1558
1565
1579
1611
1633
1618
1583
1558
1533
1512
1501
1501
1501
1501
1494
1487
1484
1484
1501
1530
1565
1604
1611
1615
1622
1629
1636
1636
1625
1604
1590
1579
1572
1565
1555
1548
1540
1540
1540
1544
1548
1555
1562
1569
1576
1579
1590
1597
1604
1608
1604
1597
1583
1572
1565
1558
1551
1540
1530
1523
1512
1505
1501
1498
1498
1501
1505
1512
1519
1530
1537
1544
1551
1558
1562
1565
1569
1572
1576
1583
1586
1590
1594
1594
1590
1586
1583
1576
1569
1562
1555
1548
1540
1530
1523
1516
1512
1519
1526
1537
1551
1569
1579
1597
1611
1625
1640
1650
1661
1675
1689
1707
1749
1831
1966
2160
2430
2777
3170
3524
3691
3666
3379
2830
2228
1742
1583
1526
1597
1675
1742
1742
1675
1640
1615
1594
1576
1562
1555
1555
1555
1555
1555
1562
1565
1572
1579
1590
1601
1611
1622
1640
1654
1672
1696
1735
1806
1852
1884
1909
1927
1937
1937
1937
1934
1934
1927
1923
1916
1916
1923
1937
1958
1980
1994
2012
2026
2043
2058
2072
2086
2097
2107
2118
2132
2153
2196
2284
2380
2476
2529
2561
2585
2596
2593
2575
2546
2508
2454
2376
2320
2263
2203
2132
2040
1923
1799
1682
1590
1519
1455
1424
1399
1381
1367
1353
1335
1321
1307
1292
1278
1268
1254
1243
1232
1225
1215
1207
1204
1200
1197
1204
1215
1232
1254
1278
1303
1324
1349
1374
1399
1427
1448
1466
1480
1487
1494
1498
1501
1505
1509
1512
1530
1537
1505
1448
1399
1353
1317
1300
1289
1278
1268
1246
1236
1261
1314
1342
1367
1385
1402
1416
1434
1452
1470
1487
1501
1512
1523
1530
1544
1562
1576
1583
1579
1569
1551
1533
1519
1509
1498
1487
1477
1466
1459
1452
1445
1441
1438
1438
1438
1441
1445
1448
1452
1459
1463
1466
1473
1477
1484
1494
1505
1519
1533
1551
1594
1689
1792
1895
2068
2263
2522
2862
3248
3591
3730
3687
3347
2731
2047
1487
1257
1250
1434
1579
1633
1629
1569
1540
1523
1505
1491
1477
1466
1459
1455
1455
1455
1466
1480
1498
1519
1540
1558
1576
1590
1601
1611
1629
1643
1664
1682
1700
1718
1732
1742
1753
1760
1760
1764
1767
1778
1799
1845
1905
1944
1969
1990
2012
2036
2058
2075
2097
2121
2150
2178
2213
2252
2295
2337
2391
2437
2476
2504
2529
2557
2582
2596
2582
2554
2511
2458
2376
2302
2203
2086
1973
1863
1785
1739
1682
1629
1579
1533
1494
1466
1441
1409
1370
1331
1285
1268
1254
1239
1225
1218
1211
1207
1200
1197
1193
1190
1186
1183
1179
1176
1172
1172
1176
1179
1186
1190
1200
1211
1229
1246
1261
1278
1292
1321
1349
1370
1385
1395
1402
1409
1416
1427
1438
1445
1448
1448
1448
1452
1452
1448
1441
1431
1420
1416
1413
1413
1413
1406
1399
1395
1388
1385
1377
1370
1367
1360
1360
1363
1367
1367
1363
1360
1356
1363
1381
1406
1427
1438
1448
1463
1480
1494
1501
1498
1491
1480
1477
1473
1473
1470
1463
1455
1448
1448
1448
1448
1448
1445
1441
1441
1445
1445
1445
1441
1445
1445
1452
1459
1466
1473
1477
1484
1494
1505
1519
1558
1654
1838
2072
2366
2713
3078
3382
3506
3482
3220
2699
2051
1463
1176
1080
1151
1367
1601
1654
1661
1664
1608
1565
1544
1526
1516
1509
1501
1498
1498
1498
1505
1516
1533
1551
1569
1586
1615
1657
1700
1718
1732
1749
1771
1771
1735
1710
1682
1664
1664
1686
1725
1767
1827
1912
1969
2012
2047
2079
2104
2125
2143
2160
2182
2206
2235
2267
2302
2330
2359
2387
2415
2444
2469
2497
2529
2571
2607
2624
2642
2660
2681
2692
2670
2621
2546
2433
2316
2203
2093
1990
1898
1813
1749
1700
1650
1615
1579
1544
1512
1477
1438
1392
1363
1346
1328
1317
1317
1331
1353
1370
1388
1406
1424
1438
1441
1438
1427
1416
1406
1399
1392
1381
1374
1367
1370
1377
1392
1406
1416
1424
1431
1438
1441
1448
1452
1455
1463
1466
1470
1473
1473
1473
1473
1470
1463
1452
1445
1434
1427
1420
1413
1406
1399
1395
1388
1381
1367
1356
1349
1349
1360
1377
1395
1406
1413
1420
1431
1438
1445
1455
1463
1470
1477
1480
1480
1484
1480
1480
1477
1477
1473
1470
1470
1466
1466
1463
1459
1455
1452
1448
1448
1445
1441
1434
1427
1424
1416
1416
1416
1416
1416
1424
1431
1438
1445
1455
1463
1470
1477
1484
1487
1494
1501
1509
1519
1526
1530
1537
1544
1551
1555
1562
1565
1569
1569
1572
1576
1576
1572
1569
1565
1558
1551
1548
1544
1540
1537
1530
1526
1519
1516
1505
1494
1484
1480
1487
1501
1519
1537
1562
1601
1625
1640
1647
1650
1657
1661
1664
1668
1672
1675
1682
1686
1689
1696
1700
1707
1718
1728
1760
1831
1958
2157
2430
2780
3173
3528
3694
3676
3404
2840
2164
1569
1282
1257
1424
1672
1845
1909
1909
1863
1792
1732
1707
1693
1682
1686
1696
1714
1728
1742
1749
1732
1707
1696
1686
1675
1664
1661
1661
1672
1693
1714
1735
1760
1792
1824
1845
1863
1881
1891
1898
1909
1919
1930
1944
1958
1973
1994
2019
2043
2079
2114
2139
2160
2185
2224
2281
2341
2387
2422
2447
2458
2461
2465
2469
2472
2479
2483
2483
2483
2483
2476
2461
2447
2426
2380
2302
2242
2196
2146
2082
2001
1927
1873
1820
1767
1714
1640
1597
1572
1555
1537
1523
1512
1498
1491
1484
1473
1463
1448
1427
1395
1363
1331
1307
1285
1268
1254
1239
1229
1218
1204
1190
1183
1193
1218
1257
1303
1367
1409
1434
1452
1463
1477
1484
1494
1501
1512
1519
1530
1540
1558
1576
1583
1579
1562
1544
1533
1523
1512
1498
1487
1473
1463
1455
1452
1448
1445
1445
1445
1445
1441
1438
1431
1424
1416
1416
1424
1431
1438
1448
1463
1473
1477
1473
1466
1452
1434
1473
1491
1501
1509
1512
1516
1519
1523
1526
1533
1540
1540
1540
1537
1530
1526
1519
1516
1512
1505
1498
1494
1487
1484
1480
1477
1470
1463
1459
1455
1452
1448
1452
1455
1463
1473
1480
1491
1505
1523
1555
1615
1650
1675
1686
1696
1710
1728
1742
1764
1792
1909
2107
2366
2688
3042
3365
3517
3517
3358
3011
2571
2114
1760
