1852
1704
1558
1416
1292
1227
1220
1241
1241
1210
1159
1068
0948
0821
0705
0599
0497
0407
0371
0376
0432
0513
0596
0680
0747
0768
0756
0723
0649
0552
0436
0308
0188
0096
0035
0014
0005
0000
0014
0037
0062
0080
0094
0104
0118
0137
0162
0188
0236
0284
0334
0386
0442
0495
0544
0565
0571
0573
0575
0576
0578
0579
0582
0584
0586
0590
0593
0597
0605
0641
0704
0779
0864
0959
1057
1156
1250
1330
1386
1428
1454
1499
1544
1587
1633
1661
1693
1717
1730
1740
1740
1733
1724
1717
1729
1767
1807
1857
1908
1963
2030
2106
2171
2219
2258
2298
2344
2394
2445
2497
2553
2609
2664
2726
2790
2849
2891
2913
2929
2942
2959
2977
2994
3004
3017
3037
3062
3086
3132
3175
3198
3232
3268
3326
3404
3500
3601
3696
3782
3864
3941
4006
4050
4066
4066
4050
4006
3947
3885
3823
3763
3704
3650
3600
3555
3510
3463
3413
3365
3321
3277
3249
3216
3185
3168
3160
3155
3150
3143
3138
3132
3123
3105
3077
3051
3026
3003
2979
2952
2934
2924
2918
2932
2973
3035
3108
3186
3263
3336
3381
3398
3398
3383
3340
3283
3219
3159
3107
3059
3034
3020
3011
3003
2993
2983
2968
2950
2938
2926
2914
2899
2885
2874
2861
2844
2833
2826
2819
2812
2805
2800
2795
2788
2771
2744
2725
2710
2696
2686
2679
2672
2666
2659
2650
2635
2612
2574
2527
2480
2454
2432
2419
2430
2460
2518
2585
2651
2708
2757
2801
2840
2878
2922
2948
2968
2984
3001
3014
3026
3031
3027
3019
2997
2955
2910
2885
2869
2860
2855
2861
2873
2891
2918
2962
3011
3062
3111
3142
3174
3209
3248
3280
3308
3333
3351
3364
3379
3394
3408
3413
3422
3420
3392
3355
3311
3262
3215
3171
3148
3128
3115
3124
3152
3205
3266
3322
3374
3420
3446
3466
3482
3499
3508
3514
3519
3523
3528
3532
3536
3541
3550
3564
3581
3593
3603
3611
3622
3633
3645
3659
3670
3677
3689
3705
3729
3768
3826
3893
3960
4019
4074
4089
4095
4085
4028
3958
3878
3785
3687
3593
3508
3434
3375
3346
3329
3317
3311
3308
3304
3299
3300
3310
3319
3326
3331
3332
3325
3316
3306
3292
3276
3254
3227
3201
3177
3155
3133
3093
3049
3021
2990
2961
2938
2922
2908
2898
2891
2884
2876
2868
2853
2830
2806
2781
2761
2746
2730
2708
2684
2661
2633
2603
2575
2550
2521
2504
2496
2490
2487
2482
2478
2474
2470
2465
2453
2433
2417
2397
2377
2364
2351
2344
2339
2336
2333
2330
2326
2323
2318
2313
2307
2301
2295
2288
2279
2273
2270
2268
2265
2264
2263
2261
2261
2260
2260
2259
2259
2259
2260
2260
2261
2262
2261
2260
2260
2259
2258
2256
2254
2253
2250
2248
2244
2238
2223
2210
2194
2170
2153
2143
2136
2130
2123
2117
2112
2109
2107
2105
2103
2100
2099
2097
2094
2093
2091
2090
2090
2091
2091
2091
2092
2092
2091
2088
2085
2089
2099
2106
2117
2127
2138
2151
2167
2182
2195
2205
2215
2225
2230
2232
2235
2236
2238
2240
2241
2242
2243
2243
2242
2242
2240
2238
2236
2235
2233
2232
2230
2228
2226
2224
2223
2218
2212
2222
2248
2291
2355
2438
2538
2650
2768
2873
2919
2916
2853
2731
2580
2440
2336
2286
2275
2266
2259
2254
2251
2247
2243
2240
2237
2235
2234
2234
2233
2231
2228
2225
2223
2220
2218
2218
2218
2219
2222
2225
2230
2233
2238
2246
2254
2263
2272
2277
2282
2285
2289
2292
2296
2300
2305
2309
2314
2318
2323
2325
2328
2330
2334
2337
2340
2342
2345
2348
2350
2354
2355
2357
2359
2360
2361
2365
2370
2375
2377
2375
2369
2360
2343
2320
2301
2280
2261
2247
2236
2229
2224
2221
2218
2216
2213
2212
2209
2207
2205
2203
2201
2199
2195
2193
2190
2188
2185
2183
2181
2179
2178
2177
2177
2175
2173
2171
2168
2165
2161
2158
2154
2152
2147
2143
2133
2115
2106
2099
2091
2091
2105
2141
2203
2287
2378
2463
2527
2536
2513
2403
2228
2013
1807
1651
1589
1569
1589
1625
1654
1664
1670
1675
1677
1675
1674
1671
1669
1668
1667
1664
1662
1660
1658
1656
1656
1656
1657
1658
1661
1663
1668
1672
1676
1681
1695
1723
1767
1817
1881
1965
2068
2174
2271
2355
2433
2504
2568
2624
2671
2710
2735
2761
2787
2828
2868
2893
2920
2944
2967
2989
3011
3034
3054
3068
3086
3097
3106
3111
3111
3104
3095
3084
3071
3065
3062
3058
3052
3054
3071
3097
3127
3156
3187
3221
3250
3292
3333
3367
3386
3406
3429
3455
3476
3493
3504
3512
3520
3528
3540
3551
3558
3564
3572
3579
3583
3587
3589
3592
3593
3595
3597
3598
3599
3599
3598
3597
3595
3594
3592
3590
3587
3585
3583
3579
3575
3569
3567
3563
3558
3550
3539
3527
3515
3504
3492
3486
3488
3496
3518
3573
3647
3741
3850
3959
4043
4071
4060
3982
3848
3690
3540
3426
3366
3344
3333
3328
3322
3308
3286
3268
3257
3251
3242
3235
3229
3224
3219
3214
3209
3203
3190
3174
3157
3141
3127
3117
3103
3094
3086
3080
3076
3073
3072
3073
3074
3073
3071
3070
3070
3070
3069
3070
3071
3070
3069
3069
3068
3066
3063
3062
3058
3054
3050
3045
3039
3032
3029
3026
3022
3016
3008
3000
2986
2968
2938
2900
2857
2814
2773
2737
2701
2666
2632
2611
2595
2585
2578
2571
2566
2564
2562
2560
2557
2556
2555
2553
2552
2552
2551
2549
2548
2545
2542
2537
2531
2527
2525
2520
2513
2497
2483
2472
2461
2455
2450
2447
2447
2450
2456
2464
2479
2491
2501
2507
2503
2495
2477
2449
2419
2390
2363
2344
2324
2302
2289
2283
2281
2279
2278
2275
2265
2247
2229
2210
2192
2172
2148
2125
2102
2082
2069
2061
2055
2051
2044
2034
2022
2007
1989
1978
1974
1974
1972
1965
1956
1947
1941
1937
1936
1935
1923
1901
1883
1873
1876
1891
1899
1904
1905
1903
1903
1905
1908
1911
1914
1918
1923
1928
1932
1937
1941
1946
1950
1954
1956
1953
1947
1941
1936
1930
1924
1915
1911
1914
1919
1935
1982
2051
2141
2254
2375
2486
2558
2563
2531
2422
2269
2109
1980
1910
1882
1885
1894
1903
1905
1899
1892
1887
1889
1904
1924
1949
1959
1962
1964
1966
1970
1974
1975
1972
1971
1974
1978
1990
2012
2033
2053
2065
2072
2081
2088
2091
2094
2097
2100
2102
2107
2121
2141
2164
2183
2195
2203
2214
2232
2253
2269
2277
2281
2288
2300
2319
2337
2347
2351
2352
2354
2365
2384
2397
2404
2407
2407
2407
2408
2413
2416
2417
2400
2382
2370
2361
2354
2351
2348
2343
2339
2336
2335
2336
2336
2337
2341
2344
2348
2353
2358
2364
2372
2377
2385
2395
2407
2419
2427
2435
2437
2437
2437
2439
2442
2448
2452
2457
2461
2465
2466
2467
2471
2476
2481
2486
2490
2489
2486
2484
2485
2497
2519
2549
2594
2668
2773
2903
3040
3156
3200
3194
3111
2961
2784
2623
2510
2479
2480
2524
2572
2611
2630
2637
2642
2643
2642
2640
2638
2638
2638
2638
2636
2632
2630
2627
2626
2628
2632
2637
2638
2640
2643
2649
2657
2664
2669
2672
2675
2678
2678
2680
2681
2678
2672
2668
2666
2662
2659
2653
2648
2646
2650
2659
2675
2699
2717
2731
2746
2755
2761
2766
2768
2769
2770
2772
2771
2767
2759
2750
2738
2720
2711
2706
2704
2696
2678
2660
2649
2643
2641
2639
2636
2631
2625
2621
2626
2637
2643
2646
2646
2649
2653
2656
2655
2652
2647
2643
2643
2644
2644
2642
2639
2637
2637
2637
2643
2650
2659
2664
2668
2673
2678
2681
2681
2683
2683
2679
2674
2666
2656
2643
2635
2629
2626
2624
2619
2616
2613
2614
2615
2614
2613
2608
2595
2572
2560
2555
2554
2554
2554
2557
2562
2566
2566
2571
2577
2580
2580
2579
2580
2581
2580
2581
2587
2598
2614
2628
2641
2653
2658
2660
2661
2659
2654
2645
2639
2635
2631
2630
2634
2640
2644
2648
2654
2660
2661
2660
2652
2639
2619
2601
2589
2584
2586
2595
2619
2669
2747
2858
2996
3146
3283
3372
3383
3353
3233
3074
2911
2778
2693
2673
2676
2700
2721
2731
2734
2737
2740
2741
2737
2731
2725
2720
2720
2719
2717
2715
2714
2714
2714
2717
2723
2728
2731
2733
2735
2739
2745
2748
2744
2737
2730
2726
2724
2721
2720
2723
2727
2736
2752
2777
2801
2821
2832
2835
2837
2836
2832
2831
2830
2831
2833
2835
2835
2835
2835
2840
2847
2855
2865
2871
2866
2855
2847
2836
2825
2807
2778
2753
2742
2736
2734
2731
2720
2699
2683
2675
2672
2672
2674
2672
2665
2658
2655
2660
2667
2672
2673
2673
2672
2671
2672
2675
2678
2681
2682
2681
2679
2678
2676
2672
2668
2663
2657
2649
2643
2641
2642
2644
2649
2655
2661
2667
2669
2667
2662
2655
2651
2649
2655
2654
2652
2650
2649
2647
2646
2647
2647
2649
2649
2650
2651
2652
2652
2652
2652
2653
2653
2655
2655
2657
2660
2661
2657
2650
2639
2622
2609
2602
2603
2617
2652
2726
2828
2953
3086
3197
3245
3241
3164
3015
2860
2734
2655
2636
2628
2631
2634
2637
2626
2617
2610
2605
2601
2598
2594
2590
2588
2587
2588
2590
2594
2599
2604
2608
2612
2616
2619
2619
2619
2619
2618
2617
2615
2614
2612
2609
2606
2606
2609
2613
2618
2622
2626
2631
2636
2640
2644
2648
2652
2657
2663
2669
2673
2678
2681
2684
2687
2688
2689
2688
2686
2683
2680
2678
2674
2669
2664
2658
2652
2643
2632
2619
2609
2601
2593
2586
2578
2569
2560
2554
2549
2545
2542
2538
2535
2531
2528
2522
2523
2531
2538
2546
2554
2560
2566
2570
2572
2576
2580
2579
2572
2566
2562
2558
2554
2549
2546
2542
2537
2531
2525
2522
2518
2513
2514
2523
2531
2539
2545
2550
2557
2570
2588
2596
2597
2598
2592
2585
2582
2578
2572
2565
2554
2543
2543
2541
2540
2542
2549
2554
2559
2561
2564
2566
2566
2566
2566
2566
2565
2563
2560
2556
2564
2572
2581
2586
2590
2594
2596
2596
2591
2586
2581
2574
2573
2579
2596
2643
2722
2832
2966
3109
3233
3285
3279
3195
3035
2853
2692
2584
2546
2544
2574
2590
2596
2586
2575
2567
2566
2572
2582
2593
2600
2604
2607
2608
2604
2598
2589
2578
2574
2571
2569
2570
2571
2572
2572
2572
2572
2572
2573
2574
2575
2577
2578
2580
2583
2586
2594
2606
2614
2625
2636
2649
2663
2673
2684
2690
2696
2699
2702
2705
2707
2709
2713
2719
2729
2738
2746
2749
2746
2740
2732
2718
2702
2687
2664
2638
2613
2590
2581
2579
2578
2578
2577
2576
2574
2572
2569
2567
2565
2562
2560
2560
2561
2565
2570
2577
2590
2600
2603
2603
2601
2600
2599
2597
2596
2594
2592
2590
2587
2584
2581
2578
2577
2575
2572
2571
2567
2565
2561
2559
2558
2557
2555
2554
2553
2552
2551
2549
2549
2547
2545
2543
2542
2541
2541
2540
2539
2538
2537
2535
2533
2531
2531
2531
2531
2531
2531
2533
2535
2537
2538
2539
2541
2543
2545
2546
2547
2547
2546
2544
2543
2540
2533
2523
2516
2511
2508
2510
2513
2514
2516
2517
2519
2520
2522
2524
2526
2529
2531
2533
2535
2536
2537
2537
2538
2539
2540
2541
2541
2542
2543
2543
2543
2544
2545
2545
2544
2544
2544
2545
2545
2546
2547
2549
2560
2602
2667
2760
2879
3016
3150
3251
3285
3233
3103
2920
2737
2596
2524
2513
2526
2561
2578
2583
2574
2549
2519
2491
2482
2478
2478
2477
2477
2476
2474
2473
2472
2469
2466
2464
2465
2471
2478
2482
2485
2489
2491
2494
2496
2498
2500
2501
2503
2504
2507
2511
2523
2534
2542
2550
2556
2560
2564
2568
2572
2575
2580
2587
2593
2601
2610
2629
2655
2678
2690
2698
2702
2706
2707
2706
2702
2697
2689
2676
2670
2667
2665
2662
2661
2658
2656
2649
2648
2668
2692
2717
2741
2755
2762
2767
2769
2769
2765
2756
2743
2729
2723
2719
2729
2759
2788
2814
2831
2848
2865
2883
2898
2906
2910
2914
2917
2922
2926
2933
2941
2947
2951
2958
2972
2981
2986
2990
2993
2996
2997
2998
2999
3000
3002
3003
3003
3004
3005
3007
3008
3010
3012
3007
2999
2995
2991
2989
2986
2985
2984
2984
2984
2984
2986
2988
2991
3003
3039
3095
3173
3270
3379
3478
3544
3551
3520
3416
3277
3139
3025
2966
2960
2973
2981
2981
2972
2962
2950
2944
2935
2924
2916
2913
2910
2909
2911
2915
2920
2924
2927
2931
2934
2936
2936
2935
2933
2930
2926
2920
2910
2900
2891
2883
2875
2869
2863
2857
2850
2843
2833
2823
2814
2809
2807
2805
2803
2802
2801
2800
2798
2796
2796
2795
2793
2792
2790
2788
2783
2773
2764
2752
2736
2718
2700
2681
2663
2637
2611
2596
2580
2565
2550
2534
2516
2498
2490
2486
2484
2480
2478
2476
2474
2472
2470
2467
2465
2461
2460
2458
2455
2453
2450
2448
2445
2444
2444
2445
2445
2446
2448
2449
2452
2454
2457
2462
2466
2466
2460
2454
2449
2446
2443
2440
2437
2436
2433
2431
2431
2429
2428
2427
2426
2425
2425
2423
2422
2422
2424
2425
2428
2431
2433
2436
2441
2443
2444
2442
2436
2432
2429
2425
2420
2417
2416
2418
2420
2425
2435
2448
2454
2459
2458
2448
2434
2417
2405
2396
2395
2402
2420
2468
2542
2637
2750
2871
2984
3069
3099
3056
2942
2777
2609
2482
2407
2395
2390
2401
2409
2413
2417
2420
2424
2426
2429
2431
2435
2439
2441
2441
2440
2437
2435
2432
2429
2425
2425
2427
2434
2442
2447
2452
2456
2460
2464
2467
2470
2472
2473
2476
2478
2481
2485
2493
2501
2507
2514
2520
2525
2528
2531
2533
2535
2537
2540
2543
2547
2550
2554
2565
2575
2578
2582
2584
2583
2578
2569
2556
2537
2521
2509
2501
2490
2474
2462
2456
2451
2448
2445
2443
2442
2439
2436
2437
2440
2443
2447
2450
2455
2463
2473
2483
2493
2501
2506
2510
2518
2529
2536
2541
2543
2540
2534
2527
2520
2513
2507
2500
2493
2490
2494
2501
2507
2511
2514
2517
2519
2520
2522
2524
2526
2528
2530
2531
2534
2537
2539
2543
2545
2547
2549
2551
2556
2565
2576
2581
2584
2586
2588
2590
2593
2595
2596
2598
2600
2602
2602
2604
2605
2606
2608
2611
2615
2614
2609
2602
2595
2588
2582
2580
2579
2578
2578
2577
2576
2575
2574
2574
2575
2577
2580
2584
2588
2593
2599
2606
2609
2613
2615
2619
2623
2627
2633
2639
2643
2647
2651
2655
2659
2663
2666
2669
2672
2675
2678
2681
2683
2684
2684
2686
2687
2689
2690
2690
2689
2686
2683
2679
2673
2665
2661
2661
2660
2658
2658
2661
2667
2668
2670
2672
2673
2674
2675
2676
2678
2679
2680
2681
2681
2681
2681
2682
2683
2684
2684
2686
2690
2690
2684
2679
2673
2674
2684
2715
2771
2857
2971
3103
3233
3336
3386
3385
3327
3208
3057
2904
2780
2711
2700
2714
2745
2755
2748
2726
2697
2687
2685
2684
2684
2684
2684
2684
2685
2687
2690
2694
2697
2701
2704
2706
2708
2709
2710
2712
2713
2714
2716
2718
2720
2720
2721
2721
2721
2722
2722
2723
2725
2727
2731
2737
2744
2752
2761
2769
2776
2782
2786
2790
2796
2800
2806
2812
2820
2827
2834
2840
2845
2849
2849
2846
2840
2831
2815
2802
2787
2773
2763
2753
2743
2731
2720
2702
2686
2676
2667
2654
2645
2638
2633
2631
2635
2640
2645
2649
2652
2655
2659
2661
2661
2658
2655
2650
2646
2643
2640
2636
2631
2628
2625
2624
2622
2620
2619
2617
2616
2614
2613
2611
2609
2611
2617
2624
2630
2637
2643
2643
2638
2632
2629
2625
2621
2618
2615
2615
2616
2618
2619
2619
2621
2623
2625
2627
2626
2623
2617
2611
2606
2600
2593
2585
2576
2567
2561
2555
2551
2547
2543
2541
2540
2539
2538
2537
2537
2534
2531
2543
2577
2643
2739
2858
2987
3106
3180
3187
3153
3040
2880
2712
2576
2490
2463
2458
2454
2451
2449
2446
2442
2439
2436
2433
2431
2426
2422
2408
2384
2374
2369
2366
2364
2362
2360
2360
2359
2360
2361
2365
2368
2372
2375
2380
2386
2393
2401
2409
2416
2424
2431
2438
2444
2450
2456
2464
2470
2475
2480
2483
2485
2487
2489
2490
2492
2494
2495
2496
2496
2496
2495
2495
2494
2492
2490
2487
2484
2482
2479
2475
2465
2456
2449
2437
2420
2408
2401
2396
2395
2399
2406
2414
2425
2440
2448
2452
2456
2460
2463
2466
2469
2472
2474
2477
2480
2483
2487
2490
2493
2495
2498
2500
2501
2503
2505
2507
2511
2514
2517
2519
2521
2525
2531
2537
2546
2560
2578
2588
2594
2599
2603
2606
2608
2608
2609
2609
2611
2612
2613
2613
2613
2615
2617
2619
2619
2621
2624
2627
2635
2654
2685
2735
2804
2891
2998
3117
3223
3259
3250
3165
3023
2868
2724
2619
2589
2591
2635
2684
2707
2719
2726
2731
2734
2736
2739
2743
2731
2722
2716
2711
2708
2706
2705
2706
2708
2708
2709
2711
2712
2712
2711
2708
2708
2706
2704
2703
2702
2703
2706
2709
2714
2718
2724
2731
2737
2744
2755
2775
2792
2802
2809
2815
2820
2824
2826
2829
2832
2835
2837
2838
2841
2844
2849
2848
2835
2823
2812
2802
2791
2776
2752
2731
2716
2707
2698
2690
2677
2666
2656
2648
2640
2631
2621
2617
2613
2612
2610
2609
2609
2612
2617
2621
2625
2629
2633
2637
2638
2641
2642
2643
2645
2649
2650
2646
2638
2625
2612
2607
2603
2600
2598
2597
2598
2600
2602
2603
2605
2607
2608
2610
2613
2616
2619
2620
2622
2624
2625
2626
2627
2629
2631
2632
2634
2637
2638
2640
2642
2643
2645
2648
2650
2651
2651
2649
2645
2640
2634
2627
2614
2612
2617
2630
2664
2719
2796
2893
2998
3090
3130
3127
3068
2956
2824
2702
2621
2605
2608
2624
2632
2625
2605
2577
2567
2563
2560
2568
2582
2595
2600
2603
2605
2606
2605
2602
2597
2592
2585
2583
2580
2578
2585
2592
2596
2600
2601
2602
2602
2602
2603
2604
2604
2600
2594
2583
2572
2568
2566
2566
2576
2586
2596
2602
2609
2622
2639
2651
2657
2660
2662
2666
2670
2677
2689
2701
2706
2709
2702
2691
2678
2667
2654
2638
2623
2609
2600
2590
2581
2575
2570
2565
2561
2557
2554
2551
2549
2547
2546
2544
2543
2540
2538
2538
2542
2548
2554
2563
2574
2583
2591
2597
2602
2606
2609
2611
2613
2614
2614
2614
2615
2615
2616
2616
2616
2615
2613
2613
2611
2610
2609
2608
2606
2604
2604
2604
2606
2607
2608
2609
2610
2614
2615
2614
2613
2612
2611
2610
2610
2612
2613
2616
2618
2619
2621
2624
2625
2627
2625
2623
2619
2615
2611
2605
2602
2604
2612
2637
2688
2762
2857
2963
3071
3164
3214
3214
3162
3051
2915
2785
2684
2634
2628
2648
2676
2685
2680
2664
2643
2619
2601
2594
2597
2608
2629
2654
2662
2665
2667
2667
2667
2664
2663
2662
2661
2660
2660
2660
2659
2658
2657
2656
2656
2656
2656
2657
2657
2656
2656
2656
2658
2661
2664
2669
2678
2691
2697
2700
2702
2704
2705
2705
2704
2703
2702
2700
2698
2696
2695
2692
2690
2688
2684
2681
2672
2659
2646
2637
2629
2611
2590
2567
2554
2544
2537
2531
2525
2521
2517
2514
2512
2513
2514
2519
2524
2530
2537
2545
2552
2560
2569
2577
2582
2586
2589
2592
2595
2597
2600
2602
2604
2607
2609
2611
2616
2634
2669
2726
2805
2902
3009
3111
3185
3210
3172
3068
2915
2753
2620
2557
2549
2572
2597
2606
2597
2582
2571
2566
2565
2563
2562
2561
2561
2560
2559
2557
2554
2553
2554
2561
2569
2574
2578
2581
2584
2586
2586
2584
2580
2576
2572
2569
2566
2562
2558
2555
2554
2553
2554
2554
2557
2560
2564
2572
2586
2600
2616
2637
2656
2672
2682
2687
2690
2692
2694
2695
2693
2690
2685
2679
2671
2662
2653
2638
2622
2608
2592
2576
2567
2563
2560
2557
2556
2554
2553
2552
2551
2550
2549
2549
2546
2544
2543
2544
2547
2551
2558
2570
2583
2595
2603
2608
2613
2618
2624
2630
2630
2622
2617
2613
2609
2607
2604
2602
2600
2596
2593
2590
2588
2586
2584
2584
2584
2583
2583
2583
2583
2584
2584
2585
2586
2587
2588
2589
2590
2591
2592
2593
2595
2596
2598
2599
2602
2603
2607
2609
2617
2632
2648
2659
2664
2667
2668
2669
2668
2666
2661
2654
2640
2631
2627
2623
2619
2615
2612
2608
2605
2602
2600
2596
2592
2598
2615
2655
2712
2790
2891
3016
3149
3259
3306
3301
3228
3080
2903
2745
2637
2602
2600
2614
2622
2614
2600
2592
2590
2596
2608
2611
2614
2617
2619
2619
2619
2617
2615
2613
2611
2609
2608
2605
2601
2599
2599
2602
2604
2609
2616
2628
2631
2633
2636
2637
2638
2638
2639
2640
2642
2643
2643
2644
2644
2645
2647
2649
2650
2652
2654
2656
2661
2679
2704
2723
2735
2749
2758
2765
2770
2764
2747
2725
2699
2670
2646
2633
2625
2619
2614
2610
2605
2598
2591
2582
2570
2558
2543
2526
2515
2509
2506
2502
2501
2503
2509
2526
2549
2556
2561
2565
2566
2569
2570
2568
2565
2560
2558
2555
2553
2551
2549
2549
2547
2547
2546
2546
2547
2548
2549
2550
2553
2556
2548
2538
2529
2529
2537
2544
2554
2561
2566
2569
2572
2572
2572
2569
2566
2563
2560
2559
2556
2554
2553
2552
2550
2549
2546
2543
2540
2540
2544
2549
2556
2564
2566
2567
2569
2571
2568
2565
2561
2575
2613
2688
2800
2943
3096
3231
3299
3299
3231
3093
2926
2765
2640
2584
2565
2573
2601
2613
2616
2619
2619
2619
2616
2611
2607
2603
2601
2596
2593
2589
2585
2584
2581
2579
2577
2573
2569
2566
2565
2567
2572
2578
2589
2605
2613
2619
2623
2625
2626
2627
2629
2631
2625
2618
2611
2617
2621
2623
2625
2627
2629
2632
2635
2638
2643
2647
2651
2655
2658
2661
2667
2674
2677
2679
2682
2681
2673
2667
2660
2653
2646
2625
2599
2584
2572
2564
2555
2549
2544
2541
2541
2543
2547
2551
2556
2562
2567
2572
2578
2578
2571
2567
2565
2562
2560
2558
2557
2559
2561
2564
2568
2573
2578
2589
2597
2603
2608
2610
2613
2616
2618
2617
2614
2611
2608
2606
2603
2601
2598
2596
2596
2596
2596
2598
2601
2602
2606
2608
2609
2609
2608
2608
2607
2604
2604
2608
2609
2610
2611
2613
2613
2614
2616
2618
2619
2620
2621
2622
2623
2624
2625
2630
2634
2649
2679
2721
2777
2851
2950
3066
3177
3247
3250
3194
3051
2881
2721
2602
2551
2549
2587
2635
2663
2672
2665
2647
2622
2611
2607
2604
2602
2602
2601
2602
2603
2606
2609
2613
2617
2624
2631
2637
2641
2643
2644
2644
2645
2645
2646
2648
2649
2650
2651
2652
2653
2655
2655
2657
2658
2660
2663
2668
2674
2679
2684
2688
2692
2695
2698
2702
2704
2708
2710
2713
2716
2720
2722
2722
2720
2718
2714
2708
2697
2680
2658
2644
2633
2625
2619
2615
2609
2603
2596
2589
2584
2579
2577
2574
2572
2569
2570
2574
2580
2584
2587
2590
2593
2596
2597
2599
2600
2601
2602
2602
2604
2607
2608
2608
2608
2608
2608
2607
2607
2607
2606
2605
2604
2604
2604
2604
2604
2605
2606
2607
2607
2608
2608
2608
2608
2608
2608
2608
2608
2606
2605
2603
2602
2599
2597
2595
2591
2583
2575
2570
2565
2561
2558
2556
2552
2547
2554
2562
2567
2572
2576
2580
2583
2585
2587
2589
2590
2590
2590
2590
2590
2588
2585
2582
2578
2559
2543
2537
2535
2533
2533
2535
2537
2541
2553
2577
2597
2605
2608
2609
2608
2604
2602
2599
2596
2594
2590
2584
2572
2554
2543
2536
2531
2529
2530
2531
2535
2541
2552
2558
2561
2563
2565
2566
2568
2570
2572
2573
2575
2577
2579
2582
2584
2585
2587
2589
2591
2594
2596
2597
2599
2601
2602
2603
2604
2605
2605
2604
2603
2602
2602
2600
2597
2595
2592
2590
2585
2581
2579
2581
2584
2589
2594
2600
2605
2609
2612
2613
2615
2617
2619
2620
2622
2623
2625
2627
2630
2632
2632
2630
2626
2623
2619
2620
2629
2652
2703
2784
2885
2996
3109
3207
3257
3255
3191
3058
2902
2755
2642
2589
2581
2597
2630
2644
2649
2650
2648
2643
2640
2638
2637
2636
2635
2634
2633
2632
2631
2631
2632
2633
2635
2636
2637
2640
2643
2645
2648
2650
2654
2657
2661
2664
2667
2670
2673
2677
2681
2684
2688
2690
2693
2696
2700
2704
2709
2715
2724
2733
2738
2743
2745
2748
2749
2749
2748
2745
2743
2739
2735
2730
2725
2720
2717
2714
2710
2708
2704
2702
2698
2693
2682
2670
2655
2636
2620
2609
2600
2595
2590
2589
2592
2599
2604
2609
2613
2614
2612
2608
2603
2601
2600
2599
2598
2597
2596
2595
2593
2591
2590
2590
2588
2587
2585
2585
2585
2585
2584
2584
2584
2583
2582
2581
2579
2578
2576
2575
2573
2573
2573
2574
2575
2576
2577
2578
2580
2581
2582
2583
2584
2585
2586
2587
2587
2587
2587
2587
2586
2585
2585
2584
2584
2584
2584
2584
2583
2582
2581
2578
2579
2584
2588
2592
2594
2590
2581
2573
2565
2559
2555
2552
2547
2548
2555
2563
2570
2577
2583
2590
2598
2608
2612
2616
2619
2621
2622
2622
2620
2619
2617
2613
2614
2638
2678
2736
2814
2908
3018
3138
3244
3294
3292
3226
3097
2944
2811
2718
2680
2668
2658
2649
2637
2623
2614
2605
2590
2559
2539
2533
2540
2560
2590
2619
2641
2647
2650
2653
2654
2653
2651
2649
2646
2643
2640
2636
2631
2628
2626
2625
2624
2622
2620
2628
2641
2655
2667
2677
2684
2695
2708
2716
2720
2725
2727
2728
2727
2725
2720
2717
2714
2711
2708
2705
2702
2699
2696
2693
2690
2686
2681
2672
2664
2656
2649
2641
2635
2629
2622
2616
2609
2602
2596
2593
2590
2586
2584
2581
2579
2578
2576
2573
2569
2566
2564
2566
2572
2578
2581
2584
2589
2592
2594
2594
2593
2590
2588
2583
2572
2566
2560
2560
2566
2570
2574
2578
2578
2573
2569
2565
2562
2559
2557
2555
2556
2558
2560
2564
2566
2569
2572
2574
2577
2578
2582
2584
2589
2593
2600
2603
2601
2596
2594
2593
2591
2590
2590
2590
2590
2589
2587
2586
2584
2584
2583
2582
2582
2580
2579
2578
2575
2569
2556
2546
2539
2540
2552
2587
2653
2751
2880
3026
3163
3263
3296
3248
3129
2967
2802
2662
2577
2557
2561
2601
2628
2638
2637
2628
2618
2608
2600
2593
2588
2585
2584
2583
2581
2580
2578
2578
2578
2577
2577
2577
2577
2578
2578
2581
2584
2587
2590
2599
2612
2622
2630
2641
2651
2660
2664
2667
2670
2672
2673
2675
2678
2681
2685
2690
2697
2708
2712
2714
2716
2717
2719
2720
2720
2720
2720
2720
2719
2717
2715
2712
2706
2694
2682
2667
2650
2635
2609
2585
2568
2557
2551
2546
2543
2543
2544
2546
2548
2549
2549
2551
2552
2553
2554
2555
2558
2560
2562
2565
2566
2567
2568
2570
2572
2573
2574
2575
2575
2575
2574
2573
2572
2571
2569
2567
2566
2562
2556
2549
2543
2538
2535
2533
2532
2534
2537
2541
2549
2565
2585
2596
2598
2600
2602
2603
2604
2605
2605
2605
2605
2604
2603
2602
2600
2598
2596
2595
2593
2589
2584
2582
2579
2578
2577
2576
2574
2572
2571
2570
2569
2569
2568
2566
2563
2570
2578
2585
2593
2600
2607
2609
2611
2613
2616
2616
2613
2609
2602
2590
2583
2578
2578
2588
2599
2609
2615
2621
2628
2634
2639
2644
2643
2633
2625
2619
2614
2610
2608
2604
2601
2595
2592
2595
2601
2610
2623
2643
2670
2708
2756
2818
2899
3004
3133
3262
3353
3378
3324
3198
3024
2846
2696
2594
2565
2566
2609
2630
2637
2637
2626
2619
2614
2610
2608
2608
2609
2613
2618
2623
2630
2636
2641
2646
2649
2653
2657
2661
2667
2671
2676
2680
2680
2677
2672
2669
2666
2663
2661
2661
2662
2664
2666
2668
2672
2675
2680
2685
2691
2703
2720
2727
2731
2734
2737
2737
2739
2740
2742
2743
2743
2744
2746
2748
2752
2752
2744
2734
2720
2708
2698
2688
2677
2666
2652
2629
2608
2588
2575
2565
2556
2549
2542
2536
2533
2541
2553
2560
2566
2571
2575
2578
2578
2577
2574
2571
2566
2562
2559
2552
2545
2541
2540
2543
2549
2556
2571
2586
2591
2596
2599
2600
2599
2596
2593
2581
2554
2545
2543
2541
2539
2535
2529
2522
2513
2513
2524
2531
2538
2544
2549
2552
2554
2559
2565
2560
2555
2554
2553
2550
2549
2548
2546
2544
2543
2540
2537
2532
2525
2520
2517
2513
2522
2531
2536
2542
2549
2556
2565
2575
2580
2578
2573
2572
2570
2568
2566
2565
2564
2563
2562
2561
2561
2561
2562
2563
2564
2565
2566
2566
2566
2566
2566
2566
2568
2570
2572
2572
2572
2572
2571
2570
2569
2566
2565
2563
2565
2568
2574
2581
2592
2603
2616
2636
2675
2734
2817
2920
3033
3135
3202
3209
3180
3073
2927
2780
2663
2607
2587
2596
2607
2613
2616
2610
2601
2595
2591
2587
2584
2582
2581
2580
2580
2580
2582
2584
2587
2590
2593
2596
2598
2601
2603
2605
2608
2609
2612
2614
2616
2617
2619
2619
2621
2623
2625
2628
2636
2646
2656
2667
2677
2688
2699
2710
2719
2726
2733
2740
2745
2749
2753
2755
2757
2758
2758
2760
2761
2760
2750
2736
2720
2707
2693
2679
2663
2647
2636
2626
2619
2613
2607
2601
2589
2578
2575
2572
2570
2572
2576
2579
2583
2585
2587
2588
2586
2584
2581
2578
2573
2569
2568
2570
2572
2573
2576
2578
2578
2576
2574
2573
2573
2572
2572
2571
2571
2570
2570
2570
2570
2571
2572
2572
2573
2575
2576
2577
2578
2578
2579
2580
2581
2584
2585
2588
2590
2593
2596
2599
2602
2609
2615
2617
2618
2619
2621
2623
2624
2625
2621
2616
2611
2608
2604
2601
2598
2596
2594
2595
2596
2599
2602
2604
2606
2608
2610
2613
2615
2617
2617
2616
2613
2611
2609
2607
2605
2602
2600
2598
2596
2595
2593
2591
2589
2587
2586
2585
2584
2584
2584
2584
2584
2584
2584
2584
2582
2578
2580
2592
2601
2608
2613
2616
2616
2617
2617
2618
2618
2618
2619
2618
2613
2607
2601
2594
2588
2584
2580
2576
2571
2572
2583
2613
2663
2738
2838
2955
3074
3178
3233
3235
3183
3055
2888
2726
2608
2553
2547
2572
2611
2625
2625
2614
2605
2596
2591
2592
2596
2599
2602
2605
2606
2604
2600
2596
2594
2592
2590
2589
2587
2586
2584
2584
2583
2584
2584
2586
2589
2591
2595
2598
2602
2605
2609
2615
2621
2627
2635
2645
2659
2670
2685
2703
2720
2742
2753
2758
2762
2766
2769
2773
2774
2775
2776
2776
2775
2774
2773
2771
2767
2764
2759
2755
2744
2720
2698
2683
2667
2653
2637
2621
2613
2608
2604
2601
2598
2596
2595
2592
2590
2587
2584
2583
2580
2578
2577
2575
2573
2572
2571
2570
2569
2567
2566
2565
2564
2563
2562
2562
2562
2564
2566
2568
2571
2573
2576
2579
2583
2586
2594
2608
2611
2613
2615
2617
2619
2618
2613
2605
2596
2588
2579
2572
2566
2563
2560
2559
2558
2556
2555
2554
2554
2553
2553
2554
2556
2560
2566
2571
2576
2580
2585
2590
2596
2600
2602
2604
2604
2604
2604
2605
2605
2605
2605
2605
2606
2608
2608
2609
2609
2609
2609
2608
2608
2606
2602
2600
2597
2595
2593
2590
2588
2586
2583
2579
2577
2575
2574
2576
2578
2581
2585
2593
2605
2609
2611
2613
2613
2615
2617
2619
2620
2623
2625
2630
2646
2700
2775
2873
2988
3113
3232
3308
3313
3256
3110
2929
2759
2638
2591
2575
2581
2586
2590
2593
2595
2596
2596
2597
2598
2598
2599
2599
2599
2598
2596
2596
2596
2596
2596
2596
2596
2596
2596
2596
2594
2596
2608
2614
2620
2625
2631
2636
2640
2644
2648
2651
2654
2656
2659
2662
2666
2669
2673
2678
2684
2694
2704
2716
2731
2747
2754
2757
2760
2762
2764
2765
2765
2762
2759
2754
2747
2737
2721
2708
2695
2681
2667
2648
2625
2607
2592
2578
2568
2561
2555
2551
2548
2545
2543
2543
2541
2539
2537
2537
2537
2539
2543
2546
2549
2554
2559
2565
2567
2566
2561
2557
2554
2553
2550
2549
2546
2543
2541
2538
2537
2535
2534
2533
2531
2531
2530
2528
2526
2525
2523
2523
2523
2524
2526
2529
2531
2535
2538
2541
2544
2546
2549
2551
2553
2554
2557
2559
2561
2564
2568
2572
2576
2579
2583
2588
2593
2596
2598
2596
2594
2591
2589
2589
2587
2586
2584
2582
2580
2579
2578
2576
2575
2573
2572
2572
2572
2572
2572
2572
2571
2571
2571
2570
2569
2568
2568
2567
2567
2568
2569
2571
2573
2576
2578
2581
2584
2587
2590
2596
2602
2605
2607
2608
2609
2613
2615
2616
2613
2612
2610
2609
2609
2608
2607
2605
2603
2601
2599
2596
2594
2592
2590
2590
2588
2585
2583
2581
2579
2578
2576
2574
2573
2572
2572
2572
2572
2571
2569
2570
2578
2602
2636
2692
2775
2882
3009
3139
3251
3315
3316
3260
3118
2938
2767
2644
2608
2609
2637
2652
2644
2622
2587
2567
2560
2560
2568
2578
2593
2601
2605
2608
2609
2610
2610
2610
2610
2610
2609
2609
2609
2608
2608
2608
2609
2614
2619
2626
2636
2643
2649
2657
2667
2676
2684
2690
2698
2706
2715
2726
2734
2737
2740
2742
2744
2745
2747
2747
2748
2748
2749
2748
2747
2745
2743
2742
2739
2737
2733
2727
2716
2702
2691
2681
2672
2662
2649
2628
2610
2598
2590
2585
2582
2580
2578
2578
2576
2575
2575
2576
2577
2578
2578
2579
2579
2580
2581
2582
2583
2584
2583
2582
2581
2579
2578
2575
2572
2567
2559
2549
2543
2538
2534
2533
2535
2539
2544
2549
2554
2560
2565
2571
2576
2579
2583
2585
2587
2589
2590
2592
2593
2594
2594
2594
2593
2593
2592
2592
2591
2591
2591
2590
2590
2590
2590
2589
2588
2588
2588
2590
2591
2593
2596
2597
2599
2598
2595
2591
2588
2583
2578
2577
2577
2578
2581
2584
2587
2590
2584
2576
2571
2565
2560
2558
2558
2559
2561
2566
2572
2585
2594
2600
2592
2581
2566
2555
2549
2546
2550
2563
2599
2671
2771
2892
3024
3151
3248
3286
3247
3138
2976
2797
2641
2545
2518
2543
2590
2619
2630
2622
2602
2571
2548
2539
2536
2538
2544
2554
2568
2581
2590
2590
2590
2590
2590
2590
2593
2596
2599
2602
2604
2608
2609
2611
2613
2615
2618
2621
2626
2631
2639
2652
2667
2677
2683
2690
2696
2702
2705
2708
2712
2715
2718
2720
2723
2727
2733
2739
2745
2753
2761
2764
2767
2769
2768
2761
2749
2734
2721
2712
2702
2690
2680
2672
2661
2648
2635
2622
2609
2596
2587
2583
2580
2578
2577
2575
2573
2572
2572
2571
2569
2568
2566
2566
2565
2564
2563
2561
2560
2559
2557
2556
2555
2553
2550
2549
2549
2554
2559
2561
2563
2566
2567
2569
2571
2572
2575
2577
2578
2579
2580
2582
2584
2589
2597
2608
2619
2627
2635
2641
2660
2692
2743
2809
2891
2983
3074
3123
3120
3055
2914
2749
2609
2519
2494
2497
2525
2542
2549
2553
2557
2564
2569
2575
2578
2578
2578
2577
2575
2573
2573
2578
2580
2583
2584
2584
2583
2580
2577
2574
2569
2570
2577
2586
2601
2613
2623
2630
2640
2649
2653
2654
2655
2656
2657
2658
2659
2661
2661
2663
2665
2667
2669
2672
2678
2684
2690
2700
2716
2737
2751
2758
2764
2764
2757
2746
2734
2717
2693
2666
2638
2621
2604
2589
2576
2563
2556
2552
2549
2547
2547
2547
2548
2549
2549
2549
2551
2552
2552
2549
2545
2540
2534
2532
2531
2529
2527
2525
2528
2534
2537
2541
2543
2546
2548
2549
2549
2549
2548
2546
2545
2543
2538
2538
2543
2558
2579
2586
2590
2591
2592
2593
2594
2596
2596
2597
2596
2593
2592
2590
2590
2589
2588
2587
2584
2582
2579
2577
2575
2573
2571
2569
2567
2567
2569
2571
2574
2578
2586
2597
2603
2606
2609
2609
2610
2609
2608
2606
2604
2602
2602
2601
2599
2598
2597
2597
2596
2596
2595
2594
2594
2593
2594
2594
2595
2595
2595
2595
2595
2596
2596
2598
2599
2600
2601
2602
2605
2608
2610
2614
2619
2624
2629
2635
2637
2639
2639
2640
2640
2641
2643
2643
2644
2645
2646
2647
2649
2651
2654
2666
2702
2763
2850
2960
3078
3187
3258
3266
3231
3117
2965
2806
2681
2626
2620
2636
2646
2651
2654
2655
2655
2654
2649
2637
2612
2602
2596
2593
2601
2622
2645
2657
2664
2668
2670
2670
2665
2658
2646
2628
2609
2594
2584
2577
2573
2571
2567
2569
2589
2613
2636
2659
2672
2681
2689
2695
2702
2707
2707
2698
2692
2686
2682
2682
2684
2689
2696
2708
2728
2751
2773
2785
2793
2799
2802
2803
2802
2800
2796
2783
2755
2725
2696
2667
2637
2608
2579
2557
2549
2545
2551
2560
2566
2570
2573
2577
2580
2583
2584
2585
2586
2588
2589
2590
2590
2590
2590
2590
2591
2593
2594
2595
2595
2596
2596
2595
2594
2593
2591
2589
2586
2584
2583
2581
2578
2576
2574
2573
2572
2572
2572
2572
2571
2570
2569
2574
2581
2585
2587
2590
2591
2593
2595
2596
2599
2601
2602
2602
2603
2604
2606
2608
2610
2624
2653
2702
2770
2855
2950
3050
3138
3173
3165
3086
2944
2791
2662
2580
2561
2566
2583
2590
2596
2598
2598
2599
2599
2600
2602
2592
2584
2576
2572
2576
2584
2588
2591
2594
2596
2597
2599
2602
2604
2606
2608
2611
2613
2616
2619
2623
2627
2633
2639
2645
2650
2655
2659
2663
2667
2669
2672
2673
2676
2678
2681
2684
2687
2690
2694
2697
2700
2703
2707
2710
2714
2718
2720
2721
2719
2715
2710
2703
2692
2682
2667
2653
2645
2639
2633
2625
2613
2599
2584
2566
2552
2543
2540
2540
2538
2545
2558
2565
2569
2571
2572
2573
2575
2578
2571
2559
2550
2547
2545
2543
2543
2543
2544
2547
2551
2558
2571
2581
2589
2599
2607
2611
2616
2619
2625
2632
2645
2652
2657
2660
2660
2655
2649
2641
2625
2611
2602
2599
2597
2596
2594
2595
2598
2603
2607
2609
2612
2613
2614
2613
2609
2606
2602
2601
2599
2598
2596
2595
2592
2590
2590
2588
2587
2586
2585
2586
2586
2587
2588
2589
2590
2591
2593
2595
2596
2598
2608
2637
2688
2759
2849
2956
3084
3215
3320
3369
3342
3230
3055
2866
2710
2622
2602
2620
2644
2645
2627
2591
2560
2555
2567
2599
2629
2641
2647
2652
2651
2645
2636
2623
2610
2599
2587
2575
2566
2559
2551
2540
2531
2528
2525
2525
2533
2542
2550
2559
2569
2583
2599
2613
2621
2625
2628
2630
2631
2633
2635
2637
2639
2640
2642
2643
2647
2653
2657
2659
2660
2661
2661
2661
2662
2662
2662
2662
2661
2658
2655
2649
2635
2619
2606
2584
2562
2547
2531
2520
2517
2514
2513
2512
2513
2513
2515
2518
2517
2515
2513
2521
2528
2532
2536
2541
2545
2549
2551
2554
2557
2560
2561
2561
2560
2557
2554
2551
2549
2543
2540
2539
2543
2549
2558
2572
2578
2582
2585
2586
2584
2581
2577
2572
2567
2564
2566
2570
2572
2573
2575
2577
2577
2576
2573
2571
2560
2538
2530
2525
2523
2520
2520
2522
2528
2543
2562
2585
2610
2641
2690
2770
2879
3003
3119
3186
3187
3127
2980
2808
2652
2543
2506
2505
2537
2572
2582
2583
2583
2581
2572
2568
2566
2563
2561
2560
2559
2559
2558
2558
2558
2559
2560
2561
2563
2565
2566
2568
2571
2572
2575
2578
2582
2586
2591
2602
2619
2630
2636
2641
2648
2654
2659
2664
2669
2672
2674
2675
2677
2679
2684
2676
2669
2665
2661
2659
2660
2663
2668
2677
2688
2693
2697
2699
2696
2690
2683
2674
2665
2653
2637
2625
2616
2609
2603
2596
2589
2581
2574
2566
2562
2560
2558
2556
2554
2554
2552
2551
2550
2549
2549
2548
2547
2546
2544
2542
2540
2544
2553
2560
2566
2572
2577
2581
2587
2595
2598
2601
2604
2604
2602
2600
2598
2597
2599
2604
2611
2625
2650
2685
2728
2777
2838
2916
3015
3123
3210
3241
3203
3100
2958
2812
2695
2616
2588
2589
2607
2620
2635
2650
2667
2677
2681
2684
2677
2654
2630
2620
2620
2626
2635
2647
2658
2671
2682
2689
2689
2679
2670
2661
2652
2647
2643
2640
2638
2638
2640
2643
2645
2648
2652
2658
2666
2671
2674
2677
2680
2684
2687
2690
2694
2702
2718
2733
2749
2765
2778
2786
2791
2794
2791
2785
2763
2741
2729
2720
2712
2704
2694
2683
2669
2644
2627
2616
2610
2606
2603
2602
2603
2604
2606
2608
2609
2612
2603
2595
2589
2584
2579
2576
2571
2565
2564
2563
2562
2561
2562
2566
2572
2575
2578
2580
2582
2584
2584
2585
2586
2586
2587
2588
2590
2590
2587
2581
2576
2570
2566
2569
2574
2579
2586
2592
2599
2605
2609
2625
2656
2708
2781
2873
2973
3062
3103
3100
3044
2928
2789
2661
2572
2542
2541
2570
2590
2597
2589
2563
2546
2541
2547
2557
2569
2584
2595
2600
2602
2603
2605
2606
2608
2609
2609
2610
2612
2613
2616
2620
2620
2614
2608
2597
2587
2575
2560
2552
2548
2544
2552
2563
2576
2585
2593
2602
2609
2618
2623
2637
2658
2677
2686
2690
2693
2696
2696
2693
2689
2677
2655
2629
2609
2601
2595
2588
2581
2569
2560
2554
2551
2548
2545
2543
2541
2540
2538
2537
2535
2534
2533
2534
2534
2535
2536
2537
2538
2540
2543
2544
2544
2543
2543
2541
2539
2538
2541
2547
2551
2554
2558
2560
2560
2559
2557
2554
2553
2549
2547
2547
2550
2556
2565
2578
2583
2585
2588
2590
2591
2591
2590
2587
2584
2582
2580
2578
2574
2572
2570
2569
2568
2567
2565
2562
2571
2578
2584
2589
2591
2594
2596
2596
2597
2598
2599
2599
2599
2599
2599
2599
2600
2601
2601
2602
2602
2602
2602
2603
2605
2606
2613
2638
2682
2750
2846
2969
3111
3236
3285
3276
3186
3025
2853
2714
2624
2594
2594
2607
2613
2616
2613
2607
2597
2584
2574
2567
2565
2568
2575
2586
2600
2606
2608
2609
2610
2612
2613
2616
2618
2620
2622
2625
2627
2630
2635
2640
2643
2646
2649
2653
2655
2656
2655
2652
2649
2644
2644
2653
2661
2669
2677
2686
2699
2712
2726
2743
2755
2760
2762
2764
2765
2766
2766
2765
2762
2758
2753
2743
2729
2715
2703
2685
2661
2631
2604
2577
2566
2560
2555
2565
2590
2618
2634
2640
2642
2639
2633
2624
2611
2592
2569
2560
2560
2568
2579
2594
2602
2605
2608
2610
2613
2618
2622
2625
2630
2636
2641
2643
2644
2641
2637
2632
2630
2627
2625
2622
2619
2618
2617
2616
2616
2617
2618
2619
2621
2624
2630
2645
2678
2730
2802
2894
2999
3109
3204
3249
3216
3102
2930
2753
2611
2540
2532
2565
2619
2649
2660
2655
2639
2613
2602
2599
2596
2596
2596
2594
2592
2590
2588
2585
2582
2572
2562
2558
2554
2564
2572
2578
2583
2588
2592
2597
2602
2605
2602
2596
2592
2589
2586
2584
2582
2583
2584
2586
2589
2593
2601
2615
2640
2666
2693
2722
2737
2755
2766
2771
2774
2777
2777
2773
2766
2755
2741
2719
2696
2672
2646
2618
2591
2569
2561
2554
2549
2544
2537
2531
2529
2526
2524
2523
2522
2522
2523
2525
2526
2528
2529
2531
2531
2532
2533
2534
2536
2537
2538
2539
2540
2541
2543
2546
2550
2555
2560
2563
2567
2569
2570
2569
2567
2565
2562
2558
2550
2543
2534
2525
2521
2519
2518
2515
2513
2510
2507
2501
2496
2505
2511
2514
2517
2520
2524
2528
2532
2537
2542
2546
2550
2554
2557
2559
2560
2561
2562
2566
2576
2610
2674
2763
2873
2992
3102
3185
3213
3168
3056
2899
2738
2614
2560
2543
2546
2551
2554
2551
2548
2545
2543
2544
2548
2553
2557
2560
2563
2565
2566
2566
2566
2564
2561
2559
2555
2550
2547
2550
2555
2561
2566
2572
2576
2584
2595
2603
2609
2613
2618
2625
2636
2649
2661
2668
2672
2675
2676
2675
2672
2671
2669
2667
2665
2663
2664
2666
2670
2674
2678
2682
2686
2689
2688
2685
2682
2676
2662
2645
2631
2618
2604
2588
2575
2567
2563
2560
2558
2556
2554
2551
2553
2562
2570
2577
2582
2584
2586
2588
2590
2594
2594
2589
2584
2580
2578
2581
2588
2591
2595
2598
2600
2602
2602
2601
2599
2596
2593
2585
2575
2569
2572
2583
2588
2592
2596
2598
2602
2605
2609
2612
2613
2615
2617
2619
2619
2619
2619
2618
2616
2614
2612
2608
2598
2588
2581
2572
2560
2551
2548
2551
2575
2618
2684
2773
2882
3005
3122
3209
3241
3203
3093
2938
2779
2657
2590
2565
2556
2565
2578
2591
2598
2602
2604
2606
2607
2606
2604
2602
2599
2597
2594
2591
2590
2590
2590
2593
2596
2598
2600
2602
2603
2606
2608
2609
2611
2613
2617
2621
2630
2635
2641
2646
2652
2661
2672
2679
2683
2685
2688
2689
2690
2691
2692
2693
2694
2695
2696
2696
2697
2698
2700
2701
2701
2699
2696
2694
2690
2684
2675
2669
2655
2637
2619
2609
2601
2592
2586
2583
2581
2584
2588
2590
2593
2596
2597
2598
2596
2594
2590
2584
2578
2575
2572
2569
2578
2584
2588
2592
2595
2596
2596
2594
2591
2589
2586
2583
2576
2572
2574
2578
2582
2585
2588
2590
2590
2591
2593
2596
2598
2601
2605
2608
2610
2613
2615
2617
2619
2621
2624
2617
2611
2608
2605
2603
2603
2606
2609
2613
2631
2660
2703
2763
2841
2934
3026
3089
3097
3072
2978
2849
2720
2625
2572
2556
2560
2596
2639
2653
2657
2649
2624
2596
2585
2581
2578
2577
2579
2584
2589
2592
2595
2596
2594
2592
2591
2590
2590
2589
2588
2588
2590
2592
2595
2599
2607
2611
2616
2619
2623
2628
2635
2644
2657
2666
2672
2677
2679
2681
2682
2683
2684
2685
2687
2689
2690
2692
2694
2696
2700
2706
2710
2713
2716
2720
2714
2695
2673
2661
2647
2635
2624
2613
2603
2593
2588
2585
2584
2581
2578
2575
2572
2569
2566
2562
2561
2563
2565
2566
2568
2571
2573
2577
2582
2588
2581
2574
2570
2566
2563
2560
2558
2554
2549
2549
2555
2563
2575
2583
2587
2591
2596
2602
2608
2613
2617
2619
2619
2620
2620
2620
2619
2615
2609
2606
2611
2621
2627
2628
2630
2630
2630
2627
2624
2621
2619
2616
2615
2615
2617
2619
2623
2622
2608
2589
2578
2571
2565
2565
2572
2581
2590
2600
2606
2609
2612
2614
2618
2620
2623
2625
2628
2630
2631
2632
2632
2630
2627
2623
2615
2605
2599
2596
2593
2596
2600
2602
2604
2606
2608
2608
2609
2609
2609
2609
2609
2608
2608
2606
2604
2602
2601
2598
2594
2590
2587
2583
2577
2576
2582
2586
2590
2592
2595
2597
2598
2600
2604
2611
2623
2654
2710
2792
2899
3027
3162
3274
3332
3315
3216
3050
2854
2684
2578
2548
2548
2582
2608
2617
2611
2593
2574
2567
2567
2572
2581
2593
2601
2606
2608
2606
2600
2584
2565
2559
2557
2556
2555
2557
2563
2578
2597
2621
2639
2644
2647
2649
2651
2653
2655
2655
2656
2657
2658
2659
2661
2662
2663
2663
2661
2659
2656
2653
2649
2646
2649
2654
2661
2674
2685
2693
2697
2701
2705
2714
2727
2735
2738
2740
2733
2713
2693
2674
2663
2644
2620
2594
2568
2563
2562
2562
2562
2561
2561
2561
2561
2562
2564
2566
2569
2571
2572
2574
2575
2576
2576
2576
2576
2574
2572
2570
2567
2563
2558
2555
2554
2554
2553
2552
2552
2552
2554
2556
2560
2563
2567
2572
2575
2578
2582
2586
2591
2594
2591
2587
2584
2580
2578
2576
2577
2578
2582
2587
2603
2632
2683
2757
2855
2966
3066
3122
3125
3077
2968
2831
2702
2612
2585
2576
2588
2600
2609
2613
2613
2614
2616
2618
2619
2615
2608
2595
2575
2554
2539
2531
2525
2534
2544
2554
2562
2573
2589
2598
2602
2605
2608
2609
2612
2615
2617
2619
2622
2624
2626
2628
2630
2631
2633
2636
2638
2641
2644
2648
2653
2658
2665
2671
2675
2678
2682
2684
2686
2688
2688
2686
2685
2683
2679
2676
2671
2661
2651
2642
2631
2622
2609
2593
2579
2571
2564
2559
2554
2549
2547
2547
2549
2551
2554
2558
2558
2553
2548
2543
2538
2532
2523
2513
2507
2502
2509
2517
2523
2528
2533
2542
2553
2558
2560
2562
2564
2566
2566
2568
2570
2572
2574
2576
2579
2584
2592
2597
2600
2602
2602
2604
2605
2606
2607
2608
2608
2608
2607
2606
2605
2603
2602
2600
2598
2596
2595
2592
2589
2587
2585
2586
2588
2590
2592
2597
2607
2612
2615
2618
2619
2618
2615
2611
2605
2594
2584
2578
2584
2602
2636
2687
2760
2854
2969
3096
3214
3280
3285
3241
3118
2961
2808
2688
2613
2595
2598
2611
2619
2622
2619
2614
2607
2596
2589
2585
2583
2584
2589
2595
2599
2602
2607
2609
2611
2611
2610
2609
2609
2608
2607
2604
2602
2603
2608
2613
2620
2630
2635
2638
2641
2643
2647
2650
2653
2655
2658
2661
2664
2667
2669
2671
2672
2673
2674
2677
2678
2679
2681
2682
2684
2685
2687
2690
2691
2694
2698
2702
2702
2698
2693
2684
2672
2651
2630
2607
2584
2578
2576
2574
2573
2578
2585
2590
2596
2599
2602
2602
2600
2596
2592
2585
2573
2563
2553
2548
2544
2543
2540
2539
2538
2538
2540
2543
2546
2549
2551
2554
2557
2560
2565
2570
2574
2578
2582
2586
2590
2594
2596
2595
2593
2590
2587
2584
2581
2578
2575
2572
2570
2570
2570
2572
2572
2575
2579
2589
2608
2640
2691
2763
2852
2954
3058
3147
3196
3174
3077
2926
2765
2631
2554
2541
2546
2584
2609
2617
2609
2602
2597
2593
2589
2585
2583
2580
2577
2574
2572
2571
2572
2574
2578
2584
2592
2604
2611
2616
2622
2629
2633
2636
2637
2639
2641
2643
2643
2644
2645
2646
2647
2648
2649
2649
2649
2650
2651
2654
2656
2660
2665
2670
2674
2678
2682
2685
2687
2688
2689
2690
2691
2695
2688
2678
2671
2664
2656
2644
2632
2624
2616
2609
2606
2601
2596
2591
2585
2579
2573
2568
2566
2564
2563
2561
2560
2559
2558
2556
2555
2554
2554
2554
2554
2554
2553
2551
2548
2548
2552
2565
2584
2592
2596
2598
2600
2596
2590
2583
2573
2565
2560
2558
2555
2554
2552
2550
2550
2551
2553
2554
2555
2557
2559
2562
2566
2571
2576
2579
2583
2586
2590
2594
2598
2603
2608
2610
2609
2606
2604
2602
2601
2599
2598
2596
2595
2593
2591
2589
2586
2584
2583
2581
2579
2577
2574
2572
2570
2568
2567
2566
2564
2562
2560
2558
2552
2552
2558
2562
2565
2568
2571
2573
2577
2579
2583
2586
2590
2592
2595
2597
2600
2602
2604
2604
2602
2599
2596
2593
2591
2590
2588
2585
2584
2583
2582
2582
2581
2581
2580
2580
2580
2579
2577
2576
2577
2578
2580
2581
2582
2583
2582
2581
2580
2578
2577
2577
2584
2592
2603
2612
2620
2627
2631
2633
2632
2627
2620
2609
2602
2596
2595
2596
2601
2603
2606
2608
2609
2609
2609
2608
2605
2602
2599
2593
2593
2595
2596
2598
2598
2595
2591
2588
2586
2589
2597
2621
2664
2726
2806
2901
3008
3112
3192
3215
3168
3056
2910
2767
2649
2573
2551
2553
2581
2616
2647
2655
2658
2653
2640
2631
2625
2621
2616
2611
2608
2604
2602
2601
2601
2604
2608
2613
2620
2622
2624
2625
2625
2624
2623
2621
2620
2623
2626
2631
2635
2640
2647
2654
2661
2665
2668
2673
2683
2693
2700
2706
2709
2712
2714
2715
2717
2719
2720
2721
2724
2726
2733
2744
2755
2762
2765
2767
2768
2767
2763
2751
2732
2708
2684
2666
2660
2656
2653
2645
2628
2607
2599
2591
2584
2577
2568
2560
2552
2553
2561
2566
2570
2573
2576
2578
2580
2583
2585
2589
2592
2595
2598
2601
2604
2608
2609
2610
2609
2608
2605
2602
2599
2596
2592
2587
2584
2582
2581
2581
2579
2577
2589
2600
2607
2612
2615
2616
2618
2621
2618
2602
2590
2586
2584
2583
2581
2580
2580
2580
2581
2582
2584
2586
2596
2619
2662
2727
2814
2915
3012
3085
3112
3080
2990
2867
2739
2634
2567
2551
2554
2583
2602
2607
2609
2613
2615
2619
2624
2615
2601
2584
2573
2567
2563
2563
2569
2579
2595
2614
2628
2637
2642
2643
2645
2646
2647
2647
2648
2647
2647
2648
2649
2649
2649
2649
2649
2650
2651
2652
2653
2655
2658
2663
2677
2687
2696
2704
2712
2720
2727
2731
2735
2737
2739
2739
2737
2734
2729
2720
2705
2692
2679
2665
2651
2629
2607
2582
2557
2548
2540
2530
2519
2513
2509
2510
2519
2528
2537
2546
2550
2554
2556
2559
2560
2559
2558
2555
2554
2551
2548
2545
2545
2549
2555
2562
2572
2582
2589
2595
2599
2602
2602
2601
2599
2596
2594
2589
2590
2597
2617
2648
2688
2738
2802
2882
2970
3062
3145
3190
3188
3133
3008
2849
2697
2584
2530
2511
2516
2532
2555
2569
2584
2596
2604
2609
2602
2588
2578
2574
2572
2571
2573
2578
2587
2597
2602
2603
2605
2607
2608
2608
2609
2609
2608
2608
2608
2607
2605
2602
2600
2597
2590
2583
2580
2578
2578
2581
2590
2602
2618
2640
2662
2677
2686
2691
2696
2698
2699
2700
2701
2702
2703
2704
2702
2697
2690
2678
2666
2653
2638
2623
2613
2607
2601
2596
2588
2575
2564
2555
2549
2542
2536
2525
2518
2513
2509
2507
2507
2508
2511
2515
2522
2534
2543
2549
2553
2555
2559
2562
2562
2555
2549
2541
2536
2531
2523
2510
2490
2484
2482
2485
2501
2514
2527
2541
2555
2571
2584
2592
2591
2582
2575
2571
2566
2562
2560
2557
2554
2551
2546
2543
2545
2550
2567
2622
2715
2837
2972
3096
3169
3171
3106
2960
2793
2643
2542
2504
2501
2519
2548
2562
2567
2568
2566
2560
2554
2547
2538
2527
2516
2511
2507
2505
2506
2509
2515
2525
2542
2560
2574
2585
2596
2606
