0995
0755
0511
0271
0073
0000
0016
0094
0142
0175
0193
0206
0216
0225
0234
0240
0249
0258
0299
0421
0598
0801
1023
1248
1438
1534
1564
1540
1466
1344
1189
1001
0801
0633
0552
0530
0513
0502
0498
0498
0502
0511
0522
0535
0550
0576
0602
0628
0657
0692
0727
0749
0764
0777
0790
0801
0812
0823
0836
0847
0860
0873
0888
0903
0914
0925
0934
0945
0954
0966
0975
0988
1004
1028
1052
1075
1110
1156
1196
1244
1289
1320
1350
1390
1438
1488
1533
1571
1614
1662
1710
1756
1806
1850
1884
1909
1943
1989
2018
2033
2044
2052
2055
2052
2044
2031
2013
1980
1926
1874
1826
1784
1734
1690
1656
1616
1599
1592
1584
1581
1575
1571
1568
1562
1558
1557
1553
1549
1549
1547
1549
1551
1553
1557
1560
1564
1568
1570
1573
1577
1581
1584
1588
1594
1599
1606
1619
1634
1649
1664
1679
1693
1710
1728
1749
1765
1780
1795
1810
1824
1843
1863
1885
1909
1932
1950
1965
1976
1987
1998
2009
2022
2035
2048
2061
2074
2085
2096
2105
2114
2120
2126
2131
2138
2148
2159
2172
2186
2203
2225
2247
2268
2284
2297
2310
2321
2332
2343
2355
2364
2373
2380
2388
2391
2397
2399
2401
2403
2403
2404
2406
2406
2408
2408
2410
2414
2415
2417
2419
2421
2423
2425
2428
2430
2432
2434
2436
2440
2445
2449
2452
2456
2462
2467
2473
2478
2482
2486
2488
2489
2495
2502
2512
2558
2650
2787
2968
3178
3396
3587
3716
3758
3742
3692
3568
3413
3232
3034
2848
2696
2593
2554
2528
2510
2497
2484
2469
2456
2451
2449
2445
2441
2440
2438
2436
2432
2430
2427
2425
2423
2421
2419
2417
2414
2412
2410
2408
2406
2404
2403
2401
2399
2397
2393
2388
2382
2384
2401
2427
2452
2484
2508
2530
2545
2556
2565
2572
2582
2591
2600
2609
2621
2633
2652
2672
2693
2713
2731
2748
2765
2779
2794
2805
2818
2831
2844
2850
2844
2831
2814
2792
2759
2726
2680
2626
2576
2530
2488
2445
2404
2355
2307
2273
2247
2229
2216
2205
2194
2181
2168
2155
2140
2122
2107
2094
2085
2079
2076
2072
2068
2066
2065
2065
2065
2063
2065
2066
2068
2072
2076
2081
2085
2087
2090
2094
2098
2103
2109
2113
2118
2122
2126
2129
2133
2138
2142
2146
2148
2151
2153
2157
2161
2162
2166
2170
2172
2175
2179
2183
2185
2188
2192
2198
2201
2205
2209
2212
2218
2223
2229
2236
2242
2249
2255
2260
2262
2264
2262
2258
2255
2249
2244
2238
2233
2227
2222
2216
2212
2209
2203
2198
2192
2186
2181
2177
2175
2177
2181
2186
2192
2201
2212
2223
2238
2271
2338
2443
2593
2790
3019
3252
3452
3596
3633
3644
3629
3531
3385
3195
2988
2796
2639
2524
2464
2408
2351
2301
2270
2258
2255
2253
2251
2247
2246
2244
2244
2242
2242
2244
2249
2255
2264
2271
2281
2290
2299
2305
2310
2316
2319
2325
2331
2336
2342
2345
2351
2355
2356
2360
2362
2366
2367
2369
2369
2371
2373
2375
2377
2380
2384
2390
2399
2414
2432
2456
2488
2528
2558
2589
2619
2652
2669
2680
2689
2696
2702
2704
2704
2700
2693
2681
2669
2652
2628
2582
2541
2502
2464
2425
2388
2351
2319
2297
2284
2273
2264
2255
2246
2236
2227
2218
2209
2198
2183
2168
2153
2137
2120
2103
2089
2077
2068
2061
2057
2052
2048
2046
2042
2039
2035
2033
2031
2031
2033
2037
2042
2050
2057
2066
2076
2083
2090
2096
2101
2103
2107
2109
2111
2113
2114
2118
2120
2122
2122
2124
2122
2122
2120
2116
2114
2111
2109
2107
2105
2103
2103
2103
2103
2105
2107
2107
2109
2109
2111
2111
2113
2113
2114
2114
2114
2114
2114
2114
2113
2111
2109
2107
2105
2101
2098
2096
2094
2094
2092
2092
2090
2087
2083
2081
2079
2079
2079
2085
2090
2101
2113
2124
2135
2144
2150
2155
2161
2164
2168
2172
2174
2177
2181
2183
2186
2188
2192
2194
2196
2198
2198
2199
2199
2203
2207
2212
2231
2281
2382
2537
2754
3021
3317
3598
3810
3891
3812
3579
3252
2911
2633
2478
2425
2397
2380
2355
2308
2258
2203
2162
2137
2124
2118
2114
2111
2107
2103
2101
2101
2105
2116
2129
2146
2161
2181
2199
2214
2227
2240
2251
2264
2271
2283
2297
2314
2329
2336
2343
2347
2353
2356
2362
2367
2373
2379
2382
2386
2390
2391
2395
2399
2404
2412
2432
2452
2475
2500
2524
2547
2567
2584
2598
2611
2626
2643
2659
2670
2681
2693
2700
2705
2709
2707
2702
2693
2680
2663
2630
2571
2517
2458
2395
2334
2273
2212
2175
2157
2144
2135
2124
2114
2109
2103
2098
2094
2089
2083
2079
2074
2070
2066
2063
2059
2055
2053
2050
2046
2041
2035
2029
2024
2020
2015
2011
2007
2005
2005
2007
2011
2015
2020
2026
2037
2042
2050
2055
2061
2065
2068
2072
2076
2081
2085
2087
2090
2092
2094
2096
2096
2096
2096
2094
2092
2090
2089
2087
2085
2085
2085
2085
2085
2085
2087
2089
2092
2094
2098
2101
2105
2109
2113
2116
2118
2122
2122
2124
2124
2124
2124
2124
2126
2126
2126
2127
2129
2131
2133
2135
2135
2137
2138
2142
2146
2151
2157
2164
2175
2190
2205
2218
2231
2242
2251
2258
2264
2270
2271
2273
2277
2281
2284
2288
2292
2295
2297
2299
2301
2305
2308
2314
2321
2342
2388
2434
2486
2585
2742
2966
3243
3540
3806
3934
3926
3766
3441
3066
2746
2600
2558
2532
2512
2497
2484
2465
2447
2430
2421
2414
2408
2404
2403
2399
2395
2390
2384
2380
2379
2375
2373
2369
2367
2364
2362
2358
2355
2355
2358
2366
2377
2388
2399
2408
2417
2427
2438
2445
2454
2460
2465
2469
2475
2480
2486
2493
2499
2506
2515
2523
2532
2541
2552
2563
2576
2597
2617
2637
2659
2683
2711
2737
2761
2776
2789
2798
2807
2811
2814
2813
2805
2796
2783
2768
2748
2709
2674
2626
2574
2532
2488
2440
2397
2364
2338
2307
2275
2247
2212
2186
2166
2151
2146
2144
2142
2142
2140
2140
2140
2140
2140
2142
2144
2150
2155
2161
2168
2174
2177
2181
2183
2185
2186
2188
2190
2192
2192
2194
2196
2198
2199
2199
2201
2203
2205
2209
2210
2212
2216
2220
2223
2227
2229
2233
2236
2240
2244
2249
2255
2258
2262
2264
2266
2264
2262
2260
2257
2253
2249
2246
2240
2233
2225
2222
2227
2244
2260
2273
2286
2299
2312
2327
2340
2353
2366
2379
2393
2406
2414
2415
2417
2417
2419
2419
2419
2421
2423
2423
2425
2425
2423
2421
2415
2410
2403
2393
2386
2379
2369
2355
2342
2334
2329
2325
2321
2318
2314
2312
2312
2314
2319
2329
2336
2345
2353
2362
2371
2380
2388
2393
2399
2401
2404
2408
2414
2441
2512
2637
2822
3069
3370
3677
3926
4011
3986
3775
3426
3058
2768
2630
2584
2560
2543
2517
2467
2397
2338
2308
2294
2283
2273
2266
2255
2246
2236
2231
2223
2218
2212
2207
2201
2196
2192
2190
2188
2186
2186
2185
2185
2183
2179
2174
2168
2164
2168
2179
2192
2207
2227
2247
2271
2286
2297
2307
2316
2323
2331
2336
2342
2349
2356
2364
2373
2384
2395
2406
2419
2432
2452
2476
2500
2521
2547
2576
2608
2628
2643
2654
2661
2661
2656
2646
2633
2609
2565
2519
2473
2425
2380
2340
2297
2264
2236
2210
2185
2161
2138
2116
2092
2070
2057
2048
2039
2033
2029
2029
2035
2044
2055
2066
2079
2092
2109
2122
2137
2148
2157
2164
2172
2177
2181
2183
2181
2175
2166
2157
2150
2140
2135
2127
2122
2114
2109
2103
2098
2094
2092
2090
2090
2092
2096
2100
2105
2111
2120
2129
2144
2172
2201
2223
2238
2251
2264
2275
2286
2294
2301
2307
2312
2318
2319
2319
2318
2314
2308
2301
2294
2284
2273
2255
2240
2229
2223
2218
2212
2209
2205
2201
2201
2203
2209
2218
2227
2236
2246
2253
2262
2270
2275
2283
2286
2290
2292
2290
2288
2286
2284
2281
2279
2277
2275
2273
2271
2268
2264
2260
2257
2253
2251
2251
2249
2251
2253
2257
2262
2271
2277
2308
2386
2513
2696
2940
3234
3544
3823
4002
4021
3941
3666
3291
2918
2633
2467
2408
2390
2371
2355
2327
2281
2227
2181
2157
2144
2135
2129
2127
2131
2140
2151
2162
2174
2185
2196
2205
2214
2223
2231
2236
2240
2242
2244
2246
2247
2249
2251
2253
2255
2257
2258
2262
2264
2264
2264
2264
2264
2266
2268
2271
2275
2281
2290
2314
2336
2366
2404
2445
2486
2526
2569
2611
2652
2689
2730
2750
2761
2770
2776
2779
2781
2779
2776
2770
2763
2754
2733
2698
2663
2630
2598
2560
2515
2462
2397
2342
2292
2247
2212
2186
2162
2155
2151
2148
2144
2142
2142
2142
2142
2142
2140
2138
2138
2137
2137
2135
2133
2129
2127
2126
2126
2124
2122
2118
2116
2113
2105
2098
2092
2092
2098
2107
2116
2120
2124
2127
2129
2131
2135
2138
2142
2146
2150
2151
2155
2159
2162
2164
2168
2170
2172
2174
2177
2181
2185
2188
2192
2196
2199
2203
2207
2209
2210
2210
2210
2210
2212
2212
2210
2210
2209
2209
2207
2205
2205
2201
2199
2196
2194
2192
2192
2190
2190
2190
2190
2190
2192
2192
2192
2192
2190
2192
2205
2222
2231
2240
2249
2257
2262
2268
2271
2275
2277
2279
2279
2281
2281
2281
2283
2284
2286
2288
2288
2292
2295
2301
2307
2312
2318
2323
2329
2334
2342
2351
2358
2364
2367
2367
2364
2358
2351
2345
2340
2334
2327
2319
2314
2307
2303
2297
2294
2290
2288
2286
2284
2283
2281
2277
2273
2271
2271
2273
2281
2297
2318
2353
2417
2526
2683
2896
3164
3459
3742
3952
4006
3976
3768
3448
3108
2824
2637
2554
2521
2493
2456
2408
2356
2314
2284
2264
2238
2212
2192
2181
2175
2172
2170
2166
2164
2162
2164
2168
2177
2186
2198
2209
2220
2233
2247
2258
2271
2283
2297
2314
2332
2351
2369
2384
2395
2406
2414
2421
2427
2430
2436
2440
2443
2447
2451
2454
2458
2462
2467
2471
2475
2480
2486
2493
2502
2517
2547
2580
2597
2608
2619
2626
2633
2637
2641
2643
2643
2641
2637
2633
2628
2621
2611
2602
2584
2548
2523
2489
2447
2401
2356
2310
2262
2218
2186
2151
2126
2103
2085
2068
2052
2037
2022
2009
1996
1987
1978
1972
1967
1961
1956
1952
1948
1948
1948
1952
1959
1967
1976
1989
2002
2022
2042
2065
2085
2107
2133
2150
2155
2159
2161
2162
2164
2166
2168
2168
2164
2159
2151
2146
2142
2138
2135
2131
2127
2124
2120
2118
2116
2114
2113
2111
2109
2107
2107
2105
2105
2105
2105
2105
2105
2107
2107
2109
2109
2111
2113
2113
2114
2113
2113
2113
2113
2113
2113
2113
2114
2116
2118
2122
2126
2127
2131
2133
2135
2138
2142
2146
2151
2159
2175
2198
2214
2225
2234
2244
2249
2257
2262
2268
2271
2271
2271
2271
2270
2264
2255
2246
2236
2225
2214
2205
2194
2183
2172
2162
2157
2155
2159
2166
2177
2188
2201
2212
2225
2238
2251
2264
2271
2281
2290
2297
2305
2310
2316
2321
2325
2329
2332
2334
2336
2336
2336
2334
2331
2325
2319
2314
2307
2299
2292
2286
2279
2271
2266
2257
2249
2246
2246
2247
2251
2260
2270
2279
2294
2310
2342
2349
2353
2355
2356
2360
2362
2364
2364
2366
2366
2366
2366
2364
2362
2360
2358
2356
2355
2353
2351
2349
2347
2345
2343
2342
2340
2338
2336
2334
2332
2331
2329
2329
2329
2329
2327
2327
2325
2323
2321
2318
2316
2312
2308
2305
2301
2297
2292
2283
2271
2260
2253
2247
2244
2240
2236
2234
2231
2229
2229
2229
2231
2238
2249
2262
2273
2284
2294
2305
2314
2325
2334
2342
2345
2349
2349
2347
2342
2336
2327
2318
2308
2297
2286
2275
2266
2257
2249
2246
2242
2240
2236
2229
2223
2222
2223
2236
2253
2270
2279
2288
2299
2308
2318
2323
2325
2323
2319
2312
2303
2294
2284
2275
2271
2264
2258
2251
2246
2240
2233
2227
2222
2220
2218
2216
2218
2220
2223
2229
2234
2242
2249
2257
2262
2270
2271
2277
2288
2299
2308
2316
2316
2316
2312
2307
2301
2294
2279
2281
2310
2391
2536
2741
3003
3295
3577
3793
3840
3808
3599
3284
2949
2661
2465
2384
2364
2345
2321
2297
2279
2268
2255
2244
2234
2227
2222
2216
2212
2209
2203
2198
2192
2188
2186
2185
2183
2181
2179
2177
2177
2179
2185
2190
2196
2201
2209
2216
2222
2227
2233
2238
2244
2251
2258
2266
2271
2279
2283
2288
2292
2295
2299
2303
2308
2321
2349
2380
2408
2432
2452
2471
2491
2517
2548
2582
2613
2641
2663
2683
2700
2713
2722
2730
2737
2742
2744
2744
2739
2728
2715
2698
2674
2633
2595
2556
2517
2471
2425
2379
2340
2301
2262
2218
2186
2162
2146
2137
2133
2129
2126
2122
2120
2118
2116
2113
2111
2111
2114
2122
2131
2140
2150
2159
2170
2181
2190
2199
2205
2210
2214
2220
2222
2223
2225
2225
2225
2227
2229
2231
2234
2236
2238
2240
2242
2244
2246
2246
2246
2246
2246
2246
2244
2244
2244
2244
2244
2246
2246
2246
2246
2246
2244
2242
2238
2236
2233
2231
2227
2225
2222
2220
2216
2214
2214
2212
2199
2201
2240
2345
2510
2739
3031
3352
3644
3801
3808
3688
3394
3053
2739
2515
2421
2395
2379
2353
2327
2297
2268
2231
2203
2185
2170
2162
2157
2153
2148
2142
2137
2133
2131
2131
2129
2129
2129
2131
2133
2137
2142
2146
2153
2159
2166
2175
2185
2194
2205
2220
2247
2273
2295
2314
2334
2355
2375
2399
2425
2440
2452
2462
2471
2478
2486
2495
2504
2512
2521
2532
2543
2560
2584
2609
2632
2654
2669
2683
2696
2705
2711
2711
2705
2694
2680
2663
2639
2598
2552
2506
2460
2423
2384
2347
2316
2286
2257
2229
2203
2183
2162
2138
2118
2101
2089
2076
2065
2055
2050
2046
2042
2039
2035
2031
2029
2028
2028
2028
2029
2031
2033
2039
2046
2052
2061
2068
2077
2089
2103
2116
2129
2140
2146
2150
2153
2157
2161
2162
2164
2164
2164
2164
2164
2164
2162
2162
2161
2161
2161
2161
2161
2162
2162
2164
2164
2166
2166
2168
2168
2172
2174
2177
2181
2183
2188
2192
2199
2205
2212
2220
2225
2231
2234
2236
2236
2234
2231
2225
2218
2212
2205
2198
2192
2185
2174
2162
2153
2146
2144
2148
2155
2164
2172
2179
2188
2196
2205
2214
2223
2233
2242
2253
2262
2270
2275
2284
2292
2297
2303
2305
2303
2297
2292
2283
2275
2268
2257
2240
2223
2207
2194
2186
2179
2174
2168
2162
2159
2157
2159
2161
2164
2170
2177
2186
2198
2209
2220
2233
2246
2260
2271
2281
2292
2299
2305
2310
2316
2321
2327
2331
2334
2338
2338
2340
2340
2338
2336
2332
2329
2323
2318
2312
2305
2299
2292
2283
2273
2266
2264
2270
2277
2290
2301
2312
2327
2340
2349
2353
2355
2356
2360
2362
2364
2364
2356
2340
2323
2314
2307
2301
2294
2288
2283
2277
2275
2271
2271
2271
2271
2271
2273
2275
2279
2284
2288
2292
2295
2301
2305
2310
2316
2321
2327
2334
2342
2349
2353
2360
2369
2382
2440
2536
2683
2887
3141
3431
3714
3919
3949
3888
3601
3204
2802
2493
2367
2332
2312
2294
2279
2268
2249
2229
2214
2212
2216
2222
2231
2242
2240
2218
2203
2192
2185
2179
2177
2181
2192
2201
2210
2214
2218
2222
2227
2233
2236
2240
2244
2247
2251
2255
2258
2260
2262
2262
2264
2268
2271
2273
2279
2284
2290
2299
2318
2338
2360
2382
2395
2404
2414
2423
2430
2436
2441
2445
2451
2454
2460
2464
2469
2473
2478
2488
2499
2510
2523
2534
2545
2554
2565
2572
2578
2578
2571
2561
2548
2534
2515
2488
2460
2436
2397
2343
2290
2244
2196
2146
2103
2070
2039
2015
1998
1985
1978
1970
1965
1959
1956
1950
1946
1943
1943
1944
1952
1963
1976
1991
2011
2041
2068
2096
2129
2166
2194
2205
2212
2220
2225
2231
2234
2238
2240
2240
2240
2236
2233
2227
2218
2209
2199
2190
2183
2174
2166
2157
2148
2137
2129
2122
2118
2116
2120
2126
2135
2146
2157
2166
2175
2183
2192
2201
2209
2218
2225
2231
2236
2240
2242
2244
2246
2246
2246
2246
2244
2242
2242
2242
2244
2246
2246
2244
2242
2240
2236
2233
2229
2225
2222
2216
2214
2212
2212
2218
2225
2234
2244
2253
2260
2266
2271
2273
2273
2275
2275
2279
2283
2286
2290
2294
2295
2297
2301
2308
2314
2321
2332
2390
2508
2687
2931
3232
3550
3823
3952
3945
3777
3435
3042
2685
2441
2362
2338
2321
2305
2292
2284
2279
2275
2271
2270
2268
2266
2266
2266
2264
2262
2262
2264
2266
2270
2270
2271
2271
2271
2271
2273
2277
2279
2283
2286
2290
2294
2297
2301
2305
2307
2310
2316
2325
2334
2343
2351
2360
2369
2380
2391
2403
2415
2428
2440
2452
2469
2495
2532
2563
2593
2624
2656
2687
2717
2737
2746
2754
2759
2763
2766
2768
2768
2766
2765
2757
2750
2739
2726
2705
2669
2632
2582
2532
2488
2443
2401
2355
2305
2257
2218
2188
2164
2142
2120
2103
2094
2089
2083
2081
2077
2077
2079
2085
2092
2100
2107
2113
2120
2127
2135
2140
2148
2151
2155
2159
2162
2164
2166
2168
2168
2168
2170
2172
2174
2175
2177
2179
2181
2185
2186
2188
2188
2186
2186
2185
2183
2179
2177
2174
2172
2168
2166
2164
2161
2157
2153
2150
2146
2140
2135
2127
2122
2120
2122
2127
2137
2146
2159
2174
2196
2212
2223
2231
2234
2238
2242
2244
2246
2247
2249
2249
2249
2247
2246
2242
2238
2234
2231
2227
2222
2220
2216
2214
2210
2207
2203
2199
2198
2194
2192
2192
2190
2190
2190
2192
2194
2196
2199
2203
2207
2210
2216
2222
2227
2236
2253
2271
2286
2307
2325
2338
2345
2351
2358
2362
2364
2358
2345
2332
2321
2310
2299
2290
2279
2270
2260
2249
2236
2222
2209
2203
2199
2196
2194
2190
2188
2186
2185
2185
2185
2188
2194
2199
2207
2214
2223
2236
2249
2262
2273
2284
2295
2307
2318
2327
2334
2340
2345
2351
2355
2360
2366
2369
2375
2384
2421
2508
2652
2862
3128
3426
3714
3936
4022
3939
3705
3367
3003
2698
2500
2434
2414
2399
2386
2371
2319
2246
2201
2181
2170
2162
2155
2153
2151
2151
2155
2161
2168
2177
2186
2199
2218
2236
2251
2262
2268
2270
2271
2273
2275
2277
2279
2279
2281
2281
2283
2284
2288
2290
2292
2294
2295
2299
2301
2305
2308
2312
2316
2321
2334
2347
2360
2369
2380
2397
2419
2440
2460
2482
2506
2537
2578
2606
2621
2632
2645
2656
2667
2674
2683
2693
2700
2702
2702
2694
2683
2669
2613
2543
2500
2456
2414
2375
2331
2292
2264
2236
2210
2183
2151
2135
2126
2118
2111
2105
2101
2096
2090
2087
2081
2076
2070
2065
2059
2055
2050
2044
2041
2037
2037
2037
2041
2048
2055
2065
2076
2089
2113
2133
2151
2174
2198
2205
2209
2212
2216
2218
2220
2218
2216
2212
2207
2201
2198
2194
2192
2188
2186
2185
2183
2179
2177
2174
2170
2166
2162
2159
2155
2151
2146
2138
2126
2101
2092
2089
2087
2083
2079
2081
2096
2116
2138
2164
2188
2209
2218
2223
2229
2234
2240
2242
2246
2249
2251
2253
2257
2258
2260
2262
2262
2264
2262
2262
2260
2258
2257
2253
2249
2246
2242
2238
2233
2229
2223
2220
2216
2210
2205
2194
2183
2172
2168
2172
2177
2185
2196
2207
2223
2234
2240
2244
2247
2249
2253
2255
2257
2257
2258
2257
2257
2255
2253
2251
2249
2246
2244
2242
2242
2242
2242
2244
2244
2246
2246
2246
2247
2247
2247
2246
2246
2247
2247
2251
2253
2258
2262
2266
2271
2275
2279
2284
2295
2321
2331
2334
2338
2342
2343
2343
2342
2332
2321
2312
2307
2303
2297
2294
2288
2284
2281
2277
2275
2275
2275
2275
2275
2275
2273
2273
2273
2273
2273
2273
2273
2275
2279
2283
2288
2292
2295
2299
2303
2307
2310
2314
2316
2318
2321
2329
2338
2343
2347
2347
2343
2336
2331
2323
2318
2310
2303
2294
2286
2281
2275
2271
2268
2266
2264
2262
2262
2260
2260
2257
2255
2251
2249
2247
2246
2246
2249
2255
2260
2270
2275
2283
2290
2295
2301
2307
2312
2318
2321
2327
2331
2334
2336
2340
2342
2342
2343
2343
2343
2345
2347
2355
2360
2358
2343
2327
2310
2294
2281
2281
2294
2318
2388
2523
2711
2955
3237
3522
3753
3834
3814
3629
3321
2986
2718
2569
2523
2506
2493
2469
2406
2321
2281
2260
2246
2238
2247
2264
2277
2288
2297
2301
2295
2283
2266
2249
2225
2205
2188
2181
2175
2168
2162
2157
2151
2148
2146
2144
2142
2142
2142
2142
2144
2146
2150
2153
2157
2162
2168
2174
2183
2196
2229
2251
2273
2297
2321
2347
2373
2403
2432
2462
2488
2519
2560
2595
2622
2652
2669
2681
2691
2698
2704
2704
2698
2691
2681
2670
2656
2633
2613
2597
2567
2519
2473
2440
2404
2369
2334
2303
2271
2238
2203
2170
2142
2124
2107
2101
2096
2092
2089
2085
2083
2079
2076
2074
2072
2070
2070
2070
2070
2072
2074
2077
2081
2085
2089
2094
2100
2107
2114
2122
2131
2140
2151
2174
2198
2209
2216
2222
2225
2229
2233
2234
2234
2236
2236
2234
2234
2233
2231
2229
2223
2220
2216
2210
2205
2198
2188
2186
2192
2205
2231
2305
2419
2582
2794
3055
3343
3614
3769
3775
3653
3348
2983
2656
2445
2369
2349
2331
2299
2266
2238
2212
2188
2175
2177
2186
2199
2210
2216
2220
2220
2222
2223
2227
2229
2231
2231
2231
2231
2231
2231
2231
2231
2231
2231
2231
2231
2231
2231
2233
2234
2236
2240
2246
2251
2258
2266
2277
2307
2332
2353
2373
2393
2414
2436
2454
2469
2482
2499
2513
2530
2552
2576
2604
2633
2659
2683
2700
2707
2713
2718
2722
2726
2730
2730
2726
2717
2702
2683
2656
2611
2574
2524
2469
2415
2360
2303
2247
2209
2181
2168
2161
2157
2155
2151
2150
2148
2146
2144
2142
2140
2140
2138
2137
2137
2137
2138
2140
2142
2144
2146
2150
2153
2159
2164
2168
2174
2179
2186
2203
2218
2223
2227
2227
2231
2238
2234
2214
2194
2177
2164
2159
2157
2155
2155
2153
2151
2150
2148
2148
2148
2146
2146
2146
2146
2148
2150
2151
2155
2157
2161
2164
2168
2174
2177
2185
2190
2196
2201
2212
2223
2233
2240
2246
2249
2255
2260
2266
2270
2271
2268
2260
2251
2244
2238
2233
2225
2218
2214
2212
2214
2222
2233
2247
2297
2417
2600
2840
3132
3441
3705
3829
3823
3666
3341
2957
2622
2410
2375
2366
2356
2345
2331
2277
2223
2214
2207
2201
2196
2194
2194
2192
2188
2183
2179
2175
2172
2172
2170
2170
2168
2164
2162
2161
2157
2151
2146
2142
2140
2138
2140
2144
2150
2159
2168
2185
2212
2234
2255
2271
2290
2318
2332
2343
2353
2360
2366
2371
2375
2379
2382
2384
2388
2393
2401
2412
2427
2449
2469
2489
2502
2513
2521
2526
2530
2536
2539
2543
2543
2541
2537
2532
2523
2515
2502
2484
2469
2458
2438
2412
2386
2358
2334
2318
2297
2277
2260
2236
2220
2209
2198
2188
2177
2168
2159
2150
2142
2138
2137
2135
2135
2135
2133
2129
2127
2126
2127
2129
2131
2133
2133
2133
2135
2135
2137
2138
2140
2142
2144
2144
2144
2146
2148
2150
2151
2153
2157
2161
2166
2175
2185
2196
2205
2212
2222
2231
2238
2246
2251
2257
2262
2270
2275
2281
2284
2283
2277
2271
2266
2255
2240
2251
2281
2371
2515
2715
2966
3247
3509
3692
3744
3640
3400
3077
2750
2484
2323
2275
2262
2249
2236
2192
2151
2137
2131
2142
2159
2166
2172
2177
2181
2183
2185
2186
2190
2192
2194
2198
2199
2201
2201
2203
2203
2203
2205
2209
2210
2216
2222
2238
2258
2275
2295
2319
2334
2342
2349
2355
2358
2364
2367
2369
2373
2377
2380
2388
2403
2421
2447
2475
2495
2521
2552
2582
2615
2646
2669
2685
2702
2713
2722
2730
2731
2730
2722
2713
2702
2683
2663
2633
2600
2547
2495
2445
2397
2343
2308
2271
2238
2209
2186
2172
2161
2151
2140
2127
2111
2092
2076
2066
2061
2057
2053
2050
2050
2048
2050
2053
2057
2063
2068
2076
2085
2094
2103
2111
2118
2124
2127
2133
2137
2142
2146
2150
2153
2159
2168
2174
2177
2181
2183
2185
2186
2186
2188
2190
2192
2192
2194
2192
2190
2188
2186
2183
2181
2177
2174
2170
2162
2148
2137
2131
2127
2122
2120
2118
2120
2126
2133
2142
2153
2170
2181
2190
2196
2198
2201
2203
2205
2207
2209
2210
2210
2212
2214
2216
2216
2214
2212
2210
2209
2205
2203
2199
2196
2192
2188
2185
2181
2174
2164
2159
2155
2153
2151
2148
2142
2138
2142
2153
2190
2255
2367
2537
2763
3044
3367
3696
3963
4095
4032
3780
3398
2990
2657
2460
2410
2406
2425
2421
2369
2299
2233
2194
2183
2177
2174
2168
2164
2161
2157
2153
2148
2138
2133
2133
2142
2155
2174
2201
2216
2225
2236
2247
2257
2264
2271
2275
2279
2283
2284
2288
2295
2297
2295
2292
2286
2279
2292
2308
2323
2338
2358
2380
2399
2412
2425
2440
2454
2469
2480
2491
2500
2510
2524
2548
2569
2585
2597
2609
2622
2637
2648
2656
2661
2663
2661
2654
2641
2622
2591
2558
2528
2484
2436
2382
2351
2318
2288
2266
2238
2210
2190
2172
2164
2159
2155
2151
2150
2150
2148
2148
2148
2146
2144
2142
2140
2138
2137
2135
2135
2133
2131
2131
2131
2129
2126
2120
2118
2122
2129
2140
2151
2166
2168
2168
2166
2166
2168
2168
2168
2168
2168
2168
2170
2170
2170
2170
2170
2172
2172
2174
2174
2175
2177
2177
2179
2181
2183
2185
2188
2192
2196
2198
2199
2199
2198
2198
2196
2194
2192
2190
2190
2188
2186
2185
2183
2181
2179
2177
2175
2174
2172
2170
2168
2166
2162
2161
2159
2157
2157
2157
2157
2157
2159
2161
2162
2164
2168
2172
2190
2244
2332
2471
2670
2929
3230
3540
3792
3917
3877
3653
3293
2890
2550
2327
2260
2238
2247
2262
2271
2257
2229
2201
2177
2157
2148
2144
2142
2140
2140
2140
2144
2150
2155
2159
2166
2172
2179
2186
2192
2196
2198
2201
2203
2205
2207
2210
2212
2216
2220
2225
2236
2264
2279
2288
2297
2307
2316
2327
2343
2362
2384
2410
2430
2454
2478
2506
2530
2548
2563
2576
2587
2598
2613
2633
2663
2680
2687
2693
2698
2700
2700
2696
2691
2681
2669
2645
2604
2569
2534
2497
2462
2410
2362
2312
2279
2251
2231
2214
2199
2185
2175
2172
2170
2168
2166
2164
2162
2161
2161
2159
2155
2153
2151
2151
2150
2150
2150
2148
2144
2142
2138
2135
2133
2131
2129
2127
2127
2127
2129
2133
2135
2138
2144
2148
2153
2159
2164
2170
2181
2194
2199
2203
2207
2210
2212
2216
2218
2214
2205
2196
2186
2177
2168
2162
2159
2157
2155
2153
2151
2150
2148
2148
2151
2155
2159
2162
2166
2168
2172
2174
2177
2181
2185
2188
2192
2196
2199
2203
2209
2214
2220
2231
2244
2247
2249
2251
2253
2255
2258
2257
2247
2234
2218
2196
2177
2157
2138
2127
2118
2113
2107
2109
2116
2129
2144
2162
2181
2194
2203
2212
2216
2220
2222
2223
2225
2227
2229
2231
2233
2234
2236
2238
2240
2242
2242
2242
2242
2244
2246
2247
2247
2249
2249
2251
2251
2253
2253
2251
2251
2249
2251
2251
2253
2255
2255
2257
2258
2258
2260
2260
2260
2262
2264
2268
2271
2275
2273
2271
2270
2268
2266
2264
2260
2258
2258
2262
2268
2273
2277
2283
2288
2294
2301
2308
2316
2323
2329
2331
2336
2340
2343
2347
2351
2353
2355
2358
2360
2360
2360
2358
2356
2355
2353
2353
2351
2349
2347
2345
2343
2343
2342
2340
2336
2334
2332
2332
2331
2332
2332
2336
2340
2347
2353
2358
2364
2367
2373
2380
2386
2391
2395
2395
2393
2390
2388
2382
2377
2369
2356
2343
2331
2321
2314
2308
2301
2294
2286
2277
2270
2257
2251
2255
2266
2290
2364
2497
2696
2971
3300
3640
3925
4030
4013
3819
3483
3127
2829
2632
2528
2484
2467
2449
2423
2390
2364
2343
2323
2305
2284
2266
2253
2246
2240
2234
2231
2227
2225
2222
2220
2218
2216
2212
2209
2205
2203
2207
2216
2229
2242
2258
2270
2273
2277
2281
2284
2286
2288
2290
2292
2295
2297
2301
2305
2310
2316
2327
2349
2366
2380
2397
2415
2436
2454
2475
2500
2532
2561
2595
2613
2622
2630
2635
2639
2641
2643
2643
2643
2643
2639
2637
2633
2628
2622
2608
2576
2541
2504
2465
2428
2390
2351
2321
2297
2264
2249
2244
2236
2233
2229
2225
2222
2220
2218
2216
2214
2212
2210
2209
2209
2207
2207
2207
2207
2205
2203
2201
2199
2198
2194
2188
2185
2179
2174
2168
2164
2159
2153
2148
2142
2138
2135
2138
2148
2159
2172
2181
2192
2201
2212
2222
2229
2234
2240
2244
2247
2255
2260
2264
2266
2262
2253
2242
2233
2227
2222
2216
2209
2203
2198
2194
2190
2190
2190
2192
2194
2196
2199
2203
2205
2209
2210
2212
2214
2216
2220
2222
2225
2227
2227
2227
2225
2223
2222
2222
2220
2220
2216
2214
2212
2212
2210
2210
2210
2210
2209
2209
2209
2209
2207
2207
2205
2205
2205
2205
2205
2205
2205
2205
2207
2209
2212
2216
2218
2220
2223
2225
2229
2231
2233
2234
2236
2238
2242
2244
2247
2249
2253
2257
2260
2262
2264
2264
2264
2262
2262
2262
2260
2258
2257
2255
2253
2253
2253
2251
2251
2249
2247
2246
2244
2236
2229
2231
2238
2258
2316
2417
2578
2800
3068
3358
3625
3795
3810
3720
3457
3136
2840
2624
2521
2482
2464
2423
2358
2327
2312
2305
2301
2297
2290
2284
2281
2277
2273
2271
2268
2266
2262
2258
2253
2249
2244
2238
2234
2233
2229
2225
2220
2214
2207
2203
2199
2199
2201
2207
2212
2222
2234
2258
2277
2299
2321
2345
2369
2393
2417
2432
2440
2447
2456
2464
2473
2482
2495
2513
2530
2548
2569
2593
2617
2635
2650
2661
2670
2678
2685
2693
2698
2700
2696
2687
2670
2645
2606
2571
2536
2497
2460
2423
2388
2356
2325
2290
2255
2223
2199
2168
2150
2135
2126
2118
2114
2111
2109
2107
2107
2105
2103
2101
2100
2101
2105
2113
2120
2127
2135
2140
2146
2151
2155
2159
2159
2157
2151
2146
2138
2129
2122
2113
2103
2094
2085
2079
2077
2083
2090
2098
2107
2116
2126
2137
2148
2157
2164
2172
2179
2186
2198
2207
2212
2216
2218
2220
2222
2223
2227
2227
2229
2229
2229
2227
2225
2220
2212
2205
2196
2188
2179
2170
2161
2153
2144
2138
2133
2127
2122
2116
2113
2111
2111
2113
2120
2127
2138
2150
2166
2192
2198
2198
2198
2199
2199
2199
2201
2201
2201
2199
2199
2199
2198
2198
2196
2192
2190
2190
2188
2186
2186
2185
2185
2185
2185
2185
2185
2183
2181
2179
2186
2203
2216
2227
2238
2249
2260
2271
2275
2279
2283
2286
2290
2292
2295
2297
2301
2303
2307
2308
2308
2310
2310
2312
2310
2310
2308
2307
2305
2303
2301
2299
2299
2297
2295
2295
2295
2295
2294
2294
2292
2290
2288
2286
2283
2281
2279
2277
2275
2275
2275
2275
2275
2275
2275
2275
2277
2277
2279
2279
2281
2281
2283
2286
2290
2297
2303
2338
2425
2567
2772
3038
3350
3672
3941
4059
4052
3895
3598
3256
2947
2731
2619
2572
2550
2532
2506
2467
2425
2355
2292
2253
2229
2218
2210
2205
2201
2196
2194
2190
2188
2183
2175
2172
2181
2199
2220
2246
2264
2279
2294
2312
2332
2349
2364
2375
2382
2388
2393
2395
2397
2397
2397
2397
2397
2397
2397
2399
2401
2403
2404
2406
2406
2408
2408
2410
2415
2421
2428
2447
2488
2519
2545
2572
2608
2654
2691
2718
2731
2739
2744
2750
2752
2752
2744
2733
2718
2698
2667
2639
2611
2584
2550
2519
2486
2451
2406
2353
2312
2281
2253
2229
2209
2188
2170
2161
2155
2150
2146
2142
2140
2137
2133
2129
2124
2122
2118
2116
2114
2111
2109
2105
2103
2101
2100
2096
2092
2087
2085
2083
2081
2079
2081
2083
2089
2096
2103
2114
2124
2137
2151
2183
2210
2233
2244
2253
2262
2270
2273
2279
2284
2286
2286
2286
2284
2283
2279
2273
2268
2258
2249
2240
2229
2210
2190
2172
2155
2144
2135
2126
2118
2113
2111
2113
2118
2127
2138
2150
2159
2166
2175
2183
2192
2199
2207
2212
2218
2222
2223
2223
2222
2218
2214
2209
2205
2199
2194
2188
2181
2175
2170
2162
2155
2148
2140
2133
2129
2126
2126
2126
2129
2133
2140
2148
2157
2168
2185
2218
2247
2266
2277
2288
2297
2301
2305
2307
2308
2310
2314
2316
2303
2279
2266
2255
2246
2234
2227
2222
2218
2214
2212
2210
2209
2207
2207
2205
2205
2203
2201
2201
2207
2216
2227
2238
2246
2253
2260
2266
2271
2275
2277
2275
2271
2268
2262
2258
2253
2249
2246
2240
2233
2227
2223
2218
2214
2212
2210
2210
2212
2216
2220
2225
2231
2236
2244
2249
2257
2264
2271
2284
2301
2314
2325
2332
2342
2356
2379
2404
2469
2567
2713
2914
3167
3450
3720
3919
3995
3906
3660
3313
2951
2665
2484
2399
2366
2340
2308
2270
2255
2251
2247
2244
2240
2238
2236
2233
2231
2229
2225
2225
2225
2227
2231
2233
2234
2234
2236
2238
2238
2238
2238
2236
2236
2238
2238
2242
2244
2246
2249
2253
2257
2262
2266
2270
2273
2277
2286
2312
2336
2358
2380
2403
2423
2443
2467
2495
2526
2548
2565
2580
2595
2609
2626
2646
2663
2681
2691
2698
2704
2709
2713
2715
2717
2715
2711
2705
2696
2685
2672
2652
2613
2584
2543
2486
2434
2395
2358
2325
2297
2271
2247
2216
2179
2144
2131
2124
2118
2113
2107
2103
2100
2098
2096
2096
2094
2094
2096
2098
2100
2101
2105
2109
2111
2114
2116
2118
2120
2124
2126
2129
2131
2131
2133
2133
2131
2129
2126
2120
2116
2113
2107
2101
2098
2092
2087
2083
2077
2068
2059
2048
2039
2029
2028
2028
2031
2041
2052
2063
2077
2096
2126
2155
2183
2198
2207
2216
2222
2227
2233
2236
2236
2236
2236
2234
2233
2229
2225
2222
2218
2212
2209
2205
2201
2198
2196
2194
2192
2190
2188
2188
2188
2188
2188
2188
2190
2192
2194
2198
2201
2203
2207
2210
2214
2218
2222
2223
2225
2227
2229
2229
2231
2231
2229
2229
2227
2227
2227
2227
2225
2225
2223
2223
2223
2225
2225
2225
2227
2229
2231
2233
2234
2236
2236
2238
2242
2247
2253
2260
2266
2271
2279
2286
2294
2301
2312
2327
2390
2517
2702
2951
3247
3551
3797
3893
3875
3679
3332
2946
2609
2438
2384
2355
2336
2323
2312
2305
2301
2299
2295
2294
2290
2288
2290
2288
2284
2281
2277
2275
2277
2279
2279
2281
2281
2281
2279
2279
2279
2277
2277
2277
2277
2279
2281
2284
2286
2290
2294
2299
2303
2308
2312
2316
2321
2334
2351
2367
2382
2395
2414
2440
2478
2517
2548
2572
2593
2611
2630
2656
2687
2722
2746
2765
2779
2789
2792
2796
2802
2807
2813
2814
2807
2792
2772
2746
2707
2674
2628
2571
2517
2465
2417
2369
2325
2273
2229
2198
2175
2166
2161
2157
2151
2148
2144
2140
2137
2133
2133
2131
2131
2131
2133
2133
2135
2137
2137
2137
2135
2133
2131
2129
2127
2124
2122
2120
2120
2120
2120
2122
2124
2126
2129
2131
2133
2135
2137
2138
2138
2140
2140
2140
2142
2142
2144
2146
2148
2151
2153
2155
2157
2159
2159
2159
2159
2157
2155
2153
2151
2151
2150
2150
2151
2151
2153
2155
2157
2159
2159
2161
2162
2166
2170
2172
2175
2181
2188
2198
2210
2222
2236
2262
2345
2493
2705
2981
3298
3605
3829
3906
3816
3574
3243
2901
2619
2447
2379
2356
2334
2310
2273
2229
2196
2170
2142
2126
2114
2105
2098
2094
2094
2100
2109
2120
2131
2138
2148
2157
2166
2175
2185
2194
2201
2210
2218
2229
2244
2257
2266
2271
2273
2275
2277
2279
2281
2283
2286
2290
2294
2297
2299
2303
2308
2312
2319
2332
2362
2386
2417
2456
2499
2539
2580
2622
2657
2683
2709
2724
2735
2742
2750
2752
2752
2748
2739
2726
2711
2689
2652
2624
2587
2543
2499
2454
2410
2371
2338
2305
2271
2236
2212
2196
2181
2166
2159
2153
2150
2144
2142
2140
2138
2138
2138
2138
2140
2140
2142
2146
2148
2150
2151
2155
2159
2157
2146
2129
2113
2090
2077
2070
2066
2061
2055
2053
2052
2053
2059
2068
2077
2092
2113
2135
2157
2179
2201
2210
2218
2223
2227
2231
2233
2234
2233
2233
2231
2227
2223
2220
2214
2209
2205
2199
2196
2192
2188
2183
2179
2177
2175
2174
2174
2175
2177
2181
2186
2192
2198
2203
2209
2214
2218
2225
2231
2238
2246
2251
2255
2258
2260
2260
2257
2253
2249
2244
2238
2231
2225
2220
2216
2210
2205
2198
2192
2186
2181
2179
2177
2177
2179
2181
2185
2190
2198
2207
2218
2242
2260
2271
2277
2283
2288
2292
2294
2292
2288
2281
2271
2262
2251
2231
2214
2199
2186
2175
2166
2162
2161
2159
2157
2155
2151
2151
2151
2157
2166
2177
2186
2196
2205
2214
2223
2233
2240
2247
2255
2262
2270
2275
2281
2284
2288
2292
2295
2299
2303
2303
2301
2299
2294
2288
2281
2273
2266
2251
2240
2233
2227
2222
2214
2209
2209
2218
2233
2246
2258
2271
2286
2301
2318
2338
2353
2366
2373
2380
2386
2390
2393
2393
2393
2390
2384
2377
2367
2356
2334
2314
2299
2288
2279
2273
2271
2271
2270
2268
2264
2262
2260
2260
2266
2271
2277
2284
2292
2301
2308
2316
2327
2362
2432
2541
2704
2925
3202
3509
3790
3984
4035
3912
3627
3258
2899
2626
2495
2449
2436
2408
2358
2295
2260
2234
2218
2203
2192
2183
2175
2168
2166
2172
2185
2198
2207
2216
2225
2233
2238
2244
2249
2253
2257
2260
2266
2268
2271
2273
2275
2279
2283
2286
2290
2294
2299
2303
2308
2318
2331
2347
2366
2379
2390
2397
2406
2412
2417
2423
2427
2432
2438
2445
2454
2464
2475
2495
2526
2548
2560
2569
2580
2589
2598
2608
2621
2630
2637
2643
2652
2659
2665
2657
2643
2622
2587
2556
2532
2508
2475
2436
2404
2382
2360
2340
2323
2305
2281
2244
2199
2172
2155
2140
2127
2122
2120
2116
2114
2113
2111
2109
2107
2105
2103
2103
2103
2103
2105
2107
2111
2114
2118
2122
2126
2129
2133
2137
2140
2144
2146
2146
2148
2150
2150
2151
2153
2155
2157
2157
2159
2161
2162
2164
2166
2166
2164
2162
2162
2161
2159
2157
2155
2153
2153
2153
2153
2153
2153
2153
2151
2150
2150
2148
2146
2144
2142
2142
2140
2140
2142
2142
2142
2138
2133
2129
2131
2138
2144
2150
2153
2157
2162
2166
2172
2175
2181
2185
2192
2218
2297
2432
2628
2887
3195
3511
3769
3880
3867
3692
3350
2964
2637
2430
2362
2340
2318
2294
2258
2209
2185
2172
2162
2155
2151
2150
2153
2159
2166
2174
2183
2188
2194
2198
2201
2205
2209
2212
2218
2223
2229
2233
2236
2240
2242
2247
2251
2257
2266
2283
2299
2314
2323
2329
2334
2338
2343
2349
2356
2364
2371
2380
2390
2403
2415
2427
2436
2449
2465
2491
2517
2550
2589
2626
2663
2700
2741
2766
2779
2790
2796
2798
2796
2789
2778
2765
2737
2689
2641
2595
2547
2502
2458
2419
2386
2353
2319
2286
2255
2222
2194
2174
2159
2151
2144
2138
2135
2138
2146
2151
2157
2161
2162
2166
2170
2172
2172
2172
2168
2164
2161
2157
2153
2150
2146
2142
2138
2135
2131
2129
2129
2129
2129
2131
2135
2138
2142
2146
2151
2155
2159
2162
2166
2172
2177
2183
2186
2192
2196
2198
2199
2203
2205
2205
2207
2209
2210
2214
2216
2218
2218
2214
2210
2205
2199
2192
2185
2174
2162
2157
2155
2153
2151
2150
2148
2146
2144
2148
2153
2161
2168
2177
2190
2203
2216
2227
2238
2247
2251
2253
2258
2264
2260
2242
2233
2225
2220
2214
2210
2207
2205
2201
2199
2198
2196
2194
2192
2190
2188
2186
2185
2185
2186
2190
2196
2203
2212
2225
2247
2262
2270
2273
2279
2284
2284
2283
2279
2271
2266
2258
2251
2244
2234
2225
2218
2209
2196
2175
2162
2155
2150
2146
2142
2142
2142
2144
2148
2153
2161
2172
2190
2212
2231
2246
2262
2275
2294
2314
2325
2329
2332
2334
2338
2340
2340
2338
2334
2331
2323
2316
2307
2294
2271
2257
2244
2238
2233
2227
2223
2220
2218
2216
2214
2216
2218
2222
2223
2229
2236
2246
2257
2279
2305
2321
2334
2345
2353
2358
2364
2367
2369
2373
2377
2380
2382
2382
2380
2375
2369
2362
2355
2345
2334
2321
2308
2299
2294
2288
2284
2279
2275
2273
2271
2271
2271
2271
2271
2275
2279
2283
2288
2294
2299
2308
2327
2343
2355
2362
2367
2371
2373
2371
2367
2362
2355
2342
2329
2340
2369
2441
2556
2718
2936
3197
3479
3736
3893
3910
3829
3577
3245
2920
2665
2506
2445
2421
2403
2377
2343
2308
2275
2260
2253
2246
2242
2238
2236
2233
2231
2229
2227
2225
2222
2218
2216
2218
2227
2240
2251
2264
2273
2283
2292
2297
2303
2307
2310
2312
2316
2318
2321
2325
2329
2332
2334
2338
2340
2343
2347
2353
2358
2366
2371
2377
2382
2390
2395
2403
2412
2421
2428
2434
2440
2451
2465
2482
2499
2517
2536
2552
2571
2589
2606
2621
2630
2635
2639
2645
2648
2648
2639
2624
2602
2565
2528
2488
2445
2399
2345
2297
2255
2209
2175
2155
2144
2137
2133
2129
2127
2126
2126
2126
2126
2127
2129
2133
2138
2146
2153
2161
2166
2172
2175
2179
2185
2190
2194
2199
2205
2209
2210
2214
2214
2214
2212
2212
2210
2207
2205
2203
2201
2198
2196
2192
2190
2185
2181
2177
2172
2168
2162
2157
2153
2150
2146
2144
2144
2146
2146
2148
2150
2151
2153
2157
2159
2161
2161
2162
2166
2170
2174
2177
2181
2183
2186
2188
2192
2194
2194
2194
2192
2190
2190
2190
2190
2192
2194
2196
2198
2201
2203
2207
2210
2214
2223
2238
2290
2401
2561
2774
3036
3333
3616
3823
3897
3805
3546
3180
2816
2541
2430
2397
2375
2362
2349
2301
2212
2133
2107
2094
2090
2089
2089
2090
2090
2089
2087
2085
2085
2087
2094
2101
2111
2122
2133
2150
2168
2185
2201
2216
2229
2242
2253
2266
2273
2281
2284
2290
2294
2299
2303
2308
2312
2316
2319
2325
2331
2336
2342
2353
2364
2373
2382
2393
2408
2430
2452
2471
2488
2504
2523
2552
2591
2624
2657
2685
2704
2717
2726
2735
2739
2731
2713
2685
2646
2608
2571
2532
2491
2449
2415
2373
2331
2277
2225
2192
2153
2120
2096
2077
2061
2048
2035
2024
2011
1991
1970
1961
1956
1952
1950
1950
1957
1970
1981
1994
2007
2020
2029
2037
2044
2057
2083
2114
2140
2157
2166
2177
2186
2190
2194
2198
2201
2203
2205
2205
2205
2201
2199
2194
2188
2181
2174
2159
2146
2135
2122
2109
2094
2083
2077
2072
2070
2070
2077
2087
2098
2111
2131
2140
2146
2150
2151
2155
2157
2161
2164
2168
2172
2174
2177
2181
2188
2201
2220
2227
2233
2236
2242
2247
2253
2257
2258
2258
2258
2258
2257
2253
2251
2246
2242
2238
2234
2233
2231
2227
2223
2220
2216
2212
2210
2210
2209
2209
2210
2214
2220
2227
2258
2321
2423
2576
2785
3047
3354
3660
3897
4002
3919
3646
3254
2855
2539
2358
2334
2342
2379
2380
2336
2277
2238
2223
2216
2214
2220
2225
2231
2236
2240
2238
2229
2216
2209
2205
2199
2196
2190
2188
2188
2188
2192
2198
2203
2210
2218
2231
2244
2253
2260
2271
2297
2318
2329
2338
2349
2358
2373
2390
2404
2415
2425
2432
2443
2454
2475
2504
2526
2545
2561
2584
2611
2639
2670
2698
2718
2735
2744
2752
2757
2759
2761
2759
2754
2746
2739
2730
2715
2698
2681
2652
2615
2561
2506
2469
2428
2391
2358
2325
2297
2277
2251
2242
2238
2233
2227
2223
2220
2218
2216
2216
2214
2212
2210
2209
2209
2207
2205
2203
2203
2201
2203
2203
2205
2207
2209
2210
2212
2214
2216
2218
2220
2220
2220
2220
2220
2220
2222
2225
2229
2231
2234
2238
2242
2246
2249
2251
2253
2253
2255
2255
2257
2257
2258
2260
2264
2266
2270
2271
2273
2273
2271
2270
2266
2260
2253
2246
2234
2212
2192
2185
2181
2177
2174
2172
2168
2166
2162
2159
2157
2155
2153
2153
2153
2153
2155
2157
2161
2164
2168
2172
2174
2177
2181
2185
2188
2192
2198
2203
2209
2216
2222
2227
2233
2236
2238
2238
2238
2234
2231
2227
2222
2216
2209
2203
2196
2186
2170
2153
2146
2142
2138
2135
2129
2127
2137
2153
2166
2177
2186
2196
2203
2209
2214
2218
2220
2222
2223
2225
2227
2229
2231
2233
2236
2238
2240
2242
2244
2244
2244
2246
2247
2249
2253
2258
2264
2266
2262
2253
2240
2229
2216
2205
2196
2190
2185
2183
2177
2174
2170
2166
2166
2170
2174
2179
2185
2188
2192
2198
2203
2207
2212
2216
2222
2229
2234
2242
2251
2258
2270
2281
2290
2295
2299
2305
2331
2386
2482
2624
2827
3090
3389
3686
3925
4032
3963
3723
3378
3029
2748
2576
2513
2484
2445
2371
2290
2233
2214
2199
2186
2170
2151
2138
2129
2122
2116
2114
2116
2126
2135
2142
2150
2157
2166
2175
2185
2196
2212
2234
2257
2284
2319
2336
2342
2347
2351
2355
2358
2364
2367
2371
2373
2377
2379
2380
2382
2384
2386
2390
2391
2393
2397
2403
2408
2414
2419
2427
2434
2443
2456
2486
2510
2526
2539
2548
2558
2565
2574
2585
2597
2608
2617
2622
2628
2633
2637
2637
2632
2622
2609
2587
2543
2504
2475
2447
2414
2366
2327
2303
2283
2266
2251
2242
2231
2220
2205
2192
2181
2170
2161
2153
2144
2135
2124
2114
2107
2100
2090
2083
2077
2072
2068
2068
2072
2077
2083
2089
2094
2098
2103
2107
2113
2116
2122
2129
2137
2146
2155
2166
2175
2185
2198
2214
2233
2244
2247
2251
2253
2255
2257
2260
2264
2266
2264
2257
2244
2231
2220
2212
2207
2199
2192
2186
2181
2175
2170
2166
2161
2159
2155
2153
2153
2151
2151
2151
2151
2153
2155
2157
2159
2161
2164
2168
2174
2179
2186
2192
2199
2205
2218
2233
2246
2253
2258
2264
2268
2271
2273
2275
2277
2279
2279
2279
2279
2277
2275
2271
2268
2262
2255
2249
2240
2223
2214
2222
2236
2283
2369
2504
2698
2953
3256
3568
3827
3943
3934
3773
3474
3140
2851
2646
2530
2475
2428
2379
2332
2299
2286
2281
2279
2277
2277
2275
2275
2273
2273
2271
2270
2266
2262
2260
2258
2257
2255
2253
2251
2247
2246
2244
2240
2236
2233
2229
2227
2225
2223
2225
2227
2233
2240
2247
2257
2266
2271
2281
2288
2297
2307
2314
2321
2327
2332
2343
2358
2388
2414
2440
2467
2495
2534
2580
2619
2648
2676
2691
2702
2711
2718
2722
2724
2722
2717
2711
2704
2693
2678
2650
2624
2598
2571
2545
2508
2471
2438
2404
2373
2338
2301
2260
2227
2207
2192
2179
2166
2153
2138
2122
2105
2100
2094
2090
2085
2083
2079
2076
2074
2072
2072
2070
2072
2074
2077
2081
2085
2090
2096
2100
2105
2109
2114
2118
2124
2129
2135
2140
2148
2153
2159
2161
2162
2164
2166
2166
2168
2168
2170
2172
2174
2175
2177
2175
2172
2162
2153
2146
2140
2137
2131
2126
2120
2114
2111
2109
2107
2105
2105
2105
2105
2107
2111
2113
2118
2122
2127
2133
2140
2148
2159
2177
2196
2214
2231
2247
2258
2264
2268
2271
2273
2277
2279
2273
2262
2247
2234
2223
2212
2201
2190
2179
2170
2164
2159
2153
2150
2144
2140
2137
2135
2133
2133
2133
2131
2131
2129
2129
2129
2126
2124
2133
2151
2168
2181
2198
2214
2233
2249
2266
2279
2288
2294
2297
2303
2308
2314
2314
2307
2295
2281
2264
2283
2340
2456
2633
2877
3178
3498
3771
3897
3891
3734
3418
3053
2726
2488
2384
2351
2325
2305
2271
2222
2186
2170
2157
2148
2140
2133
2129
2126
2120
2114
2111
2109
2107
2107
2111
2116
2126
2135
2146
2159
2177
2196
2212
2225
2240
2251
2262
2271
2281
2290
2299
2310
2319
2323
2327
2329
2331
2332
2334
2336
2338
2340
2345
2351
2358
2367
2379
2395
2430
2454
2476
2500
2526
2545
2558
2571
2587
2602
2617
2628
2639
2650
2657
2663
2663
2659
2654
2645
2635
2621
2593
2565
2537
2510
2480
2452
2423
2391
2364
2342
2321
2301
2277
2251
2220
2203
2194
2186
2179
2174
2166
2159
2150
2142
2137
2129
2122
2116
2111
2103
2098
2090
2087
2083
2081
2081
2083
2087
2090
2094
2098
2103
2107
2111
2114
2118
2122
2126
2129
2133
2137
2138
2144
2148
2153
2157
2162
2168
2177
2192
2209
2223
2236
2249
2260
2271
2279
2286
2292
2295
2299
2301
2303
2305
2307
2308
2310
2314
2318
2321
2323
2325
2321
2316
2308
2303
2299
2295
2290
2284
2279
2275
2271
2270
2266
2262
2258
2257
2253
2253
2249
2246
2240
2233
2229
2231
2244
2258
2271
2277
2281
2286
2292
2297
2303
2307
2310
2312
2314
2318
2318
2319
2318
2318
2316
2314
2312
2308
2307
2303
2301
2299
2297
2295
2294
2292
2288
2286
2283
2279
2275
2271
2270
2268
2264
2260
2247
2236
2233
2233
2231
2231
2227
2225
2227
2244
2262
2271
2277
2284
2292
2299
2305
2310
2314
2318
2319
2319
2318
2316
2312
2308
2305
2301
2299
2295
2294
2290
2286
2284
2281
2277
2273
2271
2266
2262
2260
2257
2255
2253
2251
2253
2255
2257
2258
2262
2264
2268
2271
2275
2281
2286
2294
2299
2310
2334
2353
2364
2371
2377
2382
2388
2391
2393
2391
2388
2380
2373
2366
2360
2355
2349
2345
2340
2334
2329
2323
2318
2312
2305
2299
2292
2286
2281
2275
2270
2260
2251
2242
2236
2238
2242
2249
2258
2268
2275
2290
2303
2310
2314
2318
2319
2321
2323
2325
2327
2329
2329
2329
2327
2325
2321
2318
2312
2307
2297
2299
2327
2406
2523
2693
2920
3197
3494
3760
3902
3910
3797
3526
3186
2872
2643
2539
2504
2480
2465
2415
2334
2292
2277
2271
2270
2266
2262
2258
2257
2255
2253
2251
2249
2249
2251
2255
2258
2262
2268
2271
2273
2277
2279
2283
2283
2284
2286
2288
2290
2292
2294
2297
2301
2303
2307
2308
2310
2314
2316
2318
2319
2323
2325
2329
2332
2338
2343
2349
2356
2367
2391
2412
2428
2456
2497
2532
2558
2584
2609
2635
2656
2669
2676
2683
2689
2691
2691
2687
2678
2667
2652
2632
2597
2563
2528
2493
2456
2417
2380
2342
2305
2268
2238
2209
2179
2133
2113
2101
2092
2083
2074
2068
2061
2057
2053
2052
2050
2050
2052
2055
2059
2065
2072
2079
2089
2100
2109
2120
2135
2161
2185
2201
2214
2222
2231
2238
2244
2251
2255
2255
2253
2251
2247
2244
2240
2238
2234
2231
2227
2223
2220
2216
2212
2207
2198
2188
2179
2170
2162
2153
2146
2137
2129
2120
2113
2105
2100
2094
2092
2090
2090
2092
2094
2098
2101
2107
2114
2124
2133
2155
2207
2294
2432
2639
2911
3219
3524
3760
3819
3792
3583
3260
2916
2637
2480
2414
2379
2351
2318
2273
2218
2175
2148
2126
2105
2087
2072
2057
2039
2022
2007
1993
1980
1970
1970
1980
1994
2011
2037
2074
2109
2135
2155
2175
2194
2212
2227
2240
2251
2260
2270
2279
2288
2295
2305
2310
2318
2325
2331
2338
2345
2355
2364
2373
2386
2399
2414
2430
2447
2464
2478
2495
2517
2545
2569
2589
2602
2611
2621
2628
2632
2633
2632
2628
2619
2609
2597
2582
2560
2534
2504
2469
2430
2393
2366
2345
2327
2312
2297
2283
2266
2247
2227
2209
2188
2170
2151
2142
2135
2127
2124
2118
2114
2111
2107
2103
2101
2100
2098
2096
2094
2090
2089
2085
2083
2079
2076
2072
2070
2068
2068
2070
2072
2074
2077
2079
2085
2089
2094
2098
2103
2107
2113
2118
2124
2131
2137
2144
2151
2159
2166
2175
2186
2201
2216
2227
2234
2244
2251
2258
2266
2271
2273
2273
2271
2264
2255
2244
2227
2199
2174
2153
2138
2127
2120
2116
2113
2111
2109
2107
2107
2105
2105
2105
2105
2105
2105
2105
2107
2109
2113
2118
2122
2127
2133
2137
2142
2150
2159
2168
2177
2185
2194
2205
2223
2253
2277
2290
2297
2305
2312
2316
2319
2319
2318
2312
2307
2299
2292
2284
2273
2262
2251
2238
2225
2209
2188
2179
2175
2172
2168
2166
2166
2175
2188
2196
2201
2207
2212
2218
2222
2225
2227
2229
2227
2225
2223
2220
2214
2210
2207
2203
2198
2194
2185
2175
2172
2174
2185
2201
2251
2338
2473
2663
2909
3204
3522
3805
3962
3967
3840
3529
3152
2796
2536
2436
2406
2384
2364
2343
2316
2281
2262
2251
2242
2236
2227
2218
2209
2199
2186
2175
2170
2170
2177
2186
2196
2201
2205
2210
2214
2220
2225
2231
2238
2242
2247
2253
2258
2266
2271
2281
2297
2316
2334
2351
2366
2379
2391
2403
2414
2425
2434
2443
2451
2460
2469
2478
2486
2495
2506
2519
2536
2552
2565
2580
2595
2613
2632
2652
2663
2674
2683
2691
2694
2696
2694
2689
2680
2667
2652
2632
2595
2569
2545
2519
2480
2445
2415
2390
2369
2343
2316
2279
2255
2236
2222
2209
2198
2190
2186
2183
2181
2177
2174
2170
2168
2164
2162
2161
2159
2159
2159
2161
2162
2168
2172
2177
2183
2188
2194
2199
2205
2209
2214
2218
2223
2229
2236
2244
2251
2258
2264
2270
2271
2271
2270
2264
2258
2251
2244
2236
2229
2222
2216
2212
2207
2203
2198
2192
2186
2181
2175
2168
2164
2161
2159
2159
2161
2164
2170
2175
2183
2190
2198
2205
2210
2218
2222
2227
2231
2234
2238
2242
2246
2249
2253
2257
2260
2264
2266
2268
2268
2270
2270
