3084
3087
3094
3100
3106
3116
3119
3125
3125
3129
3129
3125
3125
3125
3129
3129
3125
3122
3122
3119
3119
3122
3119
3116
3110
3103
3100
3100
3100
3103
3103
3100
3097
3091
3087
3084
3078
3075
3072
3065
3062
3059
3056
3056
3053
3049
3046
3037
3030
3024
3021
3021
3027
3034
3043
3049
3056
3068
3081
3094
3103
3113
3132
3148
3160
3170
3170
3154
3132
3103
3030
3030
3132
3186
3239
3271
3296
3315
3328
3325
3287
3236
3189
3157
3132
3110
3084
3059
3043
3027
3015
2999
2989
2980
2977
2977
2970
2964
2958
2945
2932
2916
2901
2882
2863
2847
2834
2825
2818
2809
2799
2790
2780
2771
2761
2752
2742
2730
2714
2682
2622
2571
2539
2517
2498
2473
2444
2410
2365
2315
2277
2251
2223
2197
2163
2121
2096
2077
2058
2045
2039
2039
2042
2055
2068
2087
2125
2207
2283
2340
2381
2429
2501
2587
2685
2802
2910
2992
3053
3122
3186
3239
3277
3306
3328
3344
3357
3366
3376
3385
3395
3401
3407
3410
3417
3426
3436
3442
3445
3445
3442
3439
3433
3429
3423
3414
3404
3398
3388
3379
3366
3353
3341
3331
3325
3322
3319
3312
3306
3300
3293
3287
3281
3274
3268
3262
3258
3262
3265
3265
3268
3268
3271
3274
3274
3274
3274
3271
3268
3268
3265
3262
3258
3258
3258
3262
3265
3268
3268
3268
3268
3268
3268
3265
3262
3258
3255
3255
3258
3265
3271
3274
3274
3265
3255
3243
3230
3214
3205
3211
3224
3236
3243
3249
3252
3258
3265
3274
3281
3284
3287
3290
3290
3290
3284
3281
3274
3271
3268
3268
3268
3268
3265
3265
3265
3265
3265
3265
3262
3262
3258
3255
3252
3249
3243
3236
3230
3230
3230
3230
3227
3227
3224
3224
3224
3224
3224
3220
3214
3208
3205
3201
3201
3198
3198
3198
3201
3201
3201
3198
3195
3192
3189
3186
3182
3173
3163
3154
3144
3138
3129
3119
3097
3043
3018
3008
2999
2989
2983
2980
2980
2986
2996
3011
3024
3037
3049
3056
3065
3072
3078
3084
3091
3097
3103
3110
3116
3122
3125
3129
3129
3132
3135
3141
3148
3154
3170
3205
3205
3154
3015
2809
2549
2232
1862
1475
1105
0810
0693
0706
0889
1219
1627
2074
2527
2964
3341
3613
3727
3768
3711
3616
3521
3436
3350
3271
3189
3151
3135
3122
3113
3100
3091
3081
3072
3059
3049
3040
3030
3021
3015
3008
2999
2989
2980
2973
2967
2958
2945
2932
2923
2916
2913
2904
2894
2882
2866
2850
2825
2796
2771
2749
2730
2710
2691
2672
2653
2631
2612
2596
2574
2549
2517
2482
2454
2425
2394
2356
2315
2273
2223
2169
2125
2099
2080
2064
2055
2049
2049
2058
2071
2090
2115
2153
2213
2261
2324
2403
2489
2568
2644
2726
2825
2907
2967
3015
3062
3129
3211
3271
3306
3328
3344
3357
3366
3372
3379
3385
3388
3395
3398
3401
3401
3401
3398
3391
3385
3382
3376
3372
3372
3366
3363
3357
3350
3344
3338
3331
3322
3309
3300
3290
3287
3284
3284
3284
3284
3281
3271
3258
3227
3227
3246
3252
3252
3249
3246
3246
3249
3252
3255
3255
3255
3255
3252
3249
3249
3246
3243
3243
3239
3239
3239
3239
3243
3246
3249
3252
3255
3258
3258
3262
3265
3268
3268
3268
3271
3271
3271
3274
3274
3277
3281
3281
3281
3284
3284
3284
3284
3281
3281
3274
3271
3268
3265
3265
3262
3262
3258
3255
3252
3252
3252
3252
3252
3246
3243
3239
3236
3233
3230
3227
3224
3220
3217
3214
3208
3205
3201
3198
3198
3198
3198
3195
3192
3192
3192
3192
3192
3189
3186
3182
3179
3179
3179
3176
3173
3170
3167
3163
3157
3151
3144
3135
3129
3119
3106
3094
3084
3084
3087
3094
3106
3119
3129
3144
3154
3160
3151
3129
3100
3072
3034
2996
2954
2929
2907
2894
2885
2882
2882
2894
2916
2939
2958
2970
2983
2992
3002
3008
3015
3018
3021
3024
3027
3034
3037
3040
3040
3043
3043
3049
3053
3056
3062
3065
3075
3087
3122
3141
3125
3075
2939
2698
2343
1874
1333
0775
0310
0031
0009
0180
0703
1403
2159
2872
3426
3790
3936
3984
3927
3759
3569
3404
3309
3208
3119
3078
3059
3043
3030
3018
3015
3002
2992
2983
2973
2964
2954
2948
2945
2939
2932
2923
2910
2901
2888
2875
2863
2847
2834
2821
2809
2796
2783
2764
2749
2736
2723
2710
2698
2688
2679
2669
2660
2650
2631
2596
2558
2517
2476
2435
2400
2372
2343
2311
2277
2242
2207
2172
2131
2087
2049
2014
1988
1969
1957
1944
1931
1919
1912
1912
1922
1941
1969
2017
2099
2178
2258
2334
2413
2498
2593
2704
2815
2901
2964
3018
3081
3189
3246
3268
3287
3300
3309
3319
3325
3334
3341
3344
3350
3353
3353
3357
3363
3369
3376
3385
3391
3398
3407
3410
3410
3404
3391
3376
3360
3344
3328
3303
3281
3271
3271
3271
3271
3271
3268
3265
3258
3255
3252
3252
3249
3243
3239
3233
3230
3230
3227
3224
3220
3214
3208
3205
3201
3201
3195
3189
3182
3179
3182
3186
3189
3189
3186
3186
3186
3186
3192
3192
3192
3189
3189
3189
3192
3195
3195
3195
3195
3195
3198
3198
3198
3195
3192
3192
3195
3198
3201
3205
3205
3205
3205
3205
3208
3205
3201
3195
3192
3189
3192
3192
3192
3192
3189
3186
3182
3179
3176
3163
3157
3167
3173
3176
3179
3182
3182
3179
3173
3163
3157
3157
3154
3151
3148
3141
3138
3135
3135
3132
3129
3125
3122
3122
3125
3125
3125
3122
3119
3116
3113
3106
3106
3103
3100
3097
3094
3091
3087
3084
3081
3078
3072
3065
3056
3049
3040
3030
3018
3008
2996
2983
2973
2958
2942
2926
2923
2932
2951
2970
2989
2999
3008
3015
3021
3027
3037
3043
3049
3056
3059
3065
3072
3078
3081
3084
3081
3075
3072
3065
3059
3049
3040
3030
3018
3011
2996
2913
2704
2400
1988
1501
0997
0560
0269
0231
0329
0772
1456
2270
3018
3562
3784
3866
3870
3822
3749
3667
3591
3505
3404
3296
3239
3214
3192
3176
3163
3151
3141
3129
3116
3106
3097
3081
3068
3053
3037
3021
3008
2992
2986
2977
2973
2967
2964
2961
2954
2945
2939
2929
2920
2916
2910
2904
2894
2885
2875
2866
2847
2828
2809
2790
2774
2758
2745
2730
2704
2666
2631
2600
2546
2454
2387
2353
2327
2305
2283
2264
2248
2229
2210
2191
2178
2166
2159
2153
2140
2125
2115
2134
2182
2251
2340
2413
2489
2568
2660
2764
2875
2970
3037
3106
3170
3233
3315
3372
3417
3448
3467
3471
3474
3474
3477
3480
3486
3493
3496
3493
3483
3471
3458
3452
3442
3433
3420
3410
3401
3395
3382
3369
3357
3344
3331
3325
3319
3312
3303
3296
3290
3284
3274
3265
3258
3249
3243
3236
3230
3227
3220
3217
3217
3214
3214
3211
3211
3208
3205
3201
3198
3195
3189
3182
3182
3179
3179
3179
3179
3176
3176
3173
3170
3170
3167
3160
3160
3157
3160
3160
3167
3173
3179
3182
3189
3189
3192
3192
3192
3192
3192
3195
3198
3205
3211
3220
3230
3236
3239
3243
3243
3239
3230
3220
3205
3192
3179
3170
3160
3154
3151
3148
3148
3148
3148
3144
3141
3138
3135
3132
3129
3125
3122
3119
3116
3113
3113
3110
3106
3103
3097
3094
3091
3087
3087
3084
3084
3084
3084
3084
3084
3081
3081
3081
3081
3081
3081
3078
3078
3075
3075
3072
3072
3065
3059
3053
3046
3037
3030
3018
2983
2951
2935
2923
2913
2901
2891
2882
2878
2885
2901
2923
2942
2951
2958
2967
2977
2983
2989
2996
2999
3002
3005
3011
3018
3021
3024
3027
3027
3030
3037
3040
3046
3056
3065
3091
3103
3081
3018
2840
2587
2248
1836
1390
0953
0576
0345
0266
0376
0712
1333
2058
2736
3252
3566
3708
3759
3759
3702
3540
3357
3192
3103
3065
3053
3043
3037
3027
3021
3018
3018
3011
3002
2992
2983
2977
2970
2964
2958
2945
2935
2926
2916
2907
2897
2885
2872
2859
2844
2834
2821
2812
2802
2790
2777
2768
2755
2742
2726
2707
2688
2669
2653
2634
2619
2600
2584
2562
2539
2517
2498
2476
2451
2422
2384
2343
2296
2251
2223
2201
2182
2163
2147
2137
2128
2125
2125
2128
2131
2134
2144
2156
2175
2194
2232
2321
2419
2511
2600
2698
2783
2850
2932
3015
3091
3163
3224
3274
3322
3366
3385
3398
3407
3414
3420
3426
3429
3436
3439
3442
3445
3448
3448
3452
3448
3445
3439
3429
3420
3410
3401
3395
3385
3376
3366
3360
3353
3350
3347
3341
3334
3331
3328
3328
3328
3325
3322
3319
3319
3319
3319
3315
3312
3309
3303
3303
3300
3300
3296
3296
3296
3296
3300
3303
3306
3306
3309
3309
3309
3312
3309
3309
3306
3303
3303
3303
3303
3309
3322
3334
3341
3334
3322
3309
3306
3303
3303
3296
3293
3290
3287
3284
3284
3284
3284
3284
3287
3290
3296
3300
3303
3303
3306
3309
3309
3309
3306
3303
3300
3296
3293
3290
3287
3281
3274
3268
3268
3265
3265
3262
3258
3255
3252
3249
3243
3236
3227
3217
3208
3201
3198
3195
3189
3186
3182
3176
3170
3163
3157
3148
3144
3141
3138
3141
3141
3141
3148
3151
3154
3154
3154
3157
3160
3163
3163
3151
3125
3100
3078
3065
3056
3046
3037
3024
3018
3011
3005
3002
2996
2992
2986
2986
2986
2986
2989
2992
2996
3002
3005
3008
3011
3015
3018
3021
3024
3027
3030
3037
3040
3046
3053
3056
3062
3068
3081
3113
3129
3113
3072
2961
2761
2460
2064
1608
1143
0725
0405
0259
0272
0475
0943
1586
2292
2958
3486
3784
3885
3854
3765
3600
3423
3303
3160
3046
3011
2996
2983
2973
2964
2954
2951
2948
2942
2939
2932
2926
2923
2920
2913
2910
2901
2891
2878
2866
2853
2844
2831
2818
2802
2787
2774
2758
2745
2733
2717
2704
2688
2676
2660
2641
2615
2593
2571
2549
2527
2508
2486
2460
2435
2410
2381
2356
2327
2289
2245
2201
2163
2125
2090
2055
2026
2004
1992
1979
1969
1957
1944
1935
1938
1954
1982
2020
2071
2144
2194
2258
2330
2397
2470
2552
2638
2723
2809
2878
2935
2992
3049
3106
3157
3192
3220
3246
3268
3287
3293
3300
3303
3306
3309
3315
3319
3325
3328
3331
3331
3334
3334
3331
3331
3328
3325
3322
3315
3312
3306
3300
3296
3290
3287
3281
3274
3271
3265
3258
3252
3246
3239
3236
3230
3227
3224
3220
3217
3214
3211
3211
3211
3208
3205
3201
3198
3198
3201
3205
3208
3211
3214
3214
3220
3227
3233
3239
3243
3246
3249
3252
3255
3258
3262
3262
3262
3265
3268
3274
3281
3284
3287
3290
3296
3300
3306
3309
3309
3306
3306
3303
3303
3306
3306
3306
3306
3306
3309
3312
3315
3322
3325
3328
3331
3331
3331
3331
3328
3325
3319
3312
3303
3296
3290
3287
3281
3277
3274
3271
3271
3268
3268
3265
3258
3255
3249
3243
3236
3233
3227
3220
3217
3214
3211
3211
3211
3211
3208
3208
3205
3201
3201
3201
3198
3195
3189
3186
3179
3176
3170
3163
3157
3148
3141
3135
3132
3125
3116
3097
3062
3043
3037
3030
3021
3018
3015
3011
3018
3030
3049
3062
3072
3075
3081
3084
3091
3094
3094
3097
3097
3103
3110
3116
3119
3119
3122
3122
3125
3129
3132
3138
3148
3176
3173
3132
3021
2815
2505
2106
1637
1140
0668
0307
0171
0202
0497
1073
1795
2546
3179
3645
3847
3917
3870
3733
3610
3531
3442
3350
3255
3176
3119
3078
3018
2986
2970
2954
2942
2932
2923
2913
2904
2897
2891
2888
2885
2878
2875
2872
2866
2863
2856
2850
2837
2825
2815
2802
2790
2774
2758
2733
2685
2650
2622
2600
2584
2568
2552
2533
2517
2501
2482
2460
2435
2406
2375
2340
2296
2235
2194
2163
2134
2099
2061
2030
2001
1973
1941
1906
1881
1852
1830
1814
1814
1827
1849
1878
1931
2020
2102
2185
2264
2346
2425
2505
2587
2663
2733
2799
2863
2935
3005
3049
3087
3129
3208
3255
3277
3293
3306
3319
3328
3334
3334
3334
3334
3334
3334
3338
3334
3334
3331
3331
3331
3334
3334
3328
3322
3312
3306
3303
3300
3293
3284
3277
3274
3274
3271
3271
3268
3262
3258
3255
3255
3255
3255
3252
3249
3249
3252
3255
3258
3262
3262
3265
3268
3271
3274
3274
3274
3277
3277
3277
3281
3281
3284
3284
3287
3290
3293
3300
3303
3306
3309
3309
3309
3309
3309
3312
3312
3315
3319
3322
3334
3347
3350
3341
3331
3328
3325
3322
3319
3319
3319
3319
3315
3315
3312
3312
3312
3309
3306
3303
3303
3300
3300
3300
3296
3290
3287
3281
3277
3274
3271
3265
3258
3255
3252
3252
3249
3246
3243
3243
3239
3239
3236
3236
3233
3233
3230
3227
3224
3217
3214
3211
3208
3205
3201
3195
3189
3182
3176
3167
3154
3144
3132
3122
3113
3106
3097
3091
3081
3078
3075
3072
3068
3062
3053
3037
3024
3021
3030
3053
3075
3087
3103
3116
3129
3138
3141
3138
3129
3119
3110
3097
3087
3072
3056
3043
3040
3043
3049
3059
3072
3091
3113
3113
3062
2932
2698
2384
2011
1583
1124
0696
0361
0285
0338
0712
1326
2049
2764
3338
3683
3787
3819
3768
3683
3607
3496
3388
3268
3189
3132
3100
3075
3046
3021
2996
2970
2948
2932
2920
2910
2904
2897
2891
2885
2875
2869
2859
2853
2840
2828
2812
2787
2736
2720
2710
2707
2701
2698
2695
2691
2685
2679
2672
2666
2657
2647
2638
2628
2615
2593
2571
2549
2530
2505
2467
2416
2378
2343
2305
2264
2220
2175
2137
2096
2058
2017
1995
1976
1960
1950
1950
1960
1979
1998
2020
2052
2080
2109
2153
2229
2315
2403
2505
2596
2682
2777
2885
2986
3062
3122
3186
3243
3290
3338
3379
3398
3410
3423
3436
3442
3448
3452
3458
3461
3464
3464
3464
3461
3458
3452
3448
3442
3436
3426
3417
3407
3401
3395
3391
3385
3379
3372
3363
3357
3353
3344
3338
3331
3325
3319
3315
3315
3315
3319
3319
3319
3322
3322
3322
3322
3319
3315
3312
3312
3309
3312
3312
3312
3315
3319
3322
3325
3328
3328
3331
3328
3328
3328
3325
3322
3322
3319
3319
3315
3315
3315
3315
3315
3315
3315
3315
3312
3309
3309
3306
3303
3296
3290
3287
3287
3290
3290
3293
3290
3290
3290
3287
3277
3268
3262
3262
3265
3271
3277
3287
3293
3300
3296
3287
3271
3255
3249
3246
3239
3233
3227
3224
3220
3217
3214
3208
3201
3195
3192
3189
3189
3189
3186
3186
3182
3182
3182
3176
3170
3157
3144
3132
3119
3110
3100
3094
3084
3081
3081
3084
3087
3087
3087
3087
3084
3084
3081
3081
3078
3075
3072
3075
3078
3081
3081
3081
3081
3084
3087
3094
3097
3097
3094
3091
3084
3081
3075
3068
3059
3053
3040
3027
3018
3002
2885
2657
2340
1931
1475
1010
0582
0272
0224
0316
0760
1428
2204
2907
3379
3534
3591
3591
3547
3480
3388
3287
3179
3110
3078
3053
3030
3008
2986
2970
2954
2932
2897
2866
2831
2818
2815
2812
2806
2796
2790
2787
2780
2777
2777
2777
2777
2777
2777
2780
2780
2780
2777
2777
2774
2768
2761
2755
2745
2739
2733
2723
2707
2669
2625
2577
2533
2495
2457
2413
2372
2340
2311
2283
2258
2229
2207
2185
2166
2144
2121
2102
2080
2068
2055
2042
2026
2011
2001
1995
2001
2014
2042
2074
2131
2245
2346
2422
2489
2574
2679
2783
2891
2970
3018
3065
3110
3167
3227
3255
3265
3268
3271
3274
3277
3281
3284
3284
3287
3290
3290
3290
3290
3290
3290
3290
3290
3287
3287
3287
3287
3287
3287
3284
3284
3281
3281
3281
3281
3277
3274
3268
3265
3262
3258
3252
3249
3243
3236
3236
3236
3236
3236
3236
3236
3236
3239
3239
3243
3243
3246
3252
3258
3268
3277
3287
3293
3300
3309
3315
3328
3338
3344
3347
3350
3353
3357
3360
3360
3363
3360
3360
3357
3357
3357
3357
3357
3353
3357
3357
3357
3353
3353
3350
3347
3341
3338
3331
3328
3325
3322
3315
3312
3306
3306
3306
3306
3303
3303
3296
3293
3287
3284
3281
3274
3268
3262
3255
3252
3249
3246
3239
3230
3220
3211
3208
3211
3214
3214
3217
3220
3224
3230
3239
3243
3249
3249
3249
3249
3246
3233
3214
3195
3173
3151
3129
3100
3072
3049
3037
3030
3024
3018
3002
2992
3018
3059
3078
3094
3106
3116
3125
3132
3138
3144
3148
3151
3148
3144
3141
3141
3141
3141
3138
3135
3132
3125
3122
3119
3116
3113
3106
3100
3087
3068
3037
2935
2730
2429
2020
1526
1019
0576
0243
0164
0224
0617
1238
1973
2688
3265
3642
3819
3879
3851
3759
3610
3414
3192
3091
3053
3053
3075
3097
3113
3119
3110
3072
3024
2989
2948
2916
2897
2882
2869
2859
2853
2850
2847
2840
2837
2831
2825
2815
2806
2793
2783
2774
2768
2761
2755
2749
2736
2726
2717
2704
2688
2676
2660
2647
2631
2619
2603
2584
2555
2520
2489
2457
2425
2394
2356
2321
2283
2242
2201
2159
2121
2083
2042
2007
1976
1954
1931
1912
1906
1912
1935
1963
2017
2112
2216
2321
2425
2508
2574
2647
2720
2809
2891
2951
3002
3053
3103
3157
3198
3236
3281
3328
3363
3391
3414
3429
3436
3436
3436
3436
3436
3433
3433
3429
3429
3426
3417
3401
3382
3366
3357
3347
3338
3331
3325
3325
3322
3319
3315
3312
3306
3303
3303
3300
3296
3296
3293
3293
3290
3290
3290
3287
3287
3287
3287
3287
3287
3287
3284
3284
3281
3274
3271
3268
3268
3265
3262
3262
3258
3258
3262
3262
3265
3262
3262
3258
3255
3255
3255
3252
3252
3249
3249
3255
3262
3271
3277
3284
3287
3293
3300
3309
3315
3319
3315
3303
3287
3274
3262
3255
3246
3236
3227
3220
3214
3208
3201
3195
3189
3182
3182
3182
3186
3186
3182
3179
3176
3176
3176
3173
3167
3157
3151
3144
3144
3144
3144
3141
3138
3138
3138
3138
3138
3135
3132
3129
3132
3138
3144
3148
3141
3132
3129
3129
3129
3125
3119
3110
3100
3091
3078
3068
3056
3043
3030
3018
3011
2999
2980
2961
2945
2942
2948
2961
2977
2989
2999
3005
3018
3027
3040
3049
3059
3065
3075
3081
3087
3091
3094
3097
3094
3094
3097
3103
3110
3116
3125
3144
3154
3138
3091
2961
2723
2403
2001
1542
1076
0655
0326
0158
0167
0376
0883
1580
2356
3068
3588
3787
3854
3806
3661
3471
3309
3195
3119
3084
3059
3043
3027
3011
2999
2989
2980
2970
2958
2948
2939
2932
2926
2920
2907
2894
2882
2869
2856
2847
2837
2825
2815
2802
2790
2780
2768
2752
2736
2720
2704
2688
2669
2644
2619
2600
2584
2571
2558
2546
2533
2520
2508
2498
2489
2479
2467
2444
2416
2365
2302
2239
2175
2128
2083
2049
2017
1988
1966
1947
1931
1922
1922
1935
1957
1988
2023
2083
2128
2188
2277
2359
2422
2479
2558
2650
2742
2834
2926
3024
3103
3151
3201
3249
3293
3334
3366
3388
3404
3414
3417
3423
3426
3429
3433
3433
3436
3436
3436
3436
3436
3433
3433
3433
3433
3429
3426
3420
3414
3404
3391
3379
3366
3353
3344
3338
3331
3328
3322
3319
3315
3312
3309
3306
3300
3293
3284
3277
3271
3268
3262
3258
3255
3255
3255
3255
3258
3262
3262
3258
3258
3258
3262
3258
3258
3255
3252
3249
3252
3255
3258
3262
3265
3265
3268
3271
3277
3277
3274
3271
3265
3262
3258
3258
3255
3249
3246
3246
3246
3246
3239
3233
3227
3220
3220
3227
3239
3252
3262
3271
3284
3303
3325
3341
3347
3338
3322
3300
3284
3277
3271
3262
3255
3252
3249
3246
3243
3239
3236
3233
3230
3230
3230
3230
3230
3227
3227
3227
3224
3220
3214
3211
3208
3205
3201
3198
3195
3192
3189
3189
3182
3176
3167
3157
3148
3148
3151
3154
3157
3160
3167
3170
3179
3186
3189
3186
3163
3132
3097
3068
3030
2999
2983
2986
2989
2996
2999
3002
3005
3005
3005
3005
3005
3005
3008
3011
3015
3018
3021
3027
3030
3037
3040
3043
3046
3046
3046
3049
3049
3053
3056
3059
3072
3084
3081
3056
3011
2869
2644
2324
1909
1431
0940
0506
0237
0148
0256
0585
1200
1925
2638
3230
3648
3813
3870
3816
3651
3464
3293
3141
3100
3075
3059
3043
3027
3015
2999
2986
2973
2961
2954
2945
2942
2939
2932
2923
2913
2901
2891
2882
2869
2856
2847
2834
2825
2818
2809
2799
2790
2780
2771
2761
2752
2742
2733
2720
2710
2698
2685
2666
2631
2596
2565
2536
2501
2463
2429
2397
2368
2349
2330
2308
2283
2254
2223
2182
2131
2087
2049
2026
2007
1988
1973
1963
1960
1963
1969
1982
2001
2023
2068
2153
2229
2321
2406
2473
2543
2628
2745
2853
2926
2980
3030
3087
3167
3227
3265
3296
3319
3338
3353
3363
3366
3369
3376
3379
3382
3385
3388
3388
3388
3391
3395
3398
3395
3395
3391
3388
3385
3382
3379
3369
3363
3350
3344
3334
3328
3319
3312
3306
3300
3296
3293
3290
3287
3284
3277
3274
3271
3268
3265
3258
3255
3249
3246
3243
3243
3243
3243
3246
3249
3252
3255
3258
3262
3265
3265
3265
3265
3265
3262
3255
3252
3249
3246
3249
3252
3252
3255
3258
3258
3262
3268
3265
3262
3255
3249
3249
3252
3262
3271
3277
3284
3290
3300
3309
3315
3319
3312
3303
3290
3281
3274
3268
3262
3255
3246
3239
3239
3239
3239
3239
3236
3233
3230
3230
3233
3233
3233
3227
3224
3217
3214
3214
3211
3205
3198
3192
3186
3182
3182
3182
3182
3179
3176
3173
3170
3167
3163
3157
3151
3144
3138
3135
3132
3129
3125
3125
3122
3122
3119
3116
3113
3103
3094
3084
3075
3065
3056
3043
3034
3024
3015
3002
2989
2973
2958
2945
2935
2926
2926
2926
2932
2942
2954
2967
2983
2996
3005
3018
3040
3062
3084
3097
3100
3097
3091
3084
3078
3072
3059
3043
3034
3027
3027
3037
3053
3072
3103
3144
3113
3011
2812
2517
2096
1570
1000
0484
0107
0000
0041
0373
0943
1653
2425
3135
3654
3908
3990
3965
3879
3718
3553
3388
3300
3246
3214
3176
3129
3078
3027
3002
2989
2980
2977
2973
2970
2967
2964
2961
2954
2945
2935
2929
2920
2910
2901
2891
2882
2869
2856
2840
2825
2812
2796
2780
2764
2752
2736
2723
2707
2691
2666
2641
2619
2600
2584
2568
2549
2527
2501
2476
2451
2429
2397
2362
2318
2267
2226
2191
2159
2125
2090
2058
2036
2017
1995
1976
1963
1957
1960
1973
1992
2014
2042
2099
2201
2283
2372
2457
2555
2660
2761
2866
2964
3040
3100
3154
3208
3262
3322
3347
3360
3372
3388
3398
3410
3417
3423
3429
3433
3439
3442
3442
3442
3439
3433
3429
3423
3414
3407
3395
3385
3376
3369
3360
3353
3344
3338
3328
3322
3315
3309
3300
3293
3287
3281
3277
3274
3274
3274
3274
3271
3271
3271
3271
3271
3268
3265
3262
3258
3255
3252
3252
3252
3252
3252
3252
3255
3252
3249
3246
3239
3236
3230
3220
3217
3211
3211
3211
3217
3224
3230
3236
3239
3243
3246
3249
3252
3252
3252
3252
3252
3252
3255
3262
3265
3268
3271
3274
3277
3274
3271
3262
3252
3243
3233
3227
3220
3217
3211
3205
3198
3195
3192
3192
3189
3186
3182
3182
3179
3179
3176
3170
3167
3163
3160
3154
3151
3144
3141
3138
3135
3132
3129
3125
3122
3119
3113
3110
3106
3103
3100
3100
3097
3097
3094
3091
3084
3081
3078
3068
3062
3053
3046
3040
3030
3024
3018
3008
2999
2986
2977
2964
2948
2929
2910
2897
2885
2878
2872
2872
2872
2875
2882
2891
2901
2907
2913
2916
2923
2932
2948
2958
2964
2964
2958
2951
2945
2935
2926
2910
2894
2882
2875
2878
2888
2897
2913
2932
2961
2961
2923
2809
2653
2403
2052
1621
1159
0741
0440
0351
0392
0684
1190
1795
2397
2904
3277
3537
3699
3756
3759
3702
3540
3328
3125
3027
2989
2970
2954
2942
2929
2916
2901
2888
2878
2869
2859
2853
2850
2850
2850
2847
2847
2844
2840
2837
2831
2825
2818
2812
2806
2799
2793
2787
2780
2771
2761
2755
2745
2733
2717
2701
2682
2669
2653
2641
2631
2622
2615
2609
2603
2596
2584
2565
2539
2511
2473
2406
2318
2254
2204
2159
2134
2118
2102
2093
2087
2087
2093
2109
2128
2150
2175
2216
2254
2289
2343
2419
2495
2565
2631
2704
2780
2866
2958
3043
3125
3201
3268
3350
3414
3455
3477
3483
3486
3490
3493
3493
3496
3496
3499
3502
3502
3499
3490
3480
3474
3464
3458
3448
3442
3436
3433
3426
3420
3414
3404
3391
3382
3372
3363
3357
3350
3344
3341
3341
3341
3338
3338
3334
3331
3325
3322
3319
3315
3312
3312
3312
3312
3312
3312
3315
3319
3322
3322
3325
3325
3325
3322
3322
3319
3319
3315
3315
3312
3312
3309
3312
3312
3312
3312
3315
3315
3319
3319
3319
3322
3319
3319
3315
3315
3309
3306
3303
3303
3300
3300
3296
3293
3287
3284
3277
3274
3268
3258
3252
3249
3243
3236
3227
3220
3214
3208
3205
3201
3198
3192
3189
3189
3189
3189
3192
3192
3192
3189
3186
3179
3176
3173
3167
3163
3160
3157
3157
3157
3157
3160
3160
3157
3157
3154
3148
3141
3132
3122
3110
3100
3094
3087
3078
3072
3062
3056
3049
3043
3037
3030
3021
3015
3005
2996
2992
2989
2989
2992
2999
3008
3018
3024
3034
3043
3049
3059
3068
3078
3091
3097
3103
3106
3110
3110
3106
3103
3097
3087
3075
3056
3037
3015
2907
2742
2517
2216
1830
1384
0934
0554
0376
0392
0661
1187
1868
2593
3173
3547
3661
3699
3645
3556
3483
3398
3281
3135
3065
3037
3024
3018
3011
3005
2996
2989
2980
2970
2961
2951
2945
2942
2932
2923
2913
2904
2894
2885
2875
2863
2853
2844
2837
2831
2825
2818
2809
2799
2793
2783
2777
2768
2758
2749
2742
2736
2730
2726
2720
2707
2695
2672
2622
2568
2520
2479
2441
2406
2372
2337
2302
2267
2229
2191
2169
2153
2144
2137
2131
2128
2121
2121
2121
2125
2131
2140
2156
2175
2216
2289
2356
2432
2514
2603
2698
2793
2885
2967
3037
3106
3170
3246
3277
3290
3300
3309
3315
3322
3325
3328
3331
3334
3334
3334
3334
3334
3334
3331
3331
3328
3328
3322
3319
3315
3309
3306
3300
3293
3290
3287
3284
3281
3277
3274
3274
3274
3271
3262
3252
3243
3239
3239
3243
3249
3258
3268
3281
3306
3309
3290
3281
3271
3265
3255
3252
3249
3252
3255
3262
3271
3284
3306
3306
3274
3258
3246
3236
3227
3220
3217
3220
3227
3233
3239
3246
3249
3252
3258
3262
3268
3271
3274
3274
3277
3281
3284
3287
3284
3281
3274
3271
3268
3265
3262
3258
3252
3246
3239
3236
3233
3227
3220
3211
3205
3198
3192
3189
3186
3182
3176
3173
3170
3167
3160
3154
3148
3141
3132
3129
3125
3122
3119
3116
3116
3119
3119
3122
3122
3122
3122
3119
3119
3116
3113
3110
3106
3106
3103
3100
3094
3087
3084
3081
3075
3065
3049
3018
2999
2983
2973
2967
2958
2948
2942
2942
2951
2967
2989
3021
3072
3103
3125
3125
3103
3091
3084
3081
3078
3075
3072
3065
3062
3056
3053
3049
3046
3043
3040
3034
3021
2980
2847
2634
2324
1919
1441
0946
0519
0247
0218
0361
0823
1463
2175
2847
3363
3683
3778
3765
3607
3404
3243
3157
3113
3091
3075
3053
3027
3008
2992
2983
2970
2961
2954
2945
2939
2932
2923
2910
2901
2891
2885
2882
2875
2869
2863
2856
2850
2840
2831
2821
2812
2802
2796
2790
2783
2777
2768
2758
2742
2714
2685
2660
2631
2603
2574
2549
2530
2514
2501
2489
2476
2460
2444
2425
2394
2346
2305
2261
2220
2172
2150
2134
2121
2112
2102
2096
2093
2093
2096
2102
2112
2125
2140
2159
2201
2286
2365
2451
2546
2644
2745
2840
2932
3018
3081
3132
3179
3217
3246
3271
3296
3315
3322
3328
3331
3338
3341
3344
3347
3347
3350
3353
3357
3360
3360
3357
3357
3353
3353
3350
3350
3347
3344
3341
3338
3338
3338
3334
3334
3331
3331
3331
3328
3328
3325
3322
3319
3319
3319
3322
3322
3325
3325
3325
3322
3319
3315
3315
3312
3306
3303
3296
3293
3293
3290
3290
3284
3274
3265
3258
3258
3262
3271
3284
3296
3309
3319
3331
3347
3357
3366
3369
3366
3360
3347
3334
3325
3315
3303
3290
3274
3265
3258
3258
3262
3265
3265
3268
3268
3274
3281
3284
3287
3277
3262
3246
3233
3227
3224
3214
3208
3201
3195
3192
3189
3189
3182
3179
3179
3182
3182
3186
3189
3189
3189
3189
3192
3195
3195
3195
3192
3192
3192
3192
3189
3189
3186
3186
3182
3176
3173
3163
3157
3148
3141
3125
3087
3053
3024
3008
2996
2986
2977
2970
2967
2967
2977
2989
3005
3018
3030
3037
3046
3053
3062
3072
3081
3091
3100
3110
3116
3116
3116
3113
3110
3103
3097
3084
3072
3053
3034
3011
2904
2682
2359
1935
1437
0921
0468
0174
0139
0269
0779
1501
2286
3015
3540
3778
3857
3816
3689
3502
3350
3224
3141
3084
3056
3030
3008
2983
2967
2951
2939
2926
2916
2907
2901
2894
2888
2885
2882
2882
2882
2882
2882
2882
2875
2872
2866
2863
2853
2847
2837
2828
2821
2812
2806
2793
2774
2752
2726
2704
2685
2663
2644
2625
2606
2587
2571
2555
2533
2508
2467
2429
2387
2353
2321
2289
2254
2216
2185
2153
2125
2109
2099
2090
2080
2071
2061
2058
2055
2064
2080
2102
2140
2210
2280
2349
2422
2501
2590
2679
2771
2863
2935
2992
3037
3094
3167
3227
3271
3315
3331
3341
3350
3353
3360
3363
3369
3372
3376
3376
3379
3379
3379
3379
3379
3376
3369
3363
3360
3353
3350
3344
3338
3331
3328
3322
3319
3315
3312
3309
3303
3303
3300
3296
3290
3287
3284
3281
3277
3274
3271
3268
3268
3268
3268
3268
3268
3265
3265
3265
3268
3271
3271
3271
3271
3271
3274
3277
3277
3277
3277
3277
3274
3277
3277
3274
3274
3271
3268
3268
3268
3268
3268
3271
3271
3268
3268
3265
3262
3262
3265
3265
3265
3268
3268
3271
3274
3277
3277
3268
3252
3236
3230
3224
3217
3214
3208
3201
3201
3201
3201
3201
3198
3198
3195
3192
3189
3192
3189
3189
3186
3182
3179
3182
3186
3189
3189
3189
3186
3182
3179
3170
3163
3160
3167
3173
3179
3195
3192
3160
3132
3106
3075
3037
2996
2948
2935
2920
2904
2939
2973
2992
3011
3027
3049
3065
3078
3091
3103
3116
3122
3129
3132
3138
3151
3170
3182
3179
3167
3157
3151
3148
3148
3144
3141
3132
3119
3103
3081
3005
2774
2457
2064
1608
1140
0703
0361
0234
0259
0535
1070
1764
2511
3167
3680
3996
4095
4088
3958
3759
3543
3331
3160
3081
3062
3049
3040
3030
3018
3005
2989
2980
2967
2958
2951
2945
2939
2935
2929
2926
2920
2913
2904
2894
2888
2882
2878
2872
2869
2863
2856
2847
2834
2806
2777
2745
2720
2695
2676
2663
2653
2647
2638
2631
2625
2619
2606
2590
2568
2524
2451
2394
2349
2299
2245
2194
2147
2125
2109
2096
2083
2077
2074
2071
2071
2071
2074
2080
2087
2096
2109
2131
2185
2248
2315
2372
2419
2476
2552
2650
2752
2847
2939
3024
3097
3148
3195
3230
3252
3271
3293
3312
3328
3341
3350
3360
3372
3379
3385
3385
3385
3379
3372
3366
3363
3360
3357
3353
3350
3347
3341
3338
3334
3334
3331
3328
3328
3325
3325
3322
3319
3315
3309
3306
3300
3296
3293
3293
3290
3287
3284
3284
3287
3287
3287
3287
3287
3287
3290
3293
3300
3303
3309
3312
3315
3322
3325
3328
3328
3325
3325
3325
3325
3325
3325
3325
3325
3328
3328
3331
3331
3331
3328
3325
3322
3322
3319
3319
3312
3309
3303
3300
3296
3293
3287
3281
3274
3268
3265
3262
3255
3252
3246
3239
3233
3230
3227
3224
3224
3220
3220
3217
3220
3220
3217
3217
3211
3205
3198
3192
3189
3182
3179
3173
3167
3163
3157
3151
3138
3122
3103
3084
3068
3059
3049
3040
3034
3030
3027
3024
3021
3018
3011
3005
3018
3040
3065
3078
3091
3097
3106
3113
3122
3129
3138
3144
3154
3160
3167
3173
3176
3179
3186
3192
3198
3214
3243
3255
3243
3214
3129
2916
2606
2191
1688
1140
0611
0177
0012
0050
0414
1048
1824
2625
3296
3740
3939
4006
3980
3898
3740
3566
3385
3224
3116
3065
3043
3027
3018
3005
2996
2989
2983
2977
2970
2964
2961
2961
2958
2958
2954
2948
2939
2923
2885
2831
2802
2783
2771
2758
2749
2742
2733
2726
2720
2714
2704
2695
2688
2679
2669
2660
2647
2634
2619
2600
2577
2539
2479
2438
2400
2372
2334
2286
2251
2226
2201
2178
2156
2137
2118
2099
2074
2036
2007
1988
1973
1957
1938
1928
1944
1985
2052
2134
2201
2273
2349
2429
2514
2593
2672
2755
2840
2923
3011
3084
3132
3160
3192
3227
3252
3274
3296
3315
3338
3357
3366
3379
3388
3398
3404
3407
3401
3395
3385
3379
3372
3372
3372
3369
3363
3360
3357
3350
3347
3344
3341
3341
3341
3341
3344
3344
3347
3347
3347
3350
3350
3347
3344
3341
3338
3338
3338
3338
3341
3341
3344
3347
3350
3353
3357
3357
3353
3353
3353
3353
3353
3353
3353
3353
3360
3366
3372
3376
3372
3363
3353
3344
3338
3331
3322
3312
3303
3296
3296
3296
3296
3293
3293
3293
3296
3300
3303
3303
3303
3309
3322
3325
3303
3287
3277
3271
3265
3262
3258
3252
3243
3230
3220
3211
3205
3198
3192
3182
3173
3163
3154
3154
3154
3157
3157
3160
3163
3170
3176
3182
3186
3176
3157
3135
3110
3075
3053
3040
3027
3018
3015
3011
3008
3008
3011
3018
3034
3053
3078
3119
3144
3157
3167
3176
3182
3182
3179
3173
3163
3154
3141
3122
3110
3106
3129
3157
3189
3230
3246
3233
3198
3103
2882
2555
2131
1643
1143
0696
0364
0243
0278
0579
1111
1795
2536
3208
3708
3942
4018
3980
3863
3727
3594
3442
3306
3176
3103
3065
3046
3030
3018
3002
2980
2961
2942
2926
2910
2897
2885
2875
2866
2859
2853
2844
2834
2828
2818
2812
2806
2799
2793
2783
2777
2768
2755
2742
2730
2710
2691
2669
2650
2634
2619
2600
2574
2543
2508
2473
2438
2410
2387
2362
2337
2305
2264
2223
2182
2150
2125
2096
2061
2017
1988
1969
1954
1941
1938
1938
1941
1950
1963
1982
2017
2074
2131
2194
2267
2356
2457
2552
2644
2733
2818
2901
2983
3068
3129
3163
3195
3236
3277
3312
3347
3376
3391
3391
3388
3382
3379
3376
3372
3369
3369
3366
3366
3366
3369
3369
3366
3366
3363
3360
3353
3350
3344
3338
3331
3328
3325
3322
3319
3312
3312
3309
3309
3309
3309
3309
3309
3306
3303
3300
3296
3293
3293
3293
3290
3290
3287
3287
3284
3284
3284
3284
3284
3281
3281
3281
3277
3277
3277
3274
3274
3271
3268
3265
3262
3258
3258
3258
3258
3262
3262
3262
3265
3265
3268
3265
3262
3258
3252
3246
3243
3239
3236
3233
3236
3236
3239
3243
3243
3243
3243
3243
3239
3236
3236
3230
3224
3220
3214
3211
3208
3205
3198
3189
3182
3173
3167
3157
3148
3132
3119
3106
3097
3094
3091
3094
3097
3106
3116
3125
3135
3141
3144
3151
3160
3167
3176
3186
3192
3198
3208
3214
3224
3230
3233
3233
3236
3239
3243
3249
3258
3274
3306
3322
3309
3258
3119
2904
2581
2153
1650
1124
0661
0357
0313
0389
0801
1441
2194
2942
3534
3898
3987
3977
3838
3667
3566
3502
3464
3429
3391
3353
3277
3173
3091
3037
2999
2980
2970
2961
2954
2948
2939
2932
2923
2910
2901
2888
2878
2869
2859
2853
2844
2831
2818
2802
2790
2774
2761
2745
2733
2720
2704
2688
2669
2644
2612
2587
2562
2536
2505
2473
2441
2413
2387
2365
2346
2324
2296
2264
2229
2194
2156
2118
2080
2049
2030
2011
1995
1979
1969
1963
1960
1966
1976
1988
2007
2033
2083
2169
2248
2324
2400
2486
2577
2672
2764
2863
2964
3053
3141
3230
3309
3366
3391
3398
3401
3404
3404
3407
3410
3414
3417
3417
3420
3420
3420
3420
3420
3417
3414
3410
3410
3407
3407
3407
3404
3401
3398
3395
3391
3388
3385
3382
3382
3379
3376
3372
3369
3366
3363
3360
3353
3350
3347
3344
3341
3338
3334
3328
3325
3322
3322
3319
3319
3319
3319
3319
3315
3312
3312
3312
3309
3306
3306
3303
3303
3300
3300
3296
3296
3290
3287
3284
3281
3277
3277
3274
3274
3271
3271
3268
3268
3268
3268
3268
3265
3265
3262
3262
3262
3262
3262
3262
3258
3258
3258
3258
3255
3249
3239
3230
3224
3214
3205
3198
3189
3179
3170
3157
3144
3132
3119
3106
3097
3091
3084
3078
3075
3072
3065
3059
3043
3027
3024
3043
3072
3106
3151
3170
3179
3189
3198
3198
3189
3179
3176
3173
3170
3170
3170
3167
3160
3154
3148
3144
3141
3138
3135
3125
3113
3097
3021
2799
2460
2020
1510
0997
0557
0269
0228
0319
0760
1409
2159
2894
3467
3838
3990
3999
3901
3733
3600
3467
3388
3306
3233
3173
3103
3046
3011
2983
2961
2948
2942
2932
2926
2920
2913
2904
2891
2878
2866
2853
2837
2828
2818
2809
2799
2793
2783
2774
2764
2755
2745
2736
2730
2726
2720
2717
2714
2707
2701
2691
2679
2644
2612
2581
2543
2498
2451
2413
2384
2359
2330
2305
2277
2245
2213
2185
2150
2109
2058
2030
2011
1995
1982
1976
1973
1976
1982
1995
2014
2036
2080
2166
2248
2324
2454
2596
2685
2787
2878
2961
3043
3103
3141
3182
3217
3255
3293
3328
3363
3382
3391
3404
3414
3423
3429
3439
3442
3445
3448
3448
3445
3442
3439
3433
3429
3426
3423
3417
3410
3404
3398
3391
3388
3382
3376
3366
3360
3350
3347
3344
3344
3341
3341
3344
3347
3353
3357
3360
3360
3357
3357
3360
3363
3366
3369
3369
3372
3382
3388
3391
3391
3382
3369
3353
3341
3338
3331
3325
3315
3309
3309
3306
3309
3309
3309
3306
3303
3303
3303
3300
3293
3290
3287
3287
3287
3287
3287
3287
3287
3290
3290
3290
3290
3284
3277
3274
3268
3265
3258
3252
3249
3246
3246
3243
3243
3243
3236
3233
3230
3224
3217
3211
3201
3195
3186
3176
3167
3163
3157
3148
3138
3125
3103
3059
3034
3021
3011
3002
2996
2999
3011
3030
3056
3094
3141
3154
3157
3160
3160
3163
3167
3170
3170
3173
3176
3179
3182
3186
3186
3189
3192
3198
3208
3230
3230
3201
3125
2996
2780
2476
2080
1612
1121
0680
0332
0212
0262
0636
1273
2023
2761
3369
3775
3946
4003
3946
3762
3553
3338
3141
3087
3075
3072
3068
3065
3053
3037
3018
3005
2992
2980
2970
2964
2961
2951
2942
2929
2916
2901
2891
2878
2869
2859
2847
2834
2821
2806
2793
2777
2764
2752
2745
2739
2733
2730
2726
2720
2707
2685
2660
2628
2606
2590
2574
2555
2533
2508
2482
2457
2425
2397
2368
2346
2324
2277
2191
2134
2102
2077
2064
2058
2052
2045
2036
2026
2026
2049
2080
2118
2172
2235
2321
2413
2489
2574
2660
2755
2863
2961
3021
3062
3106
3148
3214
3293
3325
3338
3350
3363
3369
3376
3379
3382
3385
3385
3385
3385
3379
3372
3369
3366
3363
3360
3350
3341
3331
3325
3319
3312
3306
3296
3287
3277
3274
3271
3271
3271
3268
3265
3265
3265
3265
3268
3268
3265
3262
3255
3255
3255
3258
3262
3262
3265
3268
3271
3277
3277
3277
3274
3271
3268
3268
3277
3290
3300
3306
3315
3325
3331
3338
3338
3328
3315
3300
3287
3281
3277
3271
3268
3262
3255
3252
3249
3249
3246
3243
3243
3239
3239
3243
3243
3243
3243
3243
3243
3239
3236
3230
3224
3217
3208
3201
3198
3195
3189
3186
3186
3182
3182
3182
3182
3179
3176
3173
3167
3163
3157
3154
3148
3144
3138
3135
3132
3129
3122
3113
3103
3091
3075
3056
3037
3018
3005
2989
2980
2973
2967
2961
2951
2945
2942
2939
2939
2942
2951
2961
2977
2989
3005
3015
3024
3037
3046
3059
3068
3075
3078
3078
3078
3072
3068
3062
3056
3046
3034
3024
3030
3053
3075
3097
3091
3037
2894
2676
2368
1960
1494
1019
0604
0288
0186
0228
0538
1083
1789
2495
3110
3528
3686
3737
3664
3540
3417
3300
3195
3132
3094
3053
3018
2992
2973
2958
2945
2935
2923
2910
2897
2885
2872
2863
2850
2840
2828
2818
2806
2793
2780
2771
2755
2742
2726
2717
2704
2695
2682
2672
2660
2647
2638
2625
2612
2603
2590
2581
2574
2565
2552
2536
2508
2476
2448
2419
2394
2372
2346
2318
2292
2261
2220
2163
2109
2061
2023
1988
1960
1941
1922
1906
1897
1890
1897
1909
1931
1963
2017
2121
2229
2327
2416
2505
2587
2669
2755
2844
2907
2948
2989
3030
3097
3192
3252
3284
3309
3325
3338
3347
3353
3357
3363
3366
3366
3369
3372
3372
3376
3379
3379
3376
3369
3363
3353
3344
3334
3325
3315
3303
3293
3287
3284
3281
3274
3268
3265
3258
3255
3252
3249
3246
3239
3236
3233
3230
3230
3233
3233
3233
3236
3239
3243
3246
3249
3246
3246
3246
3246
3249
3249
3252
3252
3252
3252
3255
3262
3265
3265
3265
3265
3262
3262
3262
3262
3262
3258
3255
3255
3255
3258
3262
3262
3262
3262
3262
3262
3265
3265
3265
3262
3262
3265
3268
3274
3277
3277
3281
3284
3287
3293
3296
3300
3300
3300
3300
3300
3303
3309
3312
3315
3315
3315
3319
3322
3325
3322
3319
3312
3306
3300
3290
3284
3274
3265
3258
3252
3252
3249
3246
3243
3233
3227
3220
3217
3217
3214
3211
3211
3211
3214
3220
3227
3230
3230
3230
3227
3227
3227
3224
3220
3217
3214
3211
3208
3201
3198
3195
3186
3176
3167
3141
3084
3065
3056
3043
3034
3027
3027
3043
3065
3091
3103
3119
3132
3144
3154
3163
3167
3170
3167
3170
3173
3176
3176
3173
3170
3167
3163
3163
3160
3157
3151
3138
3122
3100
3024
2809
2473
2045
1561
1060
0601
0231
0107
0152
0513
1143
1912
2691
3315
3730
3857
3901
3844
3670
3509
3357
3195
3068
3040
3024
3015
3005
2992
2977
2964
2951
2939
2929
2916
2907
2901
2894
2888
2882
2875
2863
2850
2837
2825
2812
2806
2796
2787
2777
2768
2761
2752
2739
2723
2707
2691
2676
2660
2644
2625
2603
2574
2549
2520
2498
2476
2454
2429
2403
2375
2346
2318
2280
2232
2188
2147
2121
2102
2087
2074
2064
2055
2052
2049
2045
2045
2042
2039
2033
2026
2030
2074
2134
2213
2296
2387
2489
2600
2723
2834
2939
3034
3100
3154
3227
3262
3284
3300
3312
3325
3338
3347
3360
3369
3379
3385
3395
3401
3407
3414
3423
3429
3436
3445
3452
3458
3461
3461
3458
3455
3448
3439
3433
3420
3410
3398
3391
3382
3372
3360
3344
3328
3315
3303
3290
3274
3258
3243
3230
3217
3208
3192
3173
3154
3141
3141
3154
3173
3192
3205
3208
3211
3217
3224
3233
3239
3246
3249
3255
3262
3268
3274
3277
3281
3281
3277
3281
3281
3284
3281
3281
3284
3284
3287
3290
3293
3293
3290
3287
3287
3284
3284
3281
3277
3274
3271
3271
3274
3274
3271
3268
3268
3268
3268
3268
3265
3262
3262
3262
3265
3268
3268
3265
3262
3258
3258
3255
3252
3246
3239
3233
3233
3233
3233
3230
3227
3220
3214
3205
3192
3173
3157
3141
3129
3119
3113
3106
3100
3094
3091
3087
3084
3081
3075
3072
3068
3065
3065
3065
3062
3062
3059
3059
3059
3056
3053
3049
3043
3040
3037
3030
3024
3018
3011
3005
2996
2983
2967
2948
2932
2920
2910
2901
2894
2888
2882
2875
2869
2866
2859
2856
2859
2863
2875
2885
2897
2904
2910
2920
2929
2939
2951
2958
2967
2973
2980
2983
2989
2996
2999
3005
3018
3037
3059
3059
3040
3002
2885
2685
2387
2001
1555
1073
0611
0256
0101
0120
0380
0918
1605
2340
2996
3490
3673
3730
3673
3575
3486
3433
3388
3331
3255
3157
3072
3011
2970
2954
2945
2939
2932
2929
2929
2929
2926
2926
2923
2920
2920
2913
2907
2901
2891
2882
2875
2866
2859
2850
2837
2828
2812
2793
2768
2745
2726
2707
2691
2676
2660
2644
2628
2612
2596
2584
2571
2555
2536
2517
2486
2454
2429
2403
2356
2273
2213
2178
2150
2125
2099
2071
2036
2017
2004
1995
1988
1979
1976
1985
2007
2042
2099
2185
2254
2330
2413
2486
2546
2615
2691
2777
2875
2967
3030
3087
3148
3211
3271
3309
3334
3350
3366
3385
3407
3423
3436
3445
3455
3461
3467
3474
3477
3483
3486
3486
3486
3483
3477
3471
3464
3458
3452
3442
3436
3426
3417
3404
3395
3382
3372
3363
3353
3341
3331
3322
3315
3312
3309
3303
3296
3293
3287
3284
3281
3274
3271
3268
3268
3268
3271
3274
3274
3271
3271
3268
3268
3262
3258
3255
3252
3249
3249
3249
3252
3252
3252
3252
3249
3239
3230
3224
3227
3246
3262
3274
3287
3300
3312
3315
3312
3303
3293
3281
3277
3271
3265
3262
3255
3252
3249
3249
3249
3249
3252
3252
3252
3255
3255
3252
3252
3252
3252
3249
3246
3243
3239
3233
3230
3227
3224
3217
3214
3211
3208
3208
3205
3198
3192
3189
3186
3182
3179
3176
3170
3167
3163
3160
3157
3157
3154
3151
3151
3151
3148
3144
3141
3138
3132
3129
3125
3122
3119
3116
3113
3110
3106
3103
3100
3097
3091
3084
3078
3068
3059
3046
3037
3024
3002
2977
2958
2948
2942
2939
2932
2920
2913
2913
2935
2961
2973
2980
2986
2992
2999
3005
3008
3011
3015
3015
3018
3018
3024
3027
3027
3027
3027
3027
3027
3027
3030
3037
3043
3056
3081
3097
3075
3018
2844
2555
2166
1694
1193
0731
0376
0193
0190
0364
0817
1450
2210
2948
3509
3866
3993
3984
3825
3626
3455
3293
3233
3211
3198
3186
3163
3132
3075
2989
2945
2932
2920
2910
2907
2904
2901
2894
2891
2885
2878
2872
2863
2859
2853
2850
2847
2844
2837
2828
2818
2806
2787
2768
2745
2726
2707
2688
2672
2657
2641
2625
2612
2600
2587
2577
2565
2546
2520
2495
2470
2441
2406
2356
2299
2223
2140
2096
2071
2052
2039
2030
2020
2011
2004
1995
1988
1988
1992
2001
2017
2042
2083
2163
2229
2283
2343
2419
2514
2615
2710
2799
2888
2977
3065
3141
3198
3274
3312
3334
3353
3369
3385
3395
3404
3410
3410
3410
3410
3410
3414
3417
3417
3414
3410
3407
3404
3404
3404
3404
3395
3379
3363
3350
3347
3344
3338
3331
3322
3315
3312
3309
3306
3303
3300
3300
3300
3303
3306
3306
3303
3300
3296
3296
3296
3296
3293
3287
3284
3281
3281
3281
3284
3284
3284
3287
3287
3290
3290
3290
3290
3287
3287
3290
3293
3293
3296
3296
3300
3303
3306
3309
3312
3315
3315
3315
3312
3312
3309
3303
3300
3296
3293
3290
3290
3287
3284
3284
3281
3281
3281
3281
3277
3274
3274
3271
3268
3265
3258
3252
3243
3233
3227
3224
3220
3220
3217
3217
3217
3217
3214
3208
3205
3201
3201
3198
3198
3192
3189
3186
3182
3182
3179
3176
3173
3167
3163
3160
3160
3157
3151
3148
3141
3138
3135
3129
3122
3113
3103
3094
3081
3072
3065
3059
3053
3049
3043
3040
3034
3030
3024
3018
3015
3005
2999
2999
3002
3011
3018
3030
3043
3053
3062
3075
3087
3100
3106
3110
3106
3103
3094
3081
3068
3053
3021
3008
3018
3053
3087
3125
3125
3078
2961
2777
2498
2115
1659
1200
0820
0573
0487
0547
0737
1171
1754
2432
3049
3505
3771
3857
3822
3727
3562
3461
3372
3312
3258
3192
3081
3018
2989
2967
2948
2932
2923
2913
2904
2894
2891
2885
2882
2882
2882
2882
2885
2885
2882
2875
2869
2856
2847
2834
2821
2809
2796
2780
2764
2752
2739
2726
2710
2695
2676
2657
2641
2625
2612
2603
2590
2577
2558
2533
2489
2451
2416
2387
2359
2330
2289
2245
2210
2182
2156
2134
2118
2106
2096
2083
2074
2058
2045
2036
2030
2036
2055
2080
2118
2178
2299
2422
2549
2676
2799
2885
2942
2999
3053
3110
3167
3211
3246
3274
3303
3328
3357
3382
3391
3401
3407
3414
3420
3426
3433
3436
3436
3439
3436
3433
3423
3410
3398
3385
3369
3357
3347
3341
3331
3325
3319
3312
3312
3309
3309
3306
3303
3300
3296
3296
3296
3293
3293
3287
3284
3281
3281
3284
3287
3287
3290
3290
3293
3296
3300
3303
3303
3303
3303
3303
3306
3309
3309
3309
3312
3315
3322
3328
3331
3334
3334
3334
3334
3334
3331
3328
3322
3319
3315
3315
3315
3312
3309
3306
3303
3300
3293
3287
3277
3268
3262
3258
3252
3249
3239
3230
3224
3220
3220
3220
3217
3211
3205
3201
3195
3192
3186
3182
3176
3173
3173
3173
3173
3173
3173
3173
3170
3170
3167
3160
3157
3151
3144
3135
3129
3122
3116
3110
3103
3097
3091
3087
3081
3078
3075
3068
3059
3049
3040
3030
3024
3018
3018
3018
3018
3021
3027
3037
3043
3049
3056
3059
3062
3065
3068
3072
3075
3081
3087
3094
3103
3110
3116
3122
3125
3125
3122
3119
3110
3097
3081
3059
2992
2806
2539
2188
1767
1314
0902
0592
0494
0522
0775
1250
1840
2489
3075
3531
3809
3904
3876
3797
3613
3426
3262
3154
3087
3053
3027
3008
2983
2958
2935
2923
2910
2901
2894
2888
2882
2875
2869
2859
2853
2847
2840
2834
2828
2821
2818
2815
2812
2809
2799
2793
2783
2774
2764
2758
2749
2736
2726
2717
2707
2695
2682
2663
2628
2593
2562
2530
2501
2476
2448
2419
2391
2362
2334
2305
2277
2245
2216
2185
2150
2106
2064
2023
1995
1969
1950
1938
1938
1947
1969
2001
2055
2140
2223
2289
2384
2508
2647
2780
2866
2926
2967
3002
3027
3072
3138
3182
3205
3227
3252
3281
3331
3398
3423
3439
3452
3461
3464
3464
3452
3436
3417
3404
3398
3391
3382
3369
3363
3357
3357
3353
3353
3350
3347
3341
3338
3338
3334
3331
3328
3322
3319
3312
3309
3309
3306
3306
3303
3300
3300
3296
3290
3284
3274
3268
3265
3265
3268
3277
3284
3290
3296
3300
3306
3312
3322
3328
3331
3334
3331
3331
3328
3325
3322
3315
3309
3306
3303
3300
3296
3296
3296
3293
3293
3290
3287
3287
3284
3284
3284
3287
3290
3296
3303
3309
3312
3322
3328
3331
3331
3322
3303
3277
3252
3227
3189
3160
3151
3144
3138
3129
3122
3122
3141
3163
3179
3201
3220
3230
3220
3198
3176
3167
3157
3151
3144
3138
3135
3129
3122
3116
3110
3103
3100
3097
3094
3091
3087
3084
3081
3078
3072
3059
3034
3018
3002
2989
2977
2954
2961
3008
3030
3046
3062
3075
3081
3087
3091
3094
3097
3097
3094
3091
3084
3081
3078
3072
3065
3056
3046
3046
3049
3059
3072
3087
3106
3103
3059
2942
2761
2517
2194
1792
1352
0931
0592
0465
0481
0706
1181
1786
2425
3011
3439
3689
3771
3765
3654
3528
3388
3255
3129
3053
3015
2996
2983
2970
2961
2954
2948
2942
2939
2932
2929
2923
2916
2910
2904
2897
2888
2882
2869
2859
2850
2840
2831
2825
2818
2812
2806
2802
2799
2793
2783
2774
2764
2758
2752
2745
2739
2736
2730
2720
2710
2691
2657
2625
2603
2565
2505
2432
2365
2327
2305
2280
2245
2213
2185
2163
2140
2125
2115
2106
2102
2093
2087
2077
2071
2077
2096
2125
2156
2204
2254
2327
2416
2514
2609
2701
2796
2891
2977
3056
3138
3198
3233
3265
3300
3315
3325
3334
3341
3350
3357
3360
3363
3363
3363
3357
3353
3350
3347
3341
3334
3331
3328
3325
3325
3325
3322
3322
3319
3319
3315
3312
3306
3306
3303
3303
3300
3296
3293
3290
3281
3262
3252
3265
3284
3287
3290
3293
3300
3303
3306
3306
3309
3312
3319
3322
3325
3325
3325
3325
3325
3325
3328
3328
3325
3325
3322
3322
3319
3315
3309
3303
3300
3296
3296
3293
3293
3293
3290
3290
3287
3287
3284
3281
3274
3268
3268
3268
3268
3274
3277
3281
3284
3287
3293
3300
3303
3303
3296
3284
3268
3255
3249
3239
3230
3220
3214
3208
3205
3205
3201
3198
3192
3189
3192
3195
3198
3195
3192
3189
3186
3186
3186
3186
3182
3179
3173
3173
3170
3163
3154
3138
3119
3103
3091
3072
3053
3037
3027
3021
3018
3018
3015
3008
3005
3002
2999
3002
3011
3018
3027
3034
3040
3046
3053
3056
3062
3068
3075
3081
3087
3094
3100
3103
3110
3116
3122
3132
3141
3160
3192
3211
3195
3157
3049
2885
2641
2321
1925
1482
1029
0630
0323
0240
0288
0617
1200
1925
2657
3284
3737
3984
4066
4009
3835
3604
3379
3189
3091
3049
3034
3024
3018
3008
2999
2989
2983
2973
2964
2954
2945
2939
2929
2920
2907
2888
2866
2853
2847
2840
2834
2831
2828
2821
2818
2809
2802
2790
2774
2758
2742
2730
2710
2688
2669
2657
2644
2628
2615
2603
2587
2571
2549
2520
2486
2435
2365
2318
2286
2261
2242
2216
2191
2163
2134
2102
2071
2042
2011
1982
1950
1928
1925
1941
1963
1988
2017
2052
2099
2172
2261
2343
2422
2495
2587
2691
2806
2907
2983
3027
3068
3116
3198
3246
3274
3300
3319
3338
3347
3357
3360
3366
3369
3372
3376
3379
3379
3382
3382
3382
3382
3382
3382
3379
3379
3376
3372
3369
3366
3363
3357
3347
3338
3325
3315
3309
3306
3296
3284
3271
3258
3252
3255
3262
3265
3268
3268
3271
3274
3281
3287
3290
3287
3281
3274
3271
3268
3265
3255
3246
3239
3236
3239
3243
3246
3249
3258
3271
3284
3287
3274
3255
3246
3239
3233
3227
3224
3214
3208
3198
3192
3189
3189
3186
3189
3189
3192
3195
3198
3201
3201
3198
3195
3192
3189
3186
3189
3189
3192
3195
3198
3205
3211
3214
3211
3201
3192
3179
3173
3167
3157
3151
3141
3135
3132
3132
3132
3132
3135
3138
3144
3148
3154
3160
3167
3144
3103
3081
3065
3046
3030
3018
3011
3005
3002
2999
2999
3002
3008
3018
3021
3030
3037
3043
3049
3059
3065
3075
3078
3081
3087
3097
3106
3116
3125
3132
3135
3135
3138
3141
3148
3154
3160
3170
3186
3217
3217
3154
2980
2698
2315
1862
1396
0969
0630
0456
0452
0608
1010
1574
2185
2872
3439
3737
3832
3765
3569
3284
