3041
3287
3543
3798
4012
4074
4095
4089
4045
4009
3983
3951
3913
3871
3851
3836
3819
3807
3801
3789
3783
3777
3772
3766
3760
3757
3757
3757
3757
3754
3748
3745
3742
3739
3733
3725
3716
3704
3689
3675
3663
3648
3631
3610
3587
3563
3543
3525
3504
3481
3449
3413
3375
3358
3343
3334
3325
3317
3311
3302
3293
3281
3273
3261
3252
3243
3234
3223
3214
3208
3199
3190
3179
3167
3158
3149
3143
3135
3129
3117
3102
3085
3052
3020
2985
2961
2947
2938
2929
2917
2906
2891
2879
2870
2859
2841
2818
2779
2744
2712
2694
2683
2671
2662
2659
2659
2671
2688
2709
2730
2744
2759
2776
2791
2803
2809
2812
2809
2803
2794
2779
2765
2753
2738
2727
2712
2700
2685
2674
2665
2653
2639
2621
2577
2515
2436
2286
2060
1802
1561
1388
1332
1365
1461
1679
1949
2260
2597
2926
3182
3281
3281
3179
3003
2818
2659
2524
2433
2366
2330
2304
2277
2257
2236
2216
2195
2175
2151
2125
2095
2075
2054
2037
2022
2007
1993
1981
1969
1957
1946
1937
1928
1919
1911
1902
1893
1887
1881
1872
1866
1852
1817
1740
1670
1623
1570
1541
1520
1502
1488
1476
1461
1447
1432
1409
1373
1338
1297
1244
1188
1136
1103
1077
1059
1050
1047
1045
1045
1042
1039
1039
1039
1042
1056
1080
1118
1188
1256
1306
1367
1432
1491
1535
1582
1629
1682
1726
1764
1799
1831
1861
1884
1905
1919
1934
1940
1943
1949
1949
1952
1952
1955
1955
1957
1957
1957
1957
1957
1957
1957
1955
1952
1949
1946
1946
1943
1943
1943
1943
1943
1943
1943
1943
1943
1940
1937
1934
1931
1925
1922
1916
1911
1908
1905
1899
1893
1890
1887
1884
1884
1881
1881
1878
1878
1875
1875
1875
1875
1875
1875
1878
1881
1884
1890
1893
1896
1899
1902
1902
1902
1899
1896
1893
1890
1890
1890
1887
1887
1884
1884
1881
1881
1878
1875
1872
1869
1866
1866
1866
1864
1861
1861
1861
1861
1861
1858
1858
1858
1858
1861
1866
1866
1869
1869
1872
1872
1872
1872
1869
1866
1866
1866
1864
1861
1858
1858
1861
1861
1861
1858
1852
1846
1840
1834
1828
1822
1817
1811
1805
1802
1799
1796
1793
1793
1793
1793
1793
1793
1793
1796
1802
1808
1814
1820
1825
1831
1837
1843
1849
1855
1864
1869
1878
1884
1893
1899
1902
1908
1911
1911
1913
1911
1908
1902
1899
1893
1887
1875
1866
1852
1837
1817
1717
1526
1271
1012
0816
0751
0774
0848
1033
1288
1608
1955
2301
2586
2712
2753
2715
2589
2436
2286
2189
2081
1969
1913
1890
1872
1858
1849
1837
1828
1820
1811
1805
1799
1793
1790
1787
1781
1775
1773
1767
1764
1758
1755
1749
1746
1743
1740
1737
1734
1731
1729
1723
1720
1714
1708
1702
1696
1693
1687
1679
1670
1646
1620
1596
1570
1532
1485
1429
1382
1341
1300
1253
1227
1206
1188
1174
1162
1153
1147
1144
1147
1147
1153
1162
1174
1185
1200
1218
1244
1291
1329
1365
1409
1461
1520
1582
1640
1687
1737
1787
1837
1869
1890
1908
1922
1937
1952
1966
1978
1981
1984
1990
1993
1999
2002
2007
2013
2019
2025
2028
2031
2031
2031
2031
2031
2034
2037
2040
2040
2040
2040
2040
2037
2031
2022
2013
2004
1996
1987
1978
1972
1966
1960
1952
1940
1922
1908
1893
1887
1887
1896
1905
1913
1922
1931
1937
1946
1955
1963
1972
1978
1984
1987
1990
1993
1993
1993
1993
1996
1999
2002
2004
2010
2016
2022
2022
2025
2022
2022
2019
2016
2013
2010
2007
2007
2007
2010
2010
2010
2007
2007
2007
2004
2002
1996
1993
1987
1981
1978
1972
1969
1966
1963
1960
1960
1957
1955
1949
1946
1940
1934
1931
1925
1922
1919
1919
1919
1919
1916
1916
1913
1913
1911
1905
1902
1899
1896
1893
1893
1890
1884
1881
1878
1872
1869
1866
1861
1855
1849
1843
1837
1831
1825
1817
1811
1808
1805
1805
1808
1814
1820
1828
1837
1846
1855
1864
1866
1872
1878
1884
1890
1893
1896
1899
1902
1902
1902
1899
1893
1890
1887
1881
1875
1869
1864
1852
1837
1825
1796
1726
1617
1453
1224
0930
0592
0299
0258
0331
0786
1479
2222
2832
3132
3161
3023
2730
2439
2213
2048
1952
1866
1817
1808
1802
1796
1793
1790
1790
1787
1784
1778
1773
1764
1761
1755
1755
1752
1746
1743
1737
1734
1731
1726
1723
1723
1720
1720
1717
1711
1708
1702
1699
1693
1690
1687
1684
1682
1676
1670
1664
1655
1643
1626
1576
1517
1464
1417
1379
1344
1315
1291
1268
1244
1218
1194
1168
1144
1124
1112
1106
1100
1094
1089
1083
1077
1074
1083
1100
1127
1159
1209
1268
1326
1385
1438
1488
1538
1585
1620
1652
1684
1720
1755
1790
1828
1866
1899
1925
1946
1960
1966
1969
1972
1972
1975
1975
1978
1978
1981
1984
1984
1984
1984
1978
1975
1969
1966
1960
1957
1957
1957
1960
1960
1963
1963
1963
1963
1960
1960
1957
1955
1955
1952
1952
1955
1957
1960
1963
1966
1966
1966
1963
1960
1957
1952
1949
1949
1949
1949
1949
1949
1952
1952
1952
1952
1946
1940
1943
1966
1993
2002
2004
2010
2016
2022
2028
2034
2040
2043
2046
2048
2051
2057
2057
2060
2060
2063
2063
2063
2063
2066
2066
2066
2066
2066
2066
2066
2066
2066
2066
2066
2066
2063
2063
2060
2060
2057
2057
2057
2057
2060
2060
2060
2063
2063
2063
2063
2063
2060
2057
2054
2054
2051
2051
2051
2051
2051
2051
2051
2051
2051
2051
2048
2048
2046
2046
2043
2040
2037
2034
2031
2031
2031
2028
2022
2016
2007
1996
1987
1981
1975
1969
1963
1960
1957
1957
1955
1955
1957
1960
1966
1975
1984
1993
2004
2016
2025
2034
2043
2048
2057
2066
2072
2081
2087
2090
2090
2084
2081
2072
2063
2048
2031
2010
1984
1928
1884
1778
1608
1370
1059
0716
0399
0299
0352
0728
1391
2142
2806
3170
3214
3079
2768
2480
2272
2137
2048
2007
1993
1981
1975
1969
1960
1957
1949
1940
1928
1916
1908
1899
1890
1884
1878
1872
1866
1861
1852
1843
1831
1820
1811
1799
1790
1778
1770
1761
1755
1746
1740
1731
1723
1714
1702
1690
1682
1670
1655
1638
1617
1593
1564
1535
1502
1473
1447
1420
1400
1385
1367
1347
1320
1294
1259
1227
1197
1174
1162
1150
1141
1133
1124
1118
1121
1130
1150
1174
1206
1256
1303
1367
1438
1491
1532
1567
1611
1670
1711
1731
1752
1770
1787
1814
1846
1869
1884
1893
1899
1905
1911
1916
1928
1937
1949
1963
1975
1993
2016
2037
2043
2048
2051
2054
2057
2063
2066
2057
2040
2019
2004
1990
1972
1960
1952
1952
1955
1960
1966
1972
1984
1993
1999
1999
1990
1984
1981
1978
1975
1972
1969
1963
1960
1960
1960
1963
1966
1972
1975
1981
1987
1993
2002
2004
2010
2010
2010
2013
2016
2019
2019
2022
2019
2019
2019
2019
2016
2016
2016
2013
2013
2016
2019
2019
2022
2019
2022
2034
2040
2043
2048
2051
2054
2054
2057
2060
2063
2063
2063
2060
2054
2048
2043
2037
2031
2025
2019
2013
2007
2004
1999
1993
1984
1975
1966
1957
1952
1949
1943
1943
1940
1940
1940
1943
1943
1940
1937
1931
1925
1922
1922
1928
1934
1943
1952
1957
1966
1972
1978
1987
1990
1993
1990
1987
1975
1963
1949
1931
1913
1890
1849
1820
1796
1781
1770
1761
1755
1752
1755
1767
1781
1799
1822
1864
1911
1937
1955
1972
1987
1996
2002
2002
1999
1993
1984
1975
1966
1960
1949
1940
1928
1916
1908
1902
1890
1875
1849
1787
1670
1479
1232
0927
0598
0314
0196
0331
0766
1444
2198
2850
3176
3211
3061
2741
2448
2275
2198
2139
2072
2022
1996
1975
1957
1940
1916
1890
1872
1864
1855
1849
1846
1846
1855
1864
1869
1878
1887
1887
1875
1861
1855
1852
1849
1846
1843
1840
1834
1828
1822
1817
1814
1811
1808
1805
1802
1799
1793
1784
1770
1729
1690
1649
1608
1570
1538
1511
1485
1458
1435
1414
1394
1367
1341
1320
1300
1285
1274
1265
1262
1259
1256
1253
1247
1241
1238
1241
1256
1276
1312
1365
1414
1473
1538
1602
1661
1723
1773
1805
1837
1869
1911
1957
2004
2025
2037
2046
2051
2057
2060
2063
2066
2072
2075
2078
2081
2084
2084
2084
2087
2087
2090
2090
2090
2090
2090
2093
2095
2095
2098
2095
2090
2081
2069
2060
2051
2043
2037
2031
2025
2019
2013
2007
2002
1999
1999
2002
2002
2004
2010
2016
2022
2028
2034
2040
2043
2046
2046
2048
2046
2046
2046
2046
2046
2048
2051
2054
2054
2054
2054
2054
2054
2051
2048
2046
2043
2040
2040
2040
2043
2046
2048
2048
2046
2043
2037
2031
2028
2022
2013
2007
2002
1999
1996
1990
1987
1984
1981
1978
1975
1975
1972
1966
1963
1957
1955
1952
1949
1946
1946
1943
1943
1940
1940
1937
1934
1931
1928
1922
1916
1911
1908
1902
1899
1896
1893
1890
1890
1887
1884
1878
1875
1869
1866
1861
1855
1849
1843
1837
1831
1825
1822
1822
1820
1820
1820
1825
1828
1834
1843
1849
1855
1864
1866
1872
1878
1884
1887
1893
1902
1911
1919
1928
1934
1943
1949
1955
1957
1957
1955
1952
1946
1940
1931
1919
1908
1896
1884
1858
1784
1646
1432
1147
0810
0466
0264
0267
0490
1045
1775
2503
3041
3199
3182
2926
2618
2371
2216
2098
2037
1990
1955
1911
1864
1820
1796
1790
1787
1784
1784
1784
1784
1784
1787
1790
1790
1793
1793
1793
1793
1793
1793
1790
1790
1784
1781
1775
1773
1767
1764
1755
1746
1731
1714
1699
1684
1670
1652
1638
1626
1611
1599
1588
1573
1558
1544
1526
1505
1479
1453
1429
1406
1382
1359
1335
1315
1291
1262
1227
1168
1133
1109
1089
1074
1068
1074
1086
1103
1127
1174
1256
1332
1411
1494
1579
1664
1743
1817
1896
1957
1993
2019
2040
2057
2066
2069
2075
2078
2078
2078
2081
2081
2081
2081
2084
2084
2087
2090
2093
2093
2093
2090
2090
2087
2084
2081
2075
2072
2072
2069
2069
2069
2066
2066
2066
2063
2060
2057
2051
2046
2040
2034
2031
2025
2022
2019
2019
2019
2019
2016
2016
2013
2010
2007
2007
2004
2002
2002
1999
1999
2002
2002
2004
2004
2007
2007
2007
2010
2010
2010
2010
2007
2007
2007
2007
2007
2007
2010
2010
2010
2010
2010
2010
2010
2013
2013
2016
2019
2022
2025
2031
2034
2037
2037
2037
2034
2028
2022
2016
2007
2002
1996
1993
1990
1987
1984
1978
1975
1969
1966
1960
1957
1952
1946
1943
1940
1943
1943
1946
1946
1946
1946
1949
1949
1949
1949
1946
1946
1946
1946
1946
1946
1946
1943
1937
1934
1931
1928
1922
1916
1911
1905
1902
1899
1896
1890
1884
1878
1872
1869
1866
1866
1864
1861
1861
1861
1866
1866
1872
1878
1884
1890
1893
1899
1905
1911
1916
1919
1925
1931
1937
1946
1952
1957
1960
1960
1960
1960
1957
1955
1949
1937
1922
1908
1890
1869
1770
1620
1409
1127
0804
0493
0349
0372
0645
1194
1881
2542
2994
3102
3082
2850
2571
2324
2134
1966
1922
1913
1908
1908
1916
1919
1928
1931
1931
1916
1899
1884
1875
1869
1866
1861
1852
1843
1834
1828
1822
1820
1817
1814
1808
1802
1796
1793
1787
1781
1775
1770
1764
1761
1758
1752
1746
1740
1731
1723
1708
1690
1673
1655
1640
1623
1605
1582
1547
1511
1476
1444
1417
1388
1362
1332
1303
1268
1241
1221
1209
1197
1188
1183
1177
1177
1177
1185
1194
1206
1227
1262
1335
1409
1485
1561
1632
1693
1746
1784
1834
1878
1913
1946
1972
1999
2025
2051
2063
2069
2075
2081
2087
2093
2095
2098
2101
2107
2110
2113
2113
2110
2107
2104
2104
2104
2104
2104
2098
2095
2093
2090
2084
2081
2075
2069
2066
2063
2060
2057
2057
2054
2051
2048
2048
2046
2040
2037
2031
2025
2019
2016
2016
2013
2013
2010
2013
2016
2019
2019
2019
2016
2013
2007
2002
1999
1999
1999
2002
2002
2004
2007
2010
2013
2016
2016
2016
2016
2013
2010
2007
2002
1996
1990
1987
1975
1969
1969
1981
1999
2010
2022
2034
2043
2048
2043
2031
2019
2007
2004
1999
1996
1990
1984
1975
1972
1966
1963
1957
1955
1952
1946
1946
1946
1946
1943
1940
1937
1934
1931
1928
1928
1925
1919
1916
1913
1913
1911
1911
1911
1911
1908
1908
1908
1908
1908
1908
1905
1902
1902
1899
1896
1893
1887
1881
1875
1866
1861
1846
1808
1767
1743
1723
1708
1699
1693
1693
1699
1711
1726
1743
1761
1784
1808
1828
1843
1852
1858
1864
1866
1875
1881
1887
1890
1896
1896
1899
1896
1896
1893
1890
1884
1878
1872
1866
1861
1852
1831
1770
1643
1444
1168
0821
0443
0129
0000
0152
0619
1315
2072
2700
2988
3014
2844
2506
2192
1978
1837
1770
1752
1740
1734
1726
1714
1705
1699
1693
1687
1682
1676
1670
1664
1658
1652
1646
1640
1635
1632
1626
1626
1620
1617
1611
1605
1602
1602
1599
1602
1602
1605
1605
1608
1611
1617
1620
1623
1626
1623
1620
1614
1605
1599
1591
1579
1567
1555
1541
1523
1502
1461
1394
1341
1303
1274
1250
1221
1191
1174
1159
1150
1141
1138
1138
1144
1153
1165
1185
1221
1276
1320
1373
1438
1505
1576
1649
1726
1805
1890
1966
2040
2107
2148
2175
2186
2186
2186
2186
2186
2186
2186
2186
2186
2189
2192
2195
2198
2198
2198
2198
2195
2195
2198
2198
2201
2201
2204
2210
2213
2219
2222
2225
2225
2225
2222
2216
2210
2201
2192
2184
2172
2163
2154
2142
2125
2113
2104
2101
2098
2095
2093
2087
2084
2081
2078
2078
2078
2075
2072
2069
2069
2069
2072
2072
2075
2078
2081
2084
2087
2090
2093
2093
2095
2095
2098
2098
2098
2098
2101
2104
2104
2104
2104
2107
2107
2107
2107
2098
2087
2075
2066
2060
2051
2046
2037
2031
2028
2028
2031
2034
2037
2037
2043
2048
2054
2063
2069
2072
2078
2081
2087
2093
2098
2101
2104
2104
2104
2101
2098
2093
2084
2078
2069
2063
2054
2048
2040
2034
2028
2022
2013
2004
1996
1987
1978
1972
1969
1963
1957
1952
1946
1943
1937
1934
1925
1916
1911
1905
1899
1899
1899
1899
1905
1913
1922
1931
1943
1952
1960
1966
1975
1987
1996
2007
2016
2022
2025
2022
2022
2016
2013
2004
1999
1990
1978
1966
1952
1940
1922
1893
1796
1652
1450
1171
0836
0487
0255
0243
0416
0924
1617
2327
2888
3111
3129
2994
2791
2603
2474
2360
2228
2098
1957
1899
1887
1875
1869
1866
1858
1846
1837
1828
1820
1814
1811
1808
1808
1805
1802
1799
1793
1787
1781
1778
1775
1773
1767
1764
1761
1758
1758
1755
1752
1746
1743
1740
1734
1729
1720
1702
1661
1623
1593
1570
1544
1520
1497
1473
1447
1414
1385
1353
1320
1288
1250
1206
1165
1136
1112
1094
1086
1080
1077
1071
1059
1097
1141
1183
1215
1238
1259
1285
1318
1353
1397
1432
1476
1532
1588
1649
1717
1784
1837
1875
1916
1934
1943
1952
1957
1966
1972
1978
1984
1990
1996
2002
2007
2010
2016
2019
2022
2025
2028
2034
2040
2046
2048
2048
2048
2046
2043
2040
2034
2028
2022
2013
2007
1999
1993
1984
1975
1969
1963
1957
1952
1946
1946
1943
1946
1952
1957
1963
1972
1975
1978
1981
1984
1990
1993
1996
1996
1996
1993
1993
1990
1990
1990
1993
1993
1993
1996
1999
2002
2002
2004
2004
2004
2007
2007
2010
2013
2016
2019
2025
2031
2037
2040
2046
2048
2051
2054
2057
2054
2054
2051
2048
2046
2043
2040
2037
2031
2028
2025
2022
2016
2013
2007
2004
1999
1996
1987
1981
1975
1969
1966
1966
1969
1972
1975
1981
1987
1993
1999
2004
2013
2022
2028
2028
2019
2010
1996
1981
1969
1955
1943
1931
1919
1911
1905
1902
1896
1893
1890
1884
1878
1872
1866
1866
1869
1881
1899
1916
1931
1946
1960
1975
1987
1996
2002
2007
2010
2013
2016
2022
2028
2031
2034
2034
2031
2022
2010
1999
1984
1963
1943
1925
1905
1831
1687
1473
1183
0833
0496
0343
0375
0686
1288
1993
2659
3126
3252
3231
3005
2668
2351
2095
1955
1905
1890
1899
1913
1928
1937
1946
1946
1931
1911
1899
1890
1881
1875
1872
1866
1864
1858
1849
1843
1837
1834
1828
1820
1811
1799
1787
1773
1755
1743
1731
1723
1717
1708
1702
1696
1690
1682
1673
1664
1655
1649
1640
1629
1614
1588
1558
1538
1514
1485
1444
1403
1373
1350
1326
1300
1268
1232
1191
1165
1147
1133
1121
1109
1106
1112
1133
1159
1194
1247
1288
1341
1400
1453
1511
1579
1649
1720
1790
1837
1866
1896
1922
1943
1963
1978
1990
2004
2013
2019
2025
2031
2037
2040
2043
2046
2048
2048
2051
2051
2051
2048
2048
2048
2048
2046
2046
2043
2043
2040
2040
2037
2037
2034
2031
2028
2025
2022
2019
2016
2010
2004
2002
1999
1996
1993
1987
1984
1978
1975
1969
1963
1952
1946
1943
1943
1949
1955
1960
1966
1969
1975
1981
1984
1990
1999
2004
2007
2010
2007
2007
2007
2007
2010
2013
2016
2019
2022
2025
2028
2031
2031
2031
2031
2031
2031
2031
2031
2031
2034
2034
2034
2034
2037
2037
2034
2034
2034
2034
2034
2037
2037
2034
2034
2031
2031
2031
2028
2028
2025
2022
2019
2016
2013
2010
2007
2004
2002
1999
1996
1993
1987
1984
1981
1978
1978
1975
1975
1975
1975
1978
1981
1981
1984
1984
1981
1981
1981
1978
1972
1969
1963
1957
1952
1943
1937
1919
1878
1864
1855
1846
1840
1831
1828
1822
1825
1837
1855
1872
1899
1937
1960
1972
1984
1993
2002
2007
2004
1996
1990
1984
1984
1981
1981
1978
1972
1969
1963
1960
1957
1955
1949
1946
1940
1934
1887
1761
1549
1253
0889
0525
0319
0322
0534
1039
1693
2336
2841
3064
3088
2967
2741
2530
2342
2145
2034
2004
1987
1978
1969
1955
1943
1934
1922
1913
1902
1890
1881
1872
1866
1866
1861
1855
1852
1846
1840
1834
1831
1828
1825
1822
1820
1814
1811
1808
1805
1805
1802
1799
1793
1790
1781
1773
1761
1746
1729
1708
1684
1646
1596
1567
1541
1511
1482
1441
1382
1338
1312
1279
1244
1221
1200
1183
1171
1165
1162
1159
1156
1153
1150
1147
1144
1144
1153
1171
1191
1229
1291
1353
1417
1485
1547
1602
1664
1729
1796
1855
1893
1934
1952
1966
1975
1981
1987
1990
1993
1993
1993
1993
1990
1990
1990
1990
1987
1984
1981
1975
1972
1975
1981
1990
1999
2004
2013
2022
2031
2037
2043
2043
2040
2031
2022
2013
2007
1999
1990
1981
1972
1963
1955
1946
1940
1934
1922
1913
1905
1902
1905
1911
1916
1922
1928
1931
1940
1946
1952
1955
1960
1966
1969
1975
1981
1984
1987
1987
1990
1993
1996
1999
2002
2004
2010
2013
2019
2022
2025
2025
2028
2031
2034
2037
2037
2034
2031
2025
2022
2019
2016
2010
2004
2002
1996
1996
1996
1993
1993
1993
1993
1993
1993
1993
1993
1993
1993
1993
1993
1999
2002
2002
2004
2004
2007
2007
2007
2007
2007
2004
2002
1999
1999
1999
1996
1993
1993
1987
1984
1978
1969
1963
1955
1946
1937
1928
1916
1908
1899
1890
1878
1866
1861
1858
1866
1875
1896
1916
1937
1966
1993
2016
2034
2046
2054
2063
2075
2081
2090
2095
2101
2101
2104
2101
2101
2101
2098
2093
2090
2081
2075
2066
2057
2031
1972
1869
1731
1538
1282
0965
0616
0337
0302
0402
0883
1602
2383
3029
3331
3361
3202
2894
2594
2389
2245
2134
2066
2028
2010
1999
1987
1975
1960
1949
1934
1922
1913
1905
1899
1896
1893
1890
1890
1884
1881
1875
1866
1864
1858
1855
1852
1849
1846
1843
1840
1834
1828
1820
1808
1790
1770
1749
1729
1708
1687
1661
1632
1602
1576
1552
1526
1502
1479
1458
1444
1426
1409
1388
1359
1326
1309
1291
1276
1265
1253
1247
1241
1238
1238
1238
1241
1244
1250
1262
1274
1285
1300
1329
1385
1423
1470
1529
1591
1655
1714
1758
1811
1858
1893
1928
1963
1990
2010
2031
2046
2057
2066
2072
2075
2078
2084
2090
2095
2098
2104
2110
2116
2119
2119
2116
2107
2098
2090
2081
2072
2060
2051
2043
2034
2028
2022
2007
1987
1969
1960
1963
1969
1981
1987
1990
1990
1993
1999
2004
2010
2016
2022
2025
2028
2031
2031
2028
2028
2025
2022
2019
2019
2019
2019
2022
2025
2028
2028
2031
2037
2040
2040
2043
2043
2043
2043
2043
2046
2046
2048
2048
2051
2057
2063
2066
2066
2063
2060
2054
2048
2043
2037
2031
2025
2022
2019
2016
2013
2010
2010
2007
2010
2013
2019
2022
2025
2025
2025
2028
2028
2028
2025
2022
2019
2016
2016
2016
2013
2010
2004
1999
1993
1990
1984
1975
1960
1949
1934
1922
1916
1911
1905
1899
1893
1890
1890
1890
1890
1890
1887
1884
1887
1890
1893
1899
1905
1911
1922
1931
1943
1949
1955
1960
1966
1972
1978
1984
1987
1987
1987
1984
1981
1975
1969
1960
1952
1940
1928
1911
1872
1840
1755
1593
1356
1047
0707
0428
0314
0431
0830
1482
2230
2897
3246
3287
3138
2821
2527
2298
2104
2004
1978
1963
1952
1943
1934
1922
1911
1899
1890
1881
1875
1869
1866
1866
1864
1861
1855
1852
1846
1840
1834
1831
1825
1822
1820
1817
1814
1811
1808
1805
1802
1799
1796
1790
1787
1781
1775
1767
1749
1729
1711
1687
1664
1635
1599
1564
1529
1497
1467
1441
1411
1385
1356
1326
1297
1271
1247
1232
1221
1209
1200
1191
1185
1183
1183
1185
1191
1200
1209
1224
1244
1285
1362
1438
1505
1570
1635
1702
1764
1817
1869
1902
1916
1928
1943
1960
1981
1996
2013
2034
2051
2060
2060
2057
2057
2054
2051
2051
2054
2054
2054
2057
2057
2054
2054
2057
2057
2060
2063
2066
2069
2078
2093
2090
2054
2034
2019
2004
1996
1987
1984
1981
1978
1972
1969
1969
1966
1966
1963
1960
1960
1957
1957
1960
1963
1963
1960
1957
1957
1957
1957
1957
1957
1957
1957
1960
1963
1969
1972
1978
1981
1987
1993
1999
2002
2007
2025
2040
2040
2025
2010
2002
1996
1993
1990
1990
1987
1987
1984
1981
1978
1975
1975
1972
1972
1969
1966
1966
1966
1966
1966
1966
1966
1963
1963
1963
1960
1957
1955
1952
1949
1946
1943
1940
1937
1937
1937
1937
1937
1937
1937
1940
1940
1940
1940
1940
1937
1937
1940
1940
1940
1937
1937
1934
1934
1931
1928
1922
1916
1911
1902
1890
1858
1822
1802
1787
1775
1767
1764
1767
1773
1784
1799
1825
1881
1916
1931
1943
1955
1963
1969
1975
1978
1981
1984
1984
1987
1990
1990
1996
2007
2013
2002
1984
1969
1963
1955
1949
1946
1940
1937
1931
1919
1884
1752
1552
1282
0951
0601
0325
0243
0428
0907
1596
2324
2917
3187
3214
3073
2806
2562
2377
2239
2169
2110
2048
2016
1999
1987
1975
1966
1957
1952
1943
1937
1934
1928
1925
1925
1922
1922
1925
1925
1925
1925
1922
1919
1916
1913
1911
1908
1905
1899
1896
1893
1887
1872
1837
1811
1796
1787
1778
1773
1764
1752
1740
1731
1717
1702
1667
1608
1558
1500
1447
1409
1373
1350
1335
1323
1315
1306
1297
1291
1282
1276
1271
1262
1253
1244
1241
1244
1253
1265
1279
1309
1365
1423
1476
1520
1561
1614
1693
1787
1837
1869
1893
1916
1940
1960
1978
1993
2007
2025
2037
2046
2051
2060
2066
2072
2078
2081
2084
2084
2087
2090
2090
2093
2093
2095
2104
2098
2072
2054
2043
2031
2019
2013
2007
2004
2002
1999
1999
1999
1999
1999
1999
1999
1996
1996
1996
1996
1996
1996
1996
1996
1996
1996
1996
1999
1999
1999
1999
1999
1999
1996
1999
1999
2002
2004
2004
2007
2007
2007
2007
2010
2010
2010
2010
2013
2013
2019
2022
2028
2031
2034
2034
2037
2034
2034
2028
2019
2010
2004
1999
1993
1993
1987
1981
1978
1972
1972
1972
1972
1972
1972
1972
1972
1972
1975
1975
1975
1978
1978
1981
1981
1984
1984
1984
1984
1981
1978
1975
1972
1966
1963
1960
1957
1955
1952
1949
1949
1946
1943
1937
1934
1928
1922
1916
1911
1902
1887
1869
1861
1852
1843
1834
1822
1814
1808
1808
1820
1837
1855
1872
1896
1916
1931
1943
1949
1955
1960
1963
1969
1972
1975
1975
1978
1978
1978
1978
1975
1972
1969
1963
1957
1949
1937
1928
1872
1781
1640
1453
1209
0904
0575
0343
0328
0472
0927
1579
2280
2856
3135
3161
3011
2724
2462
2263
2119
2037
2016
2002
1993
1981
1969
1957
1946
1931
1908
1887
1872
1861
1846
1840
1849
1864
1872
1881
1890
1896
1899
1896
1884
1869
1861
1849
1834
1817
1802
1790
1778
1767
1752
1737
1720
1699
1679
1664
1649
1638
1626
1617
1608
1599
1585
1561
1538
1517
1500
1476
1453
1411
1359
1323
1306
1288
1268
1247
1235
1224
1215
1206
1200
1194
1194
1197
1203
1212
1224
1235
1265
1318
1365
1409
1456
1500
1570
1667
1731
1805
1869
1913
1949
1990
2013
2028
2043
2051
2057
2063
2063
2066
2066
2066
2066
2066
2069
2072
2075
2078
2078
2081
2081
2081
2081
2078
2075
2072
2069
2066
2063
2063
2060
2057
2054
2051
2040
2031
2034
2043
2057
2069
2081
2093
2090
2072
2048
2025
1993
1984
1978
1975
1969
1966
1981
2010
2031
2046
2060
2069
2075
2081
2087
2090
2093
2093
2095
2098
2101
2101
2101
2101
2101
2101
2098
2098
2095
2090
2084
2081
2075
2072
2069
2066
2063
2063
2060
2060
2057
2057
2054
2051
2048
2046
2043
2040
2040
2040
2040
2040
2040
2037
2037
2037
2034
2031
2028
2022
2022
2019
2019
2019
2019
2019
2019
2019
2019
2019
2019
2016
2010
2007
2002
1996
1990
1984
1978
1972
1966
1960
1957
1955
1949
1940
1934
1925
1916
1911
1905
1902
1896
1893
1893
1896
1899
1905
1913
1919
1925
1931
1940
1946
1955
1963
1972
1981
1993
2007
2019
2031
2040
2043
2046
2048
2048
2051
2051
2051
2054
2060
2060
2043
2010
1957
1890
1778
1623
1403
1115
0792
0481
0349
0384
0701
1315
2054
2730
3158
3264
3108
2821
2527
2292
2142
2081
2051
2034
2013
1993
1969
1949
1925
1902
1887
1881
1875
1869
1866
1861
1855
1849
1840
1834
1828
1822
1814
1808
1799
1793
1781
1773
1764
1755
1749
1743
1737
1731
1726
1720
1714
1711
1708
1702
1699
1693
1687
1682
1673
1667
1655
1635
1596
1558
1508
1450
1403
1367
1338
1306
1253
1218
1197
1185
1177
1171
1168
1168
1165
1162
1156
1159
1185
1212
1232
1256
1276
1312
1365
1414
1467
1514
1549
1582
1623
1679
1737
1802
1855
1884
1911
1934
1960
1990
2013
2025
2034
2040
2048
2060
2069
2075
2081
2087
2093
2098
2101
2101
2093
2081
2066
2057
2048
2043
2034
2028
2019
2013
2007
2002
1996
1990
1987
1981
1975
1975
1972
1969
1966
1960
1955
1952
1946
1940
1937
1934
1934
1931
1934
1937
1940
1946
1952
1960
1966
1972
1975
1981
1990
1999
2010
2016
2019
2016
2010
2004
1999
1993
1987
1981
1975
1969
1966
1963
1963
1963
1966
1969
1972
1975
1978
1981
1984
1984
1984
1984
1981
1981
1981
1984
1984
1984
1984
1984
1984
1984
1984
1981
1981
1978
1975
1975
1975
1972
1972
1969
1966
1963
1960
1960
1957
1955
1952
1949
1946
1943
1940
1937
1934
1928
1925
1922
1919
1919
1922
1925
1928
1934
1940
1949
1957
1966
1981
1996
2004
2004
1996
1981
1966
1949
1931
1911
1890
1869
1852
1837
1822
1808
1799
1793
1796
1805
1817
1828
1843
1864
1890
1913
1928
1937
1943
1949
1955
1963
1969
1975
1978
1981
1981
1981
1981
1981
1978
1975
1972
1969
1969
1969
1966
1960
1955
1949
1940
1896
1796
1623
1382
1065
0692
0331
0161
0190
0513
1150
1919
2624
3079
3220
3105
2835
2536
2289
2125
2051
2019
2002
1990
1981
1969
1955
1943
1931
1913
1896
1875
1861
1846
1837
1831
1825
1820
1817
1814
1811
1811
1808
1805
1802
1796
1793
1790
1787
1784
1781
1778
1773
1764
1758
1749
1734
1717
1699
1682
1664
1649
1632
1611
1593
1579
1561
1535
1500
1461
1432
1411
1391
1370
1353
1335
1320
1303
1285
1268
1247
1227
1203
1185
1171
1162
1150
1141
1133
1133
1150
1180
1227
1303
1379
1453
1523
1591
1658
1723
1784
1849
1893
1919
1940
1966
1987
1993
1999
2002
2004
2010
2013
2019
2025
2028
2031
2031
2034
2037
2037
2037
2037
2034
2034
2034
2031
2031
2031
2031
2031
2031
2031
2028
2028
2025
2022
2019
2016
2016
2016
2016
2016
2016
2019
2022
2025
2031
2034
2034
2034
2031
2031
2028
2025
2025
2025
2025
2028
2028
2028
2028
2028
2028
2025
2025
2022
2019
2016
2013
2013
2010
2010
2013
2016
2016
2019
2022
2025
2028
2031
2034
2037
2043
2046
2048
2048
2051
2054
2060
2063
2066
2063
2060
2057
2051
2048
2048
2046
2046
2043
2040
2034
2034
2031
2025
2019
2013
2010
2007
2004
2004
2002
2002
1999
1999
1999
1999
1999
1996
1996
1993
1993
1996
1996
1996
1996
1993
1993
1993
1993
1993
1990
1987
1984
1981
1978
1975
1972
1966
1960
1955
1949
1940
1931
1919
1908
1896
1887
1881
1878
1875
1872
1869
1869
1869
1866
1866
1864
1855
1846
1864
1890
1908
1919
1931
1943
1955
1963
1972
1978
1981
1981
1981
1984
1984
1987
1987
1990
1990
1993
1993
1996
1993
1987
1975
1957
1934
1893
1814
1676
1458
1153
0789
0440
0243
0243
0449
0959
1640
2330
2894
3161
3179
3005
2709
2442
2245
2087
2010
1978
1960
1949
1940
1925
1911
1893
1881
1869
1866
1861
1858
1855
1855
1852
1852
1849
1843
1840
1831
1825
1822
1817
1817
1814
1811
1805
1802
1796
1787
1778
1761
1740
1720
1699
1679
1661
1640
1623
1605
1588
1567
1544
1526
1505
1485
1467
1450
1435
1423
1414
1406
1388
1359
1320
1279
1241
1191
1159
1138
1121
1106
1100
1103
1112
1127
1138
1153
1171
1191
1212
1238
1282
1350
1420
1494
1576
1655
1731
1811
1852
1866
1881
1893
1905
1916
1925
1931
1937
1943
1955
1975
1996
2010
2016
2019
2025
2028
2031
2037
2037
2040
2043
2043
2046
2046
2043
2040
2037
2034
2031
2031
2028
2022
2019
2016
2013
2010
2010
2007
2007
2004
2002
2002
1999
1996
1993
1993
1993
1999
2010
2022
2031
2040
2046
2054
2060
2069
2078
2084
2084
2087
2084
2081
2078
2075
2072
2066
2063
2057
2057
2057
2057
2060
2060
2063
2063
2066
2066
2066
2066
2066
2066
2066
2066
2069
2069
2072
2075
2075
2078
2078
2081
2081
2081
2081
2081
2078
2078
2075
2072
2072
2069
2069
2066
2066
2066
2066
2066
2066
2066
2066
2063
2063
2063
2060
2060
2060
2060
2060
2057
2057
2054
2051
2048
2046
2043
2040
2034
2028
2022
2019
2013
1996
1975
1966
1960
1955
1952
1949
1946
1943
1943
1946
1952
1966
1981
2002
2031
2040
2043
2046
2048
2048
2051
2051
2051
2051
2051
2051
2051
2051
2048
2046
2043
2037
2034
2031
2028
2022
2019
2013
2002
1960
1875
1743
1555
1309
1009
0692
0431
0334
0487
0924
1582
2310
2920
3237
3273
3135
2844
2600
2433
2292
2181
2116
2004
1908
1878
1866
1852
1846
1837
1831
1825
1814
1802
1796
1796
1799
1808
1814
1820
1828
1837
1843
1840
1831
1820
1811
1805
1799
1793
1787
1778
1770
1761
1752
1746
1737
1723
1708
1687
1667
1646
1626
1602
1579
1561
1544
1520
1491
1447
1414
1391
1367
1347
1329
1303
1268
1224
1203
1188
1177
1168
1159
1156
1153
1153
1156
1159
1168
1174
1185
1197
1218
1256
1291
1338
1403
1476
1544
1608
1670
1726
1790
1849
1887
1916
1940
1960
1981
2004
2037
2063
2069
2072
2075
2078
2081
2081
2075
2066
2060
2054
2051
2046
2037
2031
2022
2016
2010
2004
1999
1993
1990
1987
1987
1987
1987
1984
1981
1981
1978
1975
1975
1972
1969
1969
1969
1969
1969
1972
1972
1969
1969
1969
1969
1969
1969
1969
1969
1969
1969
1969
1972
1972
1975
1981
1984
1987
1990
1996
1999
2007
2034
2054
2069
2078
2087
2095
2101
2101
2093
2081
2069
2063
2054
2048
2040
2034
2028
2025
2025
2025
2028
2034
2040
2046
2054
2060
2069
2075
2084
2090
2093
2095
2098
2095
2093
2090
2084
2075
2066
2057
2046
2040
2031
2025
2016
2007
2002
1996
1990
1987
1987
1987
1987
1990
1993
1999
2004
2007
2013
2016
2025
2031
2037
2037
2025
2007
1987
1969
1952
1931
1911
1890
1872
1861
1843
1828
1822
1820
1825
1840
1855
1881
1937
1984
2016
2022
2028
2037
2040
2034
2022
2013
2010
2007
2004
2002
1999
1996
1990
1984
1978
1975
1969
1960
1952
1943
1913
1849
1723
1535
1276
0965
0639
0410
0393
0528
0977
1629
2342
2920
3149
3158
2967
2715
2495
2313
2139
2019
1966
1943
1934
1925
1919
1911
1905
1896
1890
1884
1881
1875
1866
1864
1855
1852
1852
1852
1855
1858
1861
1864
1866
1872
1872
1861
1840
1822
1808
1793
1781
1767
1755
1740
1726
1714
1699
1684
1670
1643
1611
1573
1544
1520
1502
1488
1473
1461
1453
1441
1429
1417
1406
1388
1356
1300
1259
1232
1218
1206
1200
1194
1188
1185
1183
1183
1185
1197
1209
1224
1247
1285
1315
1353
1409
1470
1538
1614
1687
1758
1828
1875
1902
1925
1952
1972
1987
1996
2004
2013
2022
2028
2034
2037
2043
2046
2048
2048
2048
2051
2051
2054
2051
2051
2048
2048
2046
2046
2046
2043
2040
2034
2028
2019
2013
2010
2004
1999
1993
1990
1987
1981
1978
1975
1975
1978
1981
1984
1990
1993
1996
2002
2004
2007
2007
2010
2010
2010
2016
2025
2031
2034
2028
2019
2013
2007
2002
1996
1990
1987
1987
1993
2004
2016
2025
2034
2040
2046
2051
2060
2063
2066
2069
2069
2069
2069
2072
2069
2069
2066
2063
2063
2060
2060
2054
2048
2046
2040
2037
2034
2031
2028
2025
2022
2022
2022
2022
2022
2022
2019
2019
2016
2016
2013
2010
2007
2007
2004
2002
2002
2002
1999
1999
1993
1990
1987
1981
1978
1975
1975
1972
1969
1969
1966
1966
1963
1963
1957
1952
1946
1940
1931
1925
1916
1908
1902
1896
1890
1881
1872
1866
1852
1840
1834
1831
1834
1843
1855
1866
1893
1931
1940
1943
1949
1952
1955
1957
1960
1960
1963
1963
1969
1969
1969
1966
1963
1963
1963
1960
1957
1955
1949
1943
1934
1925
1869
1758
1579
1323
1003
0648
0355
0226
0328
0710
1332
2048
2691
3099
3205
3058
2797
2527
2304
2134
2051
1999
1957
1913
1896
1887
1878
1872
1866
1866
1861
1858
1858
1855
1852
1852
1852
1849
1846
1840
1837
1831
1828
1822
1820
1817
1814
1811
1805
1802
1796
1790
1784
1773
1758
1743
1729
1717
1702
1690
1676
1658
1635
1608
1591
1570
1552
1532
1511
1488
1461
1429
1385
1338
1285
1235
1203
1188
1180
1171
1165
1159
1156
1153
1153
1153
1153
1159
1165
1174
1185
1200
1218
1259
1332
1397
1458
1520
1576
1626
1682
1731
1770
1817
1872
1943
1972
1981
1990
1999
2004
2007
2010
2016
2019
2022
2022
2028
2028
2028
2031
2031
2031
2031
2031
2034
2034
2037
2040
2043
2046
2046
2046
2046
2046
2046
2046
2048
2048
2048
2048
2046
2043
2040
2037
2034
2031
2025
2019
2013
2007
2002
1996
1990
1981
1975
1972
1975
1981
1990
2002
2010
2013
2016
2022
2025
2028
2031
2031
2034
2037
2037
2037
2040
2040
2043
2043
2043
2046
2046
2046
2046
2046
2048
2048
2048
2048
2048
2048
2051
2051
2051
2051
2051
2051
2048
2046
2040
2037
2031
2028
2025
2019
2016
2016
2013
2013
2010
2010
2010
2007
2004
2002
1999
1996
1993
1990
1987
1984
1984
1981
1978
1972
1969
1963
1960
1957
1952
1949
1940
1931
1922
1913
1908
1908
1908
1908
1911
1913
1919
1922
1928
1934
1940
1946
1946
1937
1922
1902
1878
1849
1825
1814
1799
1784
1775
1787
1817
1849
1887
1931
1949
1960
1972
1981
1990
1996
2002
2004
2004
2007
2004
2004
2004
2002
1996
1990
1984
1978
1969
1960
1949
1922
1896
1866
1825
1758
1632
1456
1215
0915
0595
0364
0349
0499
0998
1693
2398
2947
3187
3205
3058
2818
2580
2380
2195
2037
1943
1925
1908
1893
1881
1872
1866
1864
1861
1861
1864
1866
1866
1866
1872
1875
1878
1881
1881
1884
1884
1887
1899
1911
1902
1881
1864
1843
1825
1808
1796
1784
1775
1764
1752
1740
1729
1714
1696
1667
1638
1605
1585
1570
1555
1544
1529
1517
1508
1497
1479
1447
1411
1376
1341
1300
1276
1259
1244
1232
1224
1215
1209
1203
1191
1180
1168
1168
1185
1212
1256
1320
1388
1450
1511
1570
1629
1693
1752
1793
1831
1866
1899
1946
1969
1984
1996
2004
2013
2019
2025
2031
2037
2040
2043
2046
2048
2054
2057
2060
2063
2069
2072
2072
2075
2075
2075
2075
2072
2069
2066
2063
2060
2057
2054
2051
2048
2046
2043
2037
2031
2025
2016
2010
2004
2002
2002
2002
2002
2002
2002
2002
1999
1990
1987
1999
2019
2028
2037
2043
2051
2057
2063
2069
2072
2075
2072
2072
2069
2063
2057
2054
2048
2043
2040
2037
2031
2028
2022
2019
2016
2013
2010
2007
2004
2007
2010
2019
2028
2034
2043
2048
2057
2069
2078
2078
2072
2057
2043
2031
2025
2022
2016
2010
2004
1999
1996
1993
1990
1987
1984
1981
1981
1981
1984
1984
1987
1987
1987
1987
1987
1987
1984
1981
1975
1972
1969
1966
1963
1960
1957
1952
1946
1940
1934
1919
1905
1890
1875
1869
1866
1861
1858
1855
1849
1843
1840
1837
1849
1869
1893
1911
1931
1949
1963
1972
1981
1987
1993
1996
1999
2002
2004
2007
2010
2010
2010
2007
2004
1999
1990
1978
1963
1934
1878
1790
1661
1482
1238
0930
0598
0366
0349
0499
0977
1652
2354
2909
3161
3182
3047
2779
2518
2330
2181
2057
1972
1928
1913
1902
1893
1881
1875
1872
1866
1866
1864
1858
1855
1852
1852
1852
1849
1849
1846
1846
1846
1843
1840
1834
1828
1822
1814
1805
1796
1784
1773
1761
1749
1734
1717
1699
1684
1673
1664
1658
1649
1640
1632
1623
1608
1588
1567
1538
1500
1461
1426
1379
1326
1291
1265
1244
1229
1215
1203
1194
1185
1177
1168
1162
1156
1159
1165
1180
1197
1221
1253
1312
1359
1403
1447
1488
1541
1599
1649
1702
1755
1814
1866
1905
1952
1984
2007
2022
2034
2037
2040
2040
2043
2043
2043
2046
2046
2048
2051
2051
2051
2051
2048
2046
2046
2043
2040
2037
2037
2037
2037
2040
2040
2037
2037
2034
2031
2031
2025
2019
2013
2010
2007
2007
2007
2004
2004
2002
1999
1999
1996
1993
1987
1984
1978
1978
1981
1984
1987
1990
1996
2004
2013
2019
2025
2028
2031
2031
2031
2031
2034
2034
2037
2037
2040
2043
2046
2048
2051
2051
2051
2051
2051
2051
2048
2048
2048
2048
2048
2048
2048
2046
2048
2048
2046
2046
2046
2043
2043
2043
2043
2046
2046
2046
2046
2046
2046
2043
2043
2037
2031
2025
2019
2016
2013
2013
2013
2010
2007
2004
2004
1999
1993
1984
1972
1963
1955
1949
1943
1940
1937
1940
1943
1946
1952
1957
1960
1963
1963
1966
1966
1969
1972
1975
1978
1969
1955
1937
1911
1875
1846
1825
1808
1793
1793
1811
1840
1866
1905
1931
1952
1960
1966
1975
1981
1987
1990
1990
1993
1999
2002
2002
2002
1999
1996
1993
1990
1984
1975
1963
1955
1940
1925
1855
1711
1502
1212
0848
0469
0226
0214
0405
0959
1702
2474
3096
3334
3328
3052
2700
2415
2204
2040
1978
1960
1955
1949
1946
1940
1934
1931
1922
1916
1908
1902
1896
1890
1884
1878
1875
1866
1864
1852
1843
1834
1825
1820
1817
1814
1811
1808
1805
1802
1799
1793
1790
1784
1778
1770
1764
1755
1746
1737
1726
1711
1687
1643
1599
1558
1526
1497
1467
1438
1414
1388
1362
1335
1306
1271
1235
1197
1174
1159
1144
1133
1124
1118
1118
1121
1127
1136
1147
1165
1194
1268
1332
1379
1426
1488
1558
1614
1658
1696
1746
1805
1849
1881
1919
1940
1955
1966
1978
1987
1993
2002
2007
2013
2019
2025
2028
2031
2034
2037
2037
2043
2046
2048
2051
2054
2054
2057
2057
2054
2051
2046
2040
2034
2031
2028
2022
2019
2013
2010
2004
2002
1999
1996
1990
1984
1981
1978
1978
1978
1975
1975
1975
1972
1975
1975
1978
1978
1978
1981
1981
1987
1990
1993
1999
1999
2002
2004
2007
2007
2007
2004
2004
2004
2004
2007
2013
2016
2019
2022
2025
2028
2031
2031
2028
2025
2019
2016
2016
2016
2016
2016
2016
2016
2016
2016
2016
2013
2007
2002
1996
1993
1993
1993
1996
1999
2002
2004
2007
2010
2013
2016
2013
2013
2010
2007
2004
1999
1993
1987
1984
1981
1978
1975
1972
1969
1966
1963
1960
1957
1957
1955
1955
1957
1960
1963
1966
1969
1975
1978
1984
1990
1996
1993
1975
1949
1913
1869
1837
1817
1799
1784
1775
1775
1784
1796
1814
1831
1858
1881
1913
1937
1957
1975
1990
1996
1999
2002
2004
2004
2007
2010
2013
2016
2016
2016
2016
2016
2016
2013
2007
2002
1993
1984
1972
1960
1893
1793
1623
1379
1071
0728
0425
0311
0343
0619
1168
1852
2521
3008
3149
3138
2950
2721
2536
2383
2257
2151
2031
1925
1887
1884
1899
1911
1919
1928
1931
1931
1925
1913
1896
1884
1878
1875
1869
1866
1861
1855
1852
1849
1846
1840
1834
1831
1825
1822
1817
1811
1805
1799
1793
1787
1775
1758
1734
1714
1696
1679
1661
1640
1623
1602
1585
1567
1541
1502
1464
1426
1388
1347
1318
1294
1274
1247
1227
1212
1197
1185
1174
1168
1165
1168
1174
1185
1200
1218
1241
1285
1318
1359
1414
1476
1535
1576
1611
1640
1682
1740
1811
1878
1922
1949
1972
1990
2007
2022
2034
2046
2054
2063
2069
2078
2084
2090
2095
2098
2104
2107
2107
2107
2107
2107
2101
2098
2093
2084
2078
2072
2066
2060
2057
2054
2051
2048
2046
2043
2040
2037
2034
2034
2031
2031
2034
2034
2034
2034
2037
2037
2040
2040
2043
2046
2046
2048
2048
2051
2054
2057
2060
2060
2063
2063
2063
2063
2063
2063
2060
2060
2060
2060
2060
2060
2057
2057
2060
2060
2063
2063
2066
2066
2066
2069
2069
2072
2072
2072
2069
2069
2072
2072
2075
2075
2075
2078
2081
2081
2084
2081
2078
2075
2069
2063
2054
2046
2037
2028
2022
2016
2013
2013
2010
2007
2007
2007
2007
2004
2004
2002
1996
1993
1990
1990
1987
1984
1981
1978
1975
1972
1969
1966
1966
1963
1960
1955
1952
1943
1934
1925
1919
1911
1908
1905
1908
1913
1925
1937
1946
1957
1963
1969
1975
1981
1987
1990
1996
2002
2007
2013
2016
2019
2019
2022
2022
2025
2025
2028
2028
2028
2037
2051
2019
1916
1755
1532
1253
0936
0628
0437
0437
0637
1153
1822
2501
3017
3208
3211
3035
2771
2524
2319
2175
2090
2037
2004
1984
1966
1949
1937
1928
1922
1916
1913
1908
1905
1899
1893
1890
1884
1881
1875
1869
1866
1861
1855
1849
1846
1840
1834
1828
1822
1817
1811
1805
1796
1787
1775
1764
1755
1743
1734
1720
1696
1655
1620
1588
1561
1538
1517
1497
1473
1447
1417
1391
1365
1341
1318
1297
1279
1262
1247
1229
1218
1203
1177
1147
1133
1121
1106
1112
1150
1191
1235
1279
1335
1411
1476
1523
1555
1593
1643
1690
1723
1767
1802
1834
1864
1881
1902
1922
1940
1957
1975
1993
2013
2025
2031
2034
2037
2037
2040
2043
2046
2048
2051
2051
2051
2051
2051
2048
2046
2037
2031
2022
2016
2010
2004
1996
1981
1966
1960
1957
1955
1955
1949
1946
1943
1943
1940
1940
1937
1937
1937
1937
1940
1943
1943
1943
1946
1946
1949
1952
1952
1955
1955
1957
1960
1966
1969
1969
1972
1972
1972
1972
1972
1972
1972
1972
1975
1975
1978
1978
1978
1978
1975
1975
1969
1966
1963
1960
1955
1952
1952
1952
1952
1955
1957
1960
1963
1966
1966
1969
1972
1975
1978
1981
1981
1984
1984
1990
1990
1993
1993
1990
1984
1972
1963
1955
1949
1943
1937
1931
1928
1925
1922
1919
1916
1913
1913
1913
1913
1916
1922
1925
1931
1937
1943
1952
1957
1963
1966
1972
1981
1993
1999
2002
1996
1981
1963
1946
1931
1913
1893
1881
1875
1872
1869
1866
1866
1861
1864
1893
1919
1943
1960
1972
1984
1993
1999
2004
2010
2013
2019
2025
2031
2037
2043
2046
2051
2057
2060
2063
2066
2066
2066
2060
2051
2040
2022
1955
1849
1684
1456
1159
0819
0510
0358
0378
0628
1159
1828
2468
2938
3088
3082
2903
2671
2465
2295
2189
2131
2072
2013
1984
1972
1960
1952
1949
1943
1940
1934
1931
1925
1919
1913
1908
1902
1893
1887
1881
1875
1869
1866
1866
1864
1861
1861
1858
1855
1849
1843
1837
1831
1825
1820
1814
1805
1790
1755
1729
1702
1684
1661
1635
1617
1602
1588
1573
1558
1549
1532
1500
1447
1394
1335
1291
1268
1250
1238
1227
1218
1212
1203
1194
1188
1183
1180
1180
1188
1203
1221
1253
1320
1379
1423
1464
1517
1582
1643
1708
1758
1799
1855
1902
1946
1969
1981
1987
1990
1993
1993
1993
1993
1993
1996
1999
2004
2010
2013
2016
2019
2022
2028
2031
2034
2037
2043
2051
2063
2072
2078
2075
2063
2048
2034
2025
2013
2002
1990
1978
1966
1960
1957
1955
1952
1952
1952
1949
1952
1949
1949
1943
1937
1934
1934
1940
1952
1960
1972
1990
2004
2007
1996
1984
1981
1978
1972
1969
1966
1963
1957
1955
1955
1952
1952
1952
1955
1960
1966
1972
1981
1987
1993
1999
2004
2007
2007
2007
2004
2004
2004
2007
2010
2013
2016
2019
2019
2022
2022
2022
2022
2019
2019
2016
2016
2016
2016
2019
2022
2022
2022
2022
2022
2022
2019
2016
2013
2010
2007
2004
2004
2004
2004
2002
2002
1999
1996
1990
1984
1978
1972
1969
1963
1963
1963
1963
1963
1963
1963
1963
1960
1957
1955
1946
1940
1931
1925
1919
1913
1911
1905
1899
1893
1890
1884
1875
1866
1849
1834
1825
1825
1831
1846
1861
1875
1890
1908
1925
1943
1957
1966
1978
1984
1993
2002
2007
2013
2022
2028
2034
2037
2037
2034
2025
2013
2002
1987
1963
1919
1881
1790
1664
1479
1221
0898
0543
0255
0143
0296
0742
1414
2148
2788
3155
3208
3114
2832
2533
2283
2081
1963
1928
1911
1899
1887
1878
1869
1866
1864
1861
1858
1858
1855
1852
1849
1846
1843
1837
1831
1822
1817
1811
1802
1796
1787
1778
1773
1761
1749
1737
1726
1714
1705
1696
1687
1682
1676
1670
1664
1658
1649
1640
1626
1611
1593
1576
1555
1526
1491
1456
1423
1385
1344
1297
1265
1241
1224
1209
1197
1188
1183
1177
1168
1162
1156
1150
1150
1153
1159
1168
1183
1200
1238
1312
1385
1456
1517
1582
1643
1714
1773
1808
1843
1875
1908
1943
1975
2007
2019
2028
2034
2040
2046
2048
2051
2057
2060
2066
2072
2075
2078
2081
2084
2087
2087
2084
2081
2081
2081
2081
2081
2078
2075
2069
2066
2063
2060
2057
2051
2043
2040
2034
2031
2025
2022
2016
2013
2007
1996
1987
1978
1978
1981
1990
2002
2013
2019
2025
2031
2037
2043
2048
2054
2057
2057
2057
2054
2054
2051
2048
2048
2048
2048
2048
2048
2046
2048
2048
2048
2048
2048
2048
2048
2048
2051
2051
2051
2051
2051
2048
2048
2048
2046
2046
2043
2043
2043
2043
2043
2043
2043
2040
2037
2037
2034
2034
2034
2031
2031
2028
2028
2028
2028
2028
2028
2031
2028
2028
2028
2028
2028
2025
2025
2022
2019
2013
2007
2002
1999
1993
1990
1984
1978
1972
1969
1963
1955
1946
1937
1925
1916
1911
1905
1902
1899
1902
1905
1911
1919
1928
1937
1943
1949
1952
1960
1966
1978
1987
1999
2007
2019
2031
2040
2046
2048
2048
2046
2043
2043
2037
2034
2028
2019
2013
2002
1993
1922
1802
1626
1388
1092
0754
0457
0352
0393
0707
1291
2007
2674
3120
3243
3111
2867
2621
2436
2304
2228
2154
2060
1993
1957
1934
1916
1896
1881
1869
1864
1858
1852
1843
1837
1834
1834
1834
1831
1828
1825
1820
1814
1811
1805
1802
1799
1793
1787
1781
1775
1770
1764
1755
1746
1737
1726
1717
1708
1699
1690
1679
1664
1646
1620
1591
1558
1532
1508
1482
1453
1423
1385
1335
1294
1271
1250
1235
1221
1212
1203
1197
1191
1185
1177
1171
1168
1171
1177
1188
1206
1224
1250
1288
1323
1356
1411
1473
1567
1664
1726
1778
1820
1855
1896
1952
1987
2004
2016
2022
2031
2037
2043
2046
2051
2057
2063
2066
2069
2069
2066
2063
2063
2060
2057
2051
2046
2043
2037
2034
2028
2022
2016
2007
1999
1993
1987
1984
1981
1978
1978
1978
1975
1975
1966
1963
1972
1990
1999
2004
2010
2016
2019
2022
2025
2025
2025
2022
2016
2013
2007
2002
1996
1990
1984
1981
1975
1972
1969
1969
1969
1972
1978
1984
1993
2002
2013
2025
2034
2046
2054
2063
2072
2075
2078
2081
2078
2075
2069
2060
2054
2046
2037
2028
2022
2010
1999
1990
1981
1981
1984
1990
1999
2007
2013
2019
2025
2031
2040
2046
2051
2054
2057
2057
2054
2051
2046
2040
2034
2025
2016
2004
1990
1957
1943
1934
1922
1916
1931
1955
1972
1990
2004
2013
2019
2022
2025
2028
2034
2037
2037
2034
2025
2013
1999
1984
1966
1949
1928
1916
1905
1899
1893
1890
1884
1878
1872
1869
1866
1866
1866
1872
1878
1887
1896
1908
1916
1928
1946
1960
1978
1993
1999
2004
2010
2016
2022
2025
2028
2031
2031
2031
2031
2028
2022
2013
2002
1990
1975
1916
1822
1676
1467
1185
0845
0510
0331
0349
0607
1183
1896
2580
3064
3196
3179
2947
2659
2412
2216
2072
1999
1984
1972
1966
1957
1952
1946
1937
1931
1925
1919
1913
1911
1908
1908
1905
1905
1905
1902
1896
1893
1890
1887
1881
1875
1869
1866
1864
1861
1858
1849
1843
1834
1825
1811
1775
1749
1729
1702
1673
1643
1626
1611
1599
1588
1576
1564
1552
1541
1523
1505
1488
1467
1429
1373
1341
1320
1303
1282
1262
1224
1162
1112
1083
1065
1059
1056
1047
1039
1074
1130
1200
1279
1347
1403
1467
1544
1617
1687
1752
1796
1834
1887
1913
1925
1934
1940
1946
1952
1955
1957
1963
1966
1972
1978
1984
1987
1990
1990
1996
2002
2007
2013
2019
2034
2048
2057
2063
2066
2066
2066
2069
2069
2072
2072
2066
2054
2043
2031
2025
2019
2016
2010
2007
2004
2002
2002
1999
1996
1993
1990
1987
1987
1987
1987
1987
1987
1990
1996
1999
2002
2004
2007
2007
2007
2007
2010
2010
2010
2010
2010
2016
2019
2022
2025
2028
2028
2028
2025
2022
2019
2013
2004
1999
1996
1993
1987
1984
1978
1978
1981
1984
1990
1996
1999
2002
2004
2010
2013
2013
2016
2016
2016
2016
2016
2013
2013
2010
2007
2007
2007
2004
2002
2002
1999
1999
1999
1999
1999
1996
1996
1996
1993
1993
1987
1984
1981
1978
1978
1975
1975
1972
1972
1969
1969
1966
1960
1955
1946
1937
1925
1916
1908
1899
1890
1884
1875
1866
1861
1849
1834
1822
1817
1820
1828
1840
1858
1878
1916
1940
1949
1955
1960
1969
1975
1978
1984
1990
1993
1996
1999
2002
2002
1999
1996
1993
1993
1990
1984
1978
1972
1963
1955
1946
1916
1849
1729
1570
1338
1021
0637
0287
0167
0217
0601
1282
2060
2747
3173
3273
3108
2806
2489
2257
2087
2004
1984
1972
1960
1952
1943
1931
1922
1913
1902
1887
1858
1814
1811
1811
1808
1808
1805
1805
1808
1814
1814
1817
1822
1825
1828
1831
1834
1837
1837
1834
1828
1822
1814
1802
1790
1778
1764
1743
1720
1699
1679
1658
1640
1623
1605
1591
1576
1552
1520
1479
1438
1397
1350
1309
1276
1253
1235
1227
1221
1215
1209
1203
1200
1200
1200
1203
1209
1218
1229
1241
1262
1297
1341
1382
1426
1470
1526
1593
1661
1726
1778
1820
1866
1896
1922
1949
1981
2013
2025
2031
2040
2046
2051
2057
2063
2066
2069
2069
2072
2075
2075
2075
2072
2072
2069
2066
2066
2066
2063
2060
2060
2060
2060
2060
2060
2060
2060
2060
2063
2063
2066
2066
2063
2063
2063
2060
2057
2057
2054
2051
2048
2048
2046
2046
2040
2034
2022
2016
2013
2016
2028
2040
2054
2063
2072
2084
2095
2101
2107
2107
2107
2107
2107
2104
2101
2095
2090
2081
2072
2069
2069
2072
2072
2078
2081
2087
2090
2093
2087
2069
2051
2037
2022
2007
1996
1987
1981
1978
1975
1978
1978
1978
1975
1975
1975
1972
1972
1969
1969
1966
1966
1966
1966
1969
1969
1969
1972
1972
1972
1972
1972
1969
1963
1960
1960
1957
1957
1955
1952
1946
1943
1943
1940
1940
1940
1937
1931
1925
1922
1916
1913
1908
1902
1896
1890
1890
1887
1890
1890
1893
1899
1908
1916
1928
1940
1949
1957
1966
1978
1993
2007
2019
2031
2037
2040
2043
2046
2046
2043
2040
2031
2022
2013
2004
1960
1843
1661
1403
1086
0739
0440
0355
0408
0772
1388
2093
2718
3108
3214
3088
2862
2647
2471
2301
2175
2098
2025
1960
1931
1916
1905
1899
1890
1884
1878
1875
1869
1866
1864
1861
1855
1852
1849
1846
1840
1834
1828
1822
1820
1817
1814
1808
1802
1799
1793
1787
1781
1773
1761
1749
1740
1731
1720
1705
1690
1673
1655
1640
1623
1602
1579
1552
1526
1500
1467
1429
1400
1373
1353
1332
1309
1282
1256
1238
1224
1209
1197
1188
1185
1185
1188
1194
1203
1215
1232
1265
1335
1397
1444
1491
1552
1626
1696
1775
1837
1875
1905
1931
1955
1975
1996
2013
2031
2054
2078
2095
2104
2113
2122
2128
2131
2128
2113
2093
2072
2051
2025
2002
