0374
0278
0167
0107
0082
0060
0042
0028
0021
0014
0007
0003
0000
0000
0000
0007
0014
0021
0032
0039
0046
0057
0064
0071
0078
0085
0089
0096
0103
0107
0114
0117
0124
0128
0128
0131
0135
0135
0135
0139
0142
0149
0156
0164
0171
0178
0189
0196
0203
0210
0214
0217
0221
0221
0228
0238
0249
0260
0271
0285
0299
0313
0328
0338
0353
0363
0374
0381
0392
0403
0413
0428
0442
0456
0470
0481
0488
0495
0506
0517
0531
0545
0563
0585
0606
0631
0656
0677
0695
0709
0724
0738
0749
0756
0763
0766
0766
0763
0756
0741
0727
0706
0681
0659
0627
0570
0520
0477
0460
0449
0438
0431
0424
0420
0420
0417
0413
0410
0403
0392
0385
0381
0374
0370
0363
0356
0346
0338
0324
0303
0253
0228
0253
0321
0513
0841
1291
1776
2211
2536
2714
2775
2739
2628
2386
2040
1630
1234
0927
0738
0674
0624
0585
0535
0477
0420
0378
0346
0317
0292
0271
0260
0249
0238
0235
0231
0235
0249
0274
0299
0324
0342
0360
0374
0392
0406
0424
0438
0453
0463
0474
0485
0492
0502
0513
0535
0574
0624
0677
0713
0741
0763
0784
0799
0813
0823
0831
0838
0848
0863
0888
0923
0973
1027
1073
1116
1155
1198
1237
1277
1316
1351
1384
1416
1458
1501
1530
1555
1573
1590
1605
1612
1615
1612
1608
1601
1590
1573
1551
1508
1416
1326
1234
1159
1098
1020
0948
0888
0845
0813
0781
0734
0659
0592
0531
0502
0485
0477
0474
0470
0467
0463
0460
0460
0460
0463
0463
0467
0470
0470
0470
0470
0474
0474
0474
0477
0481
0488
0499
0506
0513
0520
0527
0535
0538
0538
0538
0542
0542
0542
0545
0549
0552
0560
0563
0567
0570
0574
0577
0581
0585
0585
0588
0588
0588
0588
0588
0588
0592
0592
0592
0595
0599
0602
0606
0606
0606
0606
0606
0602
0602
0602
0602
0606
0609
0613
0617
0620
0624
0624
0627
0627
0627
0627
0631
0634
0638
0642
0645
0649
0652
0656
0656
0659
0659
0659
0663
0667
0670
0674
0677
0684
0688
0695
0699
0706
0709
0713
0716
0720
0727
0731
0734
0741
0745
0749
0752
0756
0759
0763
0766
0774
0781
0788
0791
0802
0809
0816
0823
0827
0831
0834
0838
0838
0841
0841
0845
0848
0856
0863
0870
0877
0884
0891
0898
0902
0909
0913
0920
0923
0927
0934
0941
0952
0966
0977
0991
0998
1005
1009
1009
1005
0995
0980
0966
0945
0927
0909
0891
0873
0852
0831
0806
0788
0770
0752
0741
0731
0720
0713
0706
0699
0688
0677
0663
0652
0642
0638
0638
0638
0638
0642
0645
0652
0663
0677
0688
0734
0980
1323
1715
2111
2454
2682
2764
2768
2700
2504
2183
1812
1419
1048
0756
0595
0552
0524
0499
0488
0485
0492
0502
0517
0535
0549
0563
0574
0585
0595
0606
0617
0627
0642
0652
0667
0677
0684
0692
0702
0709
0716
0727
0734
0745
0759
0774
0791
0806
0820
0834
0848
0859
0866
0877
0888
0902
0916
0934
0948
0966
0984
0998
1009
1020
1030
1045
1059
1091
1155
1205
1248
1287
1330
1380
1423
1458
1494
1526
1562
1608
1665
1715
1747
1772
1790
1801
1808
1797
1779
1751
1712
1662
1576
1512
1448
1384
1326
1252
1155
1066
0998
0941
0866
0774
0688
0627
0545
0499
0470
0445
0424
0406
0395
0381
0370
0360
0356
0349
0342
0335
0331
0328
0324
0321
0317
0313
0313
0317
0328
0346
0363
0381
0399
0417
0435
0445
0456
0467
0474
0481
0492
0495
0502
0510
0517
0520
0524
0527
0531
0531
0531
0531
0531
0527
0527
0524
0524
0524
0524
0524
0527
0527
0531
0535
0538
0545
0549
0556
0560
0563
0567
0570
0574
0577
0577
0581
0581
0585
0588
0592
0595
0599
0602
0602
0606
0606
0606
0602
0599
0595
0595
0595
0595
0599
0599
0602
0606
0609
0613
0613
0613
0613
0613
0613
0613
0609
0609
0613
0613
0617
0620
0624
0627
0627
0631
0634
0634
0638
0638
0638
0638
0642
0638
0638
0642
0642
0645
0652
0656
0663
0670
0674
0677
0681
0684
0684
0688
0688
0692
0695
0702
0713
0724
0734
0745
0756
0770
0784
0795
0809
0823
0838
0856
0873
0891
0909
0927
0941
0952
0963
0970
0977
0984
0991
0995
1002
1009
1016
1020
1023
1023
1023
1023
1023
1020
1020
1016
1016
1013
1013
1013
1016
1013
1013
1009
1005
1002
0998
0995
0991
0988
0980
0973
0966
0959
0952
0945
0938
0927
0913
0870
0831
0827
0841
0866
0941
1145
1469
1926
2486
3085
3627
3934
3948
3706
3103
2343
1633
1130
0938
0873
0920
0970
1009
1023
1002
0955
0870
0806
0788
0774
0770
0802
0859
0888
0902
0916
0931
0941
0952
0963
0973
0980
0988
0995
1002
1009
1016
1023
1030
1041
1048
1055
1059
1062
1070
1077
1084
1091
1098
1109
1120
1130
1141
1152
1162
1170
1180
1191
1209
1234
1280
1319
1359
1394
1423
1455
1491
1537
1580
1623
1665
1705
1737
1769
1801
1829
1854
1876
1894
1911
1936
1958
1965
1954
1929
1894
1847
1779
1730
1665
1573
1491
1426
1359
1291
1219
1159
1073
0966
0891
0845
0791
0741
0695
0649
0609
0581
0556
0545
0538
0527
0520
0513
0506
0499
0495
0492
0488
0481
0481
0477
0477
0477
0477
0481
0481
0481
0485
0485
0492
0495
0499
0502
0510
0517
0524
0527
0531
0538
0545
0549
0556
0560
0563
0563
0563
0567
0567
0567
0567
0567
0563
0563
0560
0556
0552
0549
0545
0542
0535
0531
0527
0524
0520
0517
0513
0513
0513
0510
0506
0506
0502
0502
0502
0502
0499
0499
0499
0499
0495
0495
0495
0492
0488
0485
0481
0481
0477
0474
0470
0467
0463
0463
0460
0456
0453
0449
0445
0438
0435
0431
0431
0428
0424
0424
0424
0424
0428
0431
0431
0435
0435
0438
0438
0438
0442
0442
0442
0442
0445
0449
0453
0460
0463
0467
0470
0474
0477
0477
0481
0485
0485
0485
0488
0492
0495
0499
0506
0513
0520
0531
0542
0552
0560
0570
0581
0588
0599
0606
0617
0627
0642
0656
0670
0684
0695
0702
0709
0716
0724
0727
0734
0738
0741
0745
0752
0759
0763
0770
0770
0770
0766
0763
0752
0738
0724
0702
0677
0649
0592
0563
0552
0545
0538
0527
0524
0524
0535
0549
0563
0577
0588
0606
0617
0624
0620
0606
0581
0552
0517
0460
0453
0485
0581
0831
1241
1819
2521
3242
3816
3987
3930
3460
2710
1944
1355
1048
0934
0884
0841
0795
0738
0688
0656
0627
0599
0574
0549
0524
0502
0492
0495
0513
0531
0542
0549
0552
0560
0567
0574
0585
0595
0602
0613
0624
0634
0645
0659
0670
0681
0695
0713
0734
0756
0774
0791
0806
0816
0827
0841
0852
0866
0881
0898
0916
0941
0970
0998
1034
1073
1109
1141
1173
1202
1234
1269
1301
1337
1376
1423
1469
1519
1562
1601
1633
1651
1665
1676
1690
1701
1708
1708
1694
1672
1644
1605
1544
1494
1448
1398
1344
1291
1237
1177
1095
0995
0913
0848
0788
0738
0702
0677
0652
0631
0609
0588
0560
0542
0531
0527
0524
0520
0517
0517
0517
0517
0520
0520
0524
0531
0538
0549
0560
0570
0581
0588
0592
0599
0602
0606
0606
0609
0613
0617
0620
0624
0627
0627
0631
0631
0631
0631
0631
0627
0627
0624
0620
0617
0617
0613
0609
0606
0609
0609
0609
0609
0606
0602
0602
0599
0595
0592
0588
0581
0577
0577
0577
0577
0577
0577
0577
0577
0577
0574
0570
0567
0563
0556
0552
0549
0545
0542
0538
0535
0531
0527
0524
0517
0513
0506
0502
0499
0495
0495
0495
0499
0502
0506
0510
0517
0524
0527
0535
0538
0545
0549
0552
0556
0556
0560
0563
0567
0567
0570
0577
0581
0585
0588
0595
0599
0606
0609
0613
0617
0624
0627
0627
0631
0634
0638
0642
0649
0652
0656
0659
0667
0670
0674
0681
0684
0692
0699
0706
0716
0727
0738
0745
0756
0766
0777
0791
0799
0813
0823
0831
0841
0852
0866
0877
0888
0895
0906
0913
0927
0945
0966
0980
0977
0955
0923
0891
0863
0834
0806
0788
0784
0781
0781
0781
0781
0777
0774
0770
0770
0774
0774
0781
0784
0791
0802
0813
0834
0848
0827
0784
0731
0667
0634
0599
0567
0606
0716
0945
1326
1854
2493
3146
3681
3863
3816
3399
2682
1911
1291
0916
0816
0791
0774
0759
0741
0720
0699
0684
0674
0663
0652
0642
0634
0627
0620
0613
0613
0613
0617
0624
0631
0642
0656
0667
0681
0692
0699
0709
0720
0727
0738
0749
0759
0766
0777
0784
0791
0799
0809
0820
0831
0845
0863
0884
0909
0931
0955
0980
1009
1034
1059
1084
1105
1123
1145
1177
1216
1255
1294
1334
1373
1416
1466
1526
1590
1640
1672
1697
1715
1730
1737
1744
1751
1758
1765
1772
1779
1776
1762
1737
1705
1665
1598
1533
1444
1344
1255
1162
1062
0977
0902
0820
0738
0642
0574
0542
0513
0488
0467
0449
0438
0424
0413
0403
0395
0392
0399
0417
0442
0463
0477
0488
0499
0510
0520
0531
0538
0545
0552
0560
0567
0574
0577
0581
0581
0581
0581
0585
0588
0588
0588
0592
0592
0595
0595
0595
0595
0595
0592
0592
0588
0585
0581
0577
0577
0577
0577
0577
0577
0577
0577
0577
0577
0574
0570
0570
0567
0563
0563
0560
0556
0556
0556
0552
0556
0552
0552
0549
0549
0549
0549
0552
0552
0552
0552
0556
0560
0563
0563
0563
0563
0563
0563
0563
0567
0563
0563
0560
0556
0552
0549
0549
0545
0542
0542
0542
0542
0545
0556
0570
0588
0606
0620
0634
0645
0656
0667
0674
0677
0681
0688
0692
0699
0702
0706
0709
0709
0709
0713
0713
0716
0716
0716
0713
0713
0716
0724
0727
0731
0734
0741
0749
0756
0766
0777
0784
0791
0813
0838
0863
0884
0895
0906
0916
0927
0938
0948
0955
0966
0970
0977
0980
0980
0977
0973
0966
0955
0945
0931
0920
0906
0895
0884
0873
0866
0856
0848
0838
0831
0820
0816
0809
0806
0802
0799
0795
0791
0788
0784
0777
0774
0770
0763
0759
0752
0741
0731
0713
0674
0649
0670
0727
0891
1191
1608
2125
2700
3238
3588
3624
3467
2932
2211
1494
0948
0724
0670
0627
0599
0577
0567
0560
0560
0563
0570
0585
0599
0617
0638
0656
0667
0677
0688
0695
0699
0702
0706
0709
0716
0720
0727
0734
0738
0741
0745
0752
0756
0759
0763
0766
0774
0777
0784
0791
0799
0806
0816
0834
0856
0877
0898
0916
0934
0952
0966
0988
1013
1041
1066
1087
1112
1148
1202
1266
1326
1373
1423
1476
1516
1551
1583
1619
1651
1683
1705
1730
1751
1769
1783
1787
1783
1769
1751
1730
1705
1672
1623
1573
1526
1448
1351
1259
1177
1105
1023
0934
0841
0766
0709
0659
0613
0567
0517
0495
0485
0474
0463
0456
0449
0445
0445
0445
0449
0453
0460
0467
0474
0485
0495
0502
0506
0510
0513
0517
0520
0527
0531
0535
0535
0538
0542
0545
0549
0552
0552
0549
0552
0556
0560
0563
0570
0574
0577
0581
0588
0595
0599
0602
0602
0606
0609
0617
0620
0624
0624
0620
0613
0606
0599
0592
0581
0574
0567
0560
0556
0549
0538
0531
0524
0520
0520
0524
0535
0545
0560
0577
0592
0609
0624
0638
0649
0656
0663
0670
0677
0688
0695
0706
0720
0727
0734
0741
0745
0745
0745
0741
0734
0731
0724
0720
0716
0713
0709
0706
0702
0699
0692
0688
0684
0681
0677
0674
0674
0670
0670
0670
0670
0670
0670
0667
0667
0670
0674
0674
0677
0681
0681
0681
0681
0684
0684
0684
0684
0684
0688
0692
0695
0702
0713
0720
0731
0738
0749
0756
0763
0766
0770
0777
0784
0791
0806
0820
0838
0852
0866
0873
0884
0891
0895
0895
0898
0898
0898
0898
0902
0909
0913
0909
0888
0859
0834
0816
0806
0795
0788
0774
0763
0752
0741
0734
0727
0727
0724
0720
0720
0716
0713
0713
0709
0706
0699
0692
0681
0670
0656
0638
0620
0595
0552
0549
0602
0741
1059
1551
2193
2921
3592
3984
4012
3752
3064
2215
1437
0909
0774
0727
0752
0788
0809
0756
0681
0624
0592
0581
0574
0570
0567
0563
0560
0552
0545
0542
0542
0542
0542
0549
0552
0560
0570
0577
0588
0599
0606
0617
0624
0631
0642
0652
0667
0677
0692
0706
0720
0738
0752
0770
0784
0795
0816
0834
0852
0870
0884
0895
0906
0920
0938
0966
1002
1048
1095
1137
1184
1223
1266
1309
1348
1391
1441
1498
1569
1605
1630
1647
1662
1672
1683
1687
1687
1683
1680
1669
1658
1644
1623
1576
1498
1426
1351
1273
1194
1112
1023
0959
0916
0881
0845
0806
0759
0702
0656
0624
0595
0567
0545
0531
0517
0506
0499
0488
0485
0481
0481
0488
0499
0513
0524
0538
0545
0556
0563
0574
0581
0585
0592
0595
0599
0602
0606
0606
0609
0613
0613
0617
0620
0624
0627
0631
0631
0634
0638
0642
0642
0642
0638
0638
0638
0638
0638
0638
0642
0642
0645
0645
0649
0652
0652
0652
0649
0649
0645
0642
0638
0634
0627
0627
0627
0627
0631
0634
0638
0638
0642
0642
0642
0642
0642
0638
0638
0638
0638
0638
0638
0638
0638
0638
0638
0634
0634
0631
0624
0620
0617
0609
0606
0599
0595
0592
0592
0588
0588
0588
0588
0592
0592
0592
0592
0588
0588
0588
0588
0592
0592
0592
0592
0595
0599
0602
0602
0606
0606
0606
0606
0609
0609
0609
0609
0609
0609
0613
0617
0620
0624
0624
0627
0631
0638
0642
0649
0652
0663
0674
0699
0731
0756
0784
0809
0834
0859
0881
0898
0913
0923
0934
0941
0948
0959
0970
0980
0991
1002
1013
1027
1041
1062
1084
1098
1095
1080
1055
1030
0998
0959
0916
0870
0841
0823
0809
0799
0791
0784
0777
0770
0763
0756
0752
0745
0738
0731
0727
0720
0713
0702
0692
0677
0663
0652
0634
0617
0581
0581
0634
0788
1077
1519
2104
2785
3435
3863
3913
3738
3142
2404
1747
1298
1095
1027
0980
0945
0884
0802
0745
0713
0674
0627
0606
0595
0585
0574
0560
0552
0542
0538
0535
0531
0527
0527
0527
0531
0538
0545
0556
0563
0574
0585
0595
0606
0627
0677
0731
0759
0777
0791
0802
0813
0823
0838
0848
0859
0870
0881
0895
0909
0927
0945
0963
0977
0988
0998
1009
1027
1055
1087
1130
1177
1230
1277
1334
1408
1469
1516
1558
1598
1630
1662
1690
1712
1733
1751
1758
1751
1730
1705
1672
1626
1573
1519
1466
1408
1334
1244
1170
1116
1052
0988
0923
0866
0806
0752
0695
0659
0638
0620
0602
0592
0577
0567
0556
0549
0542
0535
0527
0520
0517
0513
0513
0513
0517
0524
0527
0531
0538
0542
0542
0542
0545
0549
0552
0552
0556
0563
0567
0570
0574
0581
0581
0581
0581
0577
0577
0574
0570
0567
0563
0560
0560
0560
0560
0556
0552
0549
0549
0545
0542
0542
0538
0535
0535
0535
0535
0535
0531
0527
0524
0520
0520
0517
0517
0513
0513
0510
0513
0513
0513
0513
0513
0510
0510
0510
0506
0502
0502
0499
0495
0492
0492
0495
0495
0499
0499
0499
0499
0502
0502
0502
0499
0495
0492
0492
0492
0492
0492
0488
0488
0488
0488
0492
0492
0492
0495
0520
0556
0592
0634
0674
0709
0731
0745
0756
0770
0777
0781
0781
0774
0766
0759
0756
0749
0745
0738
0734
0727
0720
0716
0713
0713
0709
0709
0709
0713
0716
0724
0731
0738
0745
0756
0766
0774
0784
0791
0806
0823
0841
0856
0870
0884
0898
0913
0931
0948
0959
0955
0938
0909
0881
0859
0838
0813
0795
0781
0770
0759
0752
0749
0749
0749
0749
0749
0749
0749
0749
0745
0745
0741
0738
0734
0731
0731
0727
0724
0720
0709
0699
0667
0606
0567
0538
0574
0688
0898
1223
1672
2232
2817
3338
3595
3592
3320
2750
2051
1380
0870
0706
0670
0645
0624
0606
0592
0581
0574
0570
0570
0574
0577
0588
0602
0617
0631
0645
0659
0674
0688
0709
0731
0749
0756
0759
0763
0763
0766
0770
0774
0777
0784
0788
0791
0799
0813
0831
0848
0866
0884
0906
0931
0952
0973
0988
0998
1009
1020
1034
1055
1077
1105
1134
1166
1202
1237
1273
1309
1344
1384
1423
1469
1526
1587
1644
1701
1762
1790
1812
1826
1840
1851
1858
1858
1858
1851
1840
1822
1804
1783
1747
1680
1626
1569
1512
1444
1373
1305
1237
1152
1055
0977
0920
0848
0788
0738
0692
0645
0627
0617
0606
0595
0588
0577
0574
0567
0563
0563
0563
0563
0563
0563
0567
0570
0574
0581
0585
0592
0595
0602
0609
0620
0627
0634
0638
0642
0649
0652
0656
0659
0663
0667
0667
0670
0674
0674
0670
0663
0652
0638
0624
0609
0599
0595
0592
0588
0585
0581
0581
0577
0577
0577
0577
0574
0574
0570
0570
0570
0570
0570
0570
0570
0570
0570
0570
0570
0567
0563
0560
0556
0552
0549
0545
0538
0535
0527
0524
0524
0524
0524
0524
0520
0520
0520
0517
0517
0517
0513
0513
0510
0506
0506
0502
0502
0502
0499
0499
0499
0495
0495
0495
0495
0495
0495
0495
0499
0499
0499
0499
0502
0502
0506
0506
0510
0513
0517
0524
0527
0535
0542
0545
0552
0556
0560
0567
0570
0577
0581
0588
0595
0602
0609
0617
0620
0624
0627
0627
0631
0634
0638
0642
0645
0649
0656
0663
0674
0684
0695
0709
0727
0741
0756
0770
0781
0791
0799
0806
0813
0816
0816
0806
0795
0781
0763
0749
0734
0724
0716
0706
0699
0695
0688
0684
0681
0674
0670
0663
0659
0656
0652
0645
0645
0642
0638
0634
0627
0620
0606
0592
0563
0492
0460
0424
0388
0424
0538
0781
1155
1655
2261
2892
3424
3652
3631
3271
2593
1822
1166
0734
0574
0517
0488
0485
0499
0513
0517
0524
0527
0531
0535
0542
0549
0560
0570
0577
0585
0592
0602
0609
0617
0624
0631
0642
0652
0667
0681
0695
0709
0724
0734
0749
0763
0777
0788
0795
0809
0823
0838
0848
0863
0877
0891
0902
0920
0934
0955
0980
1009
1038
1066
1091
1120
1145
1173
1198
1227
1255
1301
1362
1408
1455
1501
1562
1623
1683
1733
1762
1779
1794
1808
1815
1819
1819
1815
1808
1794
1779
1758
1730
1676
1615
1533
1444
1362
1280
1209
1152
1095
1034
0977
0923
0852
0763
0688
0634
0588
0570
0563
0556
0545
0538
0535
0531
0531
0527
0520
0517
0517
0513
0517
0517
0520
0520
0524
0531
0538
0545
0549
0552
0560
0567
0570
0577
0581
0585
0585
0585
0588
0595
0602
0609
0613
0617
0620
0624
0624
0624
0624
0624
0620
0617
0613
0609
0609
0606
0606
0606
0606
0606
0606
0606
0602
0599
0595
0595
0592
0592
0592
0595
0599
0602
0606
0609
0613
0617
0617
0617
0613
0609
0606
0606
0606
0602
0602
0599
0599
0599
0599
0595
0595
0592
0588
0585
0581
0581
0577
0574
0574
0570
0570
0574
0574
0581
0585
0588
0588
0592
0592
0592
0592
0592
0592
0592
0588
0592
0592
0592
0595
0595
0599
0599
0602
0606
0609
0609
0613
0617
0620
0627
0634
0638
0642
0642
0645
0649
0652
0652
0656
0652
0652
0652
0656
0659
0667
0670
0674
0681
0688
0699
0706
0716
0724
0731
0738
0752
0766
0781
0795
0809
0823
0834
0845
0856
0866
0873
0884
0891
0898
0906
0916
0927
0934
0934
0923
0906
0884
0859
0841
0831
0820
0809
0799
0791
0788
0781
0774
0770
0763
0759
0756
0752
0749
0745
0741
0738
0734
0731
0731
0731
0727
0724
0716
0706
0688
0645
0642
0674
0763
1002
1398
1951
2614
3292
3838
4095
3966
3470
2768
2047
1473
1202
1112
1066
1038
1016
0973
0891
0791
0699
0652
0631
0613
0606
0602
0595
0592
0592
0592
0602
0617
0631
0649
0663
0677
0688
0699
0709
0724
0734
0745
0752
0763
0774
0784
0791
0795
0799
0802
0806
0813
0823
0834
0852
0884
0920
0952
0988
1023
1059
1095
1116
1130
1145
1155
1173
1187
1205
1227
1252
1287
1337
1384
1426
1466
1505
1551
1601
1630
1655
1672
1690
1701
1708
1708
1701
1690
1676
1658
1637
1608
1558
1516
1476
1430
1373
1316
1259
1202
1148
1077
0995
0934
0888
0838
0791
0741
0681
0642
0613
0588
0567
0542
0524
0510
0495
0485
0477
0470
0467
0463
0463
0470
0481
0492
0506
0520
0535
0545
0552
0560
0570
0574
0581
0585
0588
0595
0599
0606
0606
0609
0606
0606
0609
0609
0609
0613
0613
0613
0613
0613
0613
0613
0609
0606
0606
0602
0602
0599
0599
0599
0602
0602
0602
0602
0602
0599
0595
0592
0592
0588
0585
0585
0581
0577
0577
0577
0577
0581
0581
0581
0585
0585
0585
0581
0577
0577
0574
0574
0570
0570
0570
0570
0570
0567
0567
0567
0563
0560
0556
0556
0556
0556
0560
0563
0567
0567
0570
0577
0581
0588
0592
0592
0595
0595
0595
0599
0599
0595
0595
0595
0599
0602
0602
0606
0606
0606
0606
0609
0609
0609
0609
0609
0609
0609
0613
0613
0613
0613
0613
0613
0617
0620
0624
0627
0627
0631
0638
0645
0649
0652
0656
0663
0670
0677
0688
0706
0727
0752
0770
0788
0802
0816
0827
0838
0848
0859
0866
0877
0884
0891
0895
0898
0902
0909
0913
0913
0916
0920
0927
0934
0941
0948
0945
0934
0916
0895
0873
0863
0848
0834
0823
0809
0799
0791
0784
0777
0770
0763
0756
0752
0749
0741
0734
0713
0670
0631
0599
0570
0570
0606
0699
0927
1309
1854
2532
3231
3806
4030
3998
3599
2885
2104
1444
1005
0873
0838
0813
0795
0784
0766
0752
0741
0731
0724
0716
0709
0706
0702
0699
0692
0688
0681
0677
0674
0674
0677
0684
0692
0706
0716
0727
0734
0741
0745
0752
0756
0763
0770
0774
0784
0788
0791
0799
0809
0820
0834
0859
0913
0955
0984
0998
1013
1027
1038
1052
1066
1084
1105
1137
1173
1216
1255
1298
1337
1366
1394
1416
1441
1469
1501
1544
1601
1655
1687
1715
1733
1744
1747
1737
1715
1694
1669
1637
1605
1573
1519
1451
1391
1316
1234
1155
1077
1002
0931
0863
0813
0777
0734
0692
0645
0602
0567
0531
0513
0499
0495
0492
0488
0488
0485
0481
0481
0477
0474
0474
0474
0474
0477
0481
0488
0492
0499
0506
0513
0520
0527
0535
0542
0549
0556
0567
0577
0588
0595
0602
0606
0609
0613
0617
0617
0620
0620
0627
0634
0638
0634
0624
0613
0609
0606
0606
0602
0602
0599
0595
0592
0592
0588
0588
0592
0592
0592
0592
0592
0592
0592
0588
0588
0585
0585
0585
0585
0581
0581
0581
0581
0577
0574
0567
0560
0560
0560
0567
0570
0577
0585
0592
0599
0599
0595
0592
0588
0585
0581
0581
0577
0574
0570
0567
0567
0563
0563
0563
0563
0563
0567
0570
0574
0577
0581
0585
0592
0595
0602
0609
0613
0617
0620
0624
0624
0624
0627
0627
0631
0631
0631
0634
0638
0642
0642
0645
0649
0649
0652
0656
0659
0663
0667
0670
0677
0684
0692
0699
0713
0731
0756
0774
0791
0806
0820
0827
0838
0845
0848
0856
0859
0866
0870
0873
0877
0877
0877
0877
0877
0877
0877
0870
0866
0859
0856
0848
0838
0827
0816
0802
0774
0713
0695
0688
0681
0674
0670
0667
0663
0659
0652
0652
0649
0645
0645
0642
0642
0634
0627
0609
0609
0638
0709
0877
1159
1551
2061
2643
3199
3592
3702
3467
2917
2168
1416
0841
0595
0510
0556
0602
0642
0659
0645
0624
0606
0588
0574
0577
0609
0642
0659
0674
0681
0688
0695
0702
0709
0720
0727
0734
0738
0745
0752
0759
0766
0774
0781
0795
0813
0838
0859
0873
0884
0891
0898
0906
0913
0920
0931
0938
0941
0948
0959
0966
0977
0998
1045
1095
1137
1173
1205
1230
1259
1294
1337
1380
1423
1462
1505
1548
1594
1640
1687
1722
1740
1751
1762
1769
1776
1779
1779
1776
1772
1765
1751
1733
1712
1669
1583
1498
1416
1334
1259
1148
1020
0895
0820
0770
0734
0699
0659
0609
0556
0527
0506
0488
0470
0445
0420
0406
0392
0378
0367
0360
0356
0356
0367
0378
0392
0410
0424
0442
0456
0477
0492
0506
0513
0524
0531
0542
0545
0549
0549
0549
0552
0552
0556
0556
0560
0560
0560
0560
0560
0560
0556
0556
0556
0556
0552
0552
0552
0552
0556
0556
0560
0560
0560
0560
0563
0563
0563
0567
0567
0567
0567
0570
0570
0574
0577
0577
0577
0581
0585
0588
0588
0592
0592
0592
0595
0595
0599
0595
0595
0592
0592
0592
0592
0592
0592
0592
0592
0592
0592
0588
0588
0588
0585
0585
0585
0585
0585
0588
0588
0592
0595
0599
0606
0617
0627
0642
0649
0656
0663
0670
0674
0677
0681
0681
0681
0681
0684
0684
0688
0692
0692
0695
0699
0702
0706
0709
0709
0709
0709
0709
0709
0709
0709
0713
0716
0720
0727
0734
0741
0749
0770
0791
0806
0823
0834
0841
0852
0859
0866
0873
0877
0884
0891
0898
0906
0909
0913
0916
0916
0923
0927
0934
0941
0948
0955
0963
0966
0963
0948
0927
0902
0881
0866
0848
0834
0816
0802
0791
0788
0784
0784
0788
0791
0795
0802
0813
0823
0834
0848
0877
0895
0881
0852
0806
0738
0684
0645
0645
0692
0806
1091
1519
2076
2714
3335
3798
3966
3770
3246
2514
1779
1227
1030
0973
0938
0909
0888
0866
0816
0738
0702
0684
0670
0659
0652
0652
0649
0645
0642
0642
0649
0656
0667
0684
0699
0716
0738
0777
0816
0856
0884
0902
0916
0931
0941
0952
0959
0966
0973
0977
0984
0991
0998
1009
1020
1034
1048
1062
1080
1098
1120
1137
1155
1170
1187
1205
1227
1248
1273
1301
1334
1369
1419
1458
1483
1508
1537
1569
1612
1658
1705
1740
1765
1783
1804
1819
1822
1815
1794
1762
1726
1669
1615
1565
1516
1466
1394
1312
1237
1166
1102
1030
0948
0866
0795
0745
0688
0634
0592
0556
0524
0513
0506
0499
0495
0488
0481
0477
0470
0467
0463
0460
0456
0453
0449
0449
0453
0453
0453
0453
0453
0456
0460
0467
0470
0474
0477
0485
0488
0495
0499
0502
0506
0510
0513
0517
0520
0524
0527
0527
0531
0531
0535
0535
0531
0527
0524
0517
0513
0510
0506
0502
0499
0499
0495
0492
0492
0488
0485
0477
0474
0470
0467
0467
0467
0470
0474
0477
0477
0481
0485
0485
0481
0477
0477
0474
0470
0470
0470
0470
0470
0474
0477
0477
0481
0481
0477
0474
0470
0467
0463
0463
0463
0467
0467
0470
0474
0481
0488
0492
0495
0499
0499
0502
0502
0506
0510
0513
0517
0520
0527
0535
0538
0545
0549
0552
0560
0563
0567
0570
0574
0577
0577
0581
0585
0588
0592
0592
0595
0599
0599
0602
0606
0609
0613
0613
0617
0620
0624
0631
0638
0649
0663
0674
0688
0702
0720
0734
0752
0770
0788
0806
0823
0841
0856
0870
0884
0898
0909
0920
0931
0938
0941
0941
0938
0931
0916
0895
0873
0852
0834
0823
0813
0802
0791
0784
0774
0763
0752
0741
0734
0724
0720
0713
0713
0709
0706
0706
0702
0699
0695
0692
0677
0642
0595
0556
0524
0506
0524
0570
0709
1002
1458
2072
2771
3431
3888
4020
3773
3213
2500
1844
1344
1109
1038
0995
0963
0938
0916
0884
0834
0781
0695
0617
0592
0581
0574
0567
0560
0556
0552
0552
0552
0560
0574
0585
0602
0617
0634
0645
0656
0670
0681
0688
0699
0709
0716
0727
0734
0745
0752
0759
0770
0781
0795
0816
0841
0863
0884
0902
0923
0945
0966
0988
1009
1030
1059
1091
1127
1162
1202
1237
1273
1312
1359
1408
1455
1494
1530
1569
1615
1644
1665
1683
1701
1708
1712
1708
1701
1687
1665
1647
1623
1580
1540
1498
1448
1391
1330
1252
1170
1098
1020
0934
0852
0791
0738
0670
0631
0606
0585
0567
0556
0545
0538
0535
0531
0524
0520
0517
0513
0510
0499
0492
0488
0488
0495
0506
0517
0527
0535
0538
0549
0556
0563
0567
0570
0574
0581
0588
0595
0599
0602
0606
0613
0617
0620
0624
0624
0624
0624
0627
0627
0631
0627
0627
0627
0627
0631
0631
0631
0624
0620
0620
0617
0617
0613
0613
0609
0609
0609
0609
0609
0609
0606
0606
0606
0602
0602
0599
0595
0592
0588
0588
0585
0581
0577
0574
0574
0574
0574
0574
0570
0570
0570
0570
0570
0570
0570
0570
0567
0570
0570
0570
0570
0570
0574
0577
0577
0581
0581
0585
0585
0588
0595
0599
0599
0602
0606
0609
0617
0620
0627
0634
0638
0642
0645
0652
0659
0667
0670
0674
0677
0681
0684
0688
0692
0695
0699
0702
0706
0709
0716
0720
0724
0731
0734
0738
0741
0749
0752
0759
0766
0774
0784
0795
0809
0823
0838
0848
0859
0870
0881
0888
0898
0906
0909
0916
0931
0945
0959
0966
0966
0952
0931
0902
0877
0859
0838
0813
0791
0777
0763
0756
0756
0752
0752
0752
0756
0756
0756
0756
0756
0752
0752
0749
0749
0745
0734
0720
0702
0681
0631
0560
0524
0495
0531
0631
0852
1205
1687
2268
2875
3399
3649
3641
3363
2753
2036
1376
0916
0706
0634
0599
0577
0563
0549
0538
0527
0524
0517
0517
0520
0535
0556
0581
0602
0624
0649
0677
0699
0716
0731
0745
0752
0759
0766
0770
0777
0781
0784
0791
0791
0799
0806
0813
0816
0823
0831
0838
0848
0863
0877
0898
0923
0948
0966
0984
1005
1038
1087
1130
1170
1202
1237
1280
1316
1344
1369
1394
1416
1441
1469
1508
1548
1587
1637
1690
1737
1772
1804
1826
1837
1844
1851
1858
1865
1869
1862
1840
1812
1762
1683
1608
1533
1455
1373
1287
1202
1112
1023
0959
0916
0870
0823
0770
0706
0652
0609
0581
0556
0545
0538
0535
0531
0531
0527
0524
0524
0520
0520
0517
0517
0520
0520
0527
0535
0545
0552
0563
0567
0574
0577
0581
0585
0588
0592
0595
0599
0606
0609
0613
0613
0613
0613
0613
0609
0609
0609
0609
0609
0609
0606
0606
0606
0606
0602
0595
0592
0585
0581
0577
0574
0574
0574
0574
0577
0581
0585
0585
0588
0588
0585
0585
0577
0574
0574
0570
0570
0567
0570
0570
0574
0574
0577
0574
0574
0567
0563
0560
0552
0549
0545
0542
0538
0542
0542
0545
0545
0545
0545
0542
0542
0542
0538
0535
0531
0531
0527
0527
0531
0531
0535
0538
0542
0542
0545
0545
0545
0545
0545
0549
0552
0556
0560
0567
0574
0581
0592
0595
0599
0602
0606
0613
0617
0620
0620
0624
0631
0634
0642
0645
0652
0656
0659
0663
0667
0670
0674
0677
0681
0688
0695
0702
0713
0727
0738
0756
0777
0791
0809
0823
0838
0852
0863
0873
0891
0906
0913
0916
0906
0884
0856
0827
0791
0745
0709
0699
0692
0684
0681
0681
0681
0681
0684
0684
0688
0688
0688
0684
0681
0677
0674
0674
0670
0663
0656
0649
0642
0634
0617
0585
0563
0581
0634
0791
1055
1430
1915
2471
3014
3427
3595
3442
2957
2243
1508
0952
0709
0631
0588
0567
0552
0542
0531
0524
0513
0510
0502
0499
0502
0517
0535
0552
0574
0595
0613
0631
0649
0667
0681
0695
0709
0720
0731
0738
0749
0756
0766
0774
0784
0791
0795
0806
0813
0823
0834
0841
0852
0863
0873
0884
0902
0920
0941
0966
0988
1009
1038
1066
1102
1137
1166
1194
1227
1262
1305
1351
1394
1441
1487
1537
1583
1630
1669
1705
1737
1765
1787
1797
1801
1808
1812
1819
1822
1822
1794
1751
1697
1630
1576
1508
1426
1348
1269
1194
1109
1030
0970
0909
0823
0724
0656
0620
0595
0567
0542
0520
0510
0495
0485
0477
0470
0463
0460
0460
0460
0467
0474
0481
0492
0502
0510
0520
0524
0531
0538
0545
0552
0563
0567
0574
0577
0577
0581
0585
0585
0585
0588
0588
0592
0595
0599
0602
0606
0613
0617
0620
0624
0624
0624
0620
0617
0613
0609
0602
0599
0595
0588
0585
0585
0585
0581
0581
0577
0574
0570
0570
0567
0563
0560
0552
0549
0549
0549
0549
0549
0552
0556
0560
0563
0567
0567
0570
0570
0567
0567
0563
0560
0556
0552
0549
0549
0549
0549
0549
0549
0549
0552
0552
0552
0552
0552
0552
0552
0552
0552
0552
0552
0556
0560
0563
0570
0574
0581
0585
0585
0588
0592
0592
0592
0592
0592
0595
0595
0599
0602
0606
0606
0609
0613
0613
0617
0620
0620
0624
0627
0631
0638
0642
0645
0649
0652
0659
0667
0674
0684
0699
0709
0720
0731
0741
0756
0766
0777
0788
0795
0806
0820
0834
0845
0856
0866
0873
0884
0891
0895
0902
0906
0913
0923
0931
0941
0945
0945
0931
0909
0888
0863
0841
0820
0799
0781
0763
0752
0741
0734
0731
0727
0724
0720
0716
0709
0702
0699
0692
0684
0674
0667
0656
0642
0627
0613
0585
0527
0520
0567
0688
0952
1362
1936
2625
3324
3863
4084
3898
3360
2614
1844
1227
0963
0884
0838
0809
0788
0774
0763
0749
0706
0642
0617
0602
0599
0599
0599
0595
0595
0592
0595
0599
0606
0617
0624
0634
0645
0652
0659
0667
0670
0677
0681
0688
0692
0702
0709
0720
0731
0745
0759
0777
0802
0838
0870
0898
0927
0948
0966
0980
0995
1009
1023
1034
1041
1052
1066
1087
1120
1159
1198
1241
1284
1323
1359
1401
1455
1516
1576
1633
1676
1697
1715
1730
1737
1744
1747
1744
1737
1726
1708
1690
1647
1573
1508
1437
1366
1287
1198
1116
1030
0945
0888
0848
0813
0774
0738
0699
0659
0617
0595
0585
0574
0560
0549
0538
0531
0520
0517
0510
0510
0506
0510
0513
0520
0527
0535
0542
0552
0560
0567
0570
0577
0581
0585
0592
0595
0602
0613
0617
0624
0627
0631
0634
0638
0638
0638
0638
0638
0638
0642
0642
0642
0642
0638
0638
0638
0638
0638
0638
0634
0631
0631
0631
0627
0627
0624
0620
0617
0617
0613
0609
0609
0606
0606
0606
0602
0602
0602
0599
0599
0595
0595
0592
0588
0588
0585
0585
0585
0585
0585
0588
0588
0585
0585
0585
0581
0581
0577
0577
0574
0574
0574
0574
0574
0570
0570
0570
0570
0567
0567
0563
0563
0563
0563
0563
0563
0563
0563
0563
0563
0567
0567
0567
0567
0570
0574
0581
0588
0595
0602
0609
0617
0620
0627
0627
0631
0631
0634
0634
0634
0634
0638
0638
0642
0645
0649
0652
0656
0659
0663
0667
0670
0674
0681
0688
0695
0702
0709
0720
0731
0741
0756
0774
0791
0813
0831
0848
0863
0877
0888
0898
0909
0920
0931
0938
0945
0945
0945
0938
0927
0916
0902
0888
0870
0845
0799
0759
0745
0738
0731
0727
0724
0724
0724
0720
0716
0709
0702
0695
0692
0688
0684
0681
0674
0663
0649
0620
0560
0531
0488
0488
0585
0816
1216
1772
2454
3167
3763
4020
3995
3624
2925
2158
1526
1141
1009
0970
0938
0898
0856
0809
0759
0713
0674
0656
0642
0627
0620
0609
0602
0595
0592
0588
0588
0588
0592
0595
0602
0609
0620
0631
0645
0656
0667
0677
0688
0702
0716
0727
0741
0756
0766
0777
0791
0799
0809
0823
0841
0859
0881
0898
0916
0934
0955
0984
1023
1062
1105
1141
1170
1194
1219
1241
1266
1305
1355
1405
1444
1480
1519
1565
1623
1683
1722
1744
1762
1772
1783
1787
1787
1779
1765
1744
1719
1683
1619
1555
1487
1419
1369
1301
1216
1148
1095
1041
0988
0938
0888
0838
0791
0727
0681
0642
0613
0592
0574
0567
0560
0552
0549
0545
0542
0538
0538
0538
0538
0542
0549
0556
0563
0570
0577
0588
0595
0602
0609
0613
0617
0620
0627
0631
0634
0634
0638
0642
0642
0645
0645
0649
0649
0649
0649
0649
0649
0649
0649
0649
0649
0649
0645
0645
0642
0638
0638
0634
0634
0634
0634
0631
0631
0631
0631
0631
0627
0627
0627
0624
0620
0620
0617
0617
0617
0613
0609
0606
0602
0599
0595
0592
0592
0588
0585
0581
0577
0570
0563
0552
0545
0535
0527
0520
0513
0510
0510
0513
0517
0520
0527
0531
0538
0542
0545
0549
0552
0556
0556
0560
0563
0563
0567
0570
0574
0577
0581
0581
0585
0585
0585
0588
0592
0599
0606
0609
0613
0617
0617
0620
0620
0620
0624
0624
0624
0627
0631
0634
0638
0645
0649
0656
0659
0667
0670
0677
0684
0692
0702
0716
0731
0752
0788
0820
0838
0856
0866
0877
0888
0895
0902
0906
0909
0909
0909
0909
0906
0898
0888
0873
0863
0852
0838
0827
0813
0806
0799
0791
0791
0788
0784
0777
0774
0766
0763
0759
0752
0745
0738
0734
0731
0727
0724
0720
0709
0702
0692
0674
0634
0609
0620
0645
0727
0927
1252
1697
2243
2821
3313
3510
3485
3156
2557
1869
1252
0809
0656
0617
0588
0567
0556
0545
0542
0545
0552
0563
0577
0592
0609
0634
0681
0716
0745
0759
0766
0770
0774
0781
0784
0791
0795
0799
0806
0813
0820
0831
0838
0845
0852
0863
0877
0891
0909
0927
0941
0955
0966
0977
0988
1005
1023
1048
1073
1095
1120
1148
1177
1212
1248
1273
1291
1312
1330
1351
1373
1401
1441
1498
1548
1594
1640
1694
1755
1808
1837
1854
1869
1876
1883
1886
1886
1879
1865
1847
1829
1804
1765
1726
1687
1623
1540
1458
1369
1273
1173
1066
0973
0895
0813
0749
0695
0645
0606
0574
0552
0535
0524
0517
0513
0506
0502
0499
0499
0495
0495
0492
0495
0499
0502
0510
0517
0524
0531
0538
0549
0560
0567
0574
0577
0581
0581
0585
0588
0588
0588
0592
0599
0609
0617
0617
0609
0595
0581
0577
0570
0567
0560
0556
0549
0545
0545
0545
0542
0542
0542
0545
0542
0542
0538
0535
0535
0531
0531
0531
0527
0527
0527
0527
0527
0527
0524
0517
0513
0506
0502
0499
0492
0488
0485
0481
0481
0485
0485
0481
0477
0477
0474
0474
0474
0474
0474
0470
0470
0470
0470
0474
0474
0477
0477
0477
0481
0485
0485
0488
0488
0488
0488
0488
0488
0485
0485
0485
0481
0477
0477
0477
0477
0481
0485
0488
0492
0492
0495
0495
0495
0495
0495
0492
0492
0492
0495
0502
0506
0510
0517
0524
0535
0545
0556
0567
0577
0609
0638
0667
0681
0692
0699
0706
0713
0720
0727
0738
0749
0756
0763
0774
0781
0788
0791
0799
0806
0816
0823
0834
0841
0848
0852
0852
0848
0845
0838
0827
0816
0809
0799
0791
0784
0777
0770
0763
0756
0749
0745
0738
0734
0727
0724
0716
0713
0706
0699
0695
0692
0688
0684
0677
0667
0656
0642
0606
0585
0606
0670
0845
1202
1701
2315
2964
3527
3777
3759
3413
2775
2043
1405
0970
0784
0727
0692
0667
0649
0631
0617
0606
0599
0595
0592
0599
0613
0634
0652
0670
0681
0688
0699
0706
0713
0720
0731
0738
0745
0752
0759
0766
0770
0774
0777
0781
0781
0788
0791
0802
0820
0859
0891
0916
0934
0948
0959
0973
0984
0998
1016
1034
1059
1095
1130
1170
1202
1230
1255
1280
1301
1330
1366
1423
1466
1512
1558
1598
1644
1719
1772
1804
1826
1837
1837
1837
1833
1833
1829
1829
1826
1822
1804
1779
1747
1701
1651
1587
1505
1419
1334
1241
1148
1059
0966
0888
0831
0770
0724
0688
0652
0620
0588
0574
0567
0556
0545
0538
0527
0520
0517
0510
0506
0502
0499
0499
0499
0502
0506
0513
0520
0527
0535
0542
0549
0556
0560
0563
0570
0574
0577
0581
0585
0588
0592
0595
0599
0602
0606
0606
0606
0609
0606
0602
0602
0599
0595
0592
0588
0585
0581
0577
0574
0570
0567
0567
0563
0560
0556
0552
0552
0552
0552
0549
0549
0549
0549
0549
0549
0552
0552
0552
0552
0552
0549
0549
0545
0545
0542
0545
0545
0545
0549
0549
0549
0549
0545
0542
0538
0535
0531
0527
0520
0520
0520
0520
0524
0527
0527
0531
0535
0535
0538
0538
0538
0538
0538
0538
0542
0542
0545
0549
0552
0556
0563
0567
0574
0581
0585
0588
0595
0599
0602
0602
0606
0606
0606
0606
0606
0609
0613
0617
0624
0631
0634
0638
0642
0645
0649
0649
0649
0652
0652
0656
0663
0670
0681
0692
0702
0716
0734
0749
0766
0788
0806
0827
0841
0856
0870
0884
0898
0913
0923
0934
0938
0938
0938
0934
0931
0920
0909
0898
0884
0870
0856
0838
0813
0784
0766
0756
0745
0734
0724
0713
0706
0699
0702
0709
0720
0734
0745
0766
0784
0784
0766
0738
0684
0606
0556
0520
0506
0527
0592
0781
1123
1615
2240
2932
3567
3948
3977
3741
3110
2336
1630
1152
1023
0988
0963
0934
0913
0884
0820
0734
0663
0617
0602
0595
0595
0592
0588
0585
0585
0592
0602
0613
0624
0631
0638
0645
0652
0659
0667
0674
0681
0688
0695
0702
0709
0716
0727
0734
0749
0759
0777
0795
0823
0848
0870
0888
0906
0927
0945
0966
0991
1013
1038
1070
1105
1141
1177
1209
1244
1277
1309
1341
1373
1408
1448
1487
1530
1565
1601
1623
1637
1647
1658
1669
1672
1676
1676
1672
1665
1658
1644
1626
1608
1576
1512
1458
1391
1309
1234
1152
1080
1027
0959
0891
0823
0774
0727
0684
0645
0602
0585
0574
0560
0549
0538
0531
0527
0520
0517
0517
0513
0513
0513
0513
0517
0520
0524
0531
0538
0545
0556
0563
0570
0581
0588
0595
0602
0606
0609
0613
0617
0620
0620
0624
0627
0627
0631
0634
0634
0634
0638
0638
0638
0642
0645
0645
0645
0645
0649
0649
0652
0652
0652
0649
0649
0645
0642
0638
0634
0634
0631
0627
0624
0620
0617
0613
0609
0606
0602
0595
0592
0588
0588
0585
0585
0585
0585
0581
0581
0581
0581
0577
0577
0574
0570
0567
0560
0556
0552
0549
0549
0545
0545
0545
0549
0552
0556
0560
0563
0563
0567
0570
0574
0577
0577
0577
0577
0581
0581
0585
0588
0588
0592
0592
0595
0595
0599
0599
0599
0599
0599
0599
0602
0606
0606
0609
0609
0609
0613
0617
0620
0627
0631
0634
0642
0645
0652
0656
0659
0663
0670
0674
0681
0684
0699
0709
0727
0745
0763
0777
0791
0799
0809
0820
0827
0838
0845
0856
0863
0870
0873
0877
0881
0877
0873
0863
0852
0841
0827
0813
0799
0788
0774
0759
0745
0734
0724
0713
0702
0695
0688
0681
0674
0667
0659
0649
0638
0631
0624
0620
0613
0609
0606
0602
0599
0592
0581
0552
0556
0617
0774
1052
1469
2015
2636
3221
3617
3666
3527
2996
2293
1580
1013
0770
0702
0656
0631
0609
0595
0581
0570
0563
0556
0549
0542
0535
0531
0531
0531
0545
0563
0585
0602
0613
0631
0645
0659
0677
0692
0706
0720
0731
0741
0752
0759
0770
0781
0791
0799
0806
0820
0831
0845
0856
0870
0884
0898
0916
0938
0970
1005
1038
1070
1095
1116
1134
1155
1173
1191
1209
1230
1262
1319
1376
1433
1491
1555
1612
1662
1705
1740
1765
1783
1797
1808
1819
1822
1826
1826
1822
1815
1804
1790
1772
1737
1658
1573
1494
1426
1344
1259
1170
1084
1002
0927
0852
0791
0749
0699
0652
0617
0588
0567
0556
0549
0542
0535
0531
0527
0527
0527
0527
0535
0542
0552
0567
0581
0595
0602
0606
0609
0617
0624
0627
0634
0638
0642
0649
0656
0663
0667
0670
0670
0670
0670
0674
0674
0674
0674
0674
0674
0674
0677
0681
0681
0681
0677
0674
0670
0667
0659
0652
0645
0642
0634
0634
0631
0634
0634
0634
0634
0631
0631
0627
0624
0620
0613
0609
0606
0602
0599
0599
0599
0599
0599
0599
0599
0595
0595
0592
0588
0585
0581
0574
0570
0570
0570
0567
0567
0570
0570
0570
0574
0577
0577
0581
0581
0581
0585
0585
0585
0585
0585
0581
0581
0577
0577
0577
0577
0577
0577
0581
0581
0581
0585
0588
0592
0592
0595
0595
0599
0599
0599
0602
0606
0609
0613
0620
0624
0631
0638
0642
0649
0656
0659
0667
0670
0677
0684
0692
0695
0706
0713
0720
0731
0741
0752
0763
0774
0784
0795
0802
0809
0816
0823
0831
0834
0841
0845
0848
0856
0863
0873
0888
0895
0898
0895
0888
0877
0859
0841
0816
0791
0745
0713
0695
0684
0681
0677
0677
0677
0681
0681
0677
0674
0670
0667
0659
0659
0656
0652
0649
0645
0638
0627
0609
0574
0570
0602
0688
0931
1319
1837
2425
2996
3427
3609
3460
2989
2318
1601
1013
0652
0552
0531
0513
0499
0492
0485
0481
0481
0481
0481
0488
0495
0506
0520
0538
0552
0567
0585
0602
0627
0649
0663
0681
0695
0706
0713
0720
0727
0731
0734
0738
0741
0749
0756
0763
0766
0774
0777
0784
0791
0799
0813
0823
0845
0866
0891
0913
0938
0966
0995
1034
1070
1095
1123
1155
1202
1248
1284
1312
1341
1369
1401
1451
1533
1601
1651
1701
1730
1747
1762
1776
1783
1787
1787
1783
1776
1765
1751
1730
1690
1619
1558
1483
1405
1319
1234
1152
1070
0998
0934
0863
0802
0759
0709
0659
0609
0556
0535
0524
0513
0506
0495
0488
0481
0474
0467
0463
0456
0453
0453
0453
0453
0456
0460
0463
0470
0474
0481
0488
0495
0502
0510
0520
0535
0545
0563
0585
0606
0617
0620
0624
0624
0627
0627
0627
0627
0627
0627
0624
0620
0613
0602
0592
0588
0581
0577
0577
0574
0574
0577
0577
0577
0577
0574
0574
0574
0574
0574
0570
0570
0570
0574
0574
0577
0577
0577
0577
0574
0574
0570
0567
0563
0560
0556
0552
0552
0552
0552
0552
0552
0552
0552
0549
0545
0542
0542
0538
0538
0538
0542
0542
0545
0549
0549
0552
0556
0556
0556
0560
0560
0560
0560
0563
0563
0567
0567
0570
0570
0574
0574
0577
0581
0581
0585
0588
0592
0595
0599
0602
0606
0613
0617
0620
0624
0627
0631
0634
0638
0642
0645
0649
0656
0663
0670
0674
0677
0681
0684
0692
0699
0706
0713
0724
0738
0752
0766
0784
0795
0809
0823
0834
0845
0852
0863
0870
0877
0884
0888
0895
0902
0909
0909
0909
0909
0906
0902
0895
0888
0877
0863
0845
0831
0816
0802
0774
0741
0734
0731
0731
0727
0727
0724
0720
0713
0709
0706
0702
0695
0684
0670
0656
0642
0620
0581
0560
0570
0602
0688
0923
1316
1854
2507
3185
3738
3934
3884
3435
2693
1897
1277
1016
0934
0891
0859
0841
0827
0795
0756
0724
0681
0613
0560
0531
0513
0506
0513
0527
0549
0581
0627
0659
0674
0681
0692
0699
0706
0713
0720
0727
0731
0738
0745
0749
0756
0763
0774
0781
0791
0795
0806
0820
0831
0845
0859
0877
0898
0931
0959
0984
1009
1030
1055
1080
1105
1130
1155
1184
1216
1255
1301
1351
1398
1437
1480
1526
1576
1619
1665
1690
1708
1722
1730
1737
1740
1737
1730
1719
1701
1680
1651
1601
1544
1487
1433
1384
1334
1284
1227
1155
1070
0988
0913
0856
0813
0763
0716
0674
0638
0602
0577
0552
0535
0517
0499
0485
0474
0463
0453
0445
0442
0438
0438
0449
0460
0477
0495
0506
0517
0527
0538
0549
0552
0560
0567
0570
0574
0577
0585
0588
0592
0595
0599
0602
0606
0606
0606
0609
0609
0609
0606
0606
0609
0613
0624
0631
0631
0631
0624
0620
0617
0617
0613
0613
0609
0606
0606
0602
0602
0602
0602
0602
0606
0609
0613
0613
0617
0617
0620
0620
0624
0624
0620
0620
0617
0617
0613
0609
0606
0602
0599
0599
0599
0595
0595
0595
0592
0588
0574
0560
0556
0570
0585
0592
0599
0602
0609
0613
0620
0627
0631
0631
0631
0631
0627
0624
0620
0617
0613
0606
0602
0602
0599
0599
0599
0595
0595
0606
0627
0649
0659
0667
0674
0677
0684
0688
0695
0699
0702
0706
0706
0709
0709
0713
0716
0720
0720
0724
0727
0731
0734
0741
0749
0756
0759
0766
0777
0784
0799
0816
0834
0848
0859
0873
0884
0898
0909
0923
0934
0945
0952
0955
0963
0966
0966
0973
0977
0984
0991
0991
0984
0966
0941
0913
0891
0863
0834
0809
0795
0788
0777
0770
0766
0763
0759
0752
0749
0741
0734
0727
0716
0706
0695
0684
0670
0656
0638
0599
0567
0563
0585
0627
0756
1027
1441
2015
2686
3342
3827
3998
3791
3260
2543
1854
1355
1116
1034
0991
0963
0920
0845
0781
0731
0688
0645
0602
0577
0567
0560
0552
0549
0545
0542
0538
0542
0545
0549
0560
0570
0585
0599
0617
0638
0663
0681
0702
0720
0734
0745
0756
0763
0774
0784
0791
0802
0816
0831
0841
0859
0873
0891
0909
0927
0941
0955
0973
1005
1052
1098
1145
1187
1237
1273
1301
1330
1359
1391
1426
1476
1526
1576
1626
1676
1701
1715
1730
1740
1751
1755
1755
1747
1740
1726
1712
1690
1662
1601
1544
1483
1419
1351
1262
1162
1091
1034
0963
0902
0852
0802
0763
0731
0706
0684
0663
0642
0620
0599
0581
0570
0560
0545
0535
0527
0520
0513
0510
0506
0502
0506
0510
0513
0520
0527
0535
0542
0549
0556
0567
0574
0577
0585
0588
0595
0602
0606
0609
0613
0613
0613
0613
0613
0609
0609
0606
0606
0606
0606
0606
0606
0602
0602
0599
0595
0592
0592
0588
0585
0585
0581
0581
0585
0585
0588
0588
0592
0592
0592
0595
0595
0595
0595
0595
0595
0595
0595
0595
0592
0588
0588
0585
0585
0581
0577
0577
0574
0570
0570
0567
0567
0560
0556
0552
0549
0545
0542
0542
0538
0538
0538
0542
0545
0549
0549
0552
0552
0556
0556
0556
0560
0560
0560
0563
0563
0567
0567
0570
0570
0570
0570
0570
0570
0570
0574
0574
0577
0577
0581
0585
0588
0592
0595
0595
0599
0602
0606
0613
0617
0624
0631
0638
0649
0659
0667
0674
0681
0688
0699
0713
0727
0741
0756
0766
0781
0791
0795
0802
0809
0816
0820
0827
0834
0838
0845
0848
0856
0863
0870
0873
0873
0870
0863
0856
0841
0827
0813
0795
0784
0774
0763
0752
0745
0734
0727
0716
0706
0699
0688
0677
0670
0663
0659
0656
0656
0656
0656
0652
0649
0642
0634
0624
0588
0588
0631
0752
0995
1369
1858
2432
3017
3492
3652
3606
3210
2539
1787
1105
0652
0524
0474
0474
0502
0520
0527
0535
0542
0549
0560
0570
0585
0599
0617
0631
0642
0649
0656
0663
0670
0684
0695
0709
0724
0738
0749
0756
0766
0774
0781
0788
0791
0799
0806
0813
0823
0834
0848
0859
0873
0884
0898
0916
0941
0980
1016
1041
1062
1080
1098
1112
1134
1155
1177
1205
1237
1280
1323
1366
1419
1480
1533
1573
1601
1633
1676
1722
1762
1804
1840
1854
1865
1869
1879
1890
1897
1894
1865
1826
1787
1737
1690
1640
1562
1458
1359
1273
1198
1116
1030
0938
0859
0799
0756
0709
0663
0606
0581
0567
0552
0542
0535
0524
0520
0513
0510
0510
0510
0513
0517
0524
0531
0535
0538
0545
0549
0549
0552
0549
0549
0545
0545
0545
0549
0549
0549
0549
0545
0545
0545
0545
0542
0538
0538
0535
0535
0535
0535
0535
0531
0527
0524
0520
0517
0513
0510
0502
0499
0495
0492
0488
0488
0485
0474
0467
0460
0456
0456
0460
0463
0467
0474
0474
0477
0481
0485
0488
0488
0492
0495
0499
0502
0502
0502
0499
0495
0495
0492
0492
0492
0492
0495
0499
0499
0502
0502
0506
0506
0506
0506
0506
0510
0510
0513
0517
0520
0524
0527
0531
0535
0538
0542
0545
0549
0552
0556
0560
0567
0570
0574
0581
0588
0592
0599
0602
0606
0609
0613
0617
0620
0624
0624
0627
0631
0634
0638
0642
0642
0645
0649
0656
0659
0663
0667
0670
0677
0681
0684
0692
0699
0706
0713
0727
0741
0752
0766
0781
0791
0799
0809
0820
0831
0841
0856
0877
0898
0909
0916
0920
0927
0934
0941
0945
0941
0920
0891
0863
0838
0809
0784
0763
0749
0738
0734
0731
0731
0731
0731
0731
0734
0731
0731
0727
0724
0716
0713
0713
0709
0706
0699
0692
0684
0674
0642
0642
0674
0759
0977
1323
1797
2354
2921
3399
3588
3559
3217
2589
1862
1198
0738
0577
0524
0495
0488
0495
0513
0531
0545
0552
0563
0570
0581
0592
0606
0624
0634
0645
0659
0670
0684
0699
0713
0724
0738
0745
0752
0763
0770
0774
0781
0784
0791
0795
0802
0809
0816
0823
0831
0841
0852
0866
0881
0898
0916
0938
0963
0988
1009
1027
1048
1073
1109
1148
1184
1212
1241
1266
1298
1334
1380
1441
1483
1519
1548
1587
1644
1690
1737
1769
1783
1790
1797
1804
1812
1819
1819
1819
1808
1790
1765
1722
1644
1565
1494
1426
1348
1266
1180
1091
1009
0948
0898
0859
0809
0738
0674
0627
0577
0535
0499
0470
0449
0438
0428
0420
0413
0410
0403
0399
0399
0399
0403
0410
0424
0438
0453
0470
0488
0506
0517
0527
0538
0545
0552
0563
0570
0577
0585
0588
0592
0595
0595
0599
0595
0592
0592
0588
0588
0588
0592
0592
0592
0592
0592
0592
0592
0592
0592
0592
0592
0595
0599
0602
0606
0609
0609
0609
0609
0609
0602
0595
0585
0577
0570
0563
0556
0552
0549
0549
0545
0545
0542
0542
0542
0538
0538
0535
0535
0531
0531
0527
0527
0527
0527
0527
0531
0531
0535
0538
0542
0549
0552
0560
0563
0567
0570
0574
0577
0581
0585
0588
0592
0595
0602
0606
0613
0617
0624
0627
0631
0634
0638
0642
0645
0645
0645
0645
0649
0649
0652
0656
0663
0667
0674
0681
0688
0692
0695
0699
0699
0699
0699
0699
0699
0702
0706
0709
0716
0724
0734
0741
0752
0759
0770
0777
0784
0791
0795
0806
0820
0838
0859
0881
0898
0913
0931
0945
0959
0970
0980
0995
1005
1013
1016
1016
1005
0991
0973
0955
0934
0913
0888
0856
0831
0809
0791
0777
0766
0759
0752
0745
0738
0734
0731
0727
0720
0713
0706
0702
0699
0695
0695
0692
0684
0681
0674
0663
0638
0638
0702
0866
1170
1615
2186
2832
3445
3848
3891
3702
3114
2379
1694
1219
1052
1002
0966
0931
0898
0852
0791
0738
0699
0667
0649
0645
0649
0652
0656
0656
0652
0652
0652
0649
0649
0649
0649
0649
0649
0652
0656
0663
0670
0681
0688
0695
0702
0706
0716
0727
0745
0766
0791
0816
0838
0856
0870
0884
0898
0913
0927
0938
0952
0966
0988
1013
1041
1070
1098
1123
1145
1166
1191
1216
1244
1284
1337
1391
1444
1498
1562
1619
1669
1687
1694
1701
1708
1712
1715
1705
1676
1644
1608
1562
1516
1473
1419
1359
1301
1241
1184
1130
1062
0973
0898
0841
0781
0727
0681
0627
0567
0531
0506
0481
0460
0442
0431
0424
0424
0424
0428
0428
0428
0435
0438
0442
0442
0442
0442
0445
0445
0449
0453
0453
0456
0460
0470
0477
0488
0499
0506
0513
0520
0527
0531
0535
0538
0538
0538
0542
0545
0545
0549
0552
0556
0563
0567
0567
0570
0570
0570
0567
0563
0560
0552
0549
0545
0542
0542
0542
0542
0542
0545
0545
0549
0549
0549
0545
0542
0538
0535
0535
0535
0535
0538
0545
0556
0567
0581
0595
0620
0656
0688
0709
