1258
0911
0535
0311
0151
0057
0000
0007
0072
0166
0289
0441
0557
0665
0781
0860
0933
0991
1012
0962
0860
0694
0448
0296
0209
0151
0137
0151
0209
0289
0426
0651
0846
1056
1193
1266
1324
1374
1439
1504
1555
1591
1620
1642
1671
1685
1700
1714
1729
1750
1765
1779
1787
1794
1801
1801
1801
1801
1801
1801
1808
1808
1808
1815
1815
1823
1823
1830
1837
1844
1852
1859
1873
1888
1902
1917
1931
1953
1975
2004
2033
2069
2119
2177
2228
2286
2344
2394
2438
2474
2503
2532
2553
2582
2604
2626
2640
2662
2676
2691
2705
2720
2734
2742
2756
2763
2778
2785
2785
2785
2785
2785
2792
2785
2785
2785
2778
2778
2778
2785
2785
2778
2770
2763
2749
2734
2720
2705
2698
2691
2691
2691
2684
2676
2669
2648
2626
2619
2640
2691
2756
2821
2915
3002
3089
3154
3205
3241
3277
3306
3328
3342
3357
3371
3393
3414
3429
3443
3443
3436
3429
3422
3414
3407
3393
3378
3364
3357
3349
3342
3335
3328
3320
3313
3306
3291
3270
3241
3219
3197
3176
3154
3139
3125
3111
3096
3089
3089
3082
3082
3074
3074
3074
3082
3089
3089
3096
3096
3103
3111
3111
3111
3103
3103
3103
3096
3096
3089
3082
3067
3053
3038
3031
3016
3002
2988
2980
2966
2959
2944
2930
2915
2901
2886
2879
2872
2857
2850
2850
2850
2850
2850
2850
2850
2850
2850
2850
2850
2850
2850
2850
2857
2857
2850
2850
2850
2843
2843
2843
2836
2828
2814
2799
2785
2778
2763
2756
2749
2742
2734
2734
2742
2742
2749
2756
2756
2763
2770
2770
2770
2778
2785
2807
2821
2843
2850
2872
2886
2908
2915
2930
2951
2966
2980
2988
2959
2886
2814
2727
2640
2525
2430
2387
2373
2351
2336
2329
2322
2322
2322
2322
2315
2315
2315
2322
2336
2351
2365
2387
2402
2423
2438
2459
2488
2525
2590
2640
2640
2597
2517
2402
2213
2004
1779
1526
1381
1324
1280
1287
1410
1584
1815
1982
2090
2184
2271
2329
2380
2416
2445
2467
2488
2503
2525
2539
2546
2553
2561
2568
2582
2590
2597
2604
2611
2619
2626
2633
2640
2655
2669
2691
2705
2727
2742
2756
2763
2778
2785
2792
2792
2799
2807
2814
2821
2836
2843
2850
2865
2879
2893
2908
2922
2944
2966
2980
3002
3024
3045
3067
3089
3111
3132
3154
3161
3176
3190
3205
3212
3219
3219
3226
3226
3226
3234
3226
3226
3212
3205
3190
3176
3161
3147
3132
3118
3103
3089
3074
3060
3045
3038
3024
3016
3009
2995
2988
2973
2966
2959
2951
2944
2944
2937
2937
2930
2930
2922
2915
2901
2893
2886
2879
2872
2865
2865
2872
2879
2879
2886
2886
2886
2886
2886
2886
2886
2886
2886
2893
2901
2922
2937
2951
2966
2980
2988
2995
3002
3002
3009
3009
3024
3031
3045
3060
3082
3096
3118
3139
3154
3161
3168
3176
3176
3183
3190
3197
3205
3205
3212
3212
3219
3219
3219
3219
3226
3226
3226
3226
3219
3219
3219
3212
3212
3205
3190
3183
3176
3176
3176
3183
3183
3183
3183
3183
3183
3176
3168
3161
3147
3132
3125
3125
3125
3125
3132
3132
3132
3125
3111
3096
3074
3053
3031
3016
3002
2988
2973
2966
2966
2959
2951
2937
2922
2908
2893
2886
2886
2886
2893
2901
2901
2908
2915
2930
2937
2944
2944
2937
2937
2937
2937
2951
2959
2973
2988
2995
3002
3009
3024
3038
3053
3067
3082
3125
3183
3241
3313
3385
3436
3480
3523
3559
3588
3603
3610
3610
3610
3595
3574
3537
3494
3451
3378
3248
3125
3024
2944
2886
2850
2836
2821
2814
2807
2799
2785
2778
2763
2749
2734
2727
2727
2734
2756
2778
2799
2828
2850
2872
2893
2922
2944
2973
3024
3082
3111
3096
3053
2966
2705
2315
1866
1497
1360
1360
1483
1859
2271
2430
2496
2546
2582
2590
2568
2539
2503
2459
2430
2496
2597
2626
2633
2648
2662
2684
2698
2720
2734
2749
2763
2778
2785
2785
2785
2785
2785
2785
2785
2778
2778
2785
2785
2785
2792
2792
2792
2799
2799
2799
2792
2785
2778
2770
2770
2770
2770
2778
2778
2785
2792
2799
2814
2821
2828
2836
2843
2850
2850
2857
2872
2893
2908
2922
2937
2944
2959
2966
2980
2988
2995
3002
3002
3002
2995
2995
2988
2988
2980
2966
2944
2922
2893
2865
2850
2821
2799
2778
2763
2749
2734
2734
2734
2734
2734
2734
2734
2727
2720
2713
2713
2713
2720
2720
2720
2720
2727
2734
2742
2742
2749
2749
2742
2742
2742
2734
2727
2713
2705
2705
2698
2698
2698
2691
2691
2698
2705
2705
2698
2691
2684
2684
2727
2785
2828
2843
2850
2850
2865
2886
2908
2922
2937
2944
2951
2959
2973
2980
2988
2988
2988
2988
2995
2995
2995
2995
2988
2980
2973
2973
2966
2959
2951
2944
2937
2930
2922
2922
2915
2908
2901
2893
2886
2886
2879
2886
2886
2893
2893
2901
2908
2922
2930
2937
2944
2951
2959
2959
2966
2966
2973
2973
2980
2980
2980
2980
2980
2980
2980
2980
2980
2973
2966
2966
2966
2966
2966
2959
2951
2951
2944
2951
2959
2959
2959
2959
2959
2959
2959
2959
2951
2944
2937
2930
2930
2930
2937
2937
2937
2937
2951
2959
2973
2988
3002
3009
3024
3045
3067
3082
3103
3125
3147
3176
3212
3248
3277
3299
3320
3328
3328
3320
3306
3284
3248
3212
3168
3125
3082
2995
2901
2814
2727
2676
2640
2604
2575
2539
2510
2488
2474
2459
2445
2445
2445
2452
2467
2481
2503
2525
2539
2561
2582
2604
2626
2655
2713
2770
2799
2785
2742
2669
2416
2090
1736
1374
1229
1143
1085
1193
1389
1642
1960
2221
2300
2329
2344
2358
2365
2380
2380
2387
2387
2387
2394
2394
2394
2387
2387
2387
2394
2409
2423
2430
2438
2445
2445
2445
2445
2459
2474
2488
2510
2525
2539
2553
2561
2575
2582
2590
2590
2590
2590
2597
2604
2619
2626
2640
2648
2662
2676
2691
2705
2713
2727
2734
2742
2749
2763
2770
2770
2778
2785
2799
2807
2814
2821
2828
2836
2843
2850
2850
2850
2850
2857
2857
2865
2865
2865
2886
2908
2937
2944
2937
2901
2865
2836
2821
2807
2792
2778
2763
2742
2727
2713
2713
2713
2705
2705
2698
2698
2698
2705
2713
2720
2713
2713
2705
2698
2698
2698
2698
2698
2691
2691
2691
2698
2698
2691
2684
2676
2669
2662
2662
2655
2648
2640
2633
2626
2626
2626
2619
2619
2611
2604
2604
2604
2604
2604
2611
2611
2611
2611
2619
2619
2619
2619
2611
2604
2604
2604
2604
2604
2604
2604
2604
2611
2611
2611
2611
2611
2604
2597
2590
2582
2575
2568
2568
2561
2553
2546
2539
2532
2532
2525
2517
2510
2503
2503
2496
2496
2488
2488
2481
2474
2474
2467
2467
2459
2452
2452
2459
2467
2474
2481
2488
2496
2510
2517
2532
2539
2539
2546
2553
2561
2568
2575
2575
2590
2597
2619
2633
2648
2662
2669
2676
2684
2691
2705
2720
2734
2742
2756
2770
2785
2799
2814
2828
2843
2850
2865
2872
2879
2886
2886
2901
2908
2930
2944
2959
2973
2988
3009
3045
3089
3125
3161
3197
3234
3270
3306
3335
3364
3385
3407
3429
3451
3472
3480
3480
3472
3451
3422
3385
3342
3284
3205
3132
3074
2988
2850
2799
2763
2742
2713
2698
2684
2676
2676
2669
2676
2684
2691
2705
2727
2756
2785
2814
2843
2908
2973
3031
3132
3284
3465
3566
3617
3581
3277
2770
2127
1526
1157
1121
1273
1721
2213
2488
2561
2611
2640
2669
2684
2705
2720
2734
2742
2749
2756
2756
2756
2756
2770
2792
2814
2828
2836
2850
2857
2879
2901
2930
2944
2966
2988
3016
3031
3045
3045
3045
3031
3024
3024
3016
3009
3002
2995
2988
2973
2973
2966
2959
2951
2944
2944
2951
2959
2973
2995
3009
3024
3045
3067
3082
3103
3118
3132
3154
3168
3183
3190
3205
3205
3205
3197
3183
3168
3147
3125
3111
3096
3082
3067
3053
3038
3016
3009
2995
2980
2966
2951
2937
2930
2922
2922
2915
2901
2886
2872
2857
2843
2807
2770
2734
2705
2676
2655
2640
2633
2626
2611
2604
2597
2597
2590
2590
2582
2575
2568
2561
2561
2561
2568
2568
2575
2582
2597
2604
2611
2626
2633
2640
2648
2655
2662
2669
2676
2684
2691
2705
2720
2734
2756
2770
2785
2792
2799
2807
2814
2814
2814
2814
2814
2821
2828
2850
2872
2893
2901
2886
2872
2857
2850
2850
2843
2828
2821
2821
2821
2821
2828
2836
2843
2850
2865
2879
2901
2930
2980
2988
2988
2995
3002
3002
2995
2988
2980
2973
2973
2966
2966
2959
2951
2951
2951
2966
2980
2988
3002
3009
3024
3038
3053
3060
3060
3045
3024
3002
2980
2959
2930
2901
2872
2857
2865
2879
2893
2908
2922
2937
2944
2959
2973
2988
2988
2980
2980
2973
2959
2951
2937
2922
2901
2893
2886
2901
2930
2973
3038
3168
3255
3291
3328
3357
3385
3400
3429
3465
3523
3581
3631
3675
3704
3733
3762
3798
3791
3718
3624
3487
3342
3219
3118
3002
2937
2901
2879
2857
2843
2814
2792
2778
2756
2742
2713
2691
2669
2662
2676
2691
2720
2749
2799
2893
2959
2995
3024
3053
3074
3118
3168
3132
3016
2836
2575
2235
1823
1439
1229
1229
1439
1823
2184
2300
2336
2373
2402
2503
2799
3111
3212
3176
3067
2821
2756
2727
2763
2959
3176
3241
3255
3270
3197
3096
3024
3002
2988
2973
2980
3053
3132
3212
3277
3306
3320
3335
3342
3349
3357
3371
3378
3393
3400
3414
3429
3436
3436
3436
3443
3443
3443
3451
3458
3465
3480
3494
3508
3523
3537
3545
3545
3552
3552
3552
3545
3545
3545
3545
3545
3552
3559
3566
3559
3537
3516
3487
3465
3436
3414
3385
3364
3349
3342
3328
3320
3306
3299
3291
3284
3277
3270
3262
3248
3241
3234
3226
3212
3197
3176
3154
3096
2995
2951
2937
2922
2908
2901
2893
2886
2872
2857
2843
2836
2821
2814
2799
2778
2734
2691
2662
2648
2640
2626
2619
2604
2590
2582
2582
2582
2582
2582
2582
2582
2590
2590
2597
2604
2611
2619
2626
2662
2662
2633
2619
2611
2604
2597
2590
2582
2575
2568
2553
2546
2539
2532
2532
2532
2532
2525
2510
2503
2496
2488
2496
2496
2496
2503
2510
2510
2517
2532
2539
2539
2546
2553
2561
2568
2575
2575
2582
2582
2582
2590
2597
2611
2619
2626
2633
2640
2655
2669
2684
2698
2705
2705
2705
2705
2705
2698
2691
2684
2662
2648
2640
2626
2619
2597
2582
2561
2553
2553
2568
2597
2633
2662
2684
2698
2720
2734
2749
2763
2778
2792
2814
2828
2843
2850
2857
2865
2879
2893
2922
2973
3016
3045
3082
3139
3248
3371
3451
3480
3494
3508
3523
3530
3516
3480
3429
3342
3197
3132
3103
3074
3053
3038
3016
3002
2980
2966
2951
2930
2915
2893
2865
2843
2821
2821
2836
2857
2893
2937
3002
3074
3154
3226
3270
3306
3335
3349
3328
3262
3082
2843
2525
2163
1801
1497
1396
1432
1562
1924
2358
2792
3053
3147
3147
3053
2908
2821
2792
2778
2828
2886
2937
2930
2850
2814
2785
2763
2742
2727
2720
2698
2676
2648
2626
2604
2582
2575
2568
2561
2561
2553
2546
2539
2532
2525
2517
2503
2496
2488
2488
2481
2481
2481
2474
2474
2481
2481
2488
2496
2503
2510
2517
2525
2539
2546
2553
2561
2568
2568
2575
2582
2597
2611
2626
2640
2648
2655
2655
2662
2662
2655
2648
2640
2633
2626
2619
2619
2611
2604
2597
2590
2582
2575
2568
2561
2546
2525
2510
2496
2481
2474
2459
2445
2430
2416
2394
2387
2373
2365
2358
2365
2373
2380
2394
2409
2416
2423
2430
2430
2438
2438
2445
2452
2459
2467
2481
2488
2503
2517
2525
2539
2546
2561
2575
2590
2604
2633
2662
2691
2727
2763
2799
2836
2850
2865
2879
2901
2915
2930
2944
2959
2966
2973
2980
2980
2988
2988
2980
2973
2973
2966
2966
2966
2973
2973
2973
2973
2973
2973
2966
2951
2937
2930
2937
2951
2959
2966
2973
2980
2988
2995
3002
3002
2980
2959
2937
2908
2893
2872
2850
2843
2828
2814
2807
2799
2792
2792
2778
2770
2763
2756
2756
2749
2742
2734
2734
2734
2742
2742
2742
2734
2734
2727
2727
2727
2720
2720
2713
2705
2705
2705
2713
2720
2727
2727
2727
2727
2734
2734
2727
2720
2713
2713
2720
2749
2778
2814
2843
2865
2893
2930
2966
3002
3045
3082
3132
3190
3248
3299
3349
3407
3480
3508
3523
3537
3552
3566
3574
3566
3537
3494
3436
3371
3284
3205
3132
3060
2995
2922
2850
2821
2792
2770
2749
2734
2720
2713
2705
2705
2713
2720
2734
2756
2785
2814
2850
2879
2930
3031
3082
3096
3118
3139
3154
3118
3024
2763
2416
2004
1613
1360
1280
1352
1591
2025
2467
2684
2734
2763
2785
2807
2821
2843
2850
2872
2879
2886
2901
2901
2901
2901
2901
2915
2930
2951
2966
2980
2988
2980
2966
2959
2944
2944
2937
2922
2908
2893
2879
2872
2865
2865
2865
2865
2865
2872
2872
2872
2857
2828
2944
3016
3053
3082
3111
3132
3147
3168
3183
3197
3205
3212
3219
3219
3219
3219
3219
3226
3234
3241
3248
3255
3255
3241
3226
3205
3190
3168
3154
3132
3103
3089
3067
3060
3045
3038
3031
3016
3009
3002
3002
2995
2988
2966
2951
2930
2915
2901
2879
2865
2850
2828
2814
2799
2792
2785
2770
2756
2742
2727
2713
2698
2684
2669
2662
2648
2640
2640
2640
2640
2648
2648
2648
2640
2640
2633
2633
2626
2619
2604
2597
2597
2597
2597
2597
2597
2597
2597
2604
2611
2619
2626
2633
2640
2640
2648
2655
2662
2662
2669
2669
2669
2676
2684
2691
2705
2713
2713
2705
2698
2698
2691
2691
2691
2691
2684
2676
2669
2662
2655
2655
2655
2655
2655
2662
2669
2684
2691
2698
2713
2720
2727
2734
2742
2742
2742
2749
2763
2778
2792
2799
2799
2785
2763
2734
2705
2676
2648
2619
2590
2561
2539
2525
2510
2496
2488
2481
2474
2459
2452
2438
2430
2438
2459
2496
2539
2568
2590
2604
2619
2633
2648
2662
2676
2691
2705
2713
2727
2742
2749
2756
2763
2763
2770
2770
2785
2792
2814
2828
2850
2879
2915
2951
2980
2995
3016
3024
3038
3060
3074
3089
3096
3089
3074
3053
3016
2966
2908
2799
2691
2590
2488
2387
2336
2300
2279
2250
2235
2221
2206
2192
2177
2170
2163
2148
2141
2127
2112
2098
2098
2098
2105
2134
2163
2213
2300
2438
2525
2582
2611
2590
2525
2329
2083
1794
1497
1208
1114
1078
1106
1345
1598
1844
1967
2033
2061
2083
2112
2141
2177
2221
2279
2365
2423
2459
2488
2510
2517
2496
2438
2380
2329
2264
2213
2184
2206
2250
2293
2322
2344
2358
2373
2387
2409
2430
2452
2474
2496
2517
2532
2553
2568
2582
2597
2604
2611
2619
2633
2648
2662
2676
2691
2698
2713
2727
2742
2756
2763
2778
2792
2807
2836
2865
2879
2893
2908
2922
2937
2944
2959
2966
2966
2944
2922
2893
2872
2857
2850
2828
2814
2807
2799
2792
2785
2778
2770
2770
2763
2763
2763
2756
2749
2749
2742
2742
2742
2742
2742
2734
2734
2742
2742
2749
2742
2727
2720
2713
2713
2720
2727
2727
2734
2734
2742
2749
2763
2770
2770
2778
2778
2778
2778
2770
2763
2756
2749
2742
2734
2734
2727
2727
2720
2705
2698
2698
2720
2756
2792
2821
2843
2857
2879
2908
2944
2973
3002
3031
3053
3082
3111
3132
3147
3147
3125
3103
3082
3060
3053
3045
3031
3024
3009
3002
2988
2973
2959
2937
2915
2893
2879
2872
2857
2850
2843
2836
2828
2821
2814
2814
2807
2799
2792
2785
2778
2770
2770
2763
2756
2756
2756
2756
2756
2756
2756
2763
2763
2770
2778
2778
2785
2792
2792
2792
2792
2792
2792
2792
2792
2785
2785
2785
2785
2785
2792
2799
2799
2807
2814
2821
2828
2836
2843
2850
2857
2865
2879
2893
2908
2930
2951
2973
2995
3024
3045
3074
3103
3139
3176
3219
3299
3357
3393
3414
3451
3480
3530
3588
3639
3682
3711
3711
3675
3610
3508
3357
3205
3045
2966
2930
2901
2872
2857
2850
2828
2814
2799
2792
2778
2770
2756
2749
2734
2727
2720
2720
2720
2727
2734
2749
2778
2814
2886
3024
3168
3255
3306
3335
3255
3002
2648
2221
1794
1439
1273
1273
1461
1765
2054
2293
2488
2604
2676
2727
2756
2756
2727
2691
2662
2626
2597
2590
2604
2640
2676
2691
2705
2720
2734
2749
2756
2770
2770
2778
2778
2770
2763
2756
2749
2742
2734
2727
2713
2698
2676
2669
2691
2734
2785
2814
2843
2865
2893
2915
2937
2944
2959
2966
2973
2973
2980
2980
2988
2995
3002
3016
3024
3031
3045
3067
3089
3111
3132
3147
3168
3183
3205
3219
3234
3234
3234
3219
3205
3190
3176
3161
3147
3125
3103
3089
3089
3089
3096
3111
3125
3139
3161
3205
3205
3139
3082
3031
2988
2951
2922
2901
2879
2857
2850
2836
2836
2836
2836
2836
2836
2836
2836
2843
2850
2850
2857
2857
2857
2857
2850
2850
2836
2828
2814
2807
2799
2792
2792
2785
2778
2778
2770
2763
2763
2756
2749
2734
2727
2720
2713
2713
2713
2713
2713
2713
2720
2727
2734
2742
2742
2749
2756
2763
2770
2778
2792
2799
2807
2814
2828
2843
2857
2872
2886
2886
2893
2893
2893
2893
2893
2886
2886
2893
2908
2915
2893
2886
2879
2872
2865
2857
2850
2850
2850
2843
2836
2843
2843
2850
2857
2865
2872
2879
2893
2908
2915
2915
2915
2915
2922
2922
2930
2937
2937
2944
2944
2951
2951
2959
2959
2959
2959
2959
2959
2959
2959
2959
2959
2959
2959
2959
2959
2959
2959
2966
2966
2973
2980
2988
2995
2995
3002
3016
3024
3045
3074
3118
3154
3190
3226
3277
3335
3371
3393
3414
3422
3436
3436
3443
3443
3429
3414
3385
3364
3328
3270
3219
3168
3096
2988
2886
2792
2698
2633
2575
2525
2481
2452
2423
2402
2387
2373
2358
2358
2358
2380
2402
2438
2474
2539
2604
2669
2734
2807
2893
2988
3053
3096
3053
2915
2669
2336
1931
1504
1135
0969
0976
1135
1396
1656
1859
1975
2083
2192
2307
2394
2430
2452
2467
2481
2496
2517
2539
2561
2575
2590
2604
2619
2626
2626
2626
2626
2633
2633
2640
2633
2626
2619
2619
2611
2611
2604
2597
2582
2582
2597
2626
2662
2676
2684
2698
2713
2727
2742
2756
2770
2785
2792
2799
2807
2814
2821
2821
2821
2821
2828
2843
2850
2865
2879
2886
2901
2908
2915
2922
2922
2922
2915
2915
2915
2915
2915
2915
2922
2922
2930
2937
2944
2944
2944
2944
2937
2930
2922
2908
2901
2886
2872
2865
2850
2850
2843
2836
2821
2807
2792
2778
2763
2749
2734
2720
2705
2691
2691
2684
2676
2669
2669
2662
2662
2662
2655
2648
2640
2633
2626
2626
2633
2633
2633
2640
2648
2655
2669
2684
2698
2713
2720
2734
2749
2770
2792
2821
2850
2857
2872
2879
2893
2901
2908
2915
2930
2944
2951
2959
2959
2966
2973
2973
2980
2980
2980
2980
2980
2980
2988
2988
2988
2988
2988
2995
2995
3002
3002
3002
3002
2995
2995
2988
2988
2980
2980
2973
2966
2966
2966
2966
2959
2959
2951
2951
2944
2944
2951
2951
2951
2951
2951
2951
2959
2959
2959
2959
2951
2944
2937
2944
2944
2951
2951
2959
2959
2959
2930
2893
2879
2857
2843
2821
2807
2792
2785
2778
2770
2778
2792
2807
2828
2850
2872
2893
2908
2930
2959
2988
3016
3038
3060
3082
3111
3132
3161
3183
3205
3226
3262
3299
3328
3335
3335
3335
3342
3357
3342
3270
3154
3024
2944
2879
2807
2763
2734
2713
2684
2669
2655
2648
2640
2633
2633
2626
2619
2619
2619
2611
2604
2597
2611
2648
2691
2749
2828
2865
2901
2930
2959
2959
2930
2865
2676
2315
1815
1295
0940
0824
0918
1186
1613
1996
2264
2394
2496
2590
2662
2713
2713
2648
2597
2546
2510
2517
2553
2597
2626
2655
2669
2691
2705
2720
2742
2756
2770
2778
2778
2785
2785
2785
2785
2778
2778
2785
2792
2799
2807
2807
2814
2828
2836
2850
2857
2865
2872
2879
2886
2901
2908
2922
2930
2937
2951
2966
2980
3002
3016
3031
3038
3053
3060
3074
3089
3103
3118
3132
3147
3168
3183
3205
3219
3226
3241
3241
3241
3241
3226
3212
3197
3176
3154
3132
3103
3067
3024
2995
2980
2966
2951
2944
2937
2930
2922
2908
2901
2886
2872
2865
2850
2843
2828
2821
2814
2807
2799
2792
2785
2770
2763
2749
2742
2742
2734
2727
2720
2720
2720
2720
2720
2713
2713
2705
2705
2698
2698
2698
2684
2669
2662
2655
2669
2691
2720
2742
2749
2749
2763
2770
2785
2799
2807
2807
2807
2807
2807
2807
2807
2807
2799
2799
2792
2792
2799
2799
2799
2799
2799
2799
2799
2799
2792
2792
2799
2799
2807
2814
2821
2821
2828
2828
2828
2821
2807
2792
2778
2756
2742
2727
2720
2705
2698
2698
2698
2698
2705
2713
2720
2727
2734
2742
2749
2756
2763
2770
2770
2770
2770
2770
2763
2763
2756
2749
2742
2742
2734
2734
2727
2727
2720
2720
2727
2734
2749
2756
2770
2785
2799
2821
2836
2850
2872
2893
2930
2959
2995
3031
3067
3111
3147
3176
3197
3212
3234
3248
3270
3277
3262
3226
3168
3082
2959
2872
2807
2727
2633
2561
2539
2532
2517
2510
2503
2503
2510
2539
2575
2604
2633
2669
2705
2742
2770
2785
2799
2814
2836
2850
2879
2893
2886
2879
2865
2843
2763
2532
2242
1917
1606
1381
1309
1352
1475
1714
1975
2206
2402
2517
2611
2669
2713
2749
2770
2785
2799
2807
2814
2821
2828
2836
2843
2850
2850
2850
2850
2850
2850
2850
2857
2865
2879
2886
2886
2886
2886
2886
2879
2879
2872
2865
2850
2850
2843
2828
2814
2792
2763
2756
2770
2799
2828
2836
2843
2850
2850
2865
2872
2879
2886
2893
2901
2908
2922
2930
2930
2937
2937
2944
2951
2959
2966
2973
2988
2995
3016
3031
3045
3053
3053
3045
3031
3009
2988
2966
2937
2901
2865
2843
2828
2814
2799
2785
2778
2763
2756
2749
2749
2734
2727
2713
2698
2684
2676
2662
2640
2611
2553
2532
2517
2517
2510
2510
2503
2496
2496
2496
2496
2496
2496
2488
2488
2488
2496
2503
2503
2503
2503
2503
2503
2503
2503
2503
2503
2503
2510
2510
2517
2525
2539
2553
2575
2597
2626
2662
2698
2727
2756
2785
2799
2785
2763
2756
2742
2727
2713
2705
2713
2727
2749
2778
2799
2821
2843
2865
2893
2908
2908
2901
2872
2850
2821
2785
2727
2691
2698
2713
2720
2727
2734
2742
2749
2749
2756
2763
2778
2792
2807
2814
2821
2828
2843
2857
2886
2908
2908
2886
2872
2857
2850
2850
2843
2836
2821
2814
2807
2807
2807
2807
2799
2799
2807
2807
2814
2821
2828
2836
2843
2850
2850
2836
2821
2807
2792
2785
2799
2836
2850
2872
2908
2959
3024
3074
3118
3154
3190
3212
3234
3255
3364
3494
3530
3552
3566
3574
3566
3552
3523
3494
3443
3306
3190
3132
3082
3045
3016
2995
2966
2937
2908
2879
2865
2850
2850
2843
2828
2821
2814
2807
2807
2814
2821
2828
2836
2850
2872
2908
3016
3111
3168
3176
3147
3053
2893
2698
2445
2156
1859
1620
1541
1577
1692
1953
2271
2553
2713
2749
2770
2792
2814
2836
2850
2872
2908
2951
2980
2966
2922
2850
2778
2734
2713
2705
2713
2749
2785
2799
2807
2807
2814
2821
2828
2828
2836
2843
2850
2850
2850
2850
2850
2850
2850
2850
2850
2850
2850
2850
2850
2850
2850
2857
2857
2865
2872
2872
2879
2886
2901
2908
2922
2930
2959
2988
3016
3045
3074
3096
3118
3132
3154
3168
3183
3190
3197
3183
3168
3147
3125
3111
3089
3067
3038
3009
2995
2980
2973
2959
2951
2944
2937
2922
2901
2879
2857
2843
2821
2799
2778
2763
2756
2756
2749
2742
2734
2720
2713
2713
2713
2727
2742
2763
2785
2821
2872
2879
2850
2828
2821
2814
2807
2799
2799
2792
2785
2770
2756
2749
2734
2720
2705
2691
2662
2611
2568
2517
2488
2459
2430
2416
2409
2423
2445
2474
2503
2539
2575
2611
2640
2662
2676
2691
2705
2713
2720
2720
2727
2734
2734
2734
2734
2734
2742
2749
2756
2756
2756
2763
2763
2763
2763
2763
2756
2756
2756
2763
2770
2785
2785
2778
2778
2770
2770
2763
2756
2749
2742
2734
2734
2734
2734
2734
2734
2734
2742
2749
2749
2734
2705
2691
2676
2669
2662
2655
2640
2626
2619
2619
2611
2604
2597
2590
2590
2590
2590
2597
2590
2590
2582
2582
2575
2568
2553
2553
2575
2619
2655
2705
2763
2821
2850
2872
2893
2908
2930
2944
2959
2973
2973
2980
2995
3002
3024
3060
3132
3168
3197
3212
3190
3139
3096
3053
2995
2915
2807
2655
2553
2481
2438
2409
2394
2380
2365
2358
2344
2336
2336
2329
2322
2315
2315
2315
2307
2300
2286
2279
2300
2358
2438
2546
2655
2742
2814
2850
2785
2590
2293
1938
1526
1106
0817
0723
0824
1143
1635
2054
2199
2250
2206
2148
2105
2112
2177
2206
2221
2235
2242
2257
2264
2271
2279
2286
2293
2307
2315
2315
2315
2315
2315
2322
2329
2336
2344
2351
2365
2402
2402
2351
2315
2293
2271
2250
2235
2235
2250
2264
2279
2300
2322
2336
2358
2387
2409
2430
2452
2481
2532
2619
2691
2763
2828
2893
2951
2995
3045
3082
3118
3154
3183
3219
3262
3299
3313
3328
3342
3357
3364
3378
3385
3400
3400
3407
3414
3414
3414
3414
3400
3385
3371
3357
3335
3320
3306
3291
3277
3262
3248
3234
3226
3212
3197
3183
3168
3154
3147
3139
3132
3125
3118
3111
3111
3103
3103
3103
3103
3096
3103
3103
3103
3111
3118
3118
3118
3118
3118
3111
3111
3111
3103
3103
3103
3103
3096
3096
3096
3096
3096
3089
3096
3096
3103
3103
3111
3118
3125
3125
3132
3139
3147
3154
3168
3176
3197
3219
3248
3277
3299
3313
3328
3335
3335
3335
3335
3342
3349
3349
3357
3357
3357
3349
3349
3349
3342
3342
3342
3335
3335
3335
3342
3349
3364
3385
3407
3422
3436
3443
3451
3451
3451
3458
3458
3465
3465
3472
3472
3472
3472
3472
3465
3458
3451
3443
3429
3422
3414
3407
3407
3407
3407
3400
3400
3385
3357
3342
3378
3443
3465
3480
3494
3501
3508
3516
3523
3537
3545
3552
3566
3574
3574
3581
3581
3588
3595
3610
3617
3624
3639
3660
3718
3776
3827
3856
3885
3906
3921
3928
3921
3906
3877
3841
3769
3624
3487
3342
3183
3045
2930
2807
2662
2517
2416
2373
2336
2300
2271
2242
2206
2163
2105
2061
2025
2004
1989
1975
1967
1953
1953
1946
1946
1953
1967
1982
2011
2040
2076
2170
2300
2373
2423
2373
2184
1794
1237
0622
0180
0130
0274
0745
1229
1432
1483
1512
1555
1606
1649
1678
1707
1743
1765
1787
1808
1823
1837
1859
1881
1895
1910
1924
1924
1931
1938
1953
1960
1967
1975
1982
1989
1996
2004
2011
2018
2025
2040
2047
2054
2061
2069
2076
2083
2083
2090
2090
2098
2105
2112
2127
2141
2163
2177
2199
2221
2242
2264
2286
2300
2322
2358
2394
2423
2452
2474
2496
2510
2532
2546
2561
2561
2568
2568
2575
2575
2575
2575
2575
2575
2575
2582
2582
2575
2575
2575
2575
2568
2553
2539
2525
2510
2503
2488
2481
2467
2452
2445
2438
2438
2430
2430
2423
2416
2409
2402
2394
2387
2373
2365
2365
2358
2358
2358
2358
2358
2365
2365
2365
2365
2358
2358
2351
2351
2358
2358
2365
2373
2380
2387
2394
2402
2416
2423
2438
2445
2452
2467
2488
2510
2532
2553
2575
2590
2604
2626
2648
2669
2698
2749
2778
2770
2763
2763
2756
2749
2734
2734
2749
2778
2799
2814
2821
2836
2850
2857
2872
2886
2886
2879
2872
2865
2865
2857
2850
2843
2836
2836
2836
2836
2836
2836
2836
2828
2828
2821
2814
2807
2807
2807
2814
2814
2821
2821
2821
2821
2828
2828
2828
2821
2814
2807
2799
2807
2807
2814
2814
2814
2814
2821
2828
2843
2850
2850
2850
2850
2857
2872
2879
2879
2886
2893
2901
2908
2922
2937
2951
2966
2980
2995
3009
3024
3045
3060
3082
3103
3132
3168
3226
3291
3335
3371
3407
3436
3472
3501
3530
3537
3523
3487
3436
3378
3270
3089
2937
2843
2770
2742
2727
2713
2698
2691
2684
2676
2669
2662
2662
2662
2662
2669
2676
2691
2713
2734
2756
2770
2792
2821
2857
2959
3045
3111
3168
3197
3176
3111
2944
2684
2365
2033
1736
1548
1483
1490
1591
1859
2148
2329
2488
2597
2691
2734
2749
2770
2792
2814
2828
2843
2850
2872
2886
2893
2901
2908
2915
2922
2944
2980
3024
3038
3024
2995
2966
2944
2922
2901
2886
2872
2872
2886
2908
2922
2930
2937
2944
2951
2966
2980
2988
2988
2995
3002
3009
3009
3016
3024
3031
3045
3060
3067
3082
3096
3103
3118
3132
3147
3154
3161
3168
3176
3183
3190
3197
3197
3205
3205
3205
3205
3197
3197
3183
3176
3161
3154
3139
3132
3118
3096
3082
3053
2995
2951
2930
2922
2908
2901
2893
2886
2879
2872
2857
2850
2828
2807
2785
2770
2742
2713
2691
2676
2669
2662
2662
2655
2655
2648
2640
2640
2640
2648
2655
2662
2669
2676
2684
2691
2705
2720
2727
2734
2734
2734
2727
2720
2720
2713
2705
2698
2691
2691
2691
2698
2705
2713
2720
2720
2727
2734
2742
2742
2749
2756
2763
2770
2770
2778
2778
2778
2778
2778
2778
2778
2785
2785
2785
2792
2799
2807
2814
2814
2814
2807
2807
2807
2799
2792
2785
2778
2778
2770
2778
2778
2778
2785
2785
2792
2792
2799
2799
2799
2799
2792
2785
2785
2778
2778
2770
2763
2749
2742
2727
2727
2720
2720
2705
2691
2676
2669
2669
2684
2698
2720
2734
2742
2756
2763
2778
2792
2799
2814
2828
2843
2850
2872
2893
2915
2937
2959
3002
3053
3103
3147
3183
3226
3270
3313
3335
3349
3357
3364
3371
3385
3371
3306
3212
3111
3024
2922
2843
2778
2727
2698
2684
2669
2662
2655
2640
2633
2619
2611
2604
2590
2575
2561
2553
2568
2590
2626
2676
2778
2843
2879
2908
2915
2908
2879
2850
2778
2662
2459
2221
1946
1635
1309
1041
0955
1012
1193
1577
1953
2199
2279
2329
2365
2394
2416
2438
2452
2474
2488
2510
2532
2561
2597
2648
2669
2655
2626
2597
2568
2546
2546
2553
2568
2582
2597
2604
2604
2582
2561
2546
2525
2510
2517
2561
2604
2633
2655
2684
2713
2742
2770
2792
2821
2850
2872
2893
2901
2893
2879
2857
2850
2821
2807
2843
2893
2922
2944
2966
2988
3009
3024
3031
3038
3045
3053
3067
3074
3082
3089
3111
3103
3045
3009
2980
2959
2937
2915
2893
2879
2857
2850
2828
2814
2792
2778
2763
2749
2734
2720
2705
2691
2684
2684
2691
2705
2720
2742
2756
2770
2792
2807
2821
2828
2828
2821
2807
2785
2770
2756
2742
2734
2720
2705
2691
2676
2669
2662
2662
2655
2662
2669
2676
2698
2720
2734
2749
2763
2778
2785
2792
2807
2807
2814
2814
2821
2828
2836
2843
2850
2857
2857
2865
2872
2879
2879
2886
2893
2893
2901
2908
2915
2922
2937
2944
2959
2966
2966
2951
2937
2922
2908
2893
2886
2886
2879
2872
2865
2865
2857
2850
2850
2850
2850
2850
2850
2850
2850
2850
2850
2850
2850
2843
2843
2843
2850
2850
2850
2857
2865
2879
2886
2893
2901
2915
2922
2930
2951
3002
3045
3053
3031
2988
2951
2908
2879
2872
2872
2865
2850
2850
2857
2908
2944
2980
3016
3053
3096
3139
3190
3234
3270
3291
3306
3320
3328
3342
3349
3349
3357
3357
3349
3342
3328
3313
3291
3262
3212
3096
3002
2930
2857
2828
2807
2785
2763
2749
2734
2720
2720
2720
2713
2720
2720
2727
2734
2742
2756
2763
2778
2785
2799
2836
2865
2901
2937
2988
3038
3045
3002
2872
2626
2271
1844
1439
1237
1172
1280
1598
1960
2235
2365
2459
2539
2633
2705
2763
2807
2814
2792
2756
2734
2705
2684
2669
2691
2720
2756
2778
2799
2821
2843
2850
2850
2850
2850
2850
2850
2843
2836
2828
2821
2814
2814
2807
2807
2807
2807
2807
2807
2814
2814
2821
2828
2836
2850
2850
2865
2879
2886
2893
2901
2908
2908
2915
2922
2930
2944
2959
2973
2988
3002
3016
3031
3038
3045
3053
3053
3053
3045
3045
3038
3038
3031
3031
3031
3024
3016
3009
3002
2995
2980
2966
2944
2930
2893
2857
2821
2785
2749
2713
2691
2669
2648
2633
2619
2611
2604
2604
2604
2611
2611
2619
2626
2640
2648
2662
2662
2669
2676
2684
2691
2698
2698
2705
2705
2705
2713
2713
2720
2720
2720
2720
2720
2727
2734
2742
2749
2756
2756
2763
2770
2770
2778
2785
2792
2792
2792
2799
2799
2807
2814
2814
2821
2821
2828
2836
2836
2836
2836
2836
2836
2836
2836
2836
2836
2836
2836
2843
2850
2850
2857
2857
2857
2857
2857
2857
2857
2857
2865
2865
2865
2872
2879
2886
2893
2893
2901
2901
2901
2901
2901
2908
2908
2908
2915
2922
2922
2930
2937
2937
2937
2937
2937
2937
2937
2930
2930
2930
2930
2937
2944
2944
2944
2944
2944
2944
2944
2944
2944
2944
2944
2951
2973
2973
2922
2893
2865
2850
2843
2850
2872
2915
2973
3053
3118
3154
3176
3190
3205
3219
3234
3248
3255
3270
3277
3284
3299
3313
3349
3400
3422
3436
3458
3385
3255
3125
3024
2944
2865
2756
2633
2553
2496
2467
2488
2532
2553
2568
2582
2590
2604
2619
2633
2655
2676
2698
2720
2734
2756
2792
2828
2850
2857
2857
2865
2879
2893
2828
2626
2344
1989
1606
1287
1179
1215
1345
1714
2119
2452
2539
2568
2532
2423
2365
2373
2459
2496
2510
2525
2532
2539
2546
2553
2568
2575
2582
2590
2597
2604
2597
2597
2590
2590
2590
2590
2590
2597
2597
2597
2597
2604
2604
2611
2611
2619
2619
2619
2619
2626
2626
2626
2633
2633
2640
2640
2648
2655
2662
2669
2676
2691
2698
2713
2727
2749
2770
2792
2814
2828
2850
2857
2879
2901
2915
2930
2937
2937
2944
2944
2937
2930
2915
2893
2879
2865
2850
2836
2814
2785
2763
2749
2727
2713
2691
2662
2633
2604
2575
2553
2517
2496
2488
2503
2525
2532
2539
2546
2553
2553
2561
2568
2575
2582
2582
2582
2582
2575
2575
2575
2575
2575
2575
2575
2582
2582
2597
2604
2619
2626
2633
2640
2648
2648
2655
2662
2669
2684
2705
2727
2749
2770
2792
2814
2821
2828
2836
2836
2836
2836
2836
2836
2836
2836
2836
2843
2843
2843
2836
2836
2828
2828
2828
2828
2821
2814
2807
2807
2807
2814
2814
2821
2821
2814
2814
2814
2807
2807
2807
2807
2814
2821
2828
2836
2843
2843
2850
2850
2850
2850
2857
2857
2857
2879
2893
2893
2865
2828
2807
2785
2763
2742
2727
2727
2720
2727
2727
2727
2727
2734
2749
2756
2763
2770
2763
2763
2756
2749
2742
2727
2727
2734
2742
2749
2756
2770
2778
2785
2785
2785
2785
2778
2770
2756
2734
2734
2807
2865
2922
2988
3038
3111
3190
3234
3262
3284
3299
3313
3320
3313
3306
3284
3255
3226
3197
3139
3082
3038
2959
2843
2756
2705
2669
2640
2619
2604
2590
2575
2568
2561
2546
2532
2517
2510
2496
2474
2459
2452
2467
2496
2532
2597
2698
2792
2850
2915
2980
3038
3045
3009
2908
2604
2148
1656
1251
1106
1128
1389
1787
2163
2467
2611
2691
2749
2770
2749
2698
2676
2662
2648
2633
2619
2611
2604
2604
2597
2590
2582
2582
2590
2597
2604
2604
2604
2604
2611
2611
2619
2619
2626
2633
2648
2669
2698
2727
2756
2792
2843
2886
2937
2966
2973
2988
2995
3009
3024
3038
3045
3053
3060
3060
3067
3082
3089
3096
3103
3132
3147
3132
3111
3096
3089
3082
3074
3067
3067
3067
3060
3060
3060
3060
3067
3067
3074
3074
3074
3082
3089
3096
3111
3118
3111
3082
3045
3009
2966
2922
2872
2836
2799
2763
2756
2770
2799
2828
2850
2857
2879
2893
2908
2908
2908
2901
2893
2893
2893
2886
2886
2886
2879
2872
2872
2865
2857
2850
2850
2850
2850
2850
2850
2850
2850
2850
2850
2850
2850
2850
2850
2857
2879
2893
2901
2908
2922
2930
2937
2944
2951
2959
2959
2966
2973
2973
2980
2980
2988
2995
2995
3002
3009
3024
3031
3038
3038
3045
3045
3045
3045
3045
3045
3045
3045
3045
3045
3045
3045
3053
3053
3045
3045
3045
3045
3045
3045
3045
3045
3045
3053
3060
3060
3067
3067
3067
3067
3074
3074
3074
3067
3060
3053
3045
3045
3038
3031
3024
3016
3009
3002
3002
2995
2980
2966
2951
2937
2930
2922
2915
2908
2908
2908
2922
2937
2951
2966
2980
2995
3016
3038
3074
3111
3147
3168
3190
3212
3241
3270
3299
3328
3357
3385
3422
3458
3487
3516
3537
3559
3631
3718
3747
3769
3783
3791
3783
3769
3733
3689
3617
3480
3335
3212
3125
3060
3002
2944
2886
2865
2857
2850
2850
2843
2843
2843
2843
2836
2836
2836
2843
2850
2857
2872
2893
2908
2944
3024
3139
3299
3472
3559
3617
3653
3603
3436
3139
2734
2257
1823
1562
1541
1664
2004
2387
2676
2814
2836
2850
2865
2872
2886
2893
2908
2922
2937
2951
2966
2973
2988
3002
3031
3060
3082
3096
3103
3118
3132
3154
3168
3139
3089
3053
3031
3016
2995
2980
2966
2951
2937
2922
2915
2915
2908
2901
2901
2893
2893
2886
2886
2879
2879
2879
2879
2879
2872
2872
2879
2879
2886
2886
2893
2893
2893
2893
2893
2901
2901
2908
2915
2915
2879
2857
2843
2821
2821
2843
2857
2879
2893
2915
2922
2930
2915
2893
2865
2836
2799
2763
2720
2684
2648
2619
2597
2582
2568
2553
2539
2525
2510
2496
2488
2474
2459
2452
2445
2438
2430
2430
2423
2416
2409
2402
2394
2387
2380
2380
2373
2373
2380
2387
2387
2394
2402
2409
2409
2416
2423
2423
2430
2430
2430
2430
2430
2430
2423
2423
2423
2423
2423
2423
2423
2423
2423
2430
2445
2452
2459
2474
2481
2488
2503
2517
2539
2561
2590
2626
2655
2684
2698
2713
2727
2727
2727
2727
2727
2727
2727
2720
2720
2720
2727
2727
2734
2734
2734
2734
2727
2727
2727
2727
2720
2720
2713
2713
2713
2720
2727
2727
2734
2742
2749
2749
2756
2749
2742
2734
2734
2727
2727
2727
2720
2720
2713
2713
2713
2705
2684
2662
2669
2691
2698
2698
2698
2698
2698
2705
2705
2713
2727
2734
2742
2749
2756
2756
2770
2778
2785
2799
2821
2843
2865
2893
2915
2944
2973
3009
3060
3111
3161
3197
3234
3262
3277
3270
3248
3212
3161
3074
2937
2850
2785
2684
2626
2590
2553
2532
2510
2496
2488
2481
2481
2474
2467
2459
2452
2452
2452
2452
2459
2467
2481
2496
2517
2553
2597
2676
2749
2799
2843
2865
2850
2792
2619
2365
2054
1743
1483
1309
1244
1237
1280
1410
1613
1873
2184
2474
2582
2619
2517
2409
2322
2329
2438
2503
2553
2590
2619
2633
2640
2648
2648
2655
2662
2669
2676
2676
2684
2676
2684
2684
2684
2691
2698
2705
2713
2720
2727
2742
2749
2742
2727
2713
2691
2698
2734
2763
2778
2792
2799
2821
2836
2850
2879
2908
2944
2973
2995
3016
3038
3067
3089
3103
3096
3067
3045
3024
3016
3002
2995
2980
2973
2959
2959
2951
2951
2959
2966
2973
2980
2995
3002
3016
3024
3038
3074
3096
3067
3009
2988
2973
2959
2944
2930
2922
2915
2908
2893
2879
2872
2865
2857
2857
2857
2865
2865
2865
2857
2850
2850
2843
2828
2814
2807
2792
2778
2770
2756
2749
2742
2734
2727
2720
2713
2705
2705
2698
2691
2691
2698
2705
2713
2727
2734
2742
2749
2763
2770
2778
2778
2785
2785
2792
2792
2799
2807
2814
2821
2821
2821
2821
2821
2821
2821
2821
2821
2821
2814
2814
2814
2814
2814
2814
2807
2807
2807
2807
2807
2807
2799
2792
2785
2785
2770
2749
2742
2756
2763
2770
2778
2785
2792
2792
2778
2756
2742
2742
2734
2727
2713
2705
2691
2691
2684
2684
2684
2684
2684
2684
2691
2691
2698
2698
2698
2691
2691
2691
2691
2691
2691
2691
2691
2691
2691
2691
2684
2669
2655
2720
2763
2785
2799
2814
2828
2843
2850
2857
2872
2879
2893
2901
2915
2930
2980
3053
3082
3103
3111
3089
3031
2959
2850
2720
2575
2474
2416
2373
2351
2336
2329
2315
2307
2300
2293
2293
2307
2329
2358
2380
2409
2438
2467
2496
2517
2539
2553
2575
2626
2720
2807
2850
2857
2821
2720
2467
2119
1678
1208
0810
0672
0709
0983
1410
1830
2156
2315
2351
2380
2402
2416
2430
2452
2467
2481
2496
2510
2517
2525
2532
2539
2546
2553
2553
2561
2568
2575
2582
2590
2590
2590
2590
2590
2597
2597
2604
2604
2611
2619
2626
2633
2633
2633
2633
2633
2640
2640
2648
2655
2662
2669
2684
2698
2713
2720
2727
2734
2742
2749
2756
2763
2770
2778
2785
2799
2807
2821
2836
2843
2850
2850
2850
2843
2843
2836
2836
2828
2828
2836
2836
2843
2850
2850
2850
2843
2836
2836
2828
2821
2807
2799
2792
2792
2799
2814
2828
2843
2850
2850
2865
2879
2893
2908
2908
2908
2908
2915
2922
2937
2937
2937
2930
2922
2915
2908
2908
2908
2901
2893
2886
2886
2879
2872
2865
2865
2857
2857
2857
2865
2872
2879
2886
2893
2908
2915
2922
2930
2937
2937
2944
2944
2951
2959
2966
2980
2988
3002
3009
3016
3016
3024
3024
3016
3009
3002
2995
2988
2980
2980
2973
2973
2973
2973
2973
2973
2973
2973
2973
2966
2959
2959
2959
2951
2951
2951
2951
2944
2951
2951
2951
2959
2959
2959
2966
2966
2959
2959
2959
2959
2959
2959
2959
2951
2951
2959
2959
2966
2973
2973
2980
2980
2980
2980
2988
2988
2995
2995
2995
2995
3002
3002
3009
3016
3024
3038
3060
3082
3103
3125
3139
3161
3183
3219
3277
3328
3378
3436
3508
3574
3631
3689
3740
3798
3834
3870
3899
3928
3964
3993
4022
4051
4080
4095
4095
4087
4066
4029
3972
3863
3733
3624
3581
3559
3545
3530
3516
3501
3494
3487
3487
3480
3480
3480
3480
3487
3494
3501
3508
3516
3523
3537
3552
3574
3595
3631
3711
3733
3762
3754
3617
3407
3139
2821
2481
2242
2163
2242
2496
2879
3219
3407
3472
3508
3545
3574
3595
3617
3631
3653
3660
3675
3682
3689
3689
3697
3704
3711
3718
3726
3733
3740
3754
3762
3769
3762
3754
3733
3711
3689
3660
3639
3610
3574
3545
3516
3494
3480
3472
3465
3458
3451
3451
3458
3458
3451
3443
3436
3429
3422
3414
3414
3407
3400
3393
3393
3393
3385
3378
3371
3349
3335
3313
3299
3284
3270
3255
3241
3234
3219
3212
3197
3190
3176
3161
3139
3132
3118
3111
3096
3082
3053
3002
2915
2879
2865
2850
2843
2821
2807
2792
2770
2749
2705
2626
2553
2474
2394
2344
2336
2322
2315
2307
2329
2344
2358
2373
2373
2365
2351
2329
2307
2279
2264
2279
2307
2329
2344
2365
2380
2380
2373
2358
2336
2322
2315
2300
2286
2271
2257
2250
2257
2271
2279
2293
2300
2315
2329
2344
2358
2373
2373
2358
2344
2322
2307
2300
2286
2271
2250
2242
2235
2235
2250
2264
2286
2300
2315
2329
2351
2365
2380
2394
2402
2409
2416
2416
2423
2430
2438
2438
2438
2438
2445
2459
2467
2481
2481
2481
2481
2481
2481
2474
2474
2459
2452
2445
2445
2445
2445
2445
2438
2438
2430
2430
2423
2423
2416
2409
2409
2402
2402
2409
2409
2409
2409
2409
2402
2402
2402
2394
2394
2394
2394
2394
2402
2402
2409
2409
2416
2416
2423
2423
2430
2438
2452
2474
2503
2546
2597
2655
2713
2763
2792
2821
2850
2937
3016
3053
3082
3111
3132
3154
3205
3248
3270
3284
3212
3082
2959
2879
2821
2763
2691
2604
2553
2517
2496
2496
2503
2510
2517
2517
2496
2481
2474
2467
2459
2467
2481
2510
2539
2590
2684
2763
2821
2879
2930
2966
2995
3002
2988
2966
2893
2698
2380
1953
1504
1172
1128
1222
1577
1996
2358
2561
2633
2691
2734
2778
2792
2785
2756
2734
2713
2691
2698
2727
2763
2785
2799
2807
2814
2814
2821
2828
2836
2850
2850
2857
2865
2872
2879
2886
2893
2908
2908
2915
2930
2944
2951
2966
2980
2988
2995
3002
3016
3024
3031
3038
3060
3096
3096
3060
3031
3009
2995
2980
2973
2980
3002
3024
3038
3045
3060
3074
3096
3111
3125
3132
3139
3147
3161
3168
3176
3183
3183
3190
3197
3205
3212
3212
3212
3205
3190
3176
3154
3132
3103
3053
3002
2959
2922
2893
2865
2850
2821
2799
2778
2763
2756
2749
2749
2742
2727
2720
2713
2705
2691
2676
2662
2648
2633
2626
2619
2611
2604
2604
2597
2597
2590
2590
2582
2575
2561
2546
2539
2532
2525
2525
2525
2517
2517
2510
2510
2510
2510
2503
2488
2467
2452
2452
2481
2532
2575
2619
2662
2705
2734
2742
2749
2749
2749
2749
2742
2742
2713
2698
2684
2669
2662
2648
2648
2655
2662
2676
2691
2705
2727
2749
2749
2734
2713
2698
2684
2669
2662
2655
2648
2648
2648
2655
2662
2669
2676
2684
2698
2705
2713
2705
2691
2676
2655
2626
2590
2561
2582
2626
2669
2713
2742
2713
2655
2604
2553
2517
2503
2496
2481
2459
2445
2481
2553
2611
2662
2705
2720
2713
2691
2662
2648
2633
2611
2597
2590
2604
2626
2662
2691
2720
2756
2785
2821
2843
2857
2872
2893
2915
2944
2973
3009
3053
3103
3132
3168
3197
3226
3241
3248
3241
3234
3219
3197
3168
3111
3002
2886
2770
2684
2633
2597
2575
2561
2553
2539
2532
2525
2525
2517
2517
2517
2517
2525
2539
2553
2568
2590
2611
2633
2669
2742
2828
2893
2944
2988
2988
2966
2915
2763
2503
2177
1823
1512
1331
1266
1324
1475
1736
1989
2134
2257
2344
2430
2546
2662
2734
2785
2785
2756
2742
2727
2720
2713
2705
2698
2691
2684
2676
2669
2669
2662
2655
2655
2655
2662
2691
2713
2734
2749
2756
2770
2792
2807
2814
2828
2828
2836
2843
2850
2850
2857
2865
2865
2872
2872
2872
2872
2872
2879
2879
2886
2901
2908
2915
2922
2937
2951
2973
3002
3024
3053
3089
3139
3197
3248
3291
3320
3342
3364
3378
3393
3400
3400
3378
3357
3335
3306
3291
3277
3262
3248
3234
3226
3212
3205
3197
3183
3168
3154
3154
3154
3161
3176
3183
3197
3212
3226
3248
3270
3284
3299
3313
3328
3349
3371
3385
3407
3422
3436
3451
3465
3480
3487
3487
3487
3494
3494
3494
3494
3494
3494
3501
3501
3501
3508
3508
3516
3523
3523
3523
3523
3516
3508
3501
3494
3487
3480
3465
3458
3443
3429
3422
3400
3378
3335
3291
3234
3161
3089
3002
2930
2872
2828
2792
2763
2734
2698
2662
2626
2597
2568
2546
2525
2503
2474
2452
2430
2416
2402
2387
2365
2351
2336
2329
2322
2322
2322
2315
2307
2307
2300
2293
2286
2279
2271
2264
2257
2257
2250
2250
2250
2250
2250
2250
2257
2257
2264
2257
2257
2250
2250
2242
2242
2242
2242
2242
2242
2242
2250
2257
2264
2264
2271
2271
2271
2279
2279
2286
2286
2286
2293
2300
2307
2322
2336
2351
2373
2409
2459
2510
2561
2611
2655
2698
2734
2770
2799
2821
2836
2828
2821
2799
2778
2742
2705
2648
2539
2430
2329
2250
2192
2148
2119
2098
2076
2061
2054
2047
2040
2040
2040
2047
2054
2076
2098
2119
2148
2184
2228
2300
2380
2452
2510
2561
2597
2619
2604
2561
2503
2394
2221
1931
1656
1360
1222
1121
1049
1121
1338
1591
1844
2119
2250
2307
2336
2351
2380
2409
2445
2496
2597
2742
2785
2799
2814
2821
2821
2828
2836
2850
2850
2857
2865
2872
2865
2865
2865
2872
2879
2886
2886
2893
2893
2901
2908
2915
2922
2930
2937
2937
2944
2959
2966
2973
2988
3002
3031
3067
3103
3147
3183
3219
3255
3284
3306
3328
3349
3364
3371
3378
3385
3400
3407
3414
3414
3422
3422
3422
3414
3414
3407
3400
3385
3371
3364
3349
3342
3320
3306
3284
3262
3226
3147
3074
3038
3024
3009
3002
2995
2995
2988
2980
2966
2951
2937
2930
2922
2908
2901
2886
2872
2857
2828
2756
2720
2705
2691
2676
2662
2655
2655
2655
2648
2655
2662
2676
2705
2734
2770
2799
2828
2872
2922
2966
2995
3024
3067
3111
3139
3118
3089
3074
3067
3053
3045
3038
3038
3038
3045
3060
3082
3096
3111
3125
3139
3161
3176
3183
3183
3183
3183
3176
3168
3154
3139
3118
3089
3082
3089
3103
3111
3118
3125
3132
3139
3147
3154
3161
3168
3168
3168
3168
3168
3168
3176
3176
3183
3197
3205
3212
3219
3226
3234
3241
3248
3255
3270
3291
3328
3328
3277
3234
3190
3168
3197
3255
3284
3313
3342
3357
3371
3371
3371
3357
3342
3320
3299
3262
3226
3219
3234
3248
3255
3262
3270
3277
3284
3291
3306
3320
3335
3349
3364
3371
3385
3400
3422
3451
3480
3494
3480
3443
3400
3320
3183
3074
3009
2973
2944
2930
2915
2908
2893
2879
2872
2865
2857
2857
2857
2857
2865
2879
2901
2922
2944
2966
2988
3009
3031
3067
3132
3190
3190
3161
3118
3045
2922
2691
2416
2069
1707
1374
1164
1092
1157
1331
1642
1953
2192
2271
2322
2365
2430
2539
2619
2676
2698
2684
2655
2611
2568
2648
2756
2843
2843
2843
2843
2836
2836
2828
2828
2836
2836
2843
2850
2850
2850
2857
2865
2872
2886
2893
2901
2908
2922
2937
2951
2973
2988
3002
3016
3038
3053
3074
3089
3103
3111
3118
3125
3139
3154
3168
3176
3190
3205
3219
3234
3248
3255
3255
3262
3262
3262
3262
3262
3255
3255
3255
3248
3248
3241
3234
3219
3212
3197
3183
3168
3147
3132
3111
3074
3024
2988
2959
2930
2879
2814
2778
2763
2749
2734
2720
2713
2705
2698
2691
2684
2676
2669
2662
2655
2640
2619
2590
2575
2582
2604
2626
2648
2669
2691
2684
2648
2604
2575
2546
2517
2496
2481
2474
2481
2503
2517
2532
2546
2561
2575
2597
2611
2633
2648
2662
2669
2684
2698
2713
2720
2727
2734
2749
2763
2778
2792
2807
2807
2814
2821
2821
2828
2821
2821
2814
2821
2828
2843
2850
2850
2850
2843
2836
2828
2814
2792
2785
2792
2799
2814
2821
2828
2828
2807
2785
2770
2756
2734
2734
2742
2756
2770
2778
2792
2799
2814
2821
2821
2821
2814
2807
2799
2785
2770
2749
2734
2713
2698
2684
2669
2655
2648
2640
2648
2662
2684
2705
2727
2749
2770
2792
2814
2843
2850
2865
2872
2879
2886
2901
2908
2915
2922
2930
2944
2951
2966
2966
2959
2944
2915
2879
2843
2785
2676
2590
2488
2358
2228
2090
1996
1931
1902
1902
1902
1902
1902
1902
1895
1895
1888
1895
1895
1902
1910
1924
1931
1938
1946
1953
1953
1953
1953
1938
1924
1910
1888
1852
1815
1656
1389
1078
0759
0535
0448
0448
0535
0759
1020
1273
1483
1635
1772
1866
1917
1931
1946
1953
1960
1960
1967
1975
1975
1982
1982
1989
1989
1989
1996
1996
1996
2004
2004
2011
2018
2033
2047
2061
2076
2090
2098
2112
2119
2134
2141
2141
2148
2163
2170
2184
2206
2228
2242
2264
2279
2300
2315
2329
2344
2358
2380
2416
2452
2488
2517
2546
2568
2597
2619
2648
2669
2698
2720
2742
2763
2785
2807
2821
2843
2850
2865
2886
2901
2915
2930
2944
2959
2973
2988
2995
2995
2995
2988
2973
2944
2922
2901
2879
2857
2850
2836
2814
2807
2792
2778
2763
2763
2756
2763
2763
2770
2778
2785
2785
2792
2799
2807
2814
2814
2821
2821
2828
2836
2843
2850
2850
2850
2857
2865
2872
2872
2879
2879
2879
2879
2879
2879
2886
2893
2893
2901
2901
2908
2915
2915
2915
2915
2915
2922
2922
2922
2922
2922
2922
2922
2922
2922
2930
2930
2930
2937
2937
2944
2951
2951
2944
2937
2937
2930
2930
2922
2915
2908
2893
2886
2886
2886
2879
2872
2872
2865
2865
2857
2850
2828
2799
2785
2778
2778
2785
2785
2785
2785
2785
2785
2792
2792
2799
2799
2792
2792
2792
2792
2792
2792
2785
2778
2778
2778
2778
2778
2778
2778
2778
2778
2778
2778
2778
2778
2778
2778
2778
2778
2778
2785
2785
2792
2799
2799
2807
2814
2828
2836
2850
2850
2857
2879
2951
3024
3089
3132
3168
3197
3226
3255
3277
3291
3306
3320
3335
3349
3371
3385
3393
3371
3320
3255
3139
2980
2865
2785
2734
2713
2698
2684
2669
2655
2648
2640
2640
2640
2640
2648
2655
2676
2691
2720
2734
2756
2778
2807
2850
2872
2908
2944
2980
3009
3009
2995
2951
2836
2597
2250
1844
1468
1273
1280
1475
1859
2250
2430
2474
2510
2553
2597
2648
2705
2778
2821
2814
2807
2807
2799
2799
2799
2814
2850
2879
2908
2944
2966
2973
2980
2988
2995
3002
3002
3002
2995
2988
2988
2988
2988
2988
2980
2980
2973
2980
2988
2995
3002
3016
3024
3031
3045
3053
3067
3074
3089
3103
3125
3147
3176
3197
3219
3241
3262
3284
3306
3320
3335
3349
3371
3393
3414
3429
3443
3451
3451
3451
3451
3443
3436
3429
3422
3407
3400
3393
3378
3349
3320
3320
3335
3364
3378
3400
3414
3422
3414
3393
3364
3335
3313
3299
3277
3248
3226
3212
3190
3176
3154
3139
3118
3103
3096
3082
3074
3060
3045
3024
3009
2995
2988
2988
2980
2966
2959
2951
2922
2865
2843
2828
2814
2799
2799
2821
2843
2865
2886
2922
2951
2959
2959
2944
2930
2922
2915
2908
2901
2893
2886
2879
2879
2879
2886
2886
2893
2901
2908
2915
2922
2915
2901
2886
2879
2872
2865
2857
2850
2850
2850
2850
2850
2850
2850
2850
2850
2850
2850
2850
2843
2836
2828
2821
2814
2814
2807
2807
2807
2799
2792
2778
2770
2763
2756
2749
2749
2756
2763
2778
2785
2799
2814
2828
2850
2865
2865
2857
2836
2814
2785
2763
2734
2727
2720
2727
2734
2749
2763
2778
2792
2792
2778
2763
2749
2742
2727
2720
2705
2698
2691
2684
2684
2691
2698
2705
2713
2727
2749
2770
2799
2850
2886
2915
2930
2944
2951
2937
2908
2872
2836
