3046
3162
3274
3373
3428
3447
3407
3339
3274
3184
3097
3034
2996
2954
2908
2857
2805
2774
2758
2746
2734
2726
2717
2706
2693
2686
2695
2714
2736
2762
2786
2816
2860
2913
2960
3003
3044
3083
3118
3150
3187
3229
3271
3316
3360
3404
3447
3484
3525
3571
3617
3693
3788
3897
3999
4064
4086
4086
4064
4002
3915
3817
3707
3586
3469
3379
3339
3317
3302
3286
3265
3233
3196
3175
3162
3158
3167
3195
3273
3382
3524
3684
3842
3975
4050
4055
4007
3876
3696
3487
3264
3047
2849
2687
2569
2544
2543
2543
2543
2543
2537
2525
2510
2492
2469
2466
2485
2534
2605
2675
2748
2793
2849
2885
2908
2906
2844
2740
2621
2506
2407
2323
2245
2166
2085
2044
2023
2010
2001
1998
2003
2013
2026
2040
2057
2065
2059
2043
2020
1978
1947
1929
1919
1914
1917
1928
1941
1966
2012
2062
2093
2105
2113
2116
2115
2109
2103
2097
2093
2102
2118
2136
2158
2181
2200
2218
2228
2221
2203
2175
2136
2106
2088
2072
2057
2037
2013
1992
1973
1958
1942
1923
1895
1851
1802
1756
1711
1669
1630
1590
1560
1541
1534
1540
1551
1563
1575
1581
1571
1551
1528
1501
1482
1457
1414
1363
1306
1246
1194
1150
1109
1069
1026
0992
0969
0970
0998
1026
1051
1070
1087
1104
1127
1149
1169
1186
1205
1227
1259
1306
1355
1398
1438
1479
1522
1563
1604
1641
1671
1700
1749
1821
1914
2013
2115
2211
2298
2374
2442
2512
2549
2575
2597
2618
2647
2689
2730
2759
2782
2804
2826
2849
2876
2901
2928
2962
3003
3074
3162
3255
3338
3419
3459
3482
3497
3501
3493
3472
3440
3394
3361
3341
3330
3323
3316
3308
3304
3307
3322
3344
3369
3403
3420
3442
3479
3519
3546
3552
3556
3560
3558
3535
3521
3512
3504
3497
3490
3482
3473
3465
3459
3454
3451
3450
3445
3442
3438
3434
3429
3426
3422
3419
3413
3406
3394
3344
3270
3186
3100
3021
2978
2948
2928
2917
2925
2947
2981
3021
3044
3059
3032
2991
2938
2880
2830
2754
2678
2603
2581
2568
2578
2656
2767
2906
3065
3227
3350
3389
3364
3292
3130
2931
2717
2507
2320
2164
2075
2046
2060
2107
2180
2205
2212
2215
2218
2221
2223
2223
2220
2214
2206
2196
2184
2165
2144
2124
2112
2103
2096
2088
2081
2075
2072
2068
2063
2054
2037
2000
1979
1967
1960
1954
1951
1951
1956
1964
1978
1995
2028
2077
2102
2118
2137
2158
2195
2231
2246
2255
2262
2270
2277
2287
2298
2308
2321
2332
2335
2332
2323
2308
2268
2184
2094
2009
1957
1920
1897
1886
1891
1902
1938
2016
2063
2079
2084
2072
2050
2031
2009
1997
1995
1992
1991
1988
1985
1984
1982
1982
1982
1984
1987
1992
2001
2010
2020
2031
2047
2063
2078
2091
2100
2107
2115
2122
2130
2137
2146
2153
2161
2166
2172
2177
2181
2187
2193
2199
2206
2215
2223
2230
2236
2242
2246
2251
2255
2258
2261
2264
2267
2270
2273
2277
2280
2283
2284
2286
2286
2286
2287
2289
2293
2298
2304
2314
2327
2342
2360
2372
2382
2391
2400
2405
2411
2419
2425
2429
2432
2436
2438
2439
2441
2442
2444
2444
2445
2447
2450
2453
2456
2457
2460
2462
2463
2464
2466
2469
2470
2470
2470
2472
2470
2470
2470
2469
2467
2466
2464
2462
2459
2454
2451
2448
2445
2442
2435
2429
2422
2417
2420
2429
2438
2448
2457
2463
2470
2478
2485
2492
2498
2506
2512
2518
2523
2528
2534
2540
2546
2550
2554
2556
2556
2554
2551
2547
2541
2534
2528
2521
2516
2510
2506
2501
2497
2492
2488
2484
2481
2476
2473
2470
2470
2470
2473
2475
2478
2481
2485
2491
2498
2507
2518
2528
2590
2702
2851
3029
3218
3391
3525
3591
3594
3534
3376
3150
2880
2611
2386
2274
2239
2268
2355
2445
2484
2498
2506
2513
2522
2535
2549
2557
2562
2566
2571
2574
2577
2581
2585
2591
2597
2602
2606
2611
2616
2621
2628
2634
2643
2653
2662
2671
2680
2686
2690
2696
2702
2712
2727
2746
2770
2786
2799
2813
2823
2833
2842
2849
2852
2855
2858
2861
2863
2866
2867
2870
2872
2873
2875
2875
2873
2872
2869
2866
2863
2858
2854
2848
2844
2839
2830
2807
2779
2751
2723
2700
2647
2566
2472
2383
2346
2330
2318
2311
2311
2321
2342
2398
2473
2495
2500
2501
2504
2506
2506
2501
2491
2475
2422
2330
2267
2246
2236
2236
2246
2262
2284
2327
2419
2525
2580
2599
2608
2603
2593
2588
2587
2585
2584
2580
2577
2575
2572
2569
2566
2565
2565
2563
2563
2563
2563
2562
2562
2560
2557
2556
2554
2551
2550
2549
2546
2544
2543
2541
2540
2538
2535
2528
2518
2507
2498
2491
2482
2476
2469
2463
2456
2447
2439
2431
2422
2411
2400
2386
2373
2355
2327
2292
2273
2254
2234
2215
2172
2105
2025
1948
1904
1869
1842
1826
1814
1804
1798
1807
1823
1838
1854
1861
1851
1830
1814
1799
1787
1774
1761
1750
1743
1736
1728
1721
1714
1709
1705
1702
1696
1686
1643
1569
1495
1420
1392
1379
1368
1370
1396
1466
1563
1675
1779
1861
1928
1967
1997
2016
2034
2050
2057
2062
2066
2069
2072
2074
2077
2079
2082
2085
2088
2091
2094
2099
2102
2105
2109
2112
2119
2133
2146
2158
2169
2180
2189
2197
2206
2217
2225
2237
2254
2315
2400
2515
2670
2861
3078
3298
3490
3611
3622
3555
3314
2960
2562
2212
1988
1945
1957
2056
2137
2159
2171
2184
2195
2205
2224
2249
2274
2289
2296
2302
2308
2311
2315
2321
2327
2333
2339
2345
2349
2355
2360
2366
2372
2379
2386
2395
2404
2413
2423
2435
2448
2459
2467
2473
2481
2490
2500
2512
2525
2541
2557
2575
2594
2615
2630
2641
2652
2662
2671
2678
2686
2693
2699
2705
2711
2717
2720
2723
2726
2727
2727
2726
2723
2718
2712
2705
2696
2687
2674
2652
2630
2611
2585
2557
2532
2522
2516
2510
2504
2500
2497
2494
2492
2491
2491
2491
2492
2494
2497
2501
2504
2509
2513
2518
2521
2525
2528
2529
2531
2531
2531
2532
2534
2535
2537
2538
2538
2540
2541
2543
2544
2544
2543
2541
2538
2537
2535
2535
2534
2534
2532
2532
2534
2534
2534
2532
2532
2531
2529
2528
2526
2525
2522
2519
2516
2516
2515
2513
2509
2504
2500
2495
2492
2488
2485
2479
2464
2451
2448
2448
2448
2448
2448
2448
2448
2448
2450
2450
2450
2450
2450
2450
2451
2453
2454
2454
2456
2456
2457
2459
2459
2459
2457
2457
2456
2456
2456
2456
2456
2454
2454
2454
2456
2457
2459
2460
2462
2463
2464
2467
2469
2470
2470
2470
2472
2473
2475
2476
2476
2478
2478
2481
2482
2485
2488
2488
2490
2490
2490
2491
2492
2494
2494
2495
2498
2500
2503
2506
2510
2513
2515
2518
2519
2522
2525
2534
2543
2547
2537
2518
2498
2488
2481
2473
2466
2459
2451
2445
2439
2435
2431
2429
2426
2425
2425
2425
2425
2425
2425
2425
2425
2422
2419
2414
2411
2411
2419
2431
2448
2510
2597
2717
2875
3069
3295
3525
3715
3785
3767
3599
3280
2892
2525
2252
2156
2124
2166
2240
2302
2317
2321
2326
2329
2332
2335
2336
2341
2344
2345
2348
2351
2354
2357
2361
2364
2369
2373
2376
2382
2386
2391
2397
2403
2408
2414
2422
2429
2433
2441
2447
2451
2456
2460
2466
2470
2476
2485
2495
2515
2534
2553
2572
2585
2599
2611
2621
2628
2636
2641
2647
2652
2656
2662
2667
2672
2675
2678
2677
2672
2665
2656
2644
2633
2621
2606
2590
2575
2562
2551
2540
2525
2506
2487
2466
2441
2414
2392
2380
2373
2367
2363
2358
2354
2349
2346
2344
2341
2338
2333
2329
2318
2311
2313
2324
2339
2345
2349
2352
2355
2358
2363
2366
2367
2370
2373
2376
2380
2383
2388
2391
2394
2397
2400
2404
2408
2411
2416
2420
2425
2429
2432
2436
2441
2444
2448
2453
2456
2460
2464
2467
2470
2472
2475
2478
2479
2479
2479
2481
2482
2484
2485
2488
2490
2491
2492
2494
2495
2497
2498
2500
2501
2503
2503
2503
2504
2506
2507
2509
2512
2513
2515
2516
2519
2521
2523
2525
2526
2528
2529
2529
2531
2531
2532
2534
2535
2537
2540
2543
2546
2547
2549
2551
2553
2556
2559
2560
2563
2565
2568
2572
2580
2585
2591
2594
2596
2594
2593
2587
2580
2571
2535
2478
2417
2377
2344
2318
2296
2280
2265
2258
2268
2286
2301
2313
2324
2336
2349
2361
2374
2389
2405
2422
2433
2442
2450
2456
2463
2470
2476
2479
2475
2467
2454
2438
2410
2363
2338
2323
2311
2307
2310
2320
2335
2360
2408
2470
2503
2510
2518
2522
2521
2510
2492
2467
2423
2373
2321
2280
2249
2224
2203
2187
2180
2187
2206
2264
2355
2475
2630
2824
3062
3317
3556
3733
3797
3708
3471
3133
2782
2510
2411
2407
2485
2572
2602
2609
2618
2625
2602
2531
2408
2256
2105
1975
1879
1848
1835
1826
1854
1904
1944
1961
1973
1985
1995
2031
2109
2193
2261
2298
2323
2339
2345
2338
2318
2267
2221
2205
2230
2305
2422
2549
2675
2793
2898
2990
3019
3026
3031
3035
3038
3038
3038
3037
3037
3034
3029
3022
2996
2908
2788
2662
2602
2582
2599
2621
2637
2616
2554
2490
2470
2463
2459
2462
2484
2497
2506
2512
2516
2522
2529
2537
2546
2553
2563
2575
2596
2615
2633
2655
2680
2687
2696
2705
2678
2600
2521
2442
2364
2273
2171
2074
2041
2023
2029
2100
2180
2261
2346
2442
2541
2582
2597
2562
2504
2450
2405
2361
2284
2200
2150
2134
2161
2208
2242
2258
2271
2290
2338
2425
2479
2498
2518
2537
2566
2616
2652
2671
2684
2693
2699
2702
2705
2709
2715
2721
2721
2714
2702
2681
2649
2587
2525
2462
2388
2299
2196
2085
1975
1873
1786
1765
1761
1779
1876
2026
2205
2369
2464
2498
2487
2472
2462
2488
2569
2678
2755
2782
2768
2730
2672
2653
2649
2647
2647
2646
2640
2631
2612
2556
2450
2318
2175
2043
1929
1835
1758
1702
1669
1649
1635
1619
1602
1584
1565
1556
1563
1581
1631
1697
1777
1864
1950
2044
2141
2231
2314
2388
2450
2512
2575
2633
2687
2739
2759
2773
2780
2761
2706
2624
2538
2464
2419
2403
2397
2404
2420
2467
2521
2572
2625
2652
2668
2678
2683
2677
2656
2596
2512
2419
2323
2228
2146
2103
2088
2103
2150
2245
2367
2490
2597
2680
2718
2733
2733
2726
2702
2664
2600
2521
2444
2398
2383
2411
2495
2667
2895
3152
3386
3543
3590
3525
3364
3128
2858
2599
2397
2333
2339
2433
2531
2571
2582
2578
2574
2569
2581
2603
2600
2543
2433
2311
2206
2171
2159
2175
2225
2274
2332
2374
2389
2367
2301
2192
2078
2019
2000
2013
2032
2048
2057
2079
2136
2209
2292
2367
2419
2448
2498
2582
2695
2799
2854
2855
2808
2718
2622
2538
2475
2442
2431
2432
2454
2515
2615
2734
2842
2923
2984
2998
3003
3006
2997
2972
2929
2860
2776
2681
2577
2463
2348
2233
2137
2066
2025
2012
2025
2066
2134
2218
2313
2400
2470
2529
2556
2553
2516
2441
2339
2230
2134
2077
2057
2071
2110
2181
2274
2385
2491
2585
2641
2661
2649
2618
2584
2565
2532
2491
2432
2357
2268
2177
2107
2060
2031
2020
2034
2075
2152
2236
2317
2382
2423
2438
2438
2429
2398
2370
2361
2372
2403
2448
2491
2526
2559
2585
2593
2587
2569
2534
2504
2491
2481
2470
2462
2459
2451
2457
2485
2506
2518
2525
2529
2532
2535
2537
2543
2534
2476
2410
2346
2295
2246
2183
2100
2015
1941
1897
1880
1894
1930
2013
2133
2271
2374
2386
2339
2227
2149
2146
2205
2324
2420
2442
2441
2420
2419
2444
2495
2565
2605
2597
2515
2358
2197
2091
2060
2097
2178
2265
2323
2338
2341
2344
2324
2270
2183
2090
2028
2020
2046
2130
2221
2289
2339
2398
2485
2590
2678
2696
2687
2621
2538
2469
2428
2411
2401
2394
2401
2420
2475
2549
2628
2695
2740
2758
2767
2773
2755
2702
2628
2546
2469
2408
2352
2290
2227
2183
2177
2200
2268
2335
2374
2394
2420
2462
2523
2585
2613
2622
2633
2641
2652
2661
2665
2664
2656
2646
2647
2675
2731
2808
2913
3047
3201
3358
3500
3606
3639
3625
3528
3323
3003
2590
2159
1835
1724
1724
1839
1967
2044
2071
2085
2109
2166
2259
2357
2450
2506
2510
2481
2423
2385
2373
2386
2411
2432
2447
2464
2501
2557
2609
2631
2643
2652
2655
2653
2647
2630
2532
2397
2251
2125
2038
1998
1995
2022
2091
2187
2298
2422
2547
2652
2724
2770
2792
2811
2826
2848
2880
2922
2950
2959
2963
2960
2951
2926
2892
2849
2807
2770
2749
2717
2671
2616
2574
2556
2543
2512
2436
2323
2203
2105
2060
2046
2056
2074
2099
2150
2251
2370
2457
2491
2459
2377
2265
2153
2068
2001
1932
1855
1777
1715
1663
1621
1600
1571
1545
1537
1559
1621
1724
1832
1928
2026
2158
2323
2500
2646
2730
2748
2752
2755
2757
2757
2754
2749
2740
2715
2659
2588
2484
2342
2172
1989
1835
1770
1771
1842
1958
2079
2180
2256
2307
2311
2289
2202
2105
2057
2056
2099
2162
2224
2283
2346
2429
2525
2611
2637
2646
2650
2647
2641
2622
2581
2526
2476
2445
2433
2425
2398
2342
2264
2192
2147
2113
2091
2071
2059
2074
2118
2184
2264
2351
2429
2473
2488
2481
2460
2429
2419
2429
2444
2462
2472
2478
2488
2504
2526
2546
2535
2523
2518
2512
2507
2500
2479
2410
2314
2223
2168
2144
2128
2107
2079
2057
2038
2022
2001
1953
1871
1773
1687
1658
1665
1730
1836
1970
2130
2320
2525
2708
2827
2845
2833
2796
2774
2773
2785
2817
2844
2833
2761
2616
2456
2326
2283
2289
2364
2473
2587
2690
2768
2814
2830
2835
2832
2824
2805
2755
2687
2618
2565
2535
2516
2495
2481
2467
2470
2510
2568
2602
2602
2568
2510
2464
2444
2419
2388
2360
2351
2366
2408
2466
2522
2565
2602
2655
2749
2901
3128
3423
3745
4003
4095
3969
3664
3263
2851
2532
2388
2370
2419
2522
2568
2560
2478
2361
2261
2230
2220
2224
2233
2227
2193
2175
2166
2162
2171
2186
2203
2233
2293
2380
2454
2476
2482
2490
2495
2516
2535
2541
2522
2490
2466
2454
2439
2414
2364
2321
2318
2348
2425
2485
2492
2469
2419
2395
2388
2385
2385
2392
2407
2450
2529
2622
2720
2802
2867
2908
2920
2926
2934
2938
2944
2956
2972
2985
2994
2979
2957
2935
2903
2872
2836
2814
2788
2768
2743
2712
2667
2591
2482
2333
2150
1958
1799
1737
1745
1845
2010
2192
2372
2513
2578
2526
2383
2181
1973
1830
1787
1854
2000
2161
2282
2318
2315
2265
2214
2189
2180
2192
2227
2280
2311
2311
2274
2225
2196
2186
2196
2212
2233
2270
2315
2394
2491
2578
2608
2618
2605
2596
2591
2587
2582
2580
2577
2575
2574
2569
2556
2516
2451
2382
2314
2255
2206
2184
2178
2175
2171
2165
2161
2152
2119
2023
1901
1783
1678
1594
1550
1547
1573
1640
1725
1824
1928
2032
2138
2256
2376
2472
2547
2571
2578
2582
2584
2585
2585
2584
2581
2577
2571
2562
2554
2546
2538
2537
2541
2549
2537
2453
2321
2174
2031
1926
1888
1888
1919
1967
2029
2109
2192
2265
2333
2392
2429
2442
2459
2494
2549
2585
2600
2600
2590
2580
2568
2560
2540
2490
2400
2286
2180
2102
2068
2056
2056
2068
2102
2150
2211
2282
2352
2405
2433
2441
2448
2457
2466
2497
2541
2581
2594
2588
2566
2510
2436
2358
2287
2231
2200
2190
2197
2221
2271
2332
2395
2447
2466
2472
2456
2411
2380
2370
2377
2398
2438
2450
2453
2453
2454
2456
2459
2463
2479
2528
2588
2664
2768
2908
3069
3220
3336
3401
3410
3382
3292
3165
3001
2807
2609
2453
2382
2376
2414
2467
2472
2445
2369
2262
2136
2017
1963
1969
2051
2208
2372
2512
2603
2618
2612
2563
2532
2521
2537
2557
2574
2556
2504
2395
2267
2155
2071
2010
1976
1975
2000
2082
2200
2327
2445
2540
2611
2668
2721
2748
2757
2743
2700
2668
2655
2656
2672
2715
2767
2820
2878
2939
3001
3056
3083
3093
3097
3093
3083
3050
2984
2916
2854
2807
2771
2740
2705
2672
2662
2671
2700
2755
2773
2779
2771
2764
2761
2755
2751
2743
2721
2684
2664
2655
2649
2646
2643
2641
2640
2639
2637
2636
2634
2633
2633
2631
2630
2627
2625
2624
2622
2619
2618
2616
2615
2615
2613
2612
2611
2608
2605
2606
2612
2619
2628
2637
2646
2652
2662
2672
2678
2684
2689
2689
2686
2684
2681
2680
2678
2678
2680
2683
2687
2693
2702
2715
2727
2737
2745
2752
2761
2768
2771
2774
2776
2779
2780
2782
2783
2785
2786
2788
2789
2790
2790
2790
2790
2790
2789
2789
2789
2789
2788
2788
2786
2786
2785
2785
2785
2783
2783
2783
2782
2782
2779
2777
2774
2771
2770
2767
2764
2759
2757
2752
2748
2743
2739
2734
2730
2726
2721
2715
2709
2703
2696
2689
2662
2631
2597
2580
2569
2563
2559
2554
2549
2541
2528
2510
2488
2453
2404
2341
2267
2189
2125
2078
2038
2003
1982
1961
1942
1926
1910
1895
1879
1861
1849
1843
1839
1851
1870
1897
1929
1954
1967
1979
1995
2016
2041
2066
2090
2112
2133
2162
2197
2240
2254
2261
2256
2231
2217
2209
2206
2203
2202
2202
2203
2208
2211
2215
2223
2221
2205
2180
2153
2119
2084
2046
2007
1972
1951
1916
1871
1818
1761
1711
1663
1621
1591
1581
1594
1631
1730
1866
2009
2094
2088
1973
1658
1186
0665
0231
0020
0000
0110
0308
0494
0609
0628
0634
0634
0623
0615
0606
0603
0600
0595
0593
0590
0588
0588
0593
0598
0601
0606
0609
0612
0616
0619
0625
0638
0659
0668
0672
0674
0677
0678
0681
0684
0687
0693
0700
0731
0778
0836
0898
0961
1014
1059
1094
1115
1132
1146
1157
1172
1191
1206
1218
1231
1249
1270
1305
1337
1373
1411
1450
1489
1526
1538
1522
1472
1340
1160
0972
0830
0792
0883
1081
1323
1540
1669
1699
1693
1672
1662
1655
1652
1655
1661
1669
1684
1711
1736
1753
1770
1787
1804
1817
1829
1838
1848
1857
1867
1876
1880
1874
1863
1855
1848
1842
1838
1835
1835
1836
1838
1842
1848
1869
1916
1985
2062
2127
2189
2259
2346
2435
2507
2540
2549
2556
2565
2574
2582
2590
2597
2605
2611
2612
2611
2608
2600
2590
2556
2441
2276
2093
1951
1905
1982
2162
2385
2580
2699
2730
2739
2745
2746
2746
2746
2746
2746
2746
2746
2746
2749
2755
2761
2765
2770
2774
2779
2782
2783
2785
2785
2783
2780
2776
2770
2764
2749
2723
2699
2680
2664
2644
2627
2615
2613
2621
2641
2681
2718
2733
2745
2758
2779
2816
2849
2860
2866
2873
2878
2883
2894
2913
2928
2935
2944
2953
2959
2963
2967
2969
2970
2969
2966
2960
2950
2917
2844
2736
2606
2485
2431
2435
2522
2675
2824
2901
2907
2866
2848
2858
2931
3015
3060
3062
3024
2969
2935
2922
2911
2898
2878
2860
2848
2844
2848
2858
2867
2876
2882
2879
2873
2855
2805
2742
2675
2612
2562
2535
2526
2526
2534
2557
2600
2647
2686
2724
2737
2740
2743
2745
2746
2746
2746
2745
2743
2740
2737
2734
2730
2726
2723
2724
2727
2734
2755
2814
2904
3025
3181
3364
3566
3761
3912
3972
3879
3605
3177
2687
2256
1994
1954
2100
2346
2575
2690
2708
2678
2649
2639
2652
2661
2665
2670
2672
2674
2675
2677
2675
2675
2677
2677
2677
2675
2672
2671
2670
2670
2668
2668
2668
2667
2668
2670
2672
2678
2684
2696
2718
2730
2736
2740
2746
2754
2761
2770
2782
2792
2802
2817
2839
2878
2908
2919
2925
2926
2929
2932
2937
2934
2920
2907
2894
2885
2872
2852
2839
2835
2830
2827
2824
2821
2817
2814
2810
2804
2792
2768
2730
2693
2656
2631
2605
2580
2559
2544
2531
2521
2512
2504
2497
2491
2487
2482
2478
2475
2475
2473
2473
2472
2469
2467
2467
2470
2473
2476
2479
2482
2487
2490
2490
2485
2482
2476
2459
2391
2268
2102
1929
1799
1764
1845
2023
2246
2433
2510
2516
2482
2454
2447
2460
2472
2478
2482
2484
2487
2494
2500
2500
2490
2484
2481
2478
2475
2472
2467
2463
2460
2454
2447
2422
2379
2336
2311
2286
2265
2234
2197
2184
2174
2177
2211
2249
2268
2283
2302
2336
2386
2431
2439
2441
2444
2445
2447
2447
2447
2447
2447
2442
2432
2420
2389
2313
2209
2110
2035
2000
1982
1964
1929
1895
1895
1920
2006
2112
2196
2231
2249
2271
2320
2404
2478
2507
2521
2515
2506
2497
2495
2497
2497
2500
2501
2503
2503
2504
2504
2506
2504
2504
2503
2504
2504
2504
2501
2500
2500
2498
2495
2490
2479
2469
2431
2342
2233
2119
2019
1961
1939
1938
1953
1994
2074
2189
2317
2431
2518
2569
2585
2594
2602
2608
2612
2621
2633
2640
2646
2652
2650
2636
2615
2593
2578
2568
2556
2541
2528
2522
2519
2516
2515
2513
2513
2513
2515
2515
2516
2519
2515
2481
2426
2355
2286
2231
2203
2195
2209
2251
2336
2457
2609
2779
2957
3142
3342
3555
3752
3872
3875
3770
3493
3128
2751
2439
2249
2205
2211
2286
2357
2389
2398
2405
2411
2417
2426
2436
2450
2460
2469
2473
2475
2472
2469
2467
2464
2462
2460
2459
2460
2463
2464
2467
2470
2473
2476
2479
2481
2479
2476
2472
2464
2448
2431
2414
2403
2395
2401
2420
2448
2484
2518
2551
2591
2636
2675
2706
2720
2731
2740
2749
2755
2758
2761
2764
2767
2767
2765
2761
2754
2745
2733
2720
2706
2693
2683
2671
2661
2650
2637
2616
2594
2571
2546
2522
2498
2475
2451
2425
2403
2389
2380
2374
2370
2361
2344
2321
2299
2280
2267
2252
2233
2215
2206
2199
2199
2209
2218
2227
2236
2246
2262
2282
2292
2298
2302
2307
2311
2314
2315
2318
2320
2321
2321
2323
2321
2321
2320
2317
2314
2311
2307
2304
2299
2295
2290
2287
2287
2289
2290
2293
2295
2298
2302
2307
2310
2308
2302
2296
2290
2287
2283
2280
2274
2270
2264
2258
2251
2243
2233
2223
2217
2211
2197
2186
2180
2177
2189
2208
2230
2243
2251
2262
2279
2286
2292
2296
2301
2305
2308
2310
2313
2314
2315
2317
2318
2321
2323
2324
2329
2333
2339
2346
2355
2369
2377
2382
2383
2385
2386
2388
2389
2392
2394
2395
2395
2397
2397
2395
2394
2392
2391
2388
2386
2383
2380
2377
2374
2369
2357
2346
2336
2323
2310
2305
2301
2298
2308
2327
2345
2354
2358
2363
2369
2377
2386
2394
2401
2407
2413
2416
2419
2420
2420
2422
2423
2425
2428
2429
2429
2429
2428
2426
2425
2423
2420
2416
2417
2431
2454
2482
2503
2516
2522
2526
2529
2532
2528
2518
2506
2492
2481
2473
2464
2457
2447
2432
2414
2404
2400
2395
2392
2391
2392
2394
2398
2403
2407
2411
2416
2422
2428
2431
2436
2445
2462
2487
2525
2585
2683
2820
2996
3201
3420
3630
3785
3841
3755
3524
3171
2776
2433
2214
2140
2181
2277
2367
2403
2414
2404
2388
2377
2388
2419
2444
2451
2456
2459
2462
2463
2464
2466
2469
2472
2481
2497
2509
2516
2518
2515
2510
2507
2504
2503
2500
2500
2500
2501
2504
2509
2513
2519
2526
2535
2541
2547
2559
2577
2599
2619
2655
2687
2712
2731
2740
2748
2751
2752
2752
2752
2754
2754
2754
2754
2755
2755
2752
2748
2743
2737
2727
2712
2703
2696
2692
2687
2678
2667
2644
2616
2594
2571
2547
2521
2491
2464
2448
2435
2420
2404
2389
2374
2363
2352
2345
2344
2341
2338
2333
2339
2345
2348
2352
2354
2354
2352
2351
2349
2349
2348
2348
2346
2345
2344
2342
2342
2342
2342
2344
2345
2346
2349
2352
2355
2358
2361
2363
2363
2366
2367
2370
2372
2374
2377
2380
2383
2385
2385
2385
2383
2380
2377
2373
2370
2366
2363
2358
2354
2352
2349
2348
2346
2345
2344
2342
2339
2338
2335
2333
2330
2329
2329
2327
2327
2326
2324
2323
2323
2321
2320
2318
2315
2314
2313
2310
2308
2305
2302
2299
2296
2295
2293
2293
2293
2293
2293
2295
2296
2298
2299
2301
2302
2305
2307
2308
2308
2307
2302
2298
2293
2289
2282
2277
2277
2283
2293
2301
2307
2314
2321
2327
2335
2342
2345
2348
2349
2351
2352
2352
2354
2354
2355
2355
2357
2357
2358
2360
2360
2361
2361
2361
2363
2363
2364
2364
2366
2367
2369
2370
2373
2374
2377
2380
2383
2388
2392
2397
2400
2404
2408
2411
2414
2417
2423
2431
2444
2460
2469
2476
2481
2484
2482
2478
2470
2460
2447
2429
2410
2403
2398
2395
2392
2389
2388
2386
2385
2383
2382
2380
2379
2379
2379
2379
2380
2380
2380
2380
2379
2379
2377
2374
2391
2441
2528
2661
2830
3034
3257
3478
3667
3758
3751
3617
3317
2931
2538
2233
2077
2054
2099
2196
2277
2320
2336
2349
2355
2360
2364
2366
2369
2372
2373
2374
2376
2377
2379
2380
2383
2385
2386
2389
2392
2395
2398
2403
2407
2411
2420
2435
2450
2460
2467
2473
2481
2488
2495
2506
2521
2535
2546
2551
2557
2565
2571
2580
2594
2618
2637
2650
2662
2678
2700
2724
2739
2742
2742
2743
2745
2745
2745
2745
2742
2737
2730
2723
2714
2699
2687
2675
2658
2633
2608
2581
2556
2531
2506
2478
2448
2416
2391
2376
2366
2355
2348
2344
2338
2335
2330
2326
2320
2315
2311
2307
2304
2298
2292
2287
2286
2287
2292
2296
2301
2304
2307
2311
2315
2318
2321
2324
2326
2329
2330
2330
2330
2329
2326
2323
2321
2318
2317
2314
2313
2311
2310
2305
2298
2290
2289
2298
2310
2317
2323
2329
2335
2339
2345
2349
2352
2357
2360
2361
2363
2364
2366
2367
2369
2370
2370
2372
2370
2370
2370
2370
2369
2366
2364
2361
2360
2358
2355
2352
2349
2348
2349
2351
2357
2361
2366
2370
2374
2380
2385
2388
2386
2382
2377
2373
2370
2367
2364
2361
2358
2357
2355
2355
2355
2355
2355
2357
2358
2360
2361
2363
2364
2364
2364
2364
2366
2366
2364
2364
2363
2361
2361
2363
2363
2363
2364
2366
2367
2370
2373
2376
2377
2379
2380
2383
2388
2392
2395
2395
2392
2386
2382
2377
2374
2370
2366
2361
2357
2354
2352
2351
2351
2352
2354
2358
2363
2370
2377
2389
2410
2429
2447
2466
2484
2494
2501
2507
2512
2513
2513
2509
2501
2494
2487
2482
2476
2470
2464
2459
2454
2448
2444
2438
2433
2429
2425
2419
2414
2410
2407
2404
2403
2403
2403
2404
2407
2410
2414
2422
2429
2445
2485
2556
2655
2786
2950
3140
3350
3556
3724
3798
3718
3457
3047
2577
2158
1866
1764
1761
1849
1973
2093
2199
2287
2357
2388
2400
2404
2408
2411
2414
2417
2422
2426
2431
2433
2438
2441
2444
2447
2450
2454
2457
2462
2466
2470
2473
2476
2479
2484
2488
2492
2500
2515
2529
2543
2553
2560
2568
2574
2580
2585
2590
2594
2600
2612
2639
2653
2661
2667
2671
2674
2674
2674
2671
2668
2665
2661
2658
2655
2652
2647
2644
2640
2637
2633
2628
2622
2616
2605
2584
2565
2546
2526
2507
2491
2478
2462
2441
2425
2411
2397
2383
2372
2364
2360
2354
2351
2348
2345
2345
2345
2348
2351
2354
2355
2358
2360
2363
2366
2369
2370
2372
2373
2373
2372
2372
2367
2363
2357
2349
2342
2336
2330
2324
2318
2310
2302
2296
2293
2293
2298
2304
2313
2323
2332
2342
2354
2366
2377
2385
2392
2398
2403
2405
2407
2410
2411
2413
2414
2416
2417
2417
2419
2419
2419
2419
2417
2417
2417
2417
2417
2419
2420
2420
2422
2423
2425
2428
2428
2429
2429
2428
2426
2426
2425
2425
2423
2423
2422
2423
2423
2425
2425
2425
2425
2423
2422
2419
2416
2413
2408
2405
2401
2398
2395
2392
2389
2386
2382
2376
2369
2367
2372
2385
2400
2416
2436
2456
2473
2484
2490
2495
2501
2504
2509
2512
2515
2516
2518
2521
2522
2523
2525
2525
2525
2525
2523
2522
2522
2521
2521
2519
2518
2518
2516
2516
2516
2516
2515
2513
2513
2512
2509
2507
2506
2506
2504
2504
2506
2506
2507
2509
2510
2512
2512
2513
2515
2516
2518
2521
2523
2525
2525
2526
2526
2526
2526
2528
2526
2526
2528
2529
2532
2534
2531
2526
2519
2512
2507
2503
2497
2491
2487
2482
2482
2484
2488
2492
2497
2503
2509
2516
2525
2535
2546
2563
2622
2709
2838
3010
3220
3447
3658
3813
3878
3816
3609
3280
2891
2525
2258
2146
2136
2196
2284
2327
2336
2342
2346
2349
2354
2358
2364
2372
2377
2382
2386
2391
2397
2405
2416
2423
2423
2417
2407
2391
2363
2318
2292
2274
2264
2255
2245
2234
2254
2307
2374
2413
2441
2464
2488
2519
2566
2599
2615
2625
2634
2643
2650
2656
2664
2671
2681
2693
2706
2721
2742
2765
2774
2780
2786
2790
2790
2779
2764
2749
2734
2721
2711
2702
2692
2681
2671
2659
2646
2621
2585
2550
2515
2485
2463
2439
2420
2401
2386
2374
2361
2346
2327
2304
2270
2240
2220
2215
2214
2212
2211
2214
2233
2248
2261
2273
2286
2298
2304
2308
2313
2317
2320
2321
2324
2326
2327
2329
2329
2330
2330
2330
2332
2332
2333
2335
2336
2338
2338
2338
2338
2338
2336
2336
2336
2336
2336
2338
2338
2339
2341
2341
2342
2342
2341
2338
2333
2327
2321
2315
2310
2301
2286
2270
2251
2227
2203
2196
2192
2187
2186
2193
2209
2234
2276
2296
2305
2311
2317
2321
2326
2329
2332
2335
2336
2336
2338
2338
2338
2338
2336
2335
2333
2333
2335
2336
2339
2341
2342
2342
2341
2339
2338
2333
2327
2327
2335
2339
2342
2344
2346
2348
2348
2349
2349
2348
2345
2339
2333
2326
2317
2308
2293
2280
2274
2268
2262
2256
2254
2255
2267
2284
2299
2317
2332
2346
2358
2364
2370
2374
2377
2382
2383
2386
2388
2389
2391
2392
2395
2397
2398
2398
2398
2400
2403
2407
2410
2413
2416
2420
2425
2431
2438
2447
2456
2464
2473
2482
2492
2498
2501
2497
2488
2476
2460
2439
2405
2376
2358
2346
2338
2330
2323
2317
2313
2308
2304
2299
2292
2284
2282
2284
2295
2308
2324
2348
2369
2383
2395
2405
2413
2420
2442
2495
2590
2727
2901
3100
3313
3513
3673
3726
3708
3562
3276
2904
2521
2212
2046
2022
2066
2181
2282
2320
2332
2338
2344
2346
2351
2354
2357
2361
2363
2364
2366
2367
2370
2373
2376
2379
2379
2377
2373
2369
2364
2358
2352
2346
2344
2346
2357
2372
2389
2417
2438
2457
2473
2490
2506
2523
2540
2553
2565
2572
2580
2587
2596
2606
2618
2631
2643
2656
2668
2680
2695
2711
2720
2723
2726
2729
2731
2733
2733
2730
2723
2714
2703
2693
2680
2667
2655
2646
2636
2615
2581
2553
2531
2506
2475
2436
2397
2354
2320
2299
2280
2262
2249
2236
2225
2223
2225
2234
2245
2252
2259
2267
2276
2287
2298
2310
2318
2327
2335
2342
2346
2346
2346
2342
2338
2330
2320
2302
2262
2227
2202
2180
2149
2109
2077
2056
2056
2079
2147
2218
2261
2299
2329
2370
2391
2405
2416
2426
2432
2435
2435
2432
2429
2422
2414
2405
2397
2388
2373
2358
2349
2351
2358
2369
2382
2395
2416
2425
2431
2433
2438
2441
2442
2442
2438
2432
2428
2426
2425
2423
2422
2420
2419
2417
2417
2417
2417
2419
2419
2419
2420
2420
2419
2419
2419
2419
2419
2419
2420
2420
2420
2420
2420
2422
2422
2420
2417
2414
2411
2408
2407
2405
2403
2400
2395
2392
2389
2386
2379
2369
2360
2354
2349
2348
2345
2342
2336
2333
2342
2364
2385
2405
2426
2442
2448
2453
2457
2462
2466
2467
2470
2472
2473
2475
2476
2476
2476
2475
2473
2473
2473
2473
2473
2473
2475
2476
2478
2481
2482
2484
2485
2487
2490
2492
2495
2497
2500
2503
2507
2515
2523
2531
2534
2531
2522
2510
2498
2484
2463
2448
2442
2441
2439
2439
2438
2436
2435
2432
2432
2431
2431
2429
2429
2428
2429
2431
2432
2435
2438
2442
2445
2451
2456
2463
2472
2491
2541
2627
2740
2889
3077
3289
3504
3683
3764
3758
3636
3373
3026
2670
2383
2245
2197
2228
2280
2330
2351
2358
2366
2372
2377
2383
2391
2400
2408
2417
2423
2428
2431
2433
2436
2441
2445
2450
2456
2460
2466
2472
2478
2482
2484
2487
2488
2490
2491
2494
2497
2503
2510
2519
2528
2537
2546
2556
2566
2578
2596
2611
2624
2636
2647
2659
2672
2690
2708
2718
2726
2733
2740
2745
2749
2752
2754
2755
2757
2757
2755
2754
2752
2749
2745
2740
2736
2729
2718
2695
2672
2641
2600
2569
2553
2537
2516
2497
2481
2467
2456
2442
2431
2422
2410
2401
2394
2385
2376
2367
2358
2348
2338
2326
2311
2293
2273
2255
2234
2197
2144
2115
2096
2084
2084
2094
2113
2141
2193
2252
2314
2358
2388
2400
2386
2354
2314
2271
2262
2258
2252
2251
2268
2304
2344
2392
2422
2431
2435
2438
2442
2445
2448
2451
2453
2453
2454
2456
2459
2460
2460
2460
2459
2459
2459
2460
2460
2459
2457
2456
2454
2454
2456
2457
2457
2459
2459
2460
2462
2463
2463
2463
2462
2460
2459
2457
2454
2451
2447
2444
2441
2438
2435
2432
2431
2428
2426
2423
2420
2417
2416
2413
2408
2405
2401
2398
2394
2392
2391
2392
2394
2397
2400
2404
2407
2411
2416
2419
2422
2423
2425
2428
2429
2431
2432
2433
2435
2436
2438
2438
2436
2436
2433
2432
2431
2431
2431
2431
2431
2431
2431
2431
2432
2432
2432
2432
2432
2431
2431
2429
2428
2426
2425
2423
2422
2420
2419
2417
2417
2416
2416
2417
2417
2419
2422
2425
2428
2431
2435
2439
2444
2448
2456
2475
2494
2504
2515
2522
2531
2538
2543
2546
2541
2532
2519
2504
2488
2467
2451
2442
2436
2432
2431
2431
2431
2431
2431
2429
2428
2425
2422
2420
2420
2422
2423
2426
2429
2432
2438
2444
2451
2460
2469
2478
2534
2640
2788
2973
3184
3406
3606
3724
3766
3709
3527
3201
2826
2476
2223
2149
2125
2177
2267
2321
2329
2332
2335
2336
2338
2338
2338
2341
2341
2339
2339
2338
2335
2332
2329
2327
2324
2323
2321
2320
2315
2313
2329
2357
2373
2385
2395
2404
2413
2420
2429
2435
2442
2448
2456
2463
2472
2484
2507
2531
2557
2571
2578
2584
2591
2597
2605
2611
2616
2622
2627
2634
2641
2649
2656
2664
2672
2683
2693
2699
2705
2709
2714
2720
2729
2736
2740
2734
2721
2702
2678
2644
2600
2560
2528
2497
2467
2453
2442
2435
2431
2423
2417
2411
2407
2403
2398
2394
2391
2388
2385
2385
2385
2385
2383
2382
2379
2376
2373
2370
2367
2363
2360
2355
2354
2352
2352
2352
2352
2352
2351
2351
2352
2352
2352
2352
2354
2355
2358
2361
2364
2367
2369
2372
2374
2377
2380
2383
2385
2389
2392
2395
2400
2404
2408
2411
2414
2417
2419
2419
2419
2416
2413
2410
2408
2407
2405
2404
2404
2404
2404
2404
2403
2400
2395
2389
2383
2376
2370
2363
2355
2348
2342
2338
2335
2333
2332
2329
2326
2321
2318
2315
2314
2313
2311
2313
2315
2320
2326
2333
2339
2344
2348
2349
2352
2354
2355
2357
2358
2360
2361
2364
2367
2370
2373
2374
2376
2379
2380
2383
2385
2388
2391
2392
2395
2400
2404
2407
2410
2413
2413
2414
2414
2416
2417
2417
2419
2419
2419
2419
2419
2416
2411
2407
2400
2394
2389
2385
2379
2373
2366
2358
2352
2345
2330
2313
2295
2283
2276
2268
2258
2243
2218
2193
2137
2050
1938
1818
1708
1644
1593
1556
1535
1519
1503
1497
1509
1531
1550
1568
1585
1603
1627
1708
1815
1935
2054
2171
2292
2413
2521
2616
2650
2664
2662
2661
2659
2656
2653
2650
2647
2647
2646
2647
2646
2646
2647
2649
2653
2661
2670
2681
2696
2764
2901
3083
3302
3543
3773
3931
3987
3938
3780
3453
3060
2693
2436
2360
2364
2462
2537
2550
2559
2563
2569
2574
2577
2581
2587
2593
2596
2599
2600
2600
2602
2605
2611
2619
2639
2637
2611
2575
2525
2485
2454
2420
2392
2366
2355
2370
2403
2453
2515
2554
2585
2616
2658
2715
2754
2771
2786
2802
2820
2836
2852
2867
2883
2898
2910
2917
2922
2925
2928
2931
2934
2938
2941
2942
2944
2944
2944
2942
2938
2932
2923
2913
2900
2872
2820
2773
2724
2686
2661
2640
2621
2591
2546
2497
2448
2364
2264
2143
2010
1888
1787
1702
1665
1646
1632
1634
1663
1705
1761
1820
1874
1928
1987
2053
2112
2196
2280
2335
2388
2425
2451
2464
2472
2478
2484
2488
2494
2503
2510
2518
2525
2531
2538
2550
2568
2581
2584
2584
2585
2588
2591
2596
2599
2600
2599
2596
2593
2588
2584
2581
2575
2571
2565
2560
2557
2553
2546
2535
2525
2515
2506
2500
2494
2487
2479
2472
2466
2462
2457
2453
2448
2444
2439
2435
2432
2431
2428
2423
2419
2414
2407
2394
2383
2379
2376
2373
2372
2370
2370
2369
2369
2369
2369
2372
2374
2379
2385
2389
2394
2397
2400
2401
2403
2404
2405
2405
2405
2405
2405
2405
2407
2407
2408
2408
2408
2410
2411
2413
2416
2419
2422
2423
2426
2429
2431
2433
2438
2441
2444
2447
2450
2453
2454
2456
2456
2456
2456
2456
2456
2456
2454
2453
2453
2451
2451
2453
2454
2454
2454
2456
2457
2460
2463
2466
2469
2472
2475
2479
2485
2491
2495
2500
2506
2512
2521
2528
2535
2541
2546
2549
2551
2553
2551
2550
2546
2540
2534
2528
2523
2519
2513
2509
2504
2500
2497
2492
2487
2481
2475
2469
2464
2460
2459
2457
2456
2454
2453
2450
2447
2444
2436
2422
2423
2445
2512
2608
2739
2904
3099
3317
3534
3709
3774
3758
3606
3310
2941
2578
2298
2190
2155
2199
2280
2326
2333
2336
2338
2341
2342
2345
2346
2352
2357
2363
2367
2370
2373
2376
2379
2383
2388
2392
2398
2403
2408
2413
2419
2423
2429
2433
2439
2445
2451
2457
2463
2472
2481
2490
2497
2506
2513
2521
2526
2532
2538
2546
2554
2571
2588
2606
2625
2641
2656
2668
2680
2689
2698
2703
2709
2715
2720
2724
2726
2724
2718
2709
2698
2687
2675
2659
2643
2628
2618
2608
2587
2543
2501
2475
2448
2425
2404
2385
2367
2344
2320
2310
2301
2293
2287
2282
2276
2270
2265
2262
2259
2258
2256
2258
2261
2265
2270
2276
2282
2287
2293
2298
2302
2307
2310
2313
2317
2320
2324
2329
2333
2339
2344
2349
2355
2360
2363
2366
2367
2369
2372
2373
2373
2374
2374
2374
2376
2379
2380
2382
2383
2385
2386
2388
2388
2388
2386
2385
2385
2383
2385
2386
2388
2388
2389
2391
2392
2394
2395
2394
2392
2391
2391
2391
2392
2392
2392
2392
2392
2392
2392
2391
2389
2388
2386
2385
2383
2383
2383
2383
2383
2383
2383
2385
2385
2383
2382
2380
2379
2379
2377
2377
2379
2379
2379
2380
2383
2385
2386
2388
2388
2389
2389
2389
2391
2392
2394
2397
2400
2403
2405
2408
2411
2413
2414
2417
2419
2420
2422
2422
2422
2423
2423
2423
2423
2423
2425
2425
2426
2428
2428
2428
2429
2431
2431
2432
2433
2433
2433
2433
2435
2435
2436
2438
2439
2441
2442
2447
2450
2454
2459
2463
2467
2470
2475
2479
2482
2485
2487
2490
2491
2494
2495
2498
2500
2503
2504
2506
2507
2509
2509
2510
2509
2507
2506
2504
2501
2498
2495
2492
2490
2485
2482
2479
2478
2475
2472
2469
2467
2464
2463
2460
2457
2448
2436
2431
2431
2436
2448
2466
2526
2621
2751
2919
3118
3342
3566
3755
3825
3807
3637
3323
2945
2582
2315
2217
2184
2236
2282
2308
2327
2342
2354
2364
2372
2377
2383
2391
2397
2404
2410
2414
2419
2425
2432
2441
2450
2456
2460
2464
2467
2472
2476
2481
2485
2491
2495
2501
2509
2513
2518
2521
2522
2523
2528
2531
2537
2541
2546
2553
2563
2578
2593
2608
2622
2637
2653
2671
2695
2714
2724
2730
2734
2737
2740
2745
2748
2751
2752
2754
2754
2751
2746
2737
2727
2714
2699
2677
2634
2597
2562
2526
2490
2457
2431
2408
2391
2376
2363
2352
2344
2333
2327
2324
2321
2320
2317
2314
2311
2310
2307
2304
2301
2301
2299
2301
2302
2305
2308
2313
2315
2317
2320
2321
2323
2323
2324
2324
2326
2326
2329
2330
2333
2335
2338
2339
2341
2342
2344
2345
2345
2345
2346
2348
2349
2349
2349
2346
2342
2338
2333
2330
2326
2321
2315
2311
2308
2305
2304
2302
2299
2295
2289
2283
2277
2273
2268
2265
2262
2259
2259
2261
2264
2267
2270
2273
2276
2279
2282
2283
2284
2286
2286
2286
2287
2292
2298
2302
2305
2305
2302
2298
2293
2289
2284
2276
2270
2270
2283
2299
2308
2314
2321
2329
2336
2344
2349
2352
2355
2355
2354
2352
2348
2342
2335
2324
2314
2301
2271
2212
2161
2109
2060
2006
1961
1932
1930
1954
2022
2110
2189
2234
2276
2332
2364
2377
2389
2400
2408
2413
2417
2419
2420
2422
2423
2426
2426
2426
2425
2423
2423
2425
2426
2428
2429
2428
2428
2429
2431
2432
2435
2438
2441
2445
2451
2456
2460
2466
2469
2473
2479
2487
2494
2500
2504
2507
2509
2504
2498
2490
2479
2470
2460
2453
2445
2436
2431
2423
2417
2411
2405
2401
2398
2397
2398
2398
2401
2403
2405
2408
2413
2419
2426
2433
2454
2497
2568
2656
2777
2932
3121
3330
3534
3698
3767
3754
3611
3311
2925
2540
2249
2124
2113
2184
2290
2357
2370
2379
2386
2391
2395
2398
2401
2407
2411
2414
2417
2420
2422
2423
2426
2429
2431
2431
2431
2431
2432
2433
2433
2436
2439
2442
2447
2450
2451
2454
2457
2462
2464
2469
2475
2481
2488
2501
2519
2534
2547
2562
2577
2591
2608
2624
2640
2658
2675
2698
2714
2723
2729
2733
2736
2739
2742
2743
2746
2746
2743
2737
2729
2718
2705
2684
2647
2618
2596
2580
2563
2546
2528
2504
2475
2450
2431
2413
2394
2373
2361
2354
2348
2342
2336
2332
2327
2323
2318
2315
2313
2311
2310
2308
2307
2305
2302
2298
2295
2290
2287
2286
2286
2290
2296
2304
2311
2320
2327
2339
2349
2360
2364
2367
2369
2369
2370
2370
2373
2374
2374
2376
2376
2377
2377
2379
2377
2377
2374
2373
2372
2370
2369
2369
2367
2367
2367
2367
2369
2369
2367
2366
2364
2363
2363
2361
2361
2361
2361
2363
2364
2364
2366
2367
2367
2367
2367
2367
2366
2366
2364
2363
2361
2361
2360
2360
2358
2358
2357
2357
2357
2357
2357
2357
2355
2355
2355
2355
2355
2357
2357
2357
2357
2358
2360
2363
2364
2367
2370
2374
2379
2383
2388
2392
2395
2395
2397
2397
2398
2398
2398
2398
2398
2400
2400
2400
2401
2401
2401
2401
2401
2401
2401
2401
2403
2404
2407
2408
2411
2414
2416
2419
2423
2426
2429
2431
2431
2432
2435
2436
2438
2441
2442
2445
2447
2450
2453
2457
2459
2462
2463
2464
2467
2469
2470
2472
2473
2473
2476
2482
2490
2494
2494
2487
2478
2469
2464
2462
2459
2454
2451
2447
2442
2439
2436
2433
2432
2431
2432
2433
2435
2436
2439
2442
2447
2450
2453
2457
2462
2467
2498
2562
2656
2786
2953
3147
3358
3560
3707
3726
3677
3450
3109
2726
2391
2171
2119
2127
2217
2305
2346
2358
2363
2366
2369
2370
2372
2373
2376
2380
2385
2388
2392
2395
2400
2404
2407
2410
2413
2414
2417
2420
2425
2429
2433
2436
2441
2445
2450
2456
2459
2463
2464
2467
2470
2473
2478
2484
2488
2495
2510
2526
2540
2551
2563
2577
2593
2611
2628
2646
2664
2681
2699
2709
2718
2724
2731
2736
2739
2739
2739
2734
2730
2724
2717
2706
2692
2664
2639
2613
2588
2563
2531
2491
2466
2453
2442
2432
2425
2414
2401
2380
2357
2341
2329
2318
2313
2308
2305
2304
2304
2302
2302
2301
2301
2301
2301
2301
2301
2301
2301
2301
2301
2302
2304
2305
2307
2308
2310
2313
2315
2318
2321
2324
2327
2330
2335
2341
2345
2351
2355
2360
2363
2366
2367
2369
2372
2373
2374
2374
2374
2373
2372
2370
2367
2366
2363
2360
2358
2355
2354
2352
2349
2348
2345
2345
2346
2348
2351
2354
2357
2360
2364
2369
2376
2382
2385
2385
2379
2372
2366
2361
2357
2352
2348
2345
2342
2341
2339
2339
2339
2341
2344
2348
2352
2357
2360
2364
2370
2376
2382
2389
2394
2400
2404
2410
2416
2422
2428
2433
2439
2444
2448
2454
2459
2464
2472
2481
2490
2500
2510
2516
2521
2523
2528
2531
2534
2538
2543
2547
2551
2556
2560
2563
2566
2568
2569
2569
2571
2571
2572
2574
2575
2577
2580
2582
2584
2587
2590
2591
2593
2596
2597
2599
2599
2602
2603
2608
2612
2616
2622
2628
2633
2639
2643
2647
2652
2655
2659
2664
2670
2675
2681
2681
2677
2670
2661
2647
2627
2611
2603
2599
2594
2588
2585
2581
2578
2577
2575
2575
2575
2575
2577
2578
2580
2581
2582
2585
2588
2593
2615
2672
2768
2904
3077
3277
3494
3705
3872
3953
3907
3721
3417
3052
2696
2423
2287
2270
2313
2397
2442
2456
2464
2469
2472
2472
2469
2466
2460
2454
2447
2436
2428
2426
2431
2439
2444
2448
2451
2454
2459
2463
2467
2472
2476
2481
2485
2488
2491
2492
2494
2495
2497
2500
2503
2506
2510
2513
2518
2521
2523
2526
2528
2531
2535
2541
2556
2584
2608
2634
2655
2671
2692
2703
2712
2718
2723
2726
2726
2724
2720
2715
2708
2699
2684
2667
2652
2641
2630
2618
2605
2580
2546
2515
2487
2459
2435
2414
2388
2369
2360
2352
2346
2342
2336
2329
2324
2320
2317
2314
2313
2311
2310
2310
2308
2308
2308
2307
2307
2305
2304
2301
2301
2299
2299
2299
2299
2299
2299
2299
2299
2299
2298
2293
2290
2287
2289
2292
2298
2301
2304
2305
2308
2311
2315
2318
2321
2321
2321
2320
2320
2318
2315
2313
2308
2304
2301
2299
2299
2299
2298
2298
2296
2296
2295
2295
2293
2290
2289
2289
2289
2289
2290
2290
2289
2289
2289
2290
2290
2289
2289
2286
2284
2284
2284
2284
2284
2284
2284
2283
2284
2284
2283
2283
2283
2282
2282
2283
2284
2287
2290
2296
2301
2305
2310
2313
2315
2317
2320
2323
2326
2329
2330
2332
2332
2332
2332
2332
2332
2333
2333
2333
2333
2333
2333
2335
2335
2335
2335
2335
2335
2336
2336
2336
2336
2336
2338
2338
2339
2341
2341
2342
2342
2342
2344
2345
2346
2348
2349
2352
2354
2355
2358
2363
2366
2367
2370
2372
2376
2379
2382
2383
2380
2376
2370
2364
2360
2354
2346
2341
2338
2336
2338
2339
2341
2342
2342
2344
2346
2348
2351
2352
2355
2357
2361
2364
2367
2369
2372
2376
2380
2388
2395
2403
2414
2454
2526
2625
2755
2919
3109
3310
3490
3618
3665
3608
3428
3137
2779
2423
2147
2020
2007
2068
2169
2240
2261
2274
2283
2289
2293
2304
2317
2327
2335
2342
2344
2338
2323
2284
2218
2134
2046
1973
1926
1901
1882
1869
1870
1892
1950
2038
2133
2215
2276
2324
2380
2448
2518
2557
2568
2574
2580
2585
2593
2599
2606
2616
2631
2644
2656
2668
2683
2699
2723
2754
2776
2789
2796
2802
2807
2813
2817
2821
2823
2820
2811
2801
2788
2768
2749
2731
2712
2693
2670
2639
2606
2575
2551
2534
2519
2498
2467
2445
2433
2426
2419
2411
2404
2391
2363
2336
2317
2304
2287
2261
2231
2209
2200
2195
2190
2189
2193
2199
2211
2233
2262
2292
2311
2320
2327
2335
2344
2351
2358
2364
2372
2380
2388
2392
2395
2398
2401
2403
2407
2410
2413
2414
2417
2419
2422
2423
2425
2426
2428
2428
2429
2429
2429
2429
2428
2423
2419
2413
2407
2400
2382
2370
2358
2345
2329
2314
2299
2284
2271
2256
2242
2221
2205
2196
2192
2212
2234
2251
2264
2273
2286
2313
2348
2366
2369
2372
2373
2376
2379
2382
2383
2383
2385
2385
2385
2386
2386
2388
2389
2392
2394
2394
2394
2394
2394
2395
2395
2395
2395
2395
2395
2397
2398
2400
2401
2401
2401
2401
2403
2403
2404
2404
2404
2405
2408
2411
2414
2416
2417
2420
2423
2431
2439
2444
2447
2448
2450
2451
2454
2456
2459
2460
2463
2466
2469
2475
2479
2484
2487
2492
2498
2504
2506
2507
2507
2509
2509
2509
2509
2504
2487
2475
2466
2460
2454
2451
2448
2447
2445
2445
2444
2442
2441
2438
2436
2436
2438
2442
2447
2451
2459
2462
2456
2441
2428
2410
2408
2419
2444
2501
2587
2714
2882
3086
3308
3521
3689
3761
3752
3625
3353
3001
2650
2379
2251
2236
2293
2395
2456
2476
2464
2432
2391
2377
2372
2367
2385
2408
2426
2439
2450
2457
2463
2467
2472
2476
2479
2482
2484
2487
2490
2492
2495
2498
2503
2506
2507
2510
2513
2518
2521
2525
2528
2532
2538
2541
2546
2551
2557
2565
2582
2612
2631
2646
2659
2672
2687
2700
2711
2721
2726
2721
2709
2674
2625
2563
2491
2408
2315
2227
2187
2174
2195
2259
2339
2413
2470
2519
2566
2584
2594
2591
2551
2504
2490
2481
2470
2463
2456
2448
2441
2432
2425
2417
2413
2408
2405
2404
2401
2397
2392
2389
2386
2385
2382
2379
2374
2369
2363
2360
2364
2373
2382
2389
2397
2404
2411
2416
2417
2416
2414
2413
2410
2407
2401
2398
2398
2400
2401
2401
2392
2377
2369
2363
2358
2354
2351
2348
2345
2344
2344
2346
2349
2352
2357
2363
2370
2379
2398
2420
2432
2441
2448
2454
2456
2454
2450
2444
2439
2436
2433
2431
2428
2423
2422
2422
2423
2426
2431
2432
2435
2439
2445
2450
2451
2448
2444
2438
2433
2432
2431
2429
2426
2423
2420
2419
2419
2419
2417
2417
2416
2414
2414
2413
2413
2411
2408
2405
2403
2398
2395
2389
2373
2336
2301
2265
2237
2217
2208
2199
2190
2203
2243
2293
2349
2389
2433
2481
2498
2504
2510
2515
2518
2521
2522
2523
2525
2526
2526
2528
2529
2531
2531
2531
2529
2529
2528
2529
2529
2532
2535
2537
2540
2543
2549
2556
2562
2569
2577
2584
2593
2599
2599
2590
2577
2563
2550
2534
2516
2504
2495
2487
2479
2475
2470
2469
2466
2463
2462
2459
2457
2454
2451
2450
2450
2450
2451
2454
2457
2463
2470
2485
2509
2544
2606
2709
2860
3055
3286
3530
3736
3813
3792
3605
3249
2811
2398
2107
2028
2040
2175
2320
2422
2445
2448
2451
2453
2454
2454
2453
2450
2447
2442
2438
2433
2435
2442
2454
2463
2470
2478
2484
2487
2485
2482
2476
2466
2433
2372
2295
2212
2130
2051
1981
1926
1905
1905
1923
1978
2068
2162
2252
2339
2426
2507
2584
2650
2692
2723
2742
2759
2774
2788
2801
2811
2817
2821
2824
2827
2830
2833
2835
2835
2833
2830
2823
2816
2808
2798
2785
2770
2758
2745
2729
2706
2683
2652
2613
2553
2488
2422
2355
2293
2233
2165
2122
2071
2026
1998
1979
1972
1969
1967
1964
1963
1963
1961
1961
1961
1966
1970
1976
1987
2006
2044
2085
2131
2215
2304
2383
2423
2456
2492
2509
2515
2521
2525
2529
2532
2534
2537
2537
2535
2534
2532
2531
2526
2523
2519
2518
2516
2515
2515
2515
2513
2512
2510
2507
2506
2503
2500
2497
2494
2490
2485
2481
2475
2463
2431
2407
2391
2377
2366
2357
2351
2345
2338
2329
2321
2313
2302
2280
2242
2212
2189
2165
2131
2109
2102
2094
2127
2152
2166
2180
2190
2193
2192
2187
2180
2172
2165
2153
2146
2156
2180
2217
2268
2320
2367
2411
2451
2491
2534
2572
2597
2600
2602
2603
2605
2605
2606
2606
2605
2605
2605
2605
2603
2602
2600
2597
2596
2594
2593
2590
2587
2584
2580
2577
2574
2569
2563
2554
2543
2528
2498
2441
2408
2389
2376
2367
2367
2369
2374
2383
2413
2473
2516
2532
2532
2509
2445
2380
2310
2228
2146
2113
2096
2084
2107
2178
2265
2358
2448
2528
2560
2565
2568
2571
2574
2575
2574
2574
2574
2575
2578
2581
2582
2582
2581
2582
2585
2588
2594
2600
2609
2656
2740
2864
3028
3224
3438
3646
3822
3888
3869
3695
3345
2889
2413
2028
1820
1709
1699
1749
1851
1958
2075
2202
