1713
1769
1828
1936
2040
2090
2128
2176
2207
2219
2228
2239
2250
2259
2270
2284
2311
2359
2408
2458
2514
2573
2609
2628
2643
2650
2652
2646
2636
2619
2593
2549
2510
2467
2422
2370
2313
2250
2183
2126
2072
2029
2013
2004
1997
1991
1990
1986
1986
1986
1990
1995
2004
2015
2027
2043
2063
2097
2126
2149
2178
2210
2243
2286
2340
2392
2438
2510
2593
2680
2731
2774
2806
2847
2885
2916
2937
2951
2968
2987
3014
3052
3099
3134
3158
3172
3181
3190
3199
3204
3194
3170
3149
3125
3102
3081
3059
3036
3016
3000
2980
2955
2926
2889
2844
2808
2781
2754
2718
2682
2664
2654
2646
2646
2657
2673
2688
2706
2725
2752
2795
2858
2921
2978
3029
3077
3154
3253
3335
3359
3371
3384
3396
3407
3422
3441
3472
3497
3529
3579
3628
3660
3684
3703
3725
3723
3684
3626
3554
3488
3423
3366
3307
3208
3088
2966
2869
2820
2749
2666
2567
2467
2411
2361
2314
2275
2230
2183
2137
2101
2079
2056
2029
1986
1932
1880
1830
1747
1659
1573
1536
1516
1501
1496
1509
1536
1566
1604
1636
1679
1728
1772
1819
1871
1923
1977
2033
2092
2142
2165
2180
2189
2196
2198
2194
2187
2174
2156
2124
2076
2008
1929
1846
1762
1676
1615
1545
1484
1397
1309
1254
1196
1141
1085
1031
0986
0956
0940
0927
0915
0918
0956
1056
1218
1428
1652
1868
2056
2153
2187
2153
2049
1859
1625
1369
1107
0870
0685
0552
0464
0412
0366
0315
0270
0238
0206
0166
0114
0080
0061
0048
0039
0032
0025
0017
0008
0001
0000
0005
0021
0043
0069
0107
0134
0159
0188
0231
0261
0279
0294
0306
0317
0326
0335
0346
0357
0369
0382
0396
0412
0432
0455
0477
0493
0507
0516
0527
0538
0552
0570
0602
0653
0699
0755
0816
0879
0947
1017
1091
1157
1214
1272
1327
1383
1430
1460
1476
1484
1489
1494
1498
1500
1500
1494
1487
1476
1462
1448
1424
1399
1376
1362
1349
1340
1335
1333
1333
1336
1344
1356
1372
1403
1458
1484
1496
1507
1518
1525
1532
1539
1545
1548
1552
1554
1554
1555
1555
1555
1557
1559
1559
1559
1559
1561
1564
1566
1568
1570
1570
1571
1575
1579
1586
1593
1600
1607
1616
1632
1649
1661
1670
1677
1683
1685
1688
1690
1692
1692
1692
1690
1690
1690
1690
1688
1688
1688
1690
1690
1692
1692
1692
1692
1690
1690
1690
1690
1690
1690
1692
1695
1697
1701
1704
1706
1708
1710
1711
1711
1713
1715
1717
1720
1724
1728
1731
1737
1740
1742
1746
1751
1758
1763
1765
1758
1746
1731
1719
1710
1701
1693
1685
1677
1670
1665
1658
1650
1645
1640
1636
1634
1631
1629
1625
1624
1618
1613
1607
1600
1595
1588
1582
1577
1570
1564
1559
1554
1548
1543
1539
1534
1528
1523
1516
1512
1509
1507
1505
1507
1510
1516
1521
1528
1536
1543
1552
1564
1579
1584
1579
1568
1552
1532
1501
1478
1449
1403
1347
1295
1243
1195
1153
1107
1056
1006
0967
0942
0922
0906
0895
0884
0875
0870
0866
0870
0877
0888
0906
0936
0983
1051
1153
1315
1550
1855
2192
2497
2636
2621
2418
2043
1620
1239
0967
0827
0764
0715
0669
0620
0561
0532
0523
0516
0509
0506
0502
0500
0498
0495
0491
0486
0482
0479
0477
0473
0470
0468
0464
0461
0455
0450
0437
0425
0416
0412
0416
0425
0437
0454
0477
0513
0556
0576
0588
0597
0604
0611
0617
0622
0626
0631
0637
0640
0644
0646
0647
0649
0653
0660
0672
0703
0730
0769
0812
0855
0902
0956
1012
1069
1125
1182
1234
1272
1302
1329
1365
1412
1460
1507
1548
1580
1613
1658
1699
1717
1728
1737
1738
1735
1722
1708
1692
1674
1652
1627
1602
1580
1564
1557
1554
1552
1552
1548
1546
1543
1539
1536
1528
1519
1509
1498
1489
1480
1473
1466
1458
1449
1439
1430
1421
1412
1406
1397
1399
1403
1410
1419
1426
1435
1442
1451
1457
1460
1467
1475
1482
1487
1493
1496
1498
1500
1500
1500
1501
1503
1505
1509
1510
1512
1512
1512
1512
1514
1516
1519
1523
1528
1534
1536
1537
1539
1539
1541
1543
1545
1543
1536
1523
1510
1498
1485
1475
1464
1453
1442
1431
1423
1412
1396
1367
1347
1338
1331
1326
1320
1317
1317
1322
1329
1336
1347
1356
1365
1374
1383
1394
1401
1406
1414
1424
1442
1469
1494
1528
1580
1616
1632
1645
1654
1661
1663
1661
1654
1645
1634
1624
1613
1604
1593
1584
1579
1573
1573
1575
1580
1589
1597
1606
1620
1632
1634
1620
1597
1575
1552
1530
1514
1501
1494
1491
1489
1485
1482
1480
1476
1475
1475
1475
1475
1476
1475
1473
1471
1467
1462
1458
1451
1444
1435
1406
1345
1261
1162
1049
0933
0827
0753
0726
0710
0707
0714
0735
0764
0814
0882
0938
0994
1046
1107
1220
1378
1584
1844
2165
2533
2885
3099
3115
2996
2646
2196
1767
1457
1318
1272
1250
1239
1229
1216
1209
1223
1248
1270
1290
1306
1313
1313
1306
1295
1277
1252
1213
1175
1128
1073
1035
1013
1001
0992
0986
0981
0976
0972
0967
0960
0954
0949
0943
0940
0934
0929
0924
0916
0913
0909
0909
0909
0913
0920
0929
0942
0954
0983
1037
1092
1143
1187
1232
1275
1322
1358
1379
1399
1419
1440
1466
1501
1537
1573
1602
1629
1656
1681
1695
1706
1715
1720
1719
1710
1692
1670
1640
1595
1559
1521
1482
1442
1397
1356
1322
1288
1257
1231
1220
1216
1214
1213
1211
1209
1205
1204
1200
1196
1195
1193
1191
1187
1182
1178
1171
1164
1153
1141
1130
1117
1105
1094
1087
1083
1082
1080
1078
1076
1083
1078
1071
1064
1080
1112
1128
1139
1148
1157
1166
1175
1186
1196
1205
1213
1220
1227
1234
1239
1247
1252
1259
1266
1275
1284
1293
1302
1309
1317
1324
1333
1340
1349
1356
1365
1374
1383
1392
1399
1406
1412
1417
1421
1426
1430
1433
1437
1442
1446
1451
1455
1457
1457
1455
1453
1448
1442
1433
1423
1410
1397
1385
1372
1349
1324
1302
1286
1272
1261
1250
1238
1229
1222
1218
1223
1232
1245
1259
1272
1286
1308
1329
1353
1374
1394
1412
1428
1446
1460
1476
1491
1503
1518
1528
1541
1554
1568
1580
1595
1609
1629
1654
1677
1695
1713
1737
1767
1798
1812
1819
1824
1830
1833
1837
1841
1848
1853
1860
1868
1877
1887
1900
1916
1943
1995
2036
2078
2117
2147
2162
2173
2183
2191
2196
2200
2201
2201
2198
2194
2187
2176
2165
2153
2135
2106
2076
2045
2013
1973
1934
1894
1855
1812
1776
1744
1728
1719
1708
1695
1695
1720
1780
1875
2009
2191
2427
2729
3091
3484
3843
4069
4095
3998
3676
3248
2806
2438
2187
2036
1950
1902
1877
1860
1846
1837
1830
1824
1821
1816
1810
1807
1801
1796
1792
1789
1785
1778
1771
1762
1755
1751
1747
1744
1742
1738
1735
1731
1728
1726
1722
1720
1717
1717
1717
1715
1715
1715
1715
1717
1720
1724
1728
1731
1735
1738
1744
1747
1751
1755
1760
1765
1774
1792
1816
1837
1862
1896
1939
1975
2009
2043
2081
2121
2158
2194
2216
2232
2246
2253
2252
2244
2230
2209
2171
2101
2027
1947
1855
1772
1697
1624
1554
1476
1412
1362
1318
1286
1263
1238
1204
1170
1152
1141
1130
1119
1112
1105
1100
1094
1089
1083
1080
1076
1073
1069
1065
1062
1058
1056
1055
1053
1051
1049
1049
1047
1047
1046
1046
1044
1042
1039
1037
1035
1035
1035
1035
1039
1042
1049
1058
1069
1082
1092
1103
1114
1121
1128
1135
1143
1148
1153
1159
1162
1164
1170
1173
1177
1178
1180
1180
1182
1180
1180
1178
1177
1175
1173
1171
1171
1170
1168
1166
1166
1168
1170
1171
1173
1173
1175
1178
1182
1186
1191
1196
1202
1209
1216
1225
1234
1243
1250
1257
1263
1268
1274
1277
1281
1281
1281
1283
1283
1284
1284
1284
1283
1281
1281
1279
1279
1275
1272
1268
1265
1263
1261
1261
1261
1261
1261
1263
1266
1270
1275
1277
1279
1281
1283
1286
1292
1293
1297
1299
1302
1308
1313
1320
1327
1333
1338
1345
1354
1362
1372
1381
1392
1406
1426
1448
1464
1482
1498
1514
1530
1550
1570
1588
1606
1624
1638
1649
1661
1672
1683
1692
1697
1699
1695
1688
1676
1661
1645
1625
1602
1568
1532
1498
1464
1444
1426
1410
1394
1383
1376
1372
1376
1383
1394
1406
1421
1437
1458
1487
1521
1552
1584
1641
1720
1846
2025
2277
2601
2977
3357
3664
3757
3721
3447
2994
2492
2058
1780
1650
1598
1546
1494
1444
1390
1349
1317
1292
1274
1261
1256
1252
1248
1245
1243
1241
1238
1234
1231
1227
1225
1225
1225
1227
1231
1236
1243
1252
1261
1272
1281
1290
1297
1302
1304
1306
1306
1306
1308
1311
1315
1318
1320
1326
1333
1338
1344
1347
1349
1351
1354
1358
1363
1370
1378
1394
1431
1467
1501
1545
1595
1656
1717
1776
1824
1860
1889
1911
1927
1939
1952
1966
1977
1982
1973
1952
1923
1889
1837
1778
1726
1679
1641
1611
1589
1573
1559
1550
1541
1534
1530
1527
1525
1523
1519
1514
1510
1509
1507
1507
1507
1510
1518
1528
1543
1559
1573
1586
1595
1604
1613
1624
1631
1638
1643
1650
1656
1665
1674
1681
1688
1693
1699
1704
1710
1715
1719
1722
1728
1731
1735
1740
1746
1751
1755
1758
1760
1762
1762
1763
1763
1763
1762
1758
1756
1753
1747
1742
1737
1729
1722
1717
1710
1704
1699
1693
1688
1683
1681
1681
1679
1679
1677
1676
1674
1670
1668
1667
1665
1661
1658
1654
1652
1650
1650
1649
1649
1650
1650
1650
1650
1649
1647
1643
1638
1634
1629
1625
1622
1618
1615
1613
1609
1607
1604
1602
1600
1597
1591
1586
1577
1570
1561
1552
1545
1537
1532
1527
1523
1521
1519
1519
1518
1516
1514
1510
1507
1501
1496
1493
1489
1485
1482
1476
1471
1467
1464
1460
1458
1453
1448
1440
1433
1426
1419
1412
1403
1394
1387
1383
1383
1387
1390
1396
1403
1412
1423
1435
1451
1478
1494
1505
1514
1525
1532
1537
1537
1530
1514
1494
1475
1458
1437
1414
1396
1383
1372
1365
1360
1353
1347
1340
1336
1335
1335
1340
1347
1360
1376
1394
1424
1475
1516
1564
1622
1715
1839
2011
2243
2530
2856
3160
3344
3355
3224
2869
2433
2029
1747
1668
1650
1636
1613
1577
1545
1528
1516
1507
1496
1487
1480
1475
1469
1462
1457
1449
1446
1444
1444
1444
1444
1444
1442
1440
1439
1435
1431
1428
1426
1424
1424
1424
1426
1426
1426
1426
1426
1424
1423
1419
1414
1408
1405
1399
1397
1396
1394
1394
1396
1399
1403
1406
1412
1415
1421
1424
1431
1439
1449
1467
1510
1550
1584
1613
1643
1672
1708
1747
1783
1803
1819
1830
1839
1842
1837
1824
1805
1781
1747
1693
1654
1616
1577
1537
1500
1462
1415
1394
1383
1374
1367
1362
1358
1354
1351
1347
1342
1336
1331
1327
1324
1320
1317
1313
1308
1302
1293
1284
1274
1259
1245
1231
1216
1200
1187
1175
1161
1148
1137
1130
1130
1141
1155
1175
1193
1211
1234
1257
1275
1284
1292
1297
1300
1302
1304
1308
1311
1313
1313
1313
1311
1311
1311
1311
1311
1311
1308
1306
1304
1304
1304
1302
1300
1297
1295
1293
1292
1292
1290
1288
1284
1283
1281
1279
1275
1272
1268
1263
1259
1257
1256
1256
1254
1250
1248
1247
1245
1243
1241
1238
1232
1227
1223
1218
1216
1213
1209
1205
1204
1202
1202
1202
1200
1196
1191
1186
1180
1175
1170
1164
1161
1157
1155
1153
1152
1148
1144
1141
1137
1134
1130
1126
1121
1119
1117
1119
1123
1130
1137
1148
1159
1168
1178
1186
1191
1195
1196
1200
1204
1209
1213
1218
1223
1231
1238
1243
1248
1250
1254
1257
1263
1270
1281
1299
1338
1369
1390
1406
1421
1435
1448
1460
1473
1487
1500
1503
1494
1476
1451
1421
1376
1335
1293
1252
1207
1184
1168
1153
1144
1139
1135
1139
1148
1164
1180
1200
1218
1245
1270
1290
1304
1320
1342
1372
1414
1519
1679
1918
2235
2610
2993
3303
3418
3395
3160
2747
2284
1884
1624
1527
1498
1467
1439
1344
1256
1222
1223
1256
1275
1288
1299
1309
1317
1322
1327
1333
1340
1347
1356
1362
1367
1370
1374
1381
1388
1396
1401
1406
1410
1414
1419
1423
1424
1428
1433
1439
1444
1451
1460
1466
1473
1484
1493
1503
1512
1519
1527
1534
1543
1554
1562
1573
1584
1598
1620
1659
1701
1731
1751
1769
1787
1805
1824
1851
1889
1934
1959
1977
1993
2004
2009
2009
2002
1991
1977
1959
1934
1889
1850
1799
1740
1683
1624
1575
1541
1507
1494
1487
1482
1478
1476
1475
1473
1473
1471
1471
1469
1467
1466
1462
1460
1457
1453
1448
1444
1439
1435
1430
1424
1417
1412
1406
1396
1385
1370
1358
1345
1336
1327
1318
1309
1302
1297
1292
1288
1283
1277
1272
1266
1261
1256
1252
1250
1250
1252
1257
1265
1274
1284
1297
1308
1320
1331
1340
1349
1358
1369
1381
1392
1405
1415
1424
1431
1435
1439
1442
1444
1446
1446
1446
1446
1444
1444
1446
1446
1448
1448
1448
1448
1446
1442
1437
1430
1421
1412
1403
1396
1388
1379
1372
1365
1360
1356
1356
1356
1360
1365
1370
1378
1383
1390
1396
1403
1410
1417
1424
1430
1437
1446
1455
1462
1471
1478
1485
1494
1507
1528
1552
1573
1593
1600
1606
1613
1618
1624
1627
1629
1629
1629
1631
1632
1632
1631
1631
1631
1631
1632
1634
1636
1638
1638
1638
1640
1643
1647
1650
1654
1659
1665
1674
1692
1737
1778
1812
1841
1869
1894
1923
1959
2004
2034
2056
2072
2086
2097
2106
2113
2122
2131
2137
2139
2137
2130
2115
2097
2065
2013
1964
1905
1853
1821
1798
1778
1765
1758
1751
1746
1740
1737
1737
1737
1740
1746
1756
1772
1790
1862
1970
2140
2379
2689
3057
3441
3763
3908
3901
3718
3343
2898
2474
2139
1912
1807
1778
1758
1737
1715
1681
1645
1634
1625
1615
1629
1641
1650
1658
1661
1661
1656
1650
1647
1647
1647
1645
1643
1640
1634
1631
1629
1629
1631
1631
1634
1638
1643
1649
1656
1663
1668
1676
1683
1688
1693
1699
1704
1708
1711
1715
1717
1720
1722
1724
1726
1729
1729
1731
1733
1737
1738
1740
1742
1740
1740
1740
1742
1742
1744
1744
1747
1755
1763
1763
1751
1731
1711
1686
1659
1627
1575
1507
1462
1435
1406
1381
1340
1281
1239
1216
1195
1171
1148
1130
1114
1098
1087
1082
1080
1080
1080
1080
1082
1082
1080
1078
1078
1078
1080
1082
1083
1087
1091
1092
1098
1103
1108
1110
1107
1100
1091
1083
1078
1071
1065
1060
1055
1053
1053
1053
1051
1051
1051
1053
1056
1060
1064
1067
1069
1073
1078
1083
1089
1094
1098
1100
1105
1108
1114
1117
1119
1119
1119
1123
1126
1132
1137
1139
1141
1143
1144
1146
1148
1148
1148
1148
1148
1148
1152
1155
1157
1159
1159
1159
1159
1159
1161
1161
1161
1161
1162
1164
1168
1170
1173
1177
1180
1186
1191
1195
1204
1223
1250
1283
1300
1311
1320
1329
1336
1344
1351
1358
1365
1370
1376
1381
1388
1396
1403
1417
1446
1455
1458
1458
1460
1460
1460
1460
1460
1462
1462
1464
1466
1467
1469
1473
1476
1480
1485
1487
1491
1493
1496
1501
1507
1510
1516
1523
1530
1539
1548
1555
1564
1570
1577
1584
1593
1602
1613
1629
1658
1690
1726
1746
1762
1774
1787
1796
1803
1808
1808
1807
1803
1796
1787
1776
1763
1747
1729
1701
1674
1649
1627
1613
1600
1589
1579
1570
1564
1561
1557
1557
1557
1559
1561
1566
1571
1582
1595
1609
1672
1805
2009
2284
2614
2977
3325
3574
3608
3533
3204
2761
2314
1957
1738
1636
1595
1548
1534
1530
1523
1519
1516
1512
1507
1503
1500
1496
1491
1487
1484
1484
1482
1482
1482
1480
1482
1484
1485
1485
1485
1484
1482
1482
1480
1480
1480
1478
1480
1480
1482
1484
1487
1487
1489
1489
1493
1494
1496
1498
1500
1501
1505
1507
1510
1516
1519
1523
1527
1532
1539
1555
1598
1641
1686
1729
1772
1816
1859
1903
1929
1945
1959
1968
1975
1979
1975
1966
1954
1938
1918
1887
1832
1789
1746
1702
1667
1618
1562
1510
1455
1405
1367
1336
1309
1286
1274
1266
1265
1263
1259
1257
1256
1256
1256
1256
1254
1254
1254
1257
1261
1265
1268
1270
1272
1274
1275
1279
1281
1283
1283
1281
1281
1281
1281
1281
1281
1279
1279
1281
1281
1283
1284
1286
1288
1290
1295
1300
1306
1311
1318
1326
1340
1358
1376
1392
1405
1419
1437
1457
1475
1493
1505
1509
1512
1514
1518
1519
1523
1525
1525
1527
1527
1528
1528
1528
1527
1527
1525
1523
1521
1519
1518
1516
1514
1512
1512
1510
1509
1507
1505
1505
1505
1503
1503
1503
1503
1505
1507
1509
1510
1510
1512
1516
1518
1521
1523
1525
1527
1530
1534
1539
1541
1545
1546
1548
1552
1555
1561
1562
1566
1568
1570
1571
1573
1573
1573
1573
1571
1570
1568
1566
1564
1561
1557
1552
1546
1541
1536
1528
1521
1514
1505
1485
1467
1458
1451
1446
1442
1437
1433
1431
1430
1431
1437
1448
1460
1475
1493
1519
1545
1564
1579
1593
1602
1607
1607
1598
1584
1566
1548
1527
1505
1484
1466
1457
1446
1437
1428
1421
1415
1412
1410
1408
1408
1410
1410
1414
1417
1423
1428
1435
1444
1464
1512
1598
1726
1896
2117
2397
2731
3075
3343
3445
3334
3014
2569
2124
1787
1622
1561
1541
1493
1406
1331
1311
1297
1290
1284
1284
1288
1295
1302
1309
1313
1317
1322
1327
1331
1333
1333
1333
1333
1333
1333
1333
1335
1336
1340
1344
1345
1347
1349
1351
1354
1358
1360
1362
1362
1363
1367
1372
1378
1385
1392
1397
1406
1414
1421
1430
1437
1446
1458
1478
1500
1518
1534
1562
1613
1654
1679
1706
1731
1771
1828
1871
1894
1912
1927
1941
1955
1973
1982
1972
1947
1920
1885
1859
1823
1783
1724
1658
1588
1546
1505
1462
1424
1397
1370
1351
1333
1311
1286
1261
1234
1222
1216
1213
1209
1205
1205
1209
1220
1236
1248
1256
1259
1265
1268
1274
1277
1281
1283
1286
1290
1293
1295
1295
1297
1297
1300
1302
1304
1304
1304
1304
1304
1304
1306
1308
1308
1309
1311
1313
1318
1322
1326
1329
1333
1336
1342
1345
1349
1351
1353
1354
1358
1363
1367
1370
1369
1365
1362
1360
1358
1358
1354
1351
1347
1345
1344
1342
1340
1338
1336
1335
1335
1335
1336
1338
1340
1340
1340
1342
1344
1344
1344
1344
1344
1345
1349
1353
1356
1358
1360
1362
1365
1369
1370
1372
1376
1387
1396
1396
1381
1365
1356
1349
1342
1336
1333
1331
1327
1326
1326
1324
1324
1324
1326
1327
1327
1329
1331
1333
1338
1344
1333
1309
1281
1247
1229
1222
1216
1213
1209
1204
1202
1198
1198
1198
1198
1200
1204
1209
1216
1223
1231
1239
1248
1257
1274
1292
1306
1317
1329
1351
1387
1426
1464
1498
1521
1532
1539
1545
1548
1546
1536
1516
1494
1464
1437
1417
1399
1385
1367
1351
1342
1335
1327
1322
1318
1315
1311
1309
1309
1311
1313
1317
1322
1329
1338
1347
1370
1415
1476
1580
1740
1968
2261
2612
2991
3341
3590
3675
3560
3255
2838
2418
2072
1828
1672
1589
1548
1514
1476
1458
1448
1440
1435
1431
1430
1430
1430
1431
1433
1439
1442
1448
1455
1458
1462
1466
1471
1476
1480
1485
1489
1494
1501
1509
1516
1521
1528
1534
1546
1557
1568
1575
1580
1586
1593
1600
1607
1609
1604
1595
1582
1566
1545
1539
1536
1532
1528
1528
1537
1552
1570
1595
1622
1659
1702
1733
1753
1772
1792
1823
1866
1900
1923
1945
1961
1973
1982
1982
1973
1957
1932
1887
1839
1792
1746
1693
1649
1613
1571
1552
1539
1527
1519
1512
1507
1503
1501
1501
1503
1507
1512
1519
1530
1543
1557
1580
1624
1658
1679
1695
1708
1719
1729
1738
1747
1760
1776
1796
1826
1853
1878
1900
1916
1930
1939
1945
1952
1957
1963
1970
1975
1984
1993
2002
2015
2024
2036
2051
2067
2081
2088
2092
2094
2094
2095
2099
2101
2104
2104
2099
2088
2074
2058
2034
1995
1968
1936
1884
1823
1762
1710
1672
1645
1611
1564
1532
1518
1503
1489
1473
1458
1439
1414
1392
1374
1345
1292
1252
1232
1218
1204
1189
1177
1166
1157
1148
1139
1128
1116
1101
1091
1080
1071
1064
1055
1047
1042
1035
1028
1021
1015
1012
1008
1004
1001
0999
0997
0995
0995
0994
0990
0986
0983
0981
0979
0977
0977
0977
0977
0977
0977
0979
0981
0981
0979
0976
0974
0974
0974
0972
0972
0970
0969
0969
0967
0967
0965
0961
0956
0958
0976
0999
1015
1030
1042
1055
1065
1078
1091
1103
1117
1135
1153
1173
1193
1218
1245
1259
1268
1274
1277
1283
1284
1286
1283
1270
1254
1236
1213
1180
1153
1132
1119
1108
1100
1092
1087
1083
1082
1080
1080
1082
1083
1087
1092
1100
1108
1121
1146
1195
1265
1379
1557
1805
2112
2465
2835
3154
3310
3301
3108
2718
2264
1862
1595
1453
1390
1315
1231
1157
1137
1123
1114
1110
1110
1110
1116
1123
1132
1141
1150
1157
1168
1178
1187
1195
1204
1214
1227
1239
1254
1274
1292
1308
1320
1333
1344
1353
1363
1374
1387
1397
1408
1417
1428
1439
1451
1462
1475
1487
1501
1516
1532
1548
1562
1575
1589
1616
1665
1702
1726
1746
1762
1789
1837
1880
1909
1930
1948
1968
1993
2027
2049
2065
2076
2085
2088
2086
2079
2067
2052
2025
1977
1930
1875
1810
1744
1672
1600
1545
1501
1449
1403
1363
1340
1326
1317
1311
1306
1302
1299
1295
1293
1292
1290
1292
1295
1302
1309
1320
1329
1338
1349
1360
1379
1397
1405
1410
1412
1412
1414
1414
1415
1415
1415
1417
1417
1419
1421
1421
1419
1417
1415
1415
1417
1419
1421
1424
1428
1431
1435
1439
1442
1446
1448
1451
1453
1457
1460
1467
1475
1484
1493
1500
1507
1512
1518
1523
1525
1527
1527
1528
1528
1532
1536
1539
1543
1548
1554
1557
1559
1559
1557
1555
1554
1552
1552
1550
1550
1552
1554
1559
1561
1555
1537
1519
1507
1494
1482
1471
1460
1451
1442
1435
1428
1423
1417
1414
1410
1406
1401
1397
1394
1390
1388
1387
1385
1383
1383
1387
1392
1399
1406
1414
1421
1428
1437
1444
1453
1458
1462
1466
1471
1475
1478
1482
1485
1487
1487
1487
1487
1487
1487
1485
1485
1485
1487
1489
1493
1494
1496
1498
1500
1501
1505
1509
1512
1516
1521
1528
1536
1546
1557
1579
1602
1624
1641
1659
1674
1685
1695
1704
1713
1720
1726
1729
1728
1722
1715
1706
1693
1679
1661
1636
1586
1536
1512
1496
1482
1471
1462
1457
1453
1453
1453
1457
1462
1469
1480
1496
1514
1555
1634
1758
1930
2165
2467
2822
3185
3466
3576
3452
3099
2614
2122
1758
1602
1552
1521
1501
1435
1315
1266
1250
1241
1236
1232
1231
1232
1232
1236
1241
1250
1259
1268
1279
1286
1293
1297
1300
1302
1306
1311
1317
1322
1329
1335
1340
1344
1349
1354
1360
1367
1374
1383
1397
1430
1460
1489
1505
1514
1523
1530
1537
1545
1552
1559
1566
1573
1579
1588
1595
1604
1613
1629
1656
1686
1710
1735
1767
1810
1853
1893
1925
1950
1968
1984
1999
2009
2015
2008
1991
1970
1941
1900
1857
1799
1731
1681
1640
1593
1550
1507
1460
1423
1394
1369
1344
1324
1311
1300
1290
1279
1268
1261
1257
1256
1256
1256
1256
1256
1257
1259
1261
1261
1257
1254
1250
1248
1250
1256
1261
1268
1275
1281
1286
1290
1295
1297
1299
1299
1299
1300
1304
1309
1315
1322
1327
1335
1344
1354
1365
1376
1387
1403
1419
1435
1446
1451
1457
1460
1460
1462
1466
1469
1473
1475
1475
1475
1475
1476
1476
1478
1478
1480
1484
1489
1494
1501
1509
1512
1518
1523
1528
1534
1539
1543
1550
1557
1564
1571
1577
1575
1570
1559
1546
1536
1527
1521
1516
1509
1503
1498
1494
1491
1489
1485
1484
1482
1480
1480
1478
1476
1475
1473
1471
1471
1471
1471
1473
1475
1475
1475
1475
1475
1475
1475
1473
1471
1469
1467
1469
1471
1473
1475
1478
1480
1484
1485
1485
1485
1484
1482
1478
1476
1475
1473
1475
1476
1478
1482
1485
1491
1496
1500
1503
1509
1510
1514
1518
1523
1527
1534
1543
1557
1571
1588
1600
1611
1618
1618
1616
1611
1602
1591
1579
1562
1545
1518
1491
1466
1446
1431
1417
1405
1394
1387
1383
1383
1387
1394
1403
1415
1428
1446
1475
1505
1536
1584
1659
1799
1997
2262
2582
2925
3224
3355
3335
3111
2693
2219
1821
1570
1469
1440
1399
1344
1248
1161
1130
1114
1101
1092
1087
1082
1078
1076
1074
1073
1073
1073
1074
1076
1076
1076
1074
1073
1071
1069
1071
1073
1074
1076
1078
1080
1082
1083
1087
1091
1094
1098
1100
1105
1108
1114
1117
1121
1126
1130
1137
1144
1155
1170
1184
1196
1211
1223
1239
1256
1277
1304
1333
1360
1387
1423
1469
1523
1562
1591
1613
1629
1641
1650
1661
1672
1681
1688
1688
1676
1654
1625
1588
1530
1471
1423
1376
1342
1317
1288
1254
1211
1171
1139
1116
1100
1092
1089
1087
1085
1085
1083
1083
1083
1082
1082
1080
1078
1078
1076
1074
1074
1071
1067
1064
1058
1053
1049
1042
1037
1031
1024
1019
1012
1004
0995
0986
0979
0974
0972
0972
0974
0977
0985
0994
1003
1013
1024
1035
1046
1058
1073
1087
1100
1112
1123
1135
1146
1159
1173
1186
1198
1209
1222
1232
1245
1259
1272
1286
1300
1315
1327
1342
1358
1381
1397
1405
1408
1410
1410
1412
1412
1414
1414
1412
1412
1414
1415
1417
1419
1421
1423
1426
1431
1439
1448
1455
1460
1467
1473
1480
1487
1494
1501
1509
1516
1523
1528
1536
1539
1543
1546
1550
1554
1557
1557
1557
1557
1557
1559
1561
1562
1562
1564
1564
1564
1564
1564
1564
1564
1561
1559
1557
1554
1550
1546
1545
1543
1543
1545
1548
1550
1552
1555
1559
1562
1568
1573
1579
1584
1589
1598
1615
1636
1656
1676
1693
1713
1737
1763
1790
1816
1839
1855
1871
1885
1898
1905
1905
1900
1889
1877
1860
1837
1796
1762
1715
1656
1597
1532
1482
1451
1419
1383
1353
1324
1304
1292
1283
1275
1268
1263
1257
1256
1259
1266
1281
1300
1336
1394
1482
1615
1801
2056
2372
2734
3091
3364
3425
3380
3090
2655
2187
1790
1519
1376
1295
1247
1216
1196
1186
1186
1189
1195
1200
1207
1213
1214
1211
1204
1200
1198
1196
1195
1195
1193
1189
1187
1187
1191
1198
1209
1222
1232
1245
1256
1272
1288
1304
1317
1329
1338
1347
1354
1360
1367
1374
1379
1387
1392
1399
1406
1414
1423
1430
1439
1448
1458
1469
1482
1494
1505
1512
1521
1532
1548
1582
1645
1704
1776
1859
1943
2016
2069
2095
2104
2112
2115
2119
2121
2122
2124
2124
2124
2124
2124
2124
2122
2122
2122
2122
2122
2122
2121
2117
2112
2104
2099
2092
2086
2079
2074
2067
2061
2058
2054
2051
2045
2036
2025
2011
1997
1982
1968
1955
1945
1934
1923
1916
1909
1905
1903
1900
1896
1893
1889
1885
1884
1880
1878
1875
1873
1875
1877
1882
1885
1891
1896
1903
1909
1914
1920
1925
1929
1930
1932
1934
1938
1939
1941
1943
1947
1948
1950
1952
1954
1954
1954
1952
1950
1948
1945
1941
1938
1932
1929
1923
1920
1914
1911
1905
1902
1898
1893
1889
1884
1875
1864
1857
1860
1877
1903
1934
1970
2022
2051
2069
2079
2090
2097
2104
2108
2110
2106
2095
2081
2063
2045
2027
2004
1979
1957
1939
1925
1909
1894
1880
1864
1848
1826
1805
1790
1778
1767
1758
1747
1737
1726
1717
1706
1697
1686
1677
1667
1656
1645
1632
1622
1613
1604
1597
1589
1582
1577
1573
1570
1566
1561
1557
1552
1546
1543
1539
1536
1534
1536
1539
1546
1557
1570
1582
1595
1607
1624
1654
1679
1695
1708
1719
1729
1738
1746
1749
1744
1729
1710
1685
1652
1598
1550
1507
1469
1440
1417
1401
1388
1379
1369
1356
1345
1336
1322
1304
1265
1189
1114
1051
1015
0986
0988
1030
1141
1331
1588
1894
2230
2546
2768
2795
2716
2402
1975
1539
1182
0943
0811
0739
0672
0606
0576
0559
0549
0538
0531
0525
0522
0520
0520
0522
0523
0531
0540
0552
0565
0577
0588
0601
0622
0640
0651
0656
0658
0660
0660
0663
0665
0667
0669
0669
0669
0669
0671
0672
0674
0674
0674
0676
0678
0681
0685
0689
0694
0701
0708
0719
0735
0753
0771
0787
0807
0830
0859
0899
0936
0974
1017
1065
1112
1159
1207
1270
1308
1333
1354
1369
1378
1378
1374
1365
1351
1333
1299
1231
1184
1161
1141
1116
1091
1065
1033
0995
0961
0929
0897
0864
0838
0814
0802
0791
0782
0777
0771
0773
0782
0798
0814
0829
0839
0848
0857
0868
0879
0890
0900
0911
0922
0933
0943
0954
0965
0974
0981
0990
0997
1006
1015
1026
1037
1047
1055
1062
1067
1071
1076
1080
1082
1083
1083
1085
1087
1091
1096
1101
1107
1110
1114
1117
1123
1130
1135
1139
1143
1148
1153
1161
1171
1182
1189
1196
1204
1211
1220
1227
1232
1236
1239
1239
1243
1248
1252
1257
1259
1261
1263
1265
1266
1266
1266
1265
1261
1257
1256
1254
1250
1248
1245
1241
1239
1239
1238
1236
1232
1231
1229
1229
1229
1231
1232
1236
1239
1245
1250
1256
1263
1268
1275
1283
1290
1295
1302
1311
1322
1336
1351
1365
1378
1390
1403
1417
1430
1442
1451
1460
1466
1471
1476
1480
1485
1489
1493
1500
1507
1514
1521
1527
1530
1536
1541
1546
1554
1559
1564
1570
1577
1588
1602
1616
1629
1638
1645
1650
1658
1663
1668
1674
1681
1686
1692
1695
1693
1685
1667
1645
1620
1595
1557
1523
1498
1478
1466
1458
1449
1444
1439
1433
1430
1430
1430
1435
1442
1451
1462
1478
1498
1527
1584
1631
1747
1900
2121
2413
2759
3113
3405
3518
3495
3265
2862
2399
1988
1708
1575
1523
1480
1424
1336
1263
1216
1195
1214
1250
1268
1281
1292
1300
1308
1315
1320
1327
1336
1345
1354
1363
1370
1376
1381
1387
1396
1403
1410
1419
1426
1433
1440
1446
1451
1458
1462
1469
1475
1480
1485
1493
1498
1505
1510
1516
1523
1532
1543
1554
1564
1577
1589
1602
1615
1629
1645
1663
1688
1731
1769
1803
1837
1869
1907
1950
1975
1995
2013
2027
2036
2042
2040
2036
2029
2018
2002
1984
1957
1907
1850
1790
1731
1686
1627
1550
1496
1464
1440
1414
1392
1381
1374
1369
1363
1358
1354
1349
1344
1340
1338
1336
1333
1331
1331
1333
1333
1335
1336
1335
1335
1335
1336
1338
1342
1344
1347
1349
1353
1358
1362
1367
1370
1374
1376
1379
1381
1385
1388
1390
1392
1396
1397
1401
1403
1403
1405
1405
1405
1405
1405
1405
1405
1403
1401
1399
1399
1397
1397
1396
1394
1392
1390
1388
1387
1387
1387
1387
1385
1383
1383
1381
1381
1381
1379
1378
1376
1374
1372
1372
1372
1372
1370
1369
1369
1369
1367
1365
1363
1363
1363
1363
1365
1365
1367
1365
1365
1365
1363
1363
1362
1358
1356
1353
1351
1349
1347
1345
1344
1342
1340
1338
1336
1335
1333
1329
1327
1326
1322
1320
1320
1320
1322
1324
1326
1329
1331
1331
1333
1333
1333
1333
1331
1329
1327
1326
1326
1326
1327
1329
1331
1335
1338
1344
1349
1353
1360
1367
1374
1383
1399
1442
1487
1541
1589
1616
1632
1643
1654
1659
1663
1661
1654
1641
1627
1609
1588
1557
1528
1505
1489
1475
1462
1455
1449
1451
1457
1466
1476
1489
1501
1514
1528
1545
1559
1573
1597
1676
1798
1981
2230
2544
2907
3273
3556
3626
3583
3294
2860
2397
2011
1817
1758
1719
1679
1649
1624
1600
1579
1562
1550
1543
1537
1534
1532
1530
1525
1519
1516
1514
1512
1514
1519
1530
1548
1566
1584
1597
1611
1624
1638
1650
1661
1672
1679
1685
1690
1697
1702
1710
1717
1726
1737
1747
1760
1776
1792
1808
1821
1833
1846
1857
1866
1877
1885
1894
1902
1911
1921
1934
1952
1981
2011
2043
2079
2122
2164
2187
2203
2216
2226
2234
2237
2234
2226
2214
2200
2180
2151
2101
2060
2004
1945
1903
1871
1833
1783
1729
1697
1679
1661
1640
1618
1600
1586
1573
1561
1548
1539
1530
1523
1518
1510
1505
1500
1494
1489
1482
1476
1467
1460
1453
1446
1437
1423
1401
1383
1378
1374
1374
1374
1372
1370
1367
1365
1363
1362
1360
1356
1356
1356
1356
1360
1362
1365
1369
1372
1376
1379
1385
1388
1390
1394
1397
1401
1410
1419
1426
1430
1426
1419
1408
1399
1390
1383
1376
1367
1360
1353
1344
1335
1326
1317
1308
1299
1286
1268
1250
1234
1220
1205
1195
1187
1182
1177
1171
1170
1168
1166
1164
1161
1159
1157
1157
1157
1157
1157
1159
1161
1162
1164
1166
1166
1168
1168
1168
1168
1168
1166
1162
1159
1155
1152
1148
1143
1137
1132
1119
1092
1067
1047
1035
1022
1012
1004
0999
0999
1006
1022
1039
1053
1064
1073
1083
1096
1107
1116
1125
1130
1135
1141
1148
1153
1159
1164
1171
1180
1191
1202
1214
1227
1239
1254
1274
1295
1318
1344
1379
1419
1433
1442
1449
1455
1458
1458
1453
1442
1426
1406
1378
1331
1284
1254
1232
1216
1202
1193
1186
1180
1175
1171
1166
1161
1155
1152
1153
1157
1166
1178
1195
1225
1272
1336
1428
1570
1778
2056
2397
2765
3102
3292
3300
3147
2772
2309
1885
1579
1397
1302
1241
1173
1107
1060
1028
1013
1021
1039
1051
1062
1073
1080
1082
1082
1080
1078
1076
1073
1065
1071
1101
1117
1128
1135
1144
1152
1162
1171
1182
1193
1204
1216
1239
1261
1283
1293
1300
1306
1311
1315
1320
1326
1331
1336
1340
1345
1351
1360
1369
1385
1421
1449
1475
1505
1541
1579
1615
1650
1686
1722
1758
1805
1864
1916
1952
1981
1999
2011
2022
2029
2027
2022
2009
1993
1975
1943
1912
1880
1848
1807
1765
1724
1686
1650
1613
1570
1536
1509
1489
1475
1462
1455
1448
1440
1437
1433
1431
1431
1437
1446
1455
1464
1475
1484
1494
1503
1514
1523
1532
1541
1548
1554
1557
1561
1564
1568
1570
1570
1570
1568
1568
1566
1568
1570
1573
1573
1575
1575
1575
1577
1577
1579
1577
1575
1573
1570
1570
1570
1570
1570
1571
1571
1573
1577
1579
1579
1579
1580
1580
1582
1582
1584
1584
1582
1582
1584
1584
1586
1586
1586
1584
1582
1582
1580
1579
1579
1577
1575
1573
1571
1568
1566
1562
1561
1557
1554
1550
1546
1545
1543
1541
1541
1539
1537
1534
1530
1527
1521
1518
1518
1518
1521
1525
1528
1532
1534
1537
1541
1543
1545
1546
1548
1550
1552
1555
1557
1561
1562
1562
1566
1568
1571
1573
1571
1571
1570
1568
1568
1566
1564
1561
1557
1555
1554
1554
1552
1548
1543
1539
1536
1532
1527
1521
1516
1512
1510
1510
1516
1525
1536
1550
1564
1586
1620
1640
1650
1659
1667
1674
1677
1668
1645
1620
1598
1580
1564
1546
1532
1516
1501
1489
1475
1462
1449
1437
1426
1417
1410
1403
1396
1385
1374
1367
1365
1369
1379
1399
1423
1460
1534
1652
1808
2022
2300
2632
2987
3292
3434
3427
3242
2862
2402
1968
1647
1451
1349
1292
1247
1213
1175
1155
1143
1134
1125
1119
1116
1114
1114
1116
1123
1132
1143
1153
1164
1177
1187
1202
1216
1231
1243
1256
1266
1277
1288
1302
1315
1327
1342
1356
1370
1381
1392
1401
1410
1415
1423
1430
1437
1442
1448
1451
1457
1460
1466
1473
1482
1493
1510
1546
1577
1607
1640
1677
1715
1755
1792
1830
1868
1903
1938
1972
2015
2042
2060
2076
2086
2090
2086
2079
2067
2051
2018
1966
1918
1860
1803
1762
1724
1686
1649
1606
1561
1518
1485
1475
1469
1464
1460
1457
1451
1448
1444
1440
1439
1439
1437
1437
1437
1437
1437
1439
1439
1440
1440
1442
1442
1444
1444
1446
1446
1449
1453
1455
1458
1460
1460
1462
1464
1466
1467
1471
1475
1478
1480
1484
1487
1493
1496
1500
1503
1507
1510
1516
1519
1525
1532
1537
1543
1548
1554
1559
1564
1570
1575
1579
1582
1584
1588
1588
1588
1586
1584
1580
1577
1573
1570
1564
1559
1554
1548
1541
1536
1528
1521
1507
1487
1469
1451
1435
1417
1399
1378
1349
1327
1315
1308
1306
1304
1302
1299
1297
1293
1293
1293
1295
1295
1293
1293
1293
1293
1295
1297
1295
1292
1286
1281
1275
1272
1268
1263
1259
1254
1250
1248
1247
1243
1241
1238
1234
1231
1227
1222
1218
1214
1209
1207
1204
1204
1204
1205
1207
1211
1216
1220
1225
1229
1234
1239
1247
1252
1257
1265
1274
1295
1320
1342
1360
1378
1399
1426
1455
1484
1501
1514
1525
1532
1537
1543
1546
1548
1545
1539
1534
1525
1518
1507
1494
1475
1451
1424
1392
1349
1297
1254
1231
1216
1205
1196
1189
1186
1184
1184
1186
1191
1200
1211
1225
1281
1405
1584
1821
2115
2453
2799
3095
3215
3199
2987
2600
2147
1737
1437
1263
1170
1116
1082
1056
1035
1019
0999
0977
0960
0943
0936
0933
0929
0927
0925
0924
0924
0922
0920
0918
0918
0918
0920
0922
0924
0927
0931
0934
0938
0943
0949
0952
0958
0963
0969
0976
0981
0990
1008
1030
1053
1078
1100
1121
1141
1157
1168
1180
1196
1216
1241
1274
1299
1318
1338
1358
1376
1396
1419
1449
1476
1505
1537
1575
1620
1645
1663
1677
1688
1695
1695
1688
1679
1667
1650
1627
1588
1552
1507
1444
1383
1340
1306
1270
1236
1202
1187
1180
1173
1166
1159
1153
1148
1146
1144
1144
1144
1144
1150
1157
1166
1175
1182
1191
1198
1205
1213
1220
1227
1236
1243
1252
1263
1275
1286
1295
1304
1311
1318
1326
1333
1338
1344
1349
1353
1358
1365
1370
1374
1378
1381
1385
1388
1394
1397
1401
1405
1406
1412
1417
1423
1430
1435
1440
1448
1455
1462
1473
1484
1493
1501
1510
1518
1527
1534
1541
1546
1550
1552
1555
1559
1562
1566
1568
1568
1570
1571
1575
1577
1580
1582
1582
1582
1584
1588
1591
1595
1598
1598
1598
1600
1602
1606
1607
1607
1607
1607
1609
1613
1618
1620
1624
1625
1631
1636
1641
1647
1650
1654
1656
1658
1661
1665
1667
1668
1668
1668
1670
1672
1674
1674
1676
1674
1674
1672
1672
1672
1670
1667
1663
1658
1654
1650
1649
1647
1645
1645
1647
1650
1654
1658
1663
1668
1674
1679
1686
1693
1701
1710
1729
1778
1799
1814
1826
1837
1841
1835
1816
1796
1780
1763
1747
1731
1715
1699
1683
1667
1647
1620
1593
1568
1546
1532
1519
1509
1500
1491
1487
1485
1487
1491
1496
1503
1516
1530
1559
1620
1731
1893
2117
2399
2724
3055
3337
3448
3423
3186
2741
2244
1832
1571
1466
1435
1415
1394
1376
1358
1336
1309
1286
1266
1257
1252
1248
1245
1241
1239
1236
1234
1231
1229
1225
1225
1227
1229
1232
1236
1238
1241
1243
1245
1247
1248
1248
1248
1248
1250
1252
1254
1256
1257
1261
1265
1270
1275
1283
1288
1293
1300
1308
1320
1338
1370
1415
1451
1478
1503
1523
1543
1568
1602
1647
1685
1717
1751
1785
1826
1868
1893
1905
1916
1925
1930
1934
1929
1920
1903
1884
1857
1814
1783
1740
1690
1641
1588
1532
1475
1431
1405
1376
1347
1333
1322
1315
1309
1304
1299
1295
1292
1288
1288
1290
1290
1292
1293
1295
1299
1304
1308
1313
1315
1318
1320
1324
1327
1329
1331
1331
1329
1329
1329
1331
1331
1331
1331
1331
1333
1335
1336
1338
1338
1338
1338
1338
1338
1338
1338
1336
1335
1335
1335
1336
1336
1336
1336
1338
1340
1342
1345
1349
1351
1353
1356
1358
1360
1362
1363
1363
1365
1369
1372
1378
1385
1390
1396
1403
1408
1414
1419
1421
1423
1421
1417
1414
1410
1405
1401
1396
1388
1385
1381
1378
1376
1374
1372
1369
1365
1360
1356
1353
1347
1342
1338
1335
1333
1331
1331
1331
1333
1335
1338
1342
1344
1345
1347
1347
1345
1347
1347
1351
1353
1356
1360
1363
1367
1370
1372
1374
1374
1374
1374
1374
1372
1372
1370
1370
1372
1372
1374
1374
1374
1374
1376
1378
1379
1381
1383
1388
1392
1399
1406
1415
1426
1437
1455
1493
1514
1525
1532
1539
1545
1550
1554
1554
1546
1534
1518
1503
1489
1473
1457
1439
1421
1406
1397
1390
1381
1374
1367
1362
1360
1358
1358
1358
1362
1367
1376
1388
1405
1423
1457
1530
1668
1851
2099
2413
2776
3140
3431
3526
3497
3255
2862
2424
2033
1740
1554
1444
1388
1362
1349
1338
1331
1326
1320
1318
1315
1313
1309
1306
1302
1299
1297
1295
1295
1295
1297
1302
1309
1318
1329
1338
1345
1351
1353
1356
1360
1363
1367
1372
1378
1383
1388
1396
1401
1406
1412
1417
1424
1433
1449
1478
1509
1539
1561
1579
1597
1613
1627
1640
1654
1676
1708
1742
1776
1812
1846
1880
1914
1950
1986
2020
2061
2086
2104
2119
2130
2131
2130
2121
2106
2088
2065
2027
1991
1955
1920
1891
1853
1803
1755
1704
1670
1649
1627
1606
1579
1548
1516
1500
1491
1482
1476
1469
1464
1458
1451
1444
1435
1430
1424
1419
1417
1415
1412
1408
1406
1403
1401
1397
1394
1390
1388
1387
1387
1387
1387
1387
1387
1387
1387
1388
1387
1387
1387
1387
1387
1387
1388
1392
1394
1396
1399
1401
1405
1408
1410
1414
1417
1421
1424
1428
1431
1437
1442
1446
1453
1460
1466
1471
1475
1473
1469
1464
1460
1455
1449
1448
1444
1440
1437
1433
1431
1428
1423
1417
1414
1410
1406
1406
1406
1406
1408
1408
1408
1406
1405
1399
1394
1388
1387
1396
1406
1415
1419
1423
1428
1433
1439
1444
1449
1453
1457
1458
1460
1460
1460
1462
1462
1462
1460
1460
1460
1462
1462
1464
1464
1464
1462
1460
1458
1458
1457
1453
1451
1448
1446
1442
1440
1440
1439
1437
1435
1433
1431
1431
1428
1424
1421
1417
1417
1421
1431
1444
1460
1482
1516
1545
1559
1568
1577
1584
1588
1591
1593
1593
1591
1588
1582
1575
1566
1554
1541
1519
1482
1449
1419
1394
1379
1370
1365
1360
1356
1353
1351
1349
1351
1356
1362
1370
1383
1399
1430
1460
1503
1562
1674
1842
2085
2404
2776
3142
3413
3513
3395
3068
2612
2146
1778
1546
1453
1415
1381
1335
1283
1263
1254
1247
1241
1236
1232
1229
1227
1225
1223
1223
1227
1231
1238
1243
1248
1254
1257
1263
1266
1272
1274
1277
1281
1286
1292
1295
1300
1304
1306
1311
1315
1320
1324
1326
1326
1327
1329
1331
1336
1340
1345
1353
1363
1376
1392
1405
1417
1431
1455
1489
1514
1537
1562
1597
1632
1667
1699
1728
1751
1774
1798
1826
1857
1871
1880
1887
1893
1896
1894
1882
1862
1837
1801
1749
1719
1677
1627
1577
1518
1464
1424
1388
1353
1318
1290
1277
1272
1266
1263
1259
1256
1252
1248
1245
1243
1243
1241
1243
1243
1247
1252
1257
1265
1272
1279
1284
1292
1299
1306
1311
1317
1322
1326
1333
1338
1345
1351
1356
1362
1365
1369
1374
1379
1383
1385
1387
1387
1388
1392
1396
1399
1403
1405
1406
1410
1415
1419
1424
1428
1428
1430
1428
1426
1423
1419
1412
1406
1399
1396
1390
1385
1378
1370
1362
1354
1347
1342
1336
1333
1331
1331
1333
1336
1342
1347
1353
1358
1363
1369
1370
1372
1374
1374
1378
1381
1387
1390
1394
1397
1403
1408
1414
1417
1419
1419
1419
1421
1423
1423
1421
1419
1419
1417
1417
1415
1415
1412
1408
1406
1403
1403
1401
1399
1396
1394
1392
1390
1383
1376
1369
1365
1365
1374
1383
1394
1401
1406
1414
1419
1426
1433
1440
1449
1457
1462
1469
1478
1489
1501
1514
1536
1557
1579
1597
1618
1650
1690
1699
1702
1706
1710
1711
1711
1708
1699
1686
1672
1658
1643
1625
1607
1589
1570
1543
1507
1482
1467
1457
1449
1442
1440
1440
1444
1453
1460
1473
1487
1510
1536
1564
1604
1663
1771
1920
2124
2390
2706
3045
3355
3547
3560
3441
3109
2675
2239
1896
1685
1589
1552
1501
1478
1462
1448
1437
1426
1421
1415
1414
1412
1410
1408
1406
1406
1408
1410
1412
1414
1412
1410
1408
1408
1410
1410
1410
1414
1417
1424
1435
1444
1453
1460
1466
1476
1489
1500
1509
1518
1525
1534
1541
1550
1559
1564
1571
1579
1588
1598
1611
1622
1634
1649
1668
1688
1708
1726
1746
1771
1801
1830
1855
1882
1907
1934
1966
1986
2004
2020
2033
2036
2033
2025
2013
1997
1975
1938
1894
1833
1765
1719
1688
1656
1618
1591
1568
1550
1536
1525
1518
1512
1507
1503
1500
1498
1494
1493
1493
1496
1500
1503
1507
1510
1512
1516
1519
1523
1527
1530
1532
1534
1534
1532
1528
1525
1519
1516
1512
1510
1510
1510
1510
1510
1512
1514
1516
1518
1518
1518
1519
1521
1523
1525
1528
1530
1534
1537
1541
1543
1545
1546
1546
1548
1550
1552
1554
1554
1554
1554
1552
1550
1548
1543
1537
1530
1525
1519
1514
1509
1503
1498
1493
1484
1475
1464
1455
1446
1435
1426
1415
1406
1399
1394
1388
1385
1381
1376
1372
1369
1365
1363
1360
1358
1356
1354
1356
1356
1358
1358
1360
1360
1362
1362
1362
1363
1363
1363
1363
1363
1365
1369
1370
1370
1370
1370
1369
1367
1363
1360
1356
1351
1347
1344
1340
1336
1333
1329
1326
1322
1317
1311
1306
1299
1293
1290
1288
1290
1295
1302
1311
1322
1335
1347
1360
1370
1379
1392
1405
1417
1430
1440
1442
1440
1435
1428
1419
1406
1392
1372
1338
1300
1257
1227
1202
1180
1164
1152
1143
1137
1134
1130
1125
1119
1114
1110
1110
1112
1119
1132
1150
1173
1261
1376
1539
1767
2060
2406
2758
3036
3106
3066
2794
2365
1894
1493
1241
1184
1168
1153
1132
1107
1056
1001
0986
0979
0974
0969
0965
0965
0963
0961
0960
0958
0958
0958
0961
0967
0972
0977
0981
0985
0986
0988
0990
0990
0990
0990
0990
0992
0994
0995
0999
1001
1004
1006
1010
1017
1024
1031
1040
1049
1060
1073
1096
1121
1141
1159
1175
1193
1207
1222
1239
1257
1277
1300
1329
1369
1401
1430
1473
1539
1607
1670
1699
1717
1729
1738
1742
1740
1737
1729
1717
1699
1668
1613
1559
1507
1457
1408
1362
1309
1275
1259
1247
1238
1231
1225
1222
1218
1214
1207
1202
1196
1196
1198
1202
1207
1209
1211
1214
1216
1220
1225
1229
1234
1239
1245
1252
1259
1266
1275
1286
1304
1324
1340
1356
1367
1376
1383
1392
1401
1410
1417
1423
1426
1431
1435
1440
1446
1451
1457
1460
1466
1473
1484
1496
1507
1516
1523
1530
1537
1546
1554
1561
1568
1575
1582
1589
1597
1604
1609
1615
1618
1624
1629
1634
1640
1643
1649
1656
1661
1667
1670
1674
1677
1679
1679
1681
1679
1679
1677
1677
1677
1681
1683
1685
1686
1688
1690
1692
1693
1693
1693
1692
1688
1686
1685
1683
1683
1679
1677
1674
1672
1670
1668
1665
1658
1649
1640
1632
1629
1624
1615
1602
1598
1600
1600
1602
1604
1606
1604
1602
1602
1602
1602
1602
1600
1598
1597
1595
1597
1598
1600
1604
1606
1611
1616
1622
1629
1636
1643
1658
1686
1715
1742
1776
1812
1846
1869
1887
1900
1909
1909
1902
1893
1878
1862
1833
1801
1758
1708
1658
1613
1577
1550
1532
1521
1516
1510
1507
1503
1501
1501
1501
1505
1509
1516
1523
1537
1561
1604
1674
1787
1950
2180
2479
2835
3199
3504
3599
3567
3305
2874
2401
2002
1737
1595
1518
1464
1405
1351
1317
1299
1283
1263
1243
1232
1223
1216
1209
1204
1198
1195
1193
1193
1193
1196
1198
1204
1209
1216
1223
1231
1236
1239
1245
1248
1252
1259
1265
1270
1274
1279
1283
1286
1290
1293
1295
1299
1300
1306
1311
1318
1329
1351
1374
1396
1419
1442
1464
1487
1514
1546
1575
1597
1618
1640
1663
1690
1720
1755
1789
1823
1850
1877
1903
1914
1921
1930
1927
1896
1853
1801
1756
1711
1665
1609
1552
1510
1476
1449
1426
1403
1378
1347
1315
1297
1292
1292
1290
1288
1286
1284
1283
1283
1283
1281
1281
1279
1277
1279
1279
1281
1281
1283
1283
1283
1284
1286
1288
1292
1292
1293
1297
1300
1302
1304
1306
1306
1306
1306
1308
1309
1313
1315
1317
1318
1322
1326
1331
1335
1338
1342
1342
1344
1345
1349
1351
1353
1354
1358
1360
1365
1370
1378
1381
1385
1387
1390
1394
1397
1399
1399
1399
1397
1397
1399
1401
1401
1401
1399
1399
1401
1401
1401
1399
1397
1394
1392
1390
1388
1387
1383
1381
1381
1381
1381
1381
1383
1383
1383
1383
1385
1385
1385
1385
1385
1387
1388
1392
1394
1397
1401
1405
1410
1414
1415
1419
1421
1424
1430
1435
1444
1453
1460
1466
1473
1476
1478
1482
1482
1482
1484
1484
1484
1484
1487
1489
1491
1491
1489
1487
1485
1482
1478
1476
1473
1469
1467
1466
1466
1471
1480
1493
1507
1519
1534
1548
1564
1577
1586
1591
1589
1582
1573
1561
1548
1532
1512
1491
1467
1444
1415
1383
1369
1362
1356
1353
1349
1345
1344
1344
1345
1351
1358
1367
1379
1397
1431
1462
1539
1636
1772
1955
2198
2499
2846
3192
3452
3554
3447
3131
2695
2241
1877
1634
1509
1437
1379
1338
1311
1300
1295
1290
1284
1281
1275
1272
1270
1268
1266
1266
1266
1266
1268
1270
1274
1279
1284
1290
1295
1302
1309
1315
1324
1331
1338
1345
1356
1369
1381
1392
1401
1408
1415
1421
1428
1435
1442
1449
1457
1464
1475
1487
1500
1514
1528
1543
1557
1571
1586
1602
1620
1645
1679
1710
1737
1780
1835
1887
1945
1988
2015
2031
2038
2043
2049
2054
2060
2061
2054
2034
2011
1981
1936
1907
1877
1846
1805
1762
1720
1681
1641
1604
1559
1528
1507
1489
1475
1462
1455
1449
1444
1440
1437
1433
1430
1426
1423
1419
1415
1410
1405
1401
1396
1390
1385
1379
1374
1369
1365
1362
1356
1353
1349
1345
1344
1344
1344
1344
1344
1344
1344
1342
1342
1340
1338
1336
1336
1338
1342
1344
1345
1345
1347
1349
1351
1353
1354
1353
1353
1351
1349
1351
1351
1351
1351
1351
1349
1349
1347
1347
1345
1342
1340
1336
1335
1331
1329
1326
1322
1318
1315
1311
1306
1302
1299
1295
1292
1292
1292
1293
1295
1297
1299
1302
1306
1311
1315
1318
1320
1324
1327
1331
1335
1338
1340
1344
1345
1347
1351
1351
1351
1349
1349
1347
1347
1347
1347
1347
1345
1345
1345
1345
1344
1344
1342
1340
1338
1338
1336
1336
1335
1333
1333
1331
1331
1331
1333
1333
1333
1335
1335
1336
1338
1340
1344
1347
1353
1358
1363
1372
1379
1394
1431
1464
1496
1523
1546
1568
1584
1598
1609
1615
1609
1595
1577
1555
1530
1500
1466
1440
1419
1397
1374
1347
1324
1309
1297
1286
1274
1265
1257
1254
1252
1254
1257
1261
1268
1277
1292
1308
1344
1419
1546
1733
1984
2304
2677
3059
3357
3472
3359
3025
2557
2079
1708
1478
1383
1345
1311
1263
1225
1214
1209
1205
1202
1200
1200
1200
1202
1202
1202
1204
1204
1207
1209
1211
1209
1205
1204
1200
1196
1195
1193
1191
1191
1191
1191
1193
1195
1196
1200
1205
1211
1218
1225
1232
1243
1256
1268
1283
1297
1313
1329
1351
1381
1408
1431
1457
1487
1525
1557
1584
1609
1634
1661
1695
1737
1772
1801
1830
1857
1884
1911
1936
1963
1979
1995
2008
2016
2020
2018
2009
1997
1981
1950
1898
1846
1794
1738
1679
1638
1615
1593
1575
1557
1543
1532
1521
1510
1500
1491
1482
1475
1467
1462
1457
1453
1449
1449
1451
1457
1464
1475
1485
1498
1509
1525
1541
1554
1559
1562
1564
1566
1570
1573
1577
1579
1571
1557
1545
1539
1536
1532
1528
1525
1523
1519
1518
1514
1512
1509
1507
1505
1503
1501
1500
1500
1498
1496
1494
1493
1491
1489
1485
1484
1482
1478
1475
1471
1469
1469
1467
1466
1464
1462
1462
1462
1460
1460
1455
1449
1446
1446
1448
1453
1457
1460
1462
1464
1467
1469
1471
1473
1473
1473
1473
1475
1476
1478
1478
1476
1476
1475
1475
1473
1473
1471
1469
1467
1467
1466
1464
1462
1462
1460
1460
1460
1460
1460
1460
1460
1460
1460
1458
1453
1449
1449
1453
1462
1476
1487
1494
1501
1509
1514
1518
1521
1523
1527
1528
1532
1536
1539
1545
1548
1554
1561
1566
1571
1577
1582
1588
1593
1600
1609
1618
1627
1636
1643
1647
1647
1643
1638
1631
1618
1604
1582
1541
1505
1469
1435
1408
1392
1383
1374
1367
1363
1362
1360
1362
1365
1369
1376
1385
1396
1412
1444
1467
1528
1620
1762
1966
2232
2551
2890
3186
3319
3301
3084
2664
2171
1737
1449
1394
1378
1363
1345
1326
1288
1220
1186
1173
1162
1153
1146
1143
1139
1134
1130
1126
1126
1126
1126
1128
1132
1137
1141
1143
1146
1150
1153
1159
1164
1171
1177
1184
1193
1202
1211
1222
1234
1247
1261
1275
1295
1315
1331
1347
1362
1376
1392
1408
1423
1433
1446
1460
1485
1521
1548
1566
1582
1598
1613
1629
1659
1710
1749
1778
1808
1841
1869
1885
1896
1903
1911
1914
1914
1905
1889
1869
1842
1801
1769
1728
1676
1629
1575
1528
1493
1458
1423
1388
1353
1342
1336
1333
1331
1329
1327
1324
1322
1320
1318
1317
1313
1311
1311
1309
1309
1311
1313
1317
1318
1320
1320
1320
1320
1318
1317
1313
1309
1306
1302
1300
1299
1297
1295
1295
1295
1295
1295
1295
1295
1295
1295
1295
1295
1297
1297
1299
1300
1300
1302
1304
1306
1309
1309
1311
1309
1308
1306
1304
1302
1300
1297
1293
1292
1292
1290
1290
1286
1283
1279
1274
1270
1265
1261
1257
1254
1250
1248
1248
1247
1245
1241
1238
1227
1223
1236
1261
1297
1351
1396
