2740
2741
2737
2729
2716
2701
2676
2638
2590
2564
2522
2480
2428
2371
2319
2272
2243
2213
2189
2167
2144
2119
2092
2038
1960
1852
1720
1579
1436
1293
1154
1023
0904
0804
0738
0697
0673
0657
0646
0646
0663
0706
0759
0814
0873
0936
0999
1067
1134
1184
1211
1230
1244
1260
1276
1292
1307
1322
1336
1335
1314
1256
1156
1037
0907
0764
0613
0466
0331
0223
0160
0140
0126
0116
0099
0073
0041
0020
0008
0000
0017
0068
0158
0278
0426
0595
0772
0947
1111
1257
1381
1484
1573
1659
1744
1822
1892
1952
2006
2057
2109
2158
2187
2206
2217
2226
2234
2242
2250
2260
2271
2283
2302
2329
2347
2356
2362
2369
2375
2382
2392
2406
2418
2433
2456
2483
2515
2554
2589
2623
2652
2697
2741
2789
2837
2889
2940
2987
3033
3082
3133
3164
3198
3231
3257
3276
3293
3302
3308
3314
3317
3320
3320
3318
3314
3308
3301
3292
3275
3261
3242
3217
3193
3165
3139
3121
3105
3084
3056
3038
3028
3021
3017
3012
3009
3005
3001
2997
2993
2990
2990
2994
3000
3009
3019
3035
3050
3064
3079
3094
3115
3137
3157
3180
3210
3236
3277
3317
3359
3404
3430
3471
3514
3558
3588
3621
3653
3683
3713
3735
3748
3759
3769
3785
3811
3832
3843
3852
3860
3866
3873
3883
3887
3881
3866
3843
3814
3772
3727
3681
3629
3573
3516
3463
3442
3431
3425
3434
3460
3499
3545
3590
3640
3694
3744
3789
3819
3850
3875
3887
3894
3898
3899
3895
3888
3877
3863
3845
3832
3826
3821
3817
3813
3810
3810
3810
3811
3814
3818
3823
3831
3841
3860
3876
3898
3922
3943
3967
3992
4019
4047
4071
4081
4087
4092
4094
4094
4089
4080
4066
4042
4009
3983
3958
3922
3878
3832
3787
3739
3708
3675
3645
3600
3552
3524
3495
3466
3438
3410
3380
3356
3334
3312
3288
3265
3225
3178
3126
3077
3026
2968
2902
2833
2769
2713
2657
2600
2552
2507
2460
2409
2379
2357
2339
2325
2312
2301
2291
2279
2272
2265
2260
2254
2249
2244
2239
2234
2230
2225
2219
2212
2204
2193
2170
2141
2125
2115
2103
2086
2067
2047
2041
2037
2033
2031
2030
2029
2031
2034
2041
2047
2053
2063
2073
2084
2096
2107
2117
2127
2136
2144
2156
2169
2178
2180
2183
2186
2188
2190
2192
2194
2195
2196
2197
2196
2194
2191
2189
2187
2184
2180
2176
2171
2167
2161
2154
2147
2138
2134
2130
2128
2126
2126
2125
2123
2122
2122
2123
2129
2136
2144
2148
2152
2155
2158
2162
2165
2168
2170
2173
2176
2179
2180
2181
2184
2187
2190
2199
2216
2232
2248
2263
2280
2293
2302
2310
2319
2329
2347
2373
2413
2458
2502
2542
2581
2627
2657
2690
2719
2747
2772
2796
2821
2842
2857
2873
2887
2897
2905
2910
2915
2921
2927
2937
2952
2964
2975
2985
2994
3002
3007
3010
3013
3015
3017
3019
3021
3023
3025
3028
3031
3033
3036
3038
3040
3042
3047
3055
3063
3063
3056
3045
3028
3000
2951
2894
2831
2772
2720
2697
2684
2676
2676
2687
2718
2762
2814
2871
2923
2968
2986
2992
2997
3000
3001
3002
3002
3000
2994
2989
2982
2977
2969
2961
2955
2949
2944
2937
2928
2918
2910
2902
2895
2891
2888
2884
2882
2878
2873
2869
2864
2859
2855
2852
2848
2844
2841
2838
2834
2831
2828
2824
2821
2820
2817
2814
2812
2810
2809
2807
2805
2804
2803
2802
2802
2802
2802
2801
2800
2798
2797
2795
2794
2792
2791
2790
2789
2787
2784
2781
2778
2772
2766
2760
2755
2748
2741
2730
2715
2703
2686
2663
2632
2604
2590
2583
2579
2575
2573
2572
2573
2575
2578
2580
2582
2585
2588
2591
2593
2593
2591
2587
2580
2574
2565
2552
2540
2528
2523
2519
2516
2515
2512
2509
2506
2504
2501
2498
2495
2496
2494
2492
2490
2487
2483
2477
2472
2467
2464
2463
2462
2462
2463
2466
2469
2472
2473
2473
2473
2477
2487
2502
2521
2548
2580
2600
2614
2626
2642
2667
2686
2698
2708
2715
2719
2723
2731
2745
2766
2784
2793
2798
2801
2805
2809
2811
2812
2812
2814
2815
2816
2819
2821
2821
2823
2825
2826
2824
2818
2811
2806
2802
2799
2796
2793
2790
2789
2790
2791
2792
2792
2791
2789
2786
2783
2779
2775
2770
2767
2764
2762
2759
2756
2754
2752
2751
2750
2747
2745
2742
2739
2736
2730
2722
2710
2702
2698
2696
2695
2695
2694
2694
2698
2703
2707
2711
2713
2713
2713
2714
2714
2715
2715
2718
2722
2726
2732
2740
2757
2776
2799
2821
2841
2852
2860
2866
2873
2874
2870
2860
2848
2830
2800
2751
2701
2646
2591
2537
2515
2505
2495
2497
2519
2573
2652
2747
2839
2915
2944
2955
2945
2941
2938
2935
2932
2929
2925
2920
2921
2924
2926
2926
2924
2921
2918
2918
2922
2925
2927
2931
2935
2937
2938
2939
2941
2943
2945
2945
2945
2943
2940
2938
2940
2945
2949
2953
2957
2960
2965
2970
2977
2985
2994
3003
3011
3018
3021
3027
3039
3050
3060
3077
3105
3123
3131
3135
3138
3140
3141
3142
3143
3141
3137
3131
3122
3111
3095
3082
3069
3056
3044
3034
3025
3008
2982
2958
2935
2915
2901
2888
2874
2858
2835
2818
2808
2801
2799
2798
2795
2786
2765
2733
2706
2685
2666
2650
2634
2617
2608
2601
2596
2591
2589
2588
2589
2590
2592
2595
2598
2600
2604
2609
2614
2621
2631
2648
2659
2664
2663
2665
2668
2670
2671
2669
2663
2654
2644
2635
2624
2612
2601
2590
2579
2568
2554
2540
2528
2516
2499
2477
2454
2438
2424
2414
2406
2400
2395
2391
2388
2386
2384
2382
2382
2384
2387
2390
2396
2400
2405
2408
2411
2415
2420
2424
2428
2431
2432
2434
2434
2433
2431
2430
2427
2424
2421
2417
2413
2410
2406
2402
2399
2395
2391
2389
2385
2382
2380
2379
2379
2380
2382
2384
2388
2391
2394
2398
2400
2402
2404
2405
2407
2408
2410
2411
2413
2415
2417
2418
2421
2424
2428
2433
2441
2453
2479
2500
2516
2530
2546
2563
2575
2583
2590
2599
2608
2617
2626
2635
2644
2655
2665
2672
2673
2675
2677
2679
2681
2683
2684
2684
2686
2688
2691
2694
2700
2707
2715
2727
2752
2773
2789
2802
2810
2810
2802
2788
2766
2735
2687
2639
2585
2553
2528
2511
2509
2525
2548
2582
2621
2654
2708
2758
2814
2854
2883
2896
2906
2915
2922
2927
2932
2936
2938
2941
2944
2946
2949
2953
2958
2963
2968
2975
2982
2991
3008
3023
3039
3049
3057
3063
3070
3077
3085
3094
3100
3107
3115
3126
3136
3143
3148
3156
3168
3183
3182
3162
3154
3149
3146
3143
3140
3137
3134
3131
3129
3126
3124
3123
3123
3123
3122
3119
3115
3112
3100
3071
3041
3009
2980
2959
2941
2929
2921
2914
2905
2895
2885
2871
2849
2831
2809
2769
2736
2718
2707
2697
2688
2681
2674
2669
2663
2659
2652
2647
2640
2631
2623
2615
2606
2597
2588
2580
2573
2566
2559
2554
2548
2544
2539
2536
2534
2532
2532
2533
2537
2540
2545
2549
2556
2562
2568
2576
2583
2591
2599
2605
2610
2614
2617
2619
2621
2624
2631
2641
2650
2652
2641
2627
2616
2607
2599
2589
2578
2567
2555
2543
2532
2520
2509
2504
2502
2500
2497
2494
2492
2490
2489
2490
2495
2503
2514
2530
2566
2598
2617
2628
2633
2638
2642
2646
2648
2649
2646
2639
2629
2619
2608
2593
2579
2567
2558
2548
2535
2515
2487
2466
2450
2435
2419
2404
2396
2389
2383
2377
2371
2365
2360
2356
2353
2352
2353
2356
2361
2367
2373
2379
2385
2391
2398
2404
2412
2424
2435
2446
2456
2465
2474
2484
2494
2510
2525
2541
2547
2552
2555
2558
2560
2563
2566
2570
2575
2579
2583
2587
2589
2592
2596
2601
2608
2616
2625
2635
2643
2652
2657
2662
2664
2666
2668
2670
2673
2678
2682
2684
2684
2678
2667
2650
2619
2569
2524
2478
2400
2323
2248
2209
2184
2168
2161
2169
2189
2221
2263
2297
2340
2395
2447
2496
2542
2568
2581
2591
2602
2613
2623
2632
2640
2647
2654
2662
2669
2676
2684
2692
2701
2709
2716
2726
2734
2741
2747
2752
2756
2760
2766
2771
2779
2786
2794
2802
2810
2816
2821
2825
2830
2834
2839
2843
2848
2852
2855
2858
2861
2863
2864
2865
2867
2868
2869
2870
2871
2873
2874
2877
2881
2884
2889
2894
2899
2904
2907
2910
2912
2914
2915
2917
2919
2922
2926
2928
2931
2934
2937
2937
2937
2936
2932
2926
2917
2909
2900
2890
2881
2871
2855
2839
2823
2812
2803
2793
2780
2762
2740
2715
2692
2667
2645
2626
2612
2600
2589
2582
2583
2594
2610
2624
2633
2641
2647
2653
2659
2665
2670
2674
2678
2683
2689
2694
2698
2702
2705
2709
2712
2715
2715
2718
2721
2724
2728
2732
2735
2737
2738
2738
2737
2737
2735
2733
2729
2726
2722
2718
2715
2714
2708
2702
2697
2697
2705
2715
2726
2731
2736
2740
2746
2752
2758
2764
2769
2773
2777
2780
2783
2786
2787
2788
2788
2789
2790
2794
2799
2803
2808
2810
2811
2810
2806
2799
2789
2777
2761
2737
2714
2690
2671
2653
2638
2621
2604
2590
2583
2578
2571
2566
2561
2558
2555
2552
2549
2547
2545
2544
2545
2548
2552
2558
2563
2569
2577
2584
2591
2597
2601
2604
2607
2610
2612
2615
2618
2621
2623
2626
2629
2631
2635
2637
2639
2641
2642
2642
2644
2645
2646
2646
2646
2646
2646
2645
2645
2644
2642
2642
2642
2642
2642
2642
2643
2644
2646
2647
2649
2651
2652
2652
2654
2656
2660
2669
2679
2686
2686
2678
2664
2643
2605
2537
2469
2398
2334
2294
2292
2289
2286
2290
2321
2368
2422
2503
2592
2656
2711
2746
2771
2790
2805
2816
2826
2835
2845
2855
2863
2866
2868
2870
2873
2874
2876
2878
2880
2880
2881
2881
2882
2882
2883
2883
2884
2884
2884
2885
2886
2888
2889
2889
2890
2890
2891
2891
2893
2894
2896
2897
2898
2899
2899
2899
2899
2898
2897
2896
2895
2895
2895
2896
2897
2899
2903
2906
2910
2913
2915
2918
2922
2926
2931
2937
2943
2953
2965
2979
2991
3000
3006
3008
3006
3002
2996
2989
2983
2975
2965
2953
2939
2924
2908
2895
2884
2872
2861
2850
2839
2831
2822
2816
2809
2802
2795
2789
2782
2775
2767
2758
2748
2739
2733
2729
2726
2723
2720
2717
2715
2714
2712
2710
2709
2708
2707
2706
2706
2707
2707
2708
2709
2711
2712
2714
2715
2715
2716
2716
2716
2715
2715
2715
2715
2715
2714
2713
2712
2710
2708
2706
2705
2703
2701
2698
2696
2693
2689
2684
2679
2674
2670
2660
2647
2637
2629
2621
2616
2610
2605
2599
2592
2589
2589
2594
2600
2606
2611
2614
2617
2621
2624
2627
2629
2629
2629
2629
2630
2631
2633
2634
2634
2634
2636
2638
2641
2642
2644
2644
2644
2643
2644
2644
2645
2647
2649
2650
2652
2655
2658
2660
2661
2661
2660
2659
2658
2657
2657
2656
2656
2656
2657
2660
2662
2664
2667
2668
2670
2672
2674
2678
2681
2684
2686
2689
2692
2696
2701
2706
2712
2715
2720
2724
2728
2733
2737
2740
2745
2748
2753
2757
2760
2764
2768
2773
2781
2791
2799
2801
2799
2791
2780
2768
2743
2702
2661
2616
2565
2519
2494
2478
2467
2463
2468
2481
2499
2528
2574
2617
2660
2696
2722
2735
2742
2747
2750
2755
2760
2766
2772
2780
2790
2795
2782
2755
2714
2663
2624
2586
2548
2504
2474
2457
2443
2437
2436
2442
2453
2467
2485
2515
2545
2568
2585
2601
2619
2635
2647
2657
2666
2673
2681
2686
2691
2697
2704
2714
2727
2743
2760
2774
2785
2796
2810
2824
2840
2854
2868
2884
2900
2917
2935
2950
2966
2981
2995
3007
3017
3026
3036
3047
3058
3071
3084
3097
3109
3123
3136
3141
3136
3122
3104
3081
3047
3015
2972
2922
2874
2831
2799
2774
2751
2721
2688
2633
2577
2518
2460
2400
2339
2277
2233
2195
2171
2157
2148
2140
2134
2127
2122
2117
2112
2105
2095
2097
2119
2153
2190
2221
2256
2294
2333
2371
2409
2438
2461
2485
2507
2526
2526
2507
2477
2449
2434
2424
2425
2431
2439
2444
2421
2358
2291
2265
2265
2281
2297
2313
2313
2297
2283
2270
2263
2273
2295
2317
2342
2358
2368
2375
2380
2385
2391
2399
2408
2419
2434
2458
2478
2491
2499
2506
2515
2525
2534
2545
2558
2577
2593
2608
2626
2645
2653
2658
2662
2664
2666
2660
2648
2636
2630
2624
2619
2613
2608
2602
2597
2593
2591
2591
2592
2593
2595
2598
2600
2604
2608
2611
2615
2619
2623
2629
2634
2641
2646
2652
2660
2667
2674
2682
2687
2693
2697
2702
2707
2713
2716
2720
2722
2722
2720
2716
2713
2706
2699
2691
2684
2677
2671
2664
2657
2651
2646
2642
2641
2641
2642
2644
2649
2653
2661
2668
2676
2686
2701
2715
2727
2738
2748
2760
2768
2768
2763
2752
2722
2662
2583
2505
2437
2400
2377
2363
2355
2355
2364
2381
2409
2448
2484
2523
2542
2551
2558
2563
2568
2572
2578
2582
2587
2592
2597
2602
2610
2620
2631
2641
2652
2661
2666
2671
2674
2678
2681
2684
2685
2687
2690
2693
2695
2698
2700
2703
2705
2707
2710
2713
2715
2719
2725
2736
2747
2758
2768
2779
2789
2800
2810
2821
2832
2844
2856
2871
2884
2898
2911
2920
2928
2935
2941
2947
2954
2959
2964
2969
2974
2979
2982
2987
2989
2992
2993
2992
2991
2989
2985
2979
2973
2961
2935
2906
2881
2858
2835
2814
2789
2765
2747
2730
2715
2698
2682
2668
2655
2650
2647
2645
2643
2642
2641
2642
2645
2652
2663
2682
2715
2735
2747
2758
2768
2778
2791
2809
2824
2838
2848
2860
2873
2882
2889
2895
2900
2903
2903
2900
2894
2889
2883
2876
2866
2856
2843
2831
2820
2810
2800
2793
2787
2780
2776
2772
2768
2765
2761
2758
2756
2753
2751
2750
2749
2749
2750
2751
2754
2758
2760
2764
2768
2770
2774
2779
2783
2789
2795
2802
2809
2814
2820
2823
2828
2831
2833
2836
2840
2843
2847
2849
2848
2844
2838
2830
2820
2809
2789
2773
2760
2748
2736
2723
2711
2695
2678
2663
2653
2648
2642
2640
2638
2641
2646
2653
2660
2664
2670
2675
2681
2685
2688
2687
2684
2679
2673
2668
2663
2658
2652
2646
2640
2634
2630
2625
2621
2614
2605
2590
2579
2571
2565
2560
2556
2552
2548
2545
2541
2537
2534
2530
2526
2522
2518
2515
2515
2515
2518
2522
2526
2531
2536
2541
2547
2554
2561
2569
2579
2589
2600
2609
2609
2603
2593
2565
2523
2474
2424
2377
2331
2308
2294
2285
2281
2286
2302
2346
2403
2465
2513
2531
2544
2559
2585
2599
2603
2606
2608
2609
2610
2611
2612
2613
2615
2616
2618
2620
2622
2624
2627
2630
2631
2632
2632
2632
2632
2633
2634
2635
2637
2640
2643
2646
2649
2652
2654
2656
2659
2661
2663
2665
2669
2673
2683
2702
2715
2724
2730
2737
2743
2750
2758
2764
2768
2772
2775
2779
2781
2783
2786
2789
2791
2795
2798
2800
2804
2807
2811
2816
2825
2833
2838
2842
2845
2848
2851
2852
2854
2855
2855
2855
2854
2852
2848
2843
2837
2831
2822
2815
2807
2798
2787
2776
2766
2757
2747
2739
2734
2730
2726
2724
2721
2718
2716
2715
2714
2711
2709
2706
2705
2704
2704
2703
2703
2703
2703
2704
2705
2705
2705
2704
2702
2701
2699
2698
2697
2696
2695
2695
2695
2696
2696
2696
2696
2695
2695
2694
2694
2692
2690
2688
2686
2684
2684
2682
2680
2679
2678
2677
2678
2679
2680
2682
2683
2684
2686
2687
2689
2690
2692
2693
2695
2697
2701
2704
2707
2711
2715
2718
2722
2726
2730
2733
2736
2737
2739
2740
2741
2741
2741
2741
2741
2741
2740
2739
2738
2737
2736
2735
2733
2732
2731
2729
2727
2726
2726
2726
2725
2724
2723
2722
2720
2719
2719
2718
2716
2715
2715
2715
2715
2716
2715
2715
2714
2712
2712
2711
2711
2710
2710
2711
2712
2715
2716
2719
2721
2723
2724
2726
2729
2730
2730
2727
2723
2716
2711
2706
2703
2698
2694
2688
2684
2681
2678
2677
2675
2675
2677
2681
2686
2692
2698
2704
2710
2715
2722
2734
2745
2752
2752
2747
2737
2724
2677
2621
2561
2504
2444
2417
2401
2390
2385
2391
2406
2428
2464
2505
2547
2594
2637
2670
2694
2710
2716
2722
2726
2729
2731
2733
2734
2733
2732
2728
2724
2717
2711
2702
2688
2663
2642
2621
2600
2579
2568
2561
2555
2549
2545
2543
2544
2547
2552
2558
2564
2570
2575
2580
2586
2591
2597
2603
2609
2615
2621
2628
2633
2640
2647
2657
2667
2676
2683
2688
2694
2696
2700
2703
2706
2710
2713
2715
2718
2722
2726
2731
2737
2743
2749
2758
2775
2789
2796
2802
2809
2816
2820
2811
2796
2783
2772
2761
2753
2746
2739
2733
2726
2721
2715
2708
2701
2695
2691
2687
2684
2680
2676
2673
2669
2665
2661
2656
2652
2648
2644
2641
2637
2632
2628
2624
2621
2619
2617
2616
2616
2618
2620
2622
2626
2631
2636
2642
2652
2673
2692
2712
2730
2747
2756
2762
2768
2771
2775
2779
2781
2785
2788
2789
2791
2792
2792
2793
2793
2793
2793
2793
2794
2795
2796
2797
2798
2799
2799
2800
2802
2804
2806
2808
2810
2810
2812
2814
2817
2819
2821
2823
2826
2829
2831
2834
2836
2836
2835
2834
2833
2831
2831
2828
2825
2823
2821
2821
2820
2817
2814
2812
2811
2813
2818
2822
2826
2828
2830
2831
2833
2836
2838
2840
2841
2841
2841
2840
2838
2836
2833
2831
2827
2824
2821
2819
2817
2814
2812
2810
2808
2805
2802
2799
2796
2791
2788
2783
2779
2773
2763
2754
2749
2747
2747
2746
2744
2742
2741
2740
2740
2742
2746
2749
2754
2759
2767
2776
2786
2799
2821
2853
2880
2899
2917
2929
2938
2946
2948
2946
2938
2926
2907
2877
2831
2771
2712
2659
2610
2579
2551
2532
2530
2542
2573
2621
2671
2701
2718
2730
2737
2737
2728
2716
2697
2663
2646
2638
2631
2627
2624
2622
2621
2623
2626
2631
2637
2642
2647
2651
2653
2657
2660
2663
2665
2668
2671
2673
2676
2679
2681
2682
2683
2683
2683
2682
2682
2681
2681
2682
2683
2686
2689
2689
2682
2673
2669
2665
2662
2658
2655
2653
2652
2652
2654
2659
2664
2671
2678
2686
2699
2712
2721
2729
2735
2740
2745
2748
2752
2754
2755
2754
2752
2748
2744
2738
2732
2722
2704
2687
2674
2665
2656
2648
2640
2625
2604
2584
2559
2540
2529
2521
2515
2512
2508
2504
2501
2502
2511
2523
2529
2535
2539
2543
2547
2551
2556
2560
2564
2568
2573
2579
2589
2607
2627
2643
2657
2664
2665
2665
2666
2667
2668
2669
2669
2668
2668
2668
2666
2663
2658
2653
2649
2644
2640
2635
2631
2626
2622
2619
2615
2612
2609
2606
2602
2600
2596
2592
2588
2584
2583
2584
2588
2593
2601
2615
2640
2658
2669
2680
2692
2705
2721
2740
2754
2763
2771
2776
2779
2782
2785
2787
2789
2790
2792
2793
2794
2793
2790
2785
2779
2773
2768
2762
2757
2752
2747
2742
2737
2733
2729
2725
2721
2717
2714
2707
2697
2686
2674
2660
2644
2641
2638
2635
2632
2631
2633
2637
2641
2642
2644
2646
2648
2651
2653
2655
2657
2658
2661
2663
2665
2668
2670
2672
2675
2681
2687
2695
2704
2712
2717
2724
2730
2736
2740
2744
2747
2748
2751
2755
2759
2768
2790
2811
2824
2834
2842
2849
2854
2859
2861
2861
2855
2846
2835
2815
2780
2725
2657
2583
2515
2456
2410
2392
2390
2400
2425
2472
2523
2549
2590
2635
2693
2748
2800
2821
2827
2831
2832
2834
2836
2837
2837
2838
2838
2837
2837
2836
2835
2834
2834
2834
2835
2836
2837
2837
2838
2837
2837
2836
2835
2834
2833
2832
2831
2831
2831
2833
2835
2836
2835
2833
2831
2831
2829
2826
2824
2821
2820
2819
2819
2821
2822
2825
2829
2833
2838
2842
2845
2849
2852
2854
2857
2861
2863
2866
2869
2873
2877
2884
2894
2905
2916
2925
2932
2937
2941
2941
2937
2927
2917
2903
2880
2858
2839
2822
2810
2799
2789
2779
2770
2761
2750
2737
2719
2698
2683
2672
2662
2653
2645
2639
2632
2625
2619
2614
2612
2610
2610
2609
2606
2604
2605
2613
2625
2637
2652
2659
2663
2666
2669
2672
2673
2674
2675
2675
2673
2669
2664
2659
2653
2650
2645
2642
2638
2634
2631
2627
2622
2619
2614
2610
2606
2601
2596
2590
2581
2572
2563
2555
2548
2541
2536
2530
2526
2522
2519
2516
2515
2512
2510
2509
2509
2510
2512
2514
2516
2519
2523
2527
2533
2538
2544
2552
2561
2571
2579
2587
2594
2602
2610
2619
2629
2637
2647
2662
2682
2705
2727
2751
2776
2789
2798
2805
2810
2815
2817
2817
2815
2811
2807
2800
2794
2785
2769
2755
2739
2725
2713
2701
2691
2683
2677
2673
2669
2665
2663
2663
2665
2672
2681
2690
2697
2703
2708
2715
2719
2725
2730
2734
2737
2740
2742
2744
2745
2745
2744
2744
2744
2744
2745
2746
2746
2747
2747
2748
2750
2754
2758
2763
2768
2775
2782
2789
2799
2810
2819
2824
2828
2832
2840
2849
2847
2829
2801
2765
2702
2642
2585
2547
2505
2467
2442
2423
2422
2438
2480
2536
2593
2652
2710
2745
2762
2769
2775
2780
2784
2789
2794
2800
2804
2809
2813
2817
2820
2822
2825
2827
2829
2831
2834
2838
2840
2842
2842
2843
2844
2845
2847
2849
2850
2851
2852
2854
2856
2858
2860
2861
2862
2863
2866
2871
2875
2881
2885
2890
2894
2900
2905
2911
2915
2919
2924
2927
2932
2937
2942
2947
2953
2959
2967
2973
2979
2986
2991
2997
3002
3008
3012
3015
3015
3013
3010
3005
2999
2992
2984
2973
2957
2940
2925
2910
2895
2881
2865
2849
2833
2821
2810
2801
2794
2787
2780
2775
2771
2768
2766
2764
2762
2761
2760
2760
2760
2760
2759
2758
2758
2756
2754
2753
2751
2750
2747
2745
2741
2737
2732
2726
2715
2684
2654
2638
2628
2620
2612
2605
2597
2589
2579
2572
2566
2559
2555
2550
2547
2543
2539
2537
2533
2529
2525
2520
2515
2511
2506
2503
2499
2495
2492
2488
2484
2479
2473
2469
2466
2465
2467
2472
2479
2488
2499
2516
2548
2573
2595
2613
2633
2657
2669
2679
2687
2694
2700
2704
2705
2707
2707
2705
2703
2698
2693
2685
2678
2671
2663
2649
2633
2620
2606
2593
2583
2574
2566
2558
2550
2544
2538
2534
2530
2526
2523
2518
2515
2511
2508
2506
2505
2506
2509
2514
2520
2527
2537
2545
2554
2565
2577
2589
2599
2607
2614
2621
2630
2641
2652
2665
2679
2686
2690
2693
2695
2699
2703
2706
2710
2714
2716
2720
2725
2728
2733
2737
2740
2747
2757
2768
2777
2785
2793
2802
2814
2822
2822
2810
2788
2753
2704
2623
2543
2472
2435
2414
2400
2389
2389
2397
2415
2471
2551
2634
2677
2700
2713
2722
2737
2756
2772
2779
2783
2786
2789
2792
2795
2798
2800
2804
2809
2812
2815
2817
2818
2818
2817
2816
2816
2815
2815
2815
2814
2813
2813
2814
2815
2816
2817
2818
2818
2818
2818
2817
2816
2815
2813
2812
2811
2811
2812
2813
2816
2818
2821
2823
2827
2831
2834
2838
2842
2846
2850
2854
2865
2878
2889
2893
2894
2896
2898
2901
2903
2905
2906
2906
2904
2896
2885
2872
2852
2822
2797
2771
2746
2722
2709
2702
2695
2691
2687
2683
2678
2672
2666
2662
2658
2654
2651
2647
2645
2643
2642
2642
2642
2640
2639
2638
2637
2637
2635
2633
2631
2629
2626
2625
2623
2621
2619
2617
2615
2613
2611
2609
2606
2603
2600
2598
2595
2592
2589
2585
2582
2579
2575
2573
2571
2568
2567
2564
2561
2558
2553
2547
2541
2528
2499
2477
2460
2445
2436
2432
2430
2426
2422
2424
2442
2460
2476
2494
2514
2537
2562
2588
2599
2605
2610
2615
2620
2623
2626
2630
2632
2635
2637
2638
2639
2639
2638
2637
2635
2632
2629
2626
2622
2619
2614
2610
2603
2590
2560
2538
2510
2476
2446
2414
2382
2346
2323
2312
2303
2297
2294
2294
2294
2298
2303
2309
2317
2328
2349
2377
2397
2411
2423
2434
2444
2454
2465
2477
2489
2499
2508
2519
2529
2539
2551
2564
2576
2588
2600
2614
2629
2641
2650
2658
2666
2673
2681
2688
2695
2702
2707
2712
2716
2722
2727
2733
2737
2741
2746
2749
2754
2758
2763
2767
2771
2777
2780
2784
2785
2783
2779
2772
2763
2751
2728
2684
2639
2589
2533
2481
2453
2438
2426
2420
2418
2422
2434
2452
2516
2592
2667
2718
2734
2743
2750
2760
2770
2779
2788
2793
2798
2802
2806
2810
2812
2815
2819
2822
2827
2830
2832
2834
2837
2840
2842
2846
2851
2856
2863
2871
2878
2885
2894
2903
2909
2915
2919
2924
2927
2931
2936
2939
2942
2946
2947
2949
2950
2950
2949
2948
2947
2945
2943
2940
2938
2936
2933
2930
2926
2923
2919
2915
2913
2909
2905
2900
2894
2890
2885
2882
2877
2873
2867
2863
2857
2850
2842
2829
2815
2802
2790
2784
2779
2774
2769
2765
2761
2759
2758
2757
2757
2757
2758
2761
2767
2772
2779
2787
2795
2805
2818
2842
2865
2885
2897
2906
2915
2921
2926
2929
2931
2930
2927
2923
2916
2910
2902
2893
2881
2859
2840
2824
2817
2812
2808
2803
2799
2795
2792
2790
2789
2788
2787
2786
2786
2788
2789
2791
2795
2799
2803
2808
2813
2819
2823
2828
2831
2836
2840
2843
2847
2851
2854
2858
2863
2867
2871
2873
2876
2878
2879
2878
2876
2873
2871
2867
2863
2861
2857
2852
2848
2843
2839
2832
2818
2802
2787
2771
2755
2738
2723
2710
2696
2682
2666
2652
2639
2632
2627
2622
2618
2614
2612
2610
2610
2610
2613
2618
2624
2631
2640
2648
2656
2663
2671
2679
2686
2694
2700
2705
2708
2712
2715
2716
2720
2724
2727
2731
2735
2738
2744
2749
2757
2764
2773
2784
2797
2815
2831
2842
2852
2861
2869
2876
2882
2881
2875
2864
2849
2823
2779
2705
2624
2545
2471
2400
2374
2359
2349
2368
2400
2435
2470
2506
2546
2585
2607
2618
2626
2634
2641
2649
2656
2663
2669
2673
2675
2678
2681
2683
2684
2686
2689
2691
2693
2694
2695
2695
2694
2694
2692
2691
2689
2686
2684
2682
2678
2675
2673
2670
2667
2663
2661
2658
2656
2654
2652
2651
2648
2645
2642
2640
2637
2634
2631
2630
2629
2629
2631
2632
2634
2637
2641
2645
2650
2655
2662
2669
2676
2687
2710
2730
2749
2767
2782
2796
2806
2814
2821
2826
2831
2835
2838
2839
2838
2833
2827
2818
2809
2796
2778
2760
2747
2730
2712
2688
2677
2671
2665
2661
2656
2653
2652
2652
2652
2652
2654
2657
2661
2666
2673
2678
2684
2691
2698
2705
2711
2715
2719
2723
2725
2726
2728
2731
2734
2737
2739
2743
2747
2750
2756
2761
2767
2773
2780
2790
2801
2809
2813
2817
2820
2822
2824
2826
2828
2830
2830
2829
2825
2821
2817
2813
2811
2810
2809
2807
2806
2805
2804
2804
2804
2804
2804
2804
2804
2805
2806
2806
2806
2805
2804
2802
2801
2800
2799
2797
2795
2793
2791
2789
2788
2787
2785
2783
2781
2779
2777
2774
2773
2771
2771
2771
2773
2774
2777
2779
2780
2782
2785
2788
2789
2790
2788
2780
2770
2760
2751
2740
2730
2722
2720
2719
2719
2719
2720
2720
2719
2719
2719
2720
2725
2731
2740
2749
2761
2779
2795
2809
2821
2833
2842
2846
2851
2855
2860
2863
2862
2855
2842
2801
2750
2685
2610
2533
2465
2443
2435
2430
2430
2442
2462
2488
2535
2590
2652
2678
2686
2692
2695
2698
2701
2705
2709
2714
2717
2721
2724
2726
2726
2726
2727
2729
2730
2732
2733
2735
2736
2737
2737
2737
2737
2736
2735
2734
2733
2731
2730
2728
2727
2726
2725
2725
2725
2725
2725
2724
2724
2723
2722
2721
2720
2718
2717
2717
2718
2720
2723
2725
2726
2727
2729
2731
2733
2735
2737
2737
2739
2742
2748
2756
2762
2763
2759
2752
2744
2735
2720
2711
2703
2694
2684
2673
2663
2646
2622
2603
2589
2574
2560
2547
2536
2528
2522
2515
2505
2494
2483
2471
2461
2453
2447
2444
2442
2440
2438
2435
2433
2431
2431
2430
2429
2428
2428
2428
2428
2429
2431
2432
2434
2436
2439
2442
2447
2452
2463
2490
2509
2520
2530
2539
2550
2562
2572
2577
2580
2582
2584
2586
2587
2589
2590
2592
2595
2597
2600
2602
2605
2610
2617
2624
2632
2642
2652
2663
2673
2683
2691
2699
2709
2717
2726
2736
2745
2752
2758
2763
2768
2771
2770
2763
2751
2737
2717
2704
2694
2686
2681
2677
2677
2681
2686
2692
2695
2698
2702
2705
2707
2709
2712
2715
2716
2720
2722
2725
2726
2727
2730
2732
2734
2735
2736
2737
2737
2738
2740
2741
2743
2744
2746
2747
2748
2750
2752
2754
2756
2758
2759
2762
2765
2769
2775
2779
2783
2787
2789
2793
2799
2805
2814
2827
2837
2845
2852
2855
2858
2861
2863
2868
2869
2863
2850
2831
2802
2758
2704
2644
2590
2543
2522
2509
2502
2516
2558
2614
2673
2721
2764
2789
2817
2847
2860
2864
2868
2872
2875
2878
2881
2884
2885
2886
2888
2890
2891
2890
2889
2887
2886
2885
2885
2884
2884
2884
2883
2882
2881
2881
2880
2878
2876
2875
2873
2869
2864
2863
2864
2870
2875
2877
2879
2882
2884
2885
2888
2891
2894
2895
2897
2898
2898
2899
2899
2899
2899
2898
2898
2898
2898
2899
2899
2899
2898
2897
2896
2895
2894
2892
2889
2886
2884
2881
2873
2853
2836
2815
2791
2765
2734
2706
2679
2653
2631
2607
2586
2570
2554
2545
2539
2535
2531
2528
2527
2527
2530
2534
2538
2544
2549
2555
2562
2570
2578
2583
2589
2593
2597
2600
2603
2606
2609
2610
2612
2614
2616
2618
2619
2621
2621
2623
2625
2628
2631
2633
2634
2634
2631
2626
2619
2610
2602
2589
2580
2578
2576
2575
2573
2571
2570
2570
2570
2572
2577
2584
2591
2599
2607
2617
2628
2634
2637
2639
2641
2642
2644
2646
2647
2649
2650
2651
2652
2653
2654
2656
2658
2660
2662
2663
2666
2668
2671
2673
2673
2673
2673
2671
2669
2667
2664
2662
2659
2656
2654
2652
2651
2649
2645
2642
2640
2636
2633
2631
2628
2626
2624
2624
2624
2626
2627
2629
2631
2633
2636
2639
2642
2644
2647
2651
2659
2666
2670
2673
2674
2675
2677
2679
2681
2684
2685
2688
2691
2694
2699
2705
2714
2728
2737
2742
2746
2749
2753
2754
2754
2749
2743
2735
2718
2694
2662
2617
2562
2502
2443
2392
2372
2361
2355
2368
2406
2452
2505
2565
2628
2691
2751
2793
2804
2811
2818
2824
2829
2834
2845
2861
2870
2873
2876
2877
2877
2878
2879
2881
2883
2885
2888
2891
2894
2896
2900
2905
2909
2915
2926
2936
2942
2946
2948
2950
2951
2952
2953
2953
2952
2951
2951
2951
2950
2950
2949
2949
2948
2947
2947
2947
2947
2947
2947
2947
2947
2948
2950
2952
2955
2958
2960
2965
2971
2979
2986
2993
3000
3005
3011
3017
3022
3025
3026
3025
3022
3019
3013
3007
2998
2981
2965
2957
2952
2948
2945
2942
2938
2935
2932
2929
2926
2923
2919
2914
2906
2898
2893
2886
2877
2865
2849
2831
2813
2803
2794
2784
2767
2758
2755
2751
2748
2746
2744
2742
2740
2738
2737
2735
2733
2732
2732
2731
2729
2726
2718
2711
2701
2695
2693
2690
2687
2684
2683
2680
2678
2675
2673
2672
2670
2667
2664
2660
2652
2636
2621
2600
2576
2553
2531
2496
2460
2420
2396
2371
2348
2327
2305
2277
2259
2253
2251
2249
2248
2247
2245
2242
2240
2237
2234
2231
2228
2225
2221
2217
2213
2210
2207
2203
2199
2191
2183
2174
2159
2139
2125
2113
2103
2078
2024
1947
1859
1774
1694
1610
1526
1449
1385
1347
1335
1349
1373
1401
1430
1460
1479
1488
1495
1501
1505
1509
1514
1519
1528
1527
1514
1474
1396
1275
1114
0926
0740
0593
0523
0520
0576
0692
0843
1016
1182
1327
1447
1531
1580
1606
1647
1701
1764
1831
1897
1960
2020
2073
2120
2147
2175
2200
2226
2253
2284
2310
2326
2337
2347
2355
2362
2368
2376
2382
2390
2405
2430
2458
2484
2508
2532
2554
2576
2598
2619
2639
2654
2663
2669
2667
2653
2632
2606
2580
2557
2534
2514
2499
2489
2502
2523
2547
2588
2626
2663
2701
2742
2784
2809
2822
2829
2833
2836
2838
2841
2844
2848
2852
2855
2860
2863
2869
2873
2879
2884
2890
2894
2901
2910
2923
2935
2946
2965
2989
3014
3036
3054
3076
3100
3124
3167
3207
3250
3279
3315
3346
3394
3440
3484
3524
3547
3569
3593
3613
3628
3634
3640
3645
3643
3631
3615
3599
3584
3566
3541
3514
3488
3467
3451
3429
3419
3413
3410
3407
3404
3402
3400
3399
3396
3394
3392
3390
3389
3389
3387
3385
3383
3378
3366
3353
3335
3313
3291
3264
3241
3222
3208
3199
3192
3187
3181
3176
3170
3164
3155
3144
3131
3118
3102
3084
3067
3058
3052
3049
3045
3042
3038
3034
3031
3028
3022
3009
2986
2963
2941
2919
2898
2878
2858
2837
2815
2791
2768
2746
2724
2704
2682
2663
2649
2630
2619
2610
2605
2600
2598
2598
2600
2605
2611
2621
2638
2670
2698
2717
2733
2747
2763
2781
2792
2800
2806
2810
2813
2815
2813
2810
2803
2795
2786
2772
2747
2733
2715
2694
2670
2646
2621
2598
2576
2555
2536
2514
2494
2480
2465
2453
2444
2437
2431
2428
2426
2425
2425
2424
2424
2424
2424
2424
2423
2422
2421
2421
2420
2418
2417
2415
2414
2413
2412
2410
2410
2408
2406
2404
2401
2398
2395
2391
2389
2387
2384
2382
2381
2381
2382
2384
2386
2389
2391
2395
2399
2402
2406
2410
2413
2418
2426
2436
2445
2451
2456
2460
2464
2469
2473
2478
2483
2487
2491
2495
2499
2504
2508
2511
2512
2509
2504
2497
2489
2480
2464
2454
2447
2441
2435
2431
2429
2431
2440
2452
2467
2489
2505
2523
2539
2555
2574
2600
2618
2630
2633
2631
2622
2599
2557
2503
2441
2376
2316
2277
2263
2256
2256
2262
2273
2291
2320
2371
2432
2494
2544
2585
2611
2635
2652
2658
2662
2663
2665
2666
2667
2668
2669
2669
2666
2663
2658
2652
2646
2641
2634
2627
2619
2613
2610
2609
2607
2606
2605
2604
2602
2600
2601
2609
2618
2628
2641
2652
2663
2678
2703
2718
2727
2734
2741
2749
2757
2761
2765
2768
2772
2775
2778
2780
2784
2786
2789
2791
2793
2796
2800
2806
2817
2828
2839
2845
2851
2854
2859
2862
2865
2868
2871
2873
2874
2877
2880
2884
2888
2891
2890
2885
2879
2871
2863
2853
2844
2836
2829
2821
2814
2807
2800
2791
2779
2767
2759
2752
2745
2738
2734
2729
2726
2723
2720
2718
2716
2715
2715
2714
2713
2712
2711
2710
2710
2709
2708
2708
2708
2709
2712
2715
2719
2724
2729
2736
2742
2750
2760
2769
2781
2790
2795
2798
2801
2804
2807
2810
2812
2815
2817
2818
2819
2819
2819
2819
2819
2819
2820
2820
2821
2821
2822
2822
2821
2820
2818
2816
2813
2811
2810
2808
2806
2803
2800
2797
2791
2778
2764
2753
2743
2731
2719
2705
2688
2680
2674
2669
2663
2659
2655
2652
2649
2648
2647
2648
2650
2652
2655
2659
2663
2669
2674
2680
2691
2714
2730
2739
2746
2752
2757
2759
2760
2760
2758
2756
2751
2746
2740
2735
2730
2726
2720
2715
2712
2712
2715
2722
2730
2737
2743
2748
2754
2758
2764
2769
2775
2779
2785
2789
2792
2796
2800
2805
2811
2817
2822
2827
2830
2831
2831
2829
2825
2820
2813
2804
2785
2748
2687
2625
2563
2505
2451
2394
2371
2358
2350
2371
2404
2442
2484
2524
2567
2606
2644
2676
2689
2695
2699
2703
2706
2712
2717
2725
2732
2740
2747
2757
2766
2775
2781
2788
2792
2797
2802
2807
2810
2815
2821
2827
2834
2842
2852
2864
2877
2892
2907
2915
2921
2926
2932
2937
2941
2944
2947
2949
2950
2950
2948
2947
2945
2943
2941
2939
2938
2937
2935
2933
2930
2928
2926
2924
2922
2921
2921
2922
2923
2925
2926
2927
2929
2931
2934
2936
2938
2941
2945
2953
2952
2937
2923
2910
2896
2880
2866
2855
2845
2836
2828
2821
2814
2809
2803
2799
2795
2790
2787
2784
2780
2775
2768
2759
2750
2740
2729
2717
2703
2686
2676
2668
2662
2656
2652
2648
2646
2644
2642
2642
2641
2641
2642
2642
2642
2643
2643
2644
2644
2644
2644
2643
2642
2642
2640
2638
2636
2632
2629
2624
2618
2606
2594
2585
2576
2564
2547
2531
2517
2507
2495
2483
2471
2461
2451
2442
2433
2421
2405
2389
2373
2357
2339
2316
2288
2268
2258
2250
2243
2238
2233
2230
2226
2223
2219
2215
2210
2206
2201
2198
2195
2192
2189
2185
2180
2175
2170
2166
2161
2157
2149
2135
2104
2069
2039
2012
1984
1954
1920
1884
1846
1809
1776
1730
1683
1622
1548
1470
1394
1320
1242
1165
1096
1036
0982
0935
0907
0879
0859
0849
0842
0843
0866
0927
1013
1111
1203
1286
1363
1436
1505
1565
1595
1602
1607
1610
1615
1620
1625
1632
1646
1676
1734
1803
1881
1962
2043
2122
2196
2263
2321
2370
2421
2453
2491
2523
2551
2579
2600
2617
2633
2648
2660
2672
2685
2701
2718
2735
2747
2756
2764
2775
2784
2791
2796
2800
2804
2808
2811
2816
2819
2822
2826
2831
2838
2851
2863
2873
2891
2915
2939
2965
2985
2997
3010
3023
3040
3058
3073
3090
3105
3120
3135
3149
3168
3180
3189
3195
3200
3203
3205
3207
3208
3209
3210
3212
3217
3220
3212
3197
3179
3157
3134
3110
3085
3060
3034
3010
2990
2966
2933
2907
2890
2883
2879
2876
2873
2871
2870
2871
2878
2888
2900
2912
2925
2937
2947
2953
2958
2961
2964
2966
2967
2968
2963
2954
2944
2936
2931
2927
2924
2920
2918
2916
2915
2914
2914
2915
2916
2917
2919
2919
2920
2919
2919
2917
2915
2912
2908
2904
2900
2896
2892
2887
2883
2876
2870
2862
2854
2849
2844
2841
2838
2835
2833
2832
2831
2828
2825
2824
2824
2829
2837
2848
2858
2866
2876
2885
2894
2902
2905
2903
2899
2894
2886
2877
2866
2848
2832
2820
2800
2766
2742
2729
2719
2711
2703
2697
2694
2690
2686
2683
2678
2673
2668
2663
2659
2655
2652
2650
2647
2644
2642
2637
2633
2630
2628
2627
2629
2632
2637
2642
2649
2656
2663
2671
2678
2691
2704
2714
2721
2727
2734
2741
2747
2748
2744
2732
2715
2685
2642
2579
2514
2451
2394
2369
2355
2345
2346
2370
2407
2450
2488
2523
2549
2570
2595
2613
2627
2637
2644
2651
2656
2659
2661
2663
2664
2665
2666
2668
2670
2672
2673
2674
2673
2673
2673
2674
2676
2679
2682
2684
2686
2688
2689
2690
2690
2690
2689
2688
2687
2685
2683
2681
2678
2677
2676
2675
2675
2675
2677
2678
2681
2684
2687
2692
2697
2704
2712
2725
2739
2753
2766
2773
2779
2785
2789
2793
2797
2799
2800
2801
2800
2799
2794
2788
2781
2773
2766
2758
2750
2739
2727
2715
2705
2695
2686
2677
2669
2662
2654
2647
2639
2631
2622
2615
2610
2603
2598
2592
2588
2584
2581
2578
2575
2571
2568
2567
2566
2566
2568
2571
2576
2582
2588
2594
2600
2605
2610
2614
2621
2628
2638
2649
2660
2669
2678
2686
2693
2698
2703
2705
2708
2711
2715
2718
2722
2726
2729
2733
2735
2737
2737
2738
2739
2740
2741
2741
2742
2743
2743
2743
2742
2739
2737
2734
2729
2725
2720
2715
2712
2707
2702
2698
2694
2689
2684
2679
2673
2668
2663
2659
2657
2657
2660
2664
2670
2677
2685
2693
2700
2707
2714
2720
2727
2735
2743
2750
2757
2762
2767
2771
2775
2778
2780
2783
2785
2788
2789
2792
2794
2796
2796
2794
2791
2786
2779
2770
2761
2753
2745
2737
2731
2725
2717
2711
2704
2697
2693
2690
2690
2692
2695
2702
2709
2716
2724
2731
2739
2755
2766
2765
2753
2736
2707
2662
2586
2510
2475
2455
2439
2439
2458
2485
2526
2573
2620
2701
2777
2818
2834
2840
2843
2848
2852
2855
2859
2862
2863
2863
2864
2865
2864
2863
2859
2853
2848
2842
2836
2830
2823
2816
2804
2790
2779
2775
2773
2771
2769
2768
2766
2765
2764
2766
2774
2789
2803
2817
2831
2843
2855
2863
2871
2878
2886
2894
2901
2908
2916
2925
2932
2939
2946
2950
2954
2958
2962
2967
2971
2976
2979
2980
2982
2983
2981
2979
2976
2972
2968
2964
2958
2953
2947
2941
2933
2920
2894
2873
2858
2839
2817
2798
2779
2761
2735
2716
2705
2694
2687
2685
2685
2685
2686
2687
2688
2689
2691
2693
2694
2694
2695
2695
2695
2695
2696
2697
2698
2699
2701
2702
2702
2703
2703
2704
2705
2705
2707
2709
2711
2714
2713
2714
2715
2715
2717
2719
2720
2720
2719
2716
2715
2712
2709
2706
2704
2700
2696
2694
2693
2694
2699
2706
2714
2720
2725
2730
2735
2740
2745
2748
2752
2756
2759
2761
2762
2762
2761
2760
2758
2756
2752
2748
2743
2737
2732
2726
2714
2679
2663
2657
2653
2650
2647
2644
2642
2641
2640
2638
2635
2633
2631
2631
2630
2630
2629
2628
2627
2624
2621
2612
2594
2576
2561
2550
2540
2530
2519
2507
2494
2482
2470
2456
2440
2421
2395
2362
2326
2292
2257
2221
2187
2150
2119
2097
2084
2075
2070
2065
2063
2061
2061
2065
2073
2084
2096
2115
2144
2164
2189
2225
2246
2258
2267
2273
2275
2273
2265
2254
2239
2210
2164
2129
2106
2096
2088
2080
2074
2081
2103
2169
2259
2354
2415
2431
2442
2450
2458
2464
2471
2478
2489
2507
2530
2546
2558
2565
2567
2568
2569
2570
2572
2573
2574
2573
2572
2570
2567
2562
2559
2557
2554
2551
2547
2545
2543
2541
2540
2540
2542
2544
2547
2552
2558
2563
2568
2574
2581
2589
2598
2606
2615
2625
2638
2655
2670
2681
2691
2698
2706
2714
2719
2725
2728
2732
2736
2739
2743
2746
2748
2750
2751
2753
2754
2754
2754
2754
2755
2756
2758
2760
2762
2761
2754
2744
2734
2726
2718
2712
2705
2697
2690
2684
2679
2673
2668
2663
2659
2653
2649
2645
2642
2640
2638
2638
2640
2642
2647
2652
2659
2666
2674
2686
2699
2711
2721
2732
2743
2754
2764
2772
2781
2789
2797
2800
2803
2806
2807
2809
2810
2810
2810
2811
2811
2811
2812
2813
2814
2815
2816
2817
2818
2820
2822
2824
2826
2828
2830
2831
2834
2837
2840
2843
2847
2852
2855
2859
2862
2863
2863
2861
2858
2853
2848
2842
2837
2832
2828
2822
2817
2811
2808
2807
2809
2813
2820
2826
2831
2837
2842
2848
2852
2856
2859
2860
2860
2858
2853
2848
2842
2835
2829
2824
2821
2817
2814
2811
2809
2806
2803
2801
2800
2798
2796
2795
2795
2794
2795
2796
2797
2798
2799
2799
2799
2800
2800
2800
2801
2802
2803
2805
2807
2810
2812
2814
2815
2816
2817
2818
2819
2820
2820
2821
2821
2821
2823
2826
2829
2831
2833
2836
2838
2840
2841
2841
2841
2840
2840
2841
2842
2844
2847
2853
2856
2846
2822
2786
2741
2676
2616
2557
2522
2502
2490
2482
2479
2482
2490
2504
2547
2603
2665
2705
2733
2751
2762
2763
2756
2747
2745
2743
2741
2739
2738
2737
2736
2735
2733
2730
2728
2726
2726
2725
2725
2725
2724
2723
2722
2721
2721
2721
2721
2721
2721
2721
2722
2723
2724
2725
2726
2727
2729
2732
2735
2737
2741
2744
2747
2749
2752
2756
2759
2762
2766
2769
2774
2778
2782
2786
2789
2793
2797
2800
2804
2808
2811
2815
2819
2824
2829
2833
2837
2839
2840
2838
2834
2830
2824
2818
2810
2800
2781
2767
2754
2741
2727
2715
2705
2696
2690
2684
2680
2673
2666
2660
2654
2651
2648
2644
2642
2638
2635
2632
2630
2627
2623
2621
2620
2619
2619
2620
2621
2624
2628
2632
2637
2641
2645
2648
2652
2654
2657
2660
2663
2665
2669
2672
2675
2679
2683
2686
2689
2691
2692
2693
2693
2692
2690
2688
2685
2683
2679
2676
2673
2671
2668
2665
2663
2660
2658
2656
2653
2651
2648
2645
2642
2640
2638
2636
2635
2634
2635
2636
2639
2641
2644
2648
2652
2656
2662
2667
2678
2690
2698
2707
2715
2726
2737
2751
2757
2761
2766
2769
2772
2775
2777
2779
2781
2783
2783
2783
2782
2781
2779
2778
2775
2772
2768
2766
2762
2758
2754
2747
2738
2730
2724
2717
2713
2708
2705
2702
2699
2697
2696
2694
2693
2691
2690
2689
2689
2689
2690
2691
2693
2695
2699
2703
2707
2712
2715
2721
2734
2751
2757
2759
2762
2764
2767
2768
2769
2771
2772
2774
2775
2775
2776
2776
2776
2776
2776
2775
2775
2774
2774
2775
2776
2776
2775
2774
2772
2771
2769
2768
2767
2764
2761
2758
2754
2750
2720
2676
2619
2548
2474
2405
2345
2324
2312
2313
2342
2387
2447
2513
2574
2625
2659
2688
2709
2721
2726
2730
2732
2735
2737
2738
2740
2741
2741
2741
2740
2738
2736
2734
2731
2728
2725
2722
2718
2715
2715
2713
2711
2708
2707
2705
2705
2704
2702
2701
2699
2698
2696
2695
2695
2694
2694
2694
2694
2694
2695
2696
2698
2700
2701
2704
2705
2708
2711
2714
2716
2729
2740
2751
2761
2770
2779
2789
2800
2810
2818
2825
2831
2837
2842
2847
2852
2857
2861
2863
2861
2856
2851
2842
2831
2814
2800
2779
2757
2742
2732
2720
2709
2692
2664
2642
2625
2616
2608
2599
2585
2573
2563
2558
2562
2568
2574
2578
2582
2589
2597
2605
2611
2618
2623
2629
2633
2638
2642
2647
2650
2653
2656
2658
2660
2662
2663
2665
2667
2668
2670
2670
2671
2671
2671
2672
2672
2672
2673
2673
2673
2672
2672
2671
2671
2671
2671
2670
2666
2662
2660
2658
2657
2655
2654
2652
2652
2651
2651
2652
2652
2654
2657
2661
2665
2670
2676
2689
2702
2712
2719
2727
2737
2747
2755
2762
2769
2777
2783
2789
2794
2798
2801
2805
2808
2810
2810
2810
2810
2808
2806
2804
2802
2800
2796
2792
2787
2778
2768
2761
2756
2750
2745
2740
2737
2733
2730
2727
2726
2723
2722
2721
2721
2720
2720
2719
2717
2715
2715
2712
2710
2708
2706
2705
2705
2705
2704
2704
2704
2703
2702
2701
2699
2698
2696
2694
2694
2694
2693
2692
2692
2691
2690
2690
2689
2688
2686
2684
2683
2681
2680
2678
2677
2676
2674
2673
2673
2672
2671
2670
2669
2668
2667
2667
2668
2668
2669
2669
2669
2669
2669
2669
2670
2671
2671
2672
2673
2673
2674
2675
2677
2678
2679
2679
2680
2680
2681
2681
2682
2683
2684
2688
2693
2694
2694
2690
2683
2661
2629
2589
2540
2487
2435
2386
2342
2308
2295
2294
2301
2317
2349
2386
2423
2464
2511
2560
2606
2624
2631
2636
2640
2647
2655
2660
2663
2664
2667
2669
2671
2673
2674
2676
2678
2680
2682
2683
2684
2684
2684
2685
2686
2688
2691
2693
2694
2697
2699
2702
2705
2707
2711
2715
2718
2726
2739
2749
2757
2765
2772
2780
2789
2797
2804
2811
2819
2826
2831
2835
2839
2842
2845
2848
2850
2852
2852
2853
2854
2855
2856
2857
2859
2862
2863
2863
2863
2860
2856
2852
2850
2847
2844
2841
2836
2831
2828
2824
2821
2814
2803
2779
2769
2766
2764
2762
2760
2758
2758
2757
2757
2757
2757
2756
2756
2755
2754
2754
2754
2753
2753
2753
2752
2752
2750
2749
2747
2745
2742
2738
2730
2721
2714
2705
2695
2687
2678
2669
2662
2658
2655
2653
2651
2649
2647
2644
2643
2642
2642
2641
2640
2641
2642
2642
2644
2646
2647
2648
2650
2651
2652
2652
2653
2653
2652
2653
2653
2654
2655
2656
2656
2657
2657
2657
2657
2655
2653
2650
2646
2642
2639
2636
2634
2632
2631
2631
2630
2629
2629
2629
2628
2628
2627
2625
2624
2623
2622
2622
2621
2621
2621
2620
2620
2619
2617
2614
2611
2609
2605
2600
2589
2581
2578
2575
2572
2571
2569
2569
2568
2568
2568
2568
2571
2575
2579
2583
2588
2591
2597
2603
2610
2614
2618
2621
2624
2627
2630
2632
2635
2638
2641
2642
2644
2647
2649
2651
2652
2652
2653
2654
2656
2657
2659
2660
2661
2662
2662
2662
2662
2661
2661
2661
2661
2662
2662
2663
2663
2665
2667
2670
2673
2676
2683
2697
2711
2723
2737
2752
2768
2784
2795
2805
2813
2817
2812
2801
2770
2721
2662
2600
2543
2498
2477
2464
2456
2452
2457
2473
2519
2577
2636
2688
2716
2724
2729
2733
2737
2739
2742
2744
2746
2747
2747
2748
2748
2748
2748
2748
2749
2750
2752
2755
2758
2760
2762
2764
2765
2766
2768
2769
2771
2773
2775
2778
2780
2784
2787
2789
2792
2795
2798
2800
2803
2807
2810
2814
2821
2832
2843
2856
2861
2863
2867
2870
2873
2876
2878
2880
2882
2883
2884
2884
2884
2884
2884
2883
2883
2883
2883
2883
2883
2883
2883
2882
2882
2881
2880
2879
2877
2876
2875
2873
2868
2859
2850
2840
2825
2816
2810
2804
2800
2795
2792
2789
2788
2785
2783
2780
2779
2777
2775
2774
2772
2770
2768
2767
2766
2764
2762
2760
2758
2758
2756
2754
2751
2748
2746
2742
2738
2734
2727
2715
2705
2697
2690
2684
2677
2672
2665
2659
2652
2648
2647
2650
2657
2664
2671
2677
2684
2689
2694
2698
2701
2703
2705
2707
2709
2711
2712
2713
2714
2715
2715
2715
2714
2713
2711
2710
2710
2709
2708
2708
2707
2706
2705
2705
2704
2702
2700
2700
2701
2703
2705
2706
2707
2708
2710
2712
2714
2715
2715
2715
2715
2715
2714
2711
2708
2704
2700
2694
2683
2667
2657
2650
2644
2641
2637
2634
2631
2630
2628
2626
2625
2623
2621
2621
2620
2619
2618
2618
2619
2621
2622
2625
2629
2632
2636
2642
2651
2663
2676
2683
2687
2691
2694
2696
2698
2700
2702
2704
2705
2705
2705
2705
2705
2705
2704
2703
2703
2703
2704
2704
2705
2705
2706
2708
2710
2713
2716
2721
2727
2741
2762
2771
2777
2780
2782
2779
2773
2763
2745
2720
2684
2646
2601
2548
2492
2436
2389
2360
2350
2351
2366
2404
2473
2548
2611
2652
2673
2691
2703
2708
2711
2713
2714
2715
2715
2715
2715
2717
2719
2722
2725
2727
2730
2733
2735
2737
2740
2743
2746
2747
2749
2751
2752
2754
2756
2757
2758
2758
2758
2758
2758
2758
2758
2758
2757
2756
2755
2755
2754
2754
2753
2753
2752
2749
2740
2734
2729
2725
2722
2722
2725
2730
2737
2747
2761
2775
2783
2789
2793
2797
2800
2805
2809
2813
2817
2821
2825
2830
2832
2835
2835
2834
2831
2826
2820
2808
2785
2769
2759
2752
2745
2739
2729
2712
2699
2693
2688
2684
2679
2676
2673
2670
2667
2663
2661
2657
2654
2652
2651
2648
2646
2644
2642
2642
2641
2639
2638
2636
2635
2633
2632
2631
2630
2626
2622
2622
2626
2631
2637
2643
2650
2657
2663
2670
2676
2682
2688
2695
2701
2705
2706
2708
2710
2711
2713
2713
2714
2715
2715
2715
2717
2718
2719
2720
2721
2723
2724
2726
2726
2727
2728
2730
2732
2735
2737
2740
2743
2745
2745
2744
2743
2740
2736
2732
2726
2718
2712
2706
2702
2695
2688
2675
2668
2663
2659
2655
2653
2653
2653
2654
2655
2656
2656
2657
2658
2659
2660
2658
2655
2652
2652
2651
2650
2648
2646
2644
2642
2641
2640
2639
2640
2640
2641
2642
2643
2646
2649
2652
2655
2658
2661
2668
2683
2694
2705
2715
2723
2727
2730
2733
2736
2737
2740
2742
2745
2747
2751
2755
2759
2764
2772
2780
2785
2789
2796
2804
2812
2820
2825
2829
2826
2819
2800
2767
2723
2672
2619
2570
2532
2498
2478
2460
2449
2456
2480
2534
2601
2667
2715
2734
2740
2744
2746
2748
2752
2756
2759
2761
2763
2765
2767
2768
2768
2770
2772
2774
2776
2777
2779
2780
2781
2783
2786
2790
2800
2811
2818
2823
2827
2830
2831
2831
2829
2825
2821
2817
2810
2806
2805
2807
2809
2811
2814
2817
2817
2815
2812
2810
2809
2807
2805
2803
2803
2805
2807
2810
2812
2817
2821
2823
2823
2822
2821
2820
2819
2818
2818
2820
2825
2830
2833
2837
2841
2844
2847
2847
2846
2843
2839
2833
2826
2812
2799
2784
2769
2756
2737
2716
2698
2678
2659
2642
2616
2585
2550
2517
2496
2480
2470
2461
2452
2442
2433
2427
2422
2419
2416
2413
2411
2410
2410
2411
2414
2419
2422
2426
2430
2434
2439
2443
2449
2455
2462
2472
2486
2494
2501
2506
2513
2520
2524
2526
2529
2531
2533
2535
2537
2538
2540
2542
2545
2547
2550
2554
2558
2563
2571
2579
2587
2593
2600
2607
2614
2620
2624
2628
2631
2633
2636
2640
2642
2645
2647
2648
2650
2652
2654
2656
2658
2659
2660
2661
2663
2664
2667
2668
2669
2670
2672
2673
2674
2676
2677
2679
2681
2684
2688
2693
2698
2705
2710
2715
2717
2721
2724
2726
2729
2732
2735
2737
2741
2744
2747
2750
2753
2757
2762
2768
2773
2775
2777
2778
2779
2781
2783
2784
2785
2786
2786
2786
2786
2785
2785
2784
2783
2782
2780
2779
2778
2776
2774
2769
2768
2771
2781
2795
2814
2829
2841
2852
2861
2868
2873
2877
2880
2884
2888
2880
2855
2815
2761
2699
2634
2577
2531
2508
2494
2484
2485
2501
2543
2618
2702
2770
2807
2817
2823
2830
2836
2840
2843
2846
2848
2851
2853
2857
2860
2863
2865
2868
2870
2873
2877
2882
2884
2883
2878
2873
2869
2867
2866
2866
2865
2863
2863
2862
2861
2859
2857
2854
2852
2851
2849
2848
2847
2846
2845
2844
2843
2842
2841
2838
2835
2832
2830
2827
2826
2826
2827
2828
2830
2833
2837
2841
2846
2854
2863
2870
2877
2884
2890
2895
2898
2900
2901
2902
2905
2908
2898
2881
2861
2845
2836
2826
2815
2803
2792
2782
2773
2766
2759
2752
2744
2737
2732
2729
2726
2724
2721
2719
2716
2715
2711
2707
2704
2700
2697
2694
2694
2692
2690
2687
2685
2684
2683
2682
2680
2679
2678
2677
2676
2676
