0918
0827
0775
0774
0813
0940
1164
1351
1398
1393
1325
1159
0949
0735
0531
0329
0143
0035
0000
0020
0053
0091
0123
0146
0165
0192
0225
0240
0246
0251
0256
0258
0259
0260
0263
0265
0269
0271
0272
0274
0275
0277
0280
0283
0288
0304
0335
0361
0380
0400
0427
0463
0491
0509
0524
0537
0553
0572
0597
0623
0646
0661
0675
0690
0712
0734
0751
0763
0772
0783
0797
0815
0838
0870
0910
0951
0992
1034
1079
1121
1166
1200
1226
1255
1272
1281
1287
1292
1294
1294
1289
1283
1274
1264
1242
1203
1184
1176
1168
1162
1156
1149
1143
1136
1129
1120
1101
1051
1018
0999
0987
0980
0980
0986
0998
1016
1050
1101
1129
1148
1158
1156
1154
1152
1149
1147
1146
1146
1149
1154
1158
1161
1166
1171
1177
1183
1188
1194
1203
1220
1253
1286
1317
1347
1382
1414
1438
1463
1488
1511
1530
1543
1554
1563
1573
1583
1595
1608
1621
1636
1653
1672
1690
1705
1716
1725
1736
1747
1763
1782
1804
1816
1822
1827
1830
1834
1837
1840
1844
1846
1848
1852
1856
1860
1865
1871
1880
1889
1898
1908
1928
1947
1953
1958
1962
1963
1959
1951
1940
1933
1927
1921
1914
1905
1898
1889
1881
1869
1847
1830
1812
1793
1771
1759
1751
1742
1737
1734
1734
1736
1741
1748
1760
1799
1871
1958
2069
2213
2403
2625
2839
2999
3044
3034
2940
2799
2635
2451
2249
2046
1863
1730
1696
1684
1708
1723
1729
1734
1737
1740
1742
1746
1751
1757
1763
1766
1769
1772
1775
1780
1784
1790
1802
1813
1813
1806
1796
1786
1767
1744
1732
1725
1719
1713
1707
1701
1695
1690
1687
1682
1674
1666
1652
1643
1637
1632
1627
1623
1619
1619
1623
1632
1644
1666
1705
1737
1760
1783
1798
1811
1821
1825
1823
1817
1811
1805
1799
1795
1804
1816
1823
1829
1834
1837
1840
1840
1836
1831
1823
1812
1800
1782
1764
1747
1720
1682
1641
1603
1588
1579
1573
1568
1563
1559
1554
1549
1545
1542
1539
1537
1534
1531
1527
1522
1519
1514
1509
1503
1498
1495
1491
1488
1487
1486
1485
1484
1481
1478
1473
1467
1462
1458
1453
1449
1445
1440
1437
1433
1428
1421
1412
1406
1403
1406
1414
1422
1433
1444
1459
1474
1485
1495
1502
1508
1515
1524
1533
1544
1556
1572
1592
1608
1619
1627
1635
1642
1649
1656
1665
1673
1683
1693
1706
1724
1755
1794
1817
1831
1847
1866
1886
1905
1918
1927
1939
1953
1978
1996
2008
2017
2029
2040
2050
2056
2062
2068
2074
2079
2081
2081
2078
2073
2068
2063
2057
2050
2038
2028
2019
2010
2003
1994
1986
1984
1987
1996
2007
2020
2040
2063
2092
2132
2206
2305
2444
2625
2837
3052
3221
3300
3304
3254
3122
2936
2718
2488
2261
2058
1901
1831
1806
1804
1816
1821
1823
1825
1828
1831
1834
1836
1839
1841
1842
1844
1842
1841
1837
1836
1835
1836
1837
1839
1839
1840
1841
1841
1841
1840
1839
1837
1836
1839
1842
1845
1847
1851
1854
1859
1865
1873
1879
1887
1898
1915
1927
1935
1941
1947
1952
1959
1967
1974
1984
2002
2036
2072
2108
2143
2173
2189
2200
2207
2207
2197
2182
2166
2147
2132
2121
2115
2110
2106
2102
2098
2093
2089
2085
2080
2074
2066
2046
2010
1976
1944
1911
1879
1846
1813
1789
1770
1753
1738
1726
1709
1687
1660
1631
1612
1595
1580
1568
1556
1544
1530
1531
1549
1560
1566
1571
1575
1579
1584
1590
1597
1604
1612
1620
1630
1645
1677
1699
1723
1742
1747
1749
1752
1755
1755
1749
1742
1738
1737
1736
1736
1734
1730
1728
1724
1722
1719
1718
1717
1714
1713
1713
1712
1711
1707
1700
1693
1689
1690
1695
1700
1706
1713
1719
1718
1706
1691
1680
1670
1660
1653
1650
1653
1659
1666
1676
1683
1693
1703
1712
1720
1728
1732
1736
1738
1741
1742
1746
1749
1752
1754
1755
1755
1754
1754
1752
1749
1746
1741
1736
1730
1725
1720
1713
1697
1688
1682
1676
1670
1664
1662
1667
1673
1679
1685
1693
1701
1717
1761
1834
1938
2075
2252
2473
2730
2999
3241
3345
3329
3137
2743
2249
1780
1440
1315
1307
1392
1496
1516
1522
1516
1511
1510
1508
1508
1508
1509
1509
1510
1510
1513
1516
1520
1524
1526
1528
1530
1533
1537
1540
1544
1546
1550
1555
1559
1563
1568
1573
1580
1589
1597
1607
1616
1627
1641
1653
1661
1670
1676
1680
1684
1689
1695
1703
1713
1724
1737
1751
1766
1782
1794
1802
1812
1834
1876
1910
1927
1943
1958
1974
1993
2017
2020
2007
1970
1901
1870
1856
1846
1840
1834
1829
1823
1816
1808
1801
1794
1788
1776
1763
1786
1822
1863
1903
1947
1996
2043
2089
2138
2177
2201
2219
2234
2250
2271
2282
2290
2299
2296
2278
2250
2212
2171
2136
2104
2069
2033
2002
1986
1978
1972
1963
1955
1946
1934
1909
1874
1848
1831
1825
1823
1821
1819
1818
1817
1816
1816
1817
1818
1819
1822
1827
1831
1837
1842
1847
1858
1866
1865
1856
1839
1812
1781
1753
1732
1724
1717
1712
1718
1736
1761
1807
1842
1864
1876
1877
1869
1858
1851
1844
1836
1833
1834
1841
1853
1865
1880
1901
1915
1923
1927
1929
1929
1930
1932
1934
1938
1941
1944
1947
1951
1957
1963
1970
1978
1985
1993
2010
2026
2033
2038
2042
2044
2048
2051
2055
2058
2062
2065
2068
2072
2078
2087
2106
2126
2154
2182
2219
2272
2358
2482
2655
2878
3159
3483
3799
4033
4095
3939
3593
3132
2649
2246
1996
1950
1958
2048
2096
2113
2113
2096
2084
2075
2067
2057
2049
2040
2031
2020
2007
1994
1981
1968
1951
1937
1921
1903
1881
1860
1845
1834
1825
1819
1815
1811
1806
1800
1795
1793
1798
1808
1818
1827
1834
1842
1850
1853
1853
1851
1847
1842
1837
1830
1817
1817
1833
1846
1860
1875
1891
1900
1909
1915
1922
1929
1935
1939
1943
1947
1952
1959
1967
1973
1975
1978
1981
1988
1987
1969
1949
1927
1903
1885
1870
1857
1844
1830
1813
1792
1766
1732
1687
1662
1649
1638
1631
1626
1624
1623
1623
1623
1623
1624
1624
1624
1624
1623
1623
1623
1624
1625
1625
1625
1626
1627
1630
1632
1636
1637
1638
1641
1643
1644
1645
1645
1645
1645
1645
1647
1644
1636
1625
1612
1601
1594
1585
1577
1567
1559
1550
1545
1542
1540
1540
1539
1538
1539
1542
1543
1545
1546
1546
1545
1545
1550
1562
1573
1579
1584
1589
1592
1598
1603
1609
1615
1620
1624
1629
1635
1641
1648
1658
1674
1693
1707
1722
1742
1767
1792
1805
1815
1822
1829
1834
1836
1839
1840
1840
1839
1835
1831
1825
1819
1813
1807
1800
1789
1776
1766
1759
1753
1749
1744
1738
1734
1730
1728
1728
1730
1732
1737
1747
1761
1806
1881
1981
2110
2278
2481
2718
2981
3229
3376
3381
3254
2932
2508
2075
1729
1546
1517
1556
1639
1691
1708
1713
1709
1705
1701
1699
1697
1697
1697
1697
1697
1696
1696
1697
1701
1705
1709
1713
1716
1718
1720
1723
1724
1725
1726
1728
1729
1731
1734
1736
1738
1741
1744
1749
1755
1763
1770
1778
1792
1807
1821
1833
1844
1853
1862
1870
1879
1888
1897
1906
1916
1930
1952
1972
1992
2009
2025
2039
2052
2065
2073
2081
2087
2092
2097
2100
2100
2097
2092
2086
2080
2074
2067
2057
2046
2034
2020
2003
1984
1957
1935
1917
1895
1871
1839
1818
1805
1793
1786
1780
1776
1773
1771
1769
1767
1765
1761
1758
1755
1753
1753
1757
1763
1769
1773
1778
1783
1788
1792
1794
1794
1792
1788
1782
1776
1770
1766
1763
1758
1754
1751
1748
1748
1747
1747
1746
1744
1743
1742
1741
1740
1737
1735
1732
1730
1728
1726
1725
1724
1722
1720
1719
1719
1718
1717
1714
1712
1709
1708
1707
1705
1702
1700
1697
1695
1694
1695
1696
1697
1699
1700
1702
1706
1711
1714
1719
1723
1729
1735
1752
1794
1822
1837
1847
1846
1833
1816
1801
1783
1770
1769
1770
1773
1776
1777
1776
1775
1773
1773
1773
1771
1765
1759
1752
1743
1734
1722
1700
1683
1676
1672
1667
1661
1658
1665
1685
1748
1822
1926
2074
2276
2523
2802
3070
3266
3331
3229
2955
2555
2106
1711
1443
1354
1350
1415
1495
1537
1554
1561
1566
1569
1573
1577
1579
1584
1588
1591
1595
1598
1601
1603
1606
1607
1609
1610
1614
1618
1620
1624
1625
1627
1630
1632
1637
1641
1643
1644
1647
1650
1655
1660
1666
1672
1679
1694
1712
1728
1742
1757
1771
1787
1801
1813
1825
1842
1862
1877
1886
1892
1898
1903
1908
1912
1917
1922
1930
1940
1963
2002
2020
2029
2037
2042
2044
2043
2038
2029
2019
2003
1980
1959
1943
1927
1910
1892
1865
1827
1802
1792
1782
1770
1758
1748
1738
1728
1717
1712
1709
1708
1708
1708
1708
1708
1707
1707
1707
1708
1709
1709
1711
1712
1713
1714
1717
1718
1718
1719
1719
1719
1720
1720
1722
1722
1723
1722
1722
1722
1720
1719
1717
1714
1712
1706
1708
1728
1741
1751
1759
1765
1769
1770
1769
1766
1765
1761
1759
1753
1747
1743
1742
1744
1748
1751
1753
1753
1754
1757
1759
1761
1765
1769
1771
1773
1773
1776
1778
1783
1789
1802
1831
1846
1853
1859
1865
1869
1870
1869
1866
1864
1862
1856
1846
1869
1886
1895
1905
1912
1917
1916
1910
1901
1891
1881
1869
1853
1836
1824
1813
1793
1766
1754
1747
1741
1737
1734
1732
1734
1734
1734
1735
1737
1742
1748
1767
1815
1905
2042
2234
2480
2775
3086
3359
3480
3465
3265
2882
2423
1986
1670
1561
1526
1543
1556
1563
1567
1569
1574
1579
1584
1590
1596
1604
1610
1614
1618
1621
1626
1631
1636
1642
1647
1652
1656
1661
1667
1672
1678
1685
1690
1696
1701
1706
1709
1713
1718
1722
1726
1731
1736
1742
1748
1755
1764
1776
1788
1798
1808
1817
1825
1834
1845
1856
1866
1877
1889
1904
1916
1929
1975
2025
2054
2072
2081
2090
2095
2093
2086
2074
2063
2056
2049
2043
2037
2031
2025
2020
2015
2011
2007
2001
1993
1981
1962
1950
1934
1911
1885
1857
1828
1799
1771
1742
1711
1685
1671
1661
1662
1682
1695
1707
1716
1719
1720
1722
1724
1726
1729
1722
1709
1699
1688
1680
1680
1688
1699
1707
1719
1728
1734
1738
1742
1744
1747
1749
1749
1751
1749
1749
1748
1748
1748
1747
1747
1747
1748
1749
1751
1753
1755
1757
1758
1760
1760
1761
1764
1766
1771
1776
1781
1784
1787
1789
1790
1792
1793
1793
1794
1796
1798
1796
1794
1792
1790
1788
1787
1788
1795
1806
1818
1828
1840
1852
1862
1868
1871
1875
1876
1879
1881
1883
1886
1887
1888
1888
1887
1886
1885
1882
1877
1871
1864
1854
1836
1804
1789
1781
1772
1761
1752
1743
1735
1728
1722
1722
1725
1731
1741
1758
1786
1831
1893
1975
2083
2224
2409
2643
2924
3209
3422
3488
3368
3055
2609
2138
1744
1495
1439
1443
1520
1575
1623
1637
1642
1645
1648
1642
1631
1621
1612
1604
1606
1618
1633
1642
1652
1660
1667
1672
1672
1671
1668
1665
1661
1658
1649
1645
1653
1665
1674
1682
1690
1697
1702
1709
1738
1787
1800
1802
1804
1805
1806
1806
1807
1808
1811
1815
1819
1827
1839
1863
1879
1889
1903
1916
1937
1968
1996
2017
2033
2052
2081
2120
2138
2145
2150
2131
2110
2093
2079
2065
2042
2004
1978
1963
1952
1941
1934
1924
1905
1868
1835
1815
1798
1786
1770
1751
1732
1717
1706
1696
1688
1679
1672
1664
1656
1652
1652
1658
1666
1674
1683
1696
1703
1699
1691
1688
1683
1678
1674
1673
1673
1673
1676
1677
1679
1683
1690
1691
1683
1674
1667
1661
1658
1659
1662
1667
1672
1674
1677
1682
1685
1690
1694
1697
1701
1705
1712
1723
1731
1740
1751
1763
1747
1730
1718
1711
1717
1728
1740
1753
1763
1770
1776
1783
1787
1786
1782
1780
1775
1772
1777
1788
1800
1816
1842
1856
1863
1870
1876
1881
1886
1889
1891
1893
1894
1895
1897
1898
1899
1900
1903
1910
1908
1892
1870
1841
1822
1808
1793
1775
1740
1717
1712
1709
1707
1706
1706
1708
1714
1724
1735
1752
1780
1795
1837
1929
2068
2254
2481
2741
3016
3262
3376
3363
3178
2816
2387
1992
1695
1562
1517
1542
1584
1607
1609
1610
1612
1612
1613
1615
1618
1623
1627
1632
1638
1643
1652
1666
1678
1689
1695
1699
1702
1707
1711
1713
1713
1711
1707
1703
1700
1696
1691
1687
1682
1680
1683
1689
1697
1706
1716
1728
1740
1748
1757
1770
1792
1806
1813
1818
1824
1830
1837
1845
1853
1864
1881
1900
1922
1945
1967
1981
1992
2003
2016
2034
2045
2054
2060
2065
2067
2066
2058
2048
2037
2019
1993
1978
1967
1959
1951
1940
1927
1910
1877
1831
1792
1751
1725
1711
1700
1694
1693
1696
1702
1707
1711
1713
1717
1720
1723
1725
1728
1730
1732
1735
1735
1735
1732
1730
1728
1728
1729
1729
1729
1729
1730
1731
1734
1734
1734
1731
1730
1730
1735
1742
1748
1752
1755
1760
1765
1769
1770
1767
1763
1757
1751
1747
1741
1736
1731
1728
1729
1736
1746
1758
1772
1794
1801
1804
1807
1811
1808
1790
1778
1769
1760
1754
1752
1752
1755
1760
1769
1776
1784
1792
1801
1808
1817
1824
1830
1836
1841
1846
1851
1856
1859
1864
1868
1870
1871
1873
1873
1871
1869
1866
1863
1858
1851
1845
1837
1830
1812
1769
1743
1729
1718
1711
1706
1705
1706
1711
1720
1732
1757
1800
1845
1893
1980
2096
2243
2427
2662
2929
3171
3319
3324
3191
2852
2418
1991
1660
1508
1458
1488
1578
1637
1649
1658
1665
1670
1673
1674
1676
1677
1678
1678
1678
1677
1673
1670
1668
1667
1667
1666
1661
1656
1662
1676
1687
1699
1709
1717
1723
1729
1735
1741
1746
1747
1746
1742
1738
1735
1731
1724
1726
1746
1760
1771
1783
1795
1811
1825
1839
1853
1868
1882
1895
1909
1923
1940
1957
1970
1982
1993
2004
2013
2019
2025
2029
2033
2037
2040
2043
2045
2045
2043
2038
2031
2021
2008
1985
1961
1934
1909
1883
1858
1833
1801
1782
1767
1757
1747
1737
1729
1722
1718
1714
1711
1708
1707
1707
1707
1707
1706
1705
1703
1702
1701
1701
1700
1697
1697
1696
1696
1697
1697
1697
1696
1694
1693
1690
1682
1676
1682
1693
1699
1705
1709
1714
1717
1717
1713
1709
1706
1701
1697
1694
1688
1684
1682
1683
1688
1696
1706
1716
1723
1729
1734
1740
1744
1748
1752
1754
1757
1759
1763
1766
1770
1772
1773
1776
1777
1778
1780
1781
1782
1783
1786
1790
1794
1810
1850
1869
1877
1886
1893
1900
1906
1910
1912
1912
1912
1912
1911
1909
1905
1900
1894
1888
1882
1876
1868
1850
1830
1812
1801
1792
1784
1777
1771
1765
1761
1760
1760
1761
1764
1767
1772
1778
1786
1801
1841
1911
2029
2197
2410
2659
2939
3218
3438
3515
3394
3074
2635
2188
1834
1625
1578
1577
1596
1607
1607
1595
1581
1568
1571
1595
1607
1614
1621
1627
1631
1633
1638
1644
1650
1655
1659
1661
1664
1665
1666
1667
1667
1668
1671
1673
1676
1680
1684
1688
1690
1693
1695
1697
1700
1702
1705
1708
1714
1722
1736
1766
1796
1824
1848
1865
1879
1888
1894
1898
1901
1905
1911
1917
1924
1933
1944
1957
1978
2014
2040
2056
2067
2077
2083
2085
2083
2075
2063
2050
2034
2015
1997
1985
1974
1952
1921
1895
1875
1858
1841
1824
1802
1784
1771
1760
1749
1742
1737
1734
1729
1725
1720
1718
1716
1714
1713
1712
1711
1712
1712
1713
1714
1713
1711
1709
1708
1707
1705
1702
1697
1694
1691
1689
1688
1685
1682
1678
1678
1679
1683
1688
1693
1697
1700
1701
1703
1706
1707
1707
1708
1709
1713
1717
1719
1722
1725
1728
1730
1734
1736
1737
1740
1743
1749
1757
1764
1767
1769
1769
1766
1764
1761
1755
1746
1748
1771
1787
1799
1810
1821
1829
1837
1847
1858
1869
1880
1889
1895
1901
1906
1910
1912
1915
1917
1917
1916
1914
1910
1905
1900
1895
1891
1882
1874
1864
1856
1846
1836
1825
1812
1799
1787
1773
1761
1751
1740
1735
1738
1749
1765
1792
1834
1905
1994
2109
2257
2447
2685
2953
3215
3407
3473
3371
3101
2708
2266
1869
1607
1513
1503
1548
1618
1639
1645
1652
1650
1639
1631
1623
1616
1615
1621
1632
1645
1654
1661
1670
1677
1683
1689
1695
1700
1703
1706
1709
1712
1714
1717
1720
1724
1728
1732
1737
1743
1748
1753
1760
1766
1773
1778
1783
1787
1790
1793
1796
1801
1806
1812
1821
1830
1844
1862
1887
1908
1934
1968
1996
2017
2044
2056
2063
2071
2075
2080
2083
2085
2086
2086
2085
2084
2081
2079
2074
2069
2062
2049
2015
1978
1945
1926
1915
1904
1891
1880
1868
1857
1846
1837
1829
1817
1800
1789
1783
1780
1776
1773
1772
1771
1770
1770
1771
1772
1773
1775
1777
1780
1784
1788
1792
1794
1801
1808
1808
1801
1793
1787
1782
1777
1773
1770
1766
1763
1759
1754
1752
1748
1742
1731
1731
1746
1758
1766
1776
1784
1792
1796
1806
1819
1821
1816
1812
1810
1807
1804
1801
1801
1800
1800
1799
1798
1799
1801
1805
1810
1815
1818
1822
1825
1835
1846
1856
1866
1889
1911
1920
1926
1930
1933
1930
1923
1915
1906
1897
1889
1888
1894
1901
1908
1917
1922
1915
1900
1888
1879
1870
1860
1853
1846
1834
1816
1802
1786
1763
1738
1711
1689
1674
1668
1673
1685
1703
1730
1772
1835
1921
2037
2189
2374
2591
2834
3072
3256
3330
3261
3038
2670
2223
1804
1482
1294
1245
1299
1397
1484
1508
1516
1490
1461
1439
1427
1432
1443
1449
1453
1458
1461
1463
1467
1472
1479
1486
1495
1502
1508
1515
1521
1528
1534
1540
1543
1545
1549
1552
1556
1562
1572
1578
1584
1588
1590
1592
1595
1596
1600
1603
1608
1613
1620
1630
1643
1654
1664
1680
1706
1732
1760
1783
1800
1822
1845
1865
1879
1885
1888
1892
1895
1897
1899
1899
1900
1899
1898
1895
1892
1887
1880
1873
1857
1822
1787
1748
1719
1700
1680
1660
1652
1644
1639
1635
1632
1630
1627
1625
1624
1623
1621
1620
1619
1618
1615
1613
1612
1612
1612
1610
1609
1609
1609
1609
1609
1609
1606
1602
1598
1597
1602
1610
1620
1629
1635
1643
1652
1661
1667
1668
1668
1667
1667
1667
1668
1670
1668
1666
1665
1665
1668
1674
1683
1690
1697
1703
1712
1718
1724
1726
1729
1730
1731
1734
1736
1740
1744
1746
1746
1741
1736
1730
1724
1717
1712
1713
1724
1740
1759
1786
1805
1833
1865
1879
1886
1891
1895
1899
1901
1903
1904
1904
1904
1903
1900
1898
1893
1888
1882
1875
1866
1856
1835
1819
1808
1801
1795
1792
1786
1780
1772
1766
1759
1751
1743
1741
1743
1752
1766
1804
1866
1958
2081
2248
2470
2747
3050
3318
3450
3440
3250
2843
2347
1889
1571
1457
1450
1524
1621
1647
1653
1644
1623
1610
1613
1633
1643
1649
1654
1658
1660
1661
1662
1665
1668
1672
1674
1678
1680
1682
1683
1684
1687
1690
1695
1703
1722
1740
1757
1764
1770
1773
1777
1780
1783
1786
1789
1792
1795
1798
1801
1804
1806
1810
1816
1823
1836
1864
1891
1918
1945
1965
1993
2029
2045
2052
2057
2062
2067
2071
2073
2075
2078
2080
2080
2080
2080
2078
2077
2074
2072
2069
2065
2060
2055
2049
2034
2001
1964
1930
1897
1864
1831
1804
1789
1781
1775
1771
1770
1769
1769
1767
1766
1765
1764
1763
1763
1764
1763
1763
1761
1761
1761
1761
1763
1763
1763
1763
1763
1764
1765
1766
1766
1767
1767
1769
1771
1773
1776
1777
1778
1781
1782
1784
1787
1788
1789
1790
1790
1790
1790
1789
1788
1787
1786
1784
1783
1783
1783
1783
1783
1783
1783
1782
1782
1782
1782
1782
1782
1781
1781
1782
1784
1786
1788
1790
1792
1795
1799
1802
1806
1811
1816
1825
1836
1847
1857
1865
1875
1885
1894
1904
1912
1920
1926
1930
1932
1932
1928
1923
1915
1903
1875
1841
1810
1792
1778
1764
1749
1725
1707
1703
1700
1697
1699
1707
1718
1729
1738
1749
1761
1778
1805
1850
1933
2049
2203
2400
2649
2932
3197
3372
3386
3281
2951
2503
2031
1648
1443
1410
1446
1537
1596
1616
1613
1590
1575
1563
1555
1549
1548
1551
1557
1566
1574
1585
1602
1610
1612
1613
1614
1616
1616
1612
1607
1602
1598
1598
1608
1621
1637
1658
1676
1685
1690
1696
1701
1705
1708
1712
1716
1719
1724
1728
1734
1738
1747
1764
1778
1790
1804
1822
1847
1874
1900
1918
1934
1947
1964
1987
2002
2014
2023
2031
2034
2036
2037
2038
2038
2039
2042
2043
2044
2040
2031
2019
2004
1982
1958
1926
1893
1873
1856
1839
1817
1790
1777
1771
1766
1763
1758
1753
1748
1741
1735
1729
1723
1718
1716
1713
1712
1709
1707
1703
1700
1697
1695
1693
1691
1690
1690
1691
1693
1694
1696
1696
1697
1697
1696
1695
1695
1695
1695
1694
1694
1695
1695
1696
1695
1690
1684
1680
1682
1689
1697
1701
1703
1707
1709
1713
1718
1722
1724
1725
1725
1725
1725
1725
1725
1724
1724
1724
1725
1726
1730
1732
1740
1749
1760
1767
1773
1780
1786
1789
1793
1796
1802
1807
1813
1818
1824
1830
1837
1846
1853
1859
1865
1870
1875
1880
1886
1891
1893
1894
1892
1889
1886
1881
1875
1864
1835
1800
1760
1732
1718
1706
1699
1697
1702
1711
1722
1732
1749
1765
1780
1800
1837
1917
2036
2207
2435
2720
3033
3311
3467
3470
3326
2982
2543
2091
1719
1497
1463
1474
1561
1633
1658
1664
1655
1643
1636
1631
1626
1623
1620
1619
1619
1618
1618
1619
1621
1626
1631
1636
1639
1644
1649
1656
1664
1671
1679
1687
1693
1699
1705
1709
1714
1718
1722
1725
1729
1732
1737
1741
1746
1751
1757
1765
1775
1786
1796
1810
1824
1840
1852
1864
1886
1917
1935
1946
1953
1962
1970
1979
1988
1999
2009
2021
2033
2042
2051
2061
2067
2067
2062
2052
2039
2019
1982
1958
1946
1933
1915
1897
1880
1860
1845
1835
1828
1815
1787
1765
1754
1746
1738
1731
1726
1724
1720
1717
1712
1708
1705
1703
1703
1703
1703
1703
1702
1702
1703
1702
1700
1696
1696
1700
1706
1711
1716
1719
1723
1725
1726
1725
1724
1720
1716
1708
1703
1709
1720
1724
1726
1729
1731
1734
1736
1737
1740
1741
1741
1742
1742
1741
1740
1738
1737
1737
1737
1736
1736
1737
1738
1741
1742
1744
1747
1749
1753
1758
1761
1767
1772
1783
1811
1829
1839
1845
1851
1857
1860
1864
1866
1868
1868
1865
1863
1859
1854
1848
1844
1839
1831
1824
1816
1808
1801
1793
1787
1780
1772
1765
1755
1744
1732
1720
1705
1693
1687
1691
1702
1718
1744
1787
1856
1937
2044
2179
2351
2566
2817
3070
3252
3271
3183
2882
2481
2074
1760
1575
1525
1533
1567
1581
1591
1600
1610
1619
1627
1635
1641
1647
1653
1659
1665
1670
1673
1677
1682
1685
1689
1693
1696
1700
1705
1709
1714
1719
1724
1728
1732
1736
1740
1743
1747
1752
1755
1761
1766
1771
1775
1777
1780
1783
1788
1793
1807
1841
1860
1870
1879
1886
1894
1900
1905
1912
1923
1938
1955
1974
1987
1997
2005
2015
2022
2028
2032
2036
2039
2043
2050
2056
2060
2058
2054
2045
2034
2013
1978
1945
1914
1882
1851
1833
1824
1818
1811
1802
1794
1787
1778
1769
1754
1740
1725
1713
1705
1697
1690
1685
1682
1679
1680
1683
1687
1690
1695
1699
1707
1714
1714
1705
1694
1685
1677
1668
1664
1662
1664
1666
1668
1671
1673
1676
1679
1682
1684
1684
1680
1677
1672
1667
1664
1660
1655
1652
1648
1645
1644
1644
1647
1652
1658
1664
1671
1676
1680
1685
1689
1694
1699
1702
1707
1711
1713
1716
1717
1719
1720
1722
1723
1726
1730
1738
1764
1790
1808
1828
1840
1850
1856
1860
1862
1859
1853
1847
1840
1835
1831
1827
1822
1817
1811
1806
1800
1794
1789
1784
1778
1773
1767
1761
1754
1749
1746
1746
1748
1751
1754
1758
1765
1778
1801
1840
1908
2015
2179
2403
2677
2969
3226
3352
3346
3183
2839
2407
1992
1684
1544
1526
1569
1638
1659
1666
1671
1648
1629
1614
1604
1601
1604
1614
1623
1630
1633
1636
1639
1644
1649
1655
1660
1666
1672
1678
1684
1691
1700
1707
1714
1722
1729
1734
1738
1743
1747
1752
1755
1760
1764
1769
1772
1776
1781
1786
1792
1796
1802
1808
1815
1821
1827
1834
1844
1858
1882
1904
1933
1968
2003
2034
2049
2056
2062
2066
2069
2071
2072
2072
2069
2067
2062
2056
2049
2040
2029
2010
1994
1984
1973
1963
1953
1944
1933
1918
1900
1880
1853
1824
1805
1792
1775
1753
1731
1724
1720
1717
1714
1712
1712
1711
1711
1711
1711
1712
1714
1718
1722
1724
1726
1728
1730
1734
1738
1742
1743
1740
1732
1724
1716
1709
1703
1697
1690
1685
1684
1685
1689
1694
1700
1706
1713
1720
1729
1736
1742
1747
1753
1758
1763
1769
1772
1776
1778
1778
1777
1775
1769
1763
1757
1751
1742
1734
1728
1726
1729
1734
1740
1746
1753
1761
1772
1786
1798
1815
1830
1844
1852
1858
1862
1866
1871
1877
1883
1888
1893
1899
1906
1917
1927
1930
1932
1933
1935
1939
1924
1899
1874
1856
1841
1821
1806
1795
1788
1781
1776
1771
1766
1760
1755
1757
1763
1775
1793
1822
1865
1926
2011
2127
2279
2474
2714
2985
3238
3401
3415
3314
3016
2609
2182
1823
1595
1516
1510
1551
1610
1650
1662
1641
1618
1600
1592
1598
1610
1624
1641
1666
1682
1693
1702
1707
1707
1705
1697
1689
1677
1660
1650
1643
1635
1636
1655
1672
1689
1706
1723
1735
1746
1755
1764
1771
1778
1783
1787
1790
1793
1798
1804
1810
1816
1821
1828
1835
1845
1856
1866
1876
1886
1894
1904
1914
1923
1933
1945
1969
2007
2029
2045
2057
2068
2083
2097
2102
2107
2112
2090
2061
2036
2014
1986
1953
1920
1883
1857
1841
1828
1817
1806
1794
1781
1763
1742
1731
1725
1719
1714
1709
1706
1702
1700
1697
1696
1693
1690
1689
1688
1687
1685
1684
1683
1680
1678
1677
1677
1677
1678
1680
1684
1688
1690
1691
1693
1694
1695
1696
1697
1699
1700
1701
1701
1701
1701
1701
1701
1703
1705
1706
1707
1709
1711
1712
1712
1713
1713
1713
1714
1717
1718
1722
1730
1736
1737
1734
1729
1724
1717
1711
1711
1722
1734
1742
1748
1754
1759
1765
1772
1780
1788
1794
1802
1810
1818
1831
1844
1853
1860
1868
1876
1888
1894
1888
1879
1874
1871
1866
1863
1858
1854
1850
1845
1837
1829
1821
1812
1805
1798
1792
1781
1771
1763
1758
1757
1759
1761
1766
1775
1788
1834
1898
1994
2130
2304
2514
2761
3028
3266
3390
3387
3238
2899
2467
2042
1716
1585
1542
1569
1616
1645
1658
1653
1632
1620
1623
1642
1654
1664
1672
1678
1683
1688
1693
1699
1706
1714
1726
1736
1741
1738
1735
1730
1725
1719
1713
1713
1723
1732
1738
1743
1747
1751
1754
1759
1765
1771
1777
1781
1786
1790
1796
1810
1836
1858
1871
1879
1885
1891
1898
1905
1912
1920
1927
1938
1953
1969
1986
2004
2026
2044
2054
2060
2065
2069
2073
2075
2075
2075
2073
2069
2063
2056
2046
2028
1992
1956
1920
1887
1863
1840
1827
1818
1811
1805
1798
1789
1778
1766
1755
1747
1742
1737
1734
1730
1726
1723
1719
1716
1711
1707
1705
1703
1703
1703
1702
1702
1702
1702
1703
1703
1702
1702
1702
1702
1705
1707
1709
1711
1713
1714
1717
1718
1719
1719
1719
1719
1720
1720
1722
1724
1725
1728
1730
1732
1734
1734
1735
1735
1736
1736
1736
1736
1735
1735
1735
1735
1735
1735
1735
1735
1735
1737
1740
1742
1744
1747
1749
1753
1758
1764
1769
1772
1777
1790
1805
1816
1824
1831
1839
1846
1853
1859
1863
1862
1857
1850
1842
1837
1833
1828
1822
1815
1806
1798
1792
1783
1771
1744
1694
1667
1652
1641
1635
1635
1638
1649
1666
1722
1784
1846
1911
1985
2081
2211
2375
2579
2812
3046
3221
3238
3143
2818
2377
1927
1579
1411
1389
1450
1567
1642
1666
1643
1609
1583
1573
1567
1563
1563
1565
1567
1574
1583
1591
1598
1603
1608
1614
1619
1623
1625
1627
1630
1632
1635
1637
1638
1641
1642
1643
1644
1644
1644
1644
1645
1648
1650
1654
1658
1671
1711
1740
1753
1763
1771
1777
1783
1788
1792
1796
1805
1816
1831
1852
1877
1904
1924
1939
1950
1961
1976
1992
2004
2016
2026
2034
2037
2033
2026
2014
2002
1988
1972
1956
1947
1939
1927
1911
1892
1875
1862
1845
1828
1799
1765
1746
1735
1726
1719
1711
1705
1701
1699
1695
1693
1689
1685
1683
1683
1683
1684
1684
1685
1689
1694
1700
1706
1711
1714
1718
1724
1730
1736
1740
1741
1738
1736
1734
1731
1730
1728
1725
1722
1719
1717
1716
1718
1722
1728
1732
1737
1743
1748
1755
1761
1767
1772
1778
1786
1792
1800
1807
1813
1818
1822
1827
1836
1835
1816
1802
1792
1783
1778
1777
1776
1776
1773
1771
1773
1788
1806
1831
1850
1860
1873
1883
1903
1927
1939
1946
1952
1956
1958
1957
1953
1949
1944
1940
1937
1933
1927
1921
1915
1909
1900
1887
1858
1830
1810
1793
1784
1777
1771
1766
1764
1764
1766
1771
1777
1789
1808
1837
1888
1957
2058
2203
2404
2666
2965
3247
3418
3427
3300
2968
2537
2106
1776
1589
1554
1561
1595
1616
1630
1636
1641
1645
1648
1650
1650
1650
1649
1647
1643
1639
1635
1627
1621
1621
1632
1644
1655
1666
1677
1687
1696
1706
1714
1723
1730
1734
1735
1737
1737
1738
1738
1740
1741
1743
1746
1749
1754
1761
1773
1792
1806
1817
1822
1827
1831
1839
1846
1854
1863
1874
1889
1903
1915
1934
1965
1988
2001
2011
2021
2031
2044
2058
2065
2068
2072
2074
2073
2065
2052
2037
2015
1990
1963
1937
1916
1894
1873
1850
1821
1788
1766
1753
1741
1729
1724
1720
1719
1717
1714
1713
1711
1709
1709
1707
1705
1702
1701
1700
1699
1697
1696
1694
1691
1688
1687
1684
1679
1673
1667
1665
1668
1677
1687
1697
1705
1712
1722
1730
1735
1735
1731
1726
1720
1716
1711
1706
1700
1695
1691
1690
1691
1696
1701
1707
1716
1728
1748
1753
1753
1753
1753
1754
1757
1757
1754
1749
1743
1736
1731
1738
1752
1758
1761
1766
1770
1773
1780
1786
1792
1794
1798
1802
1807
1815
1831
1863
1875
1881
1888
1893
1897
1898
1897
1894
1891
1887
1881
1873
1871
1879
1886
1894
1892
1873
1842
1807
1783
1764
1735
1709
1688
1677
1685
1703
1720
1740
1754
1765
1778
1794
1812
1859
1926
2032
2194
2409
2666
2953
3230
3442
3517
3400
3098
2671
2199
1792
1534
1467
1467
1538
1595
1614
1621
1623
1625
1626
1629
1630
1631
1631
1630
1629
1629
1626
1625
1623
1621
1623
1626
1632
1637
1643
1649
1656
1665
1676
1688
1699
1708
1719
1729
1736
1740
1742
1743
1744
1747
1748
1752
1754
1757
1759
1763
1767
1775
1784
1800
1823
1841
1856
1869
1880
1888
1900
1916
1933
1955
1990
2010
2019
2026
2033
2039
2044
2046
2048
2049
2048
2046
2045
2042
2036
2028
2020
2010
1999
1982
1944
1917
1894
1874
1852
1828
1804
1780
1757
1734
1728
1724
1722
1719
1717
1713
1711
1708
1706
1705
1703
1702
1701
1701
1701
1701
1701
1701
1701
1701
1700
1700
1700
1700
1700
1700
1701
1700
1700
1699
1699
1697
1697
1697
1697
1697
1699
1699
1700
1702
1705
1707
1708
1709
1712
1713
1716
1717
1717
1718
1718
1720
1723
1725
1728
1729
1730
1732
1735
1738
1742
1746
1749
1753
1757
1761
1767
1773
1777
1782
1788
1795
1806
1815
1819
1824
1828
1830
1835
1839
1844
1847
1853
1859
1866
1873
1879
1885
1891
1895
1898
1898
1894
1887
1880
1870
1860
1846
1829
1812
1795
1776
1753
1738
1729
1722
1714
1709
1707
1712
1723
1740
1767
1815
1895
1987
2106
2255
2439
2657
2910
3161
3357
3425
3308
3003
2569
2114
1752
1579
1521
1552
1573
1581
1589
1595
1600
1604
1608
1613
1619
1625
1631
1636
1638
1641
1643
1647
1653
1658
1664
1668
1674
1680
1685
1690
1694
1697
1700
1703
1707
1712
1717
1722
1729
1736
1744
1753
1761
1769
1773
1780
1786
1789
1793
1798
1802
1808
1813
1819
1827
1834
1842
1858
1888
1920
1951
1981
2002
2010
2016
2021
2027
2031
2033
2034
2034
2036
2036
2034
2034
2033
2029
2027
2023
2019
2014
2009
2003
1994
1979
1961
1944
1916
1877
1846
1822
1800
1781
1760
1742
1736
1732
1730
1729
1728
1726
1724
1723
1720
1718
1716
1713
1711
1709
1709
1709
1709
1708
1708
1707
1707
1706
1705
1702
1701
1699
1697
1697
1696
1696
1696
1696
1697
1697
1697
1697
1697
1699
1701
1702
1705
1706
1707
1707
1708
1709
1711
1711
1709
1708
1708
1708
1709
1709
1711
1712
1712
1712
1713
1713
1713
1713
1713
1713
1713
1716
1717
1720
1724
1728
1732
1737
1744
1759
1773
1789
1804
1819
1829
1831
1834
1836
1837
1839
1839
1839
1840
1840
1840
1839
1836
1834
1829
1824
1818
1811
1796
1770
1742
1720
1708
1700
1695
1695
1703
1716
1726
1738
1751
1760
1771
1806
1857
1937
2055
2219
2426
2670
2930
3160
3261
3246
3060
2692
2252
1848
1586
1525
1531
1619
1660
1673
1649
1620
1597
1597
1614
1623
1626
1631
1633
1635
1635
1636
1637
1641
1644
1648
1652
1653
1655
1656
1658
1661
1664
1668
1678
1701
1716
1725
1734
1738
1738
1730
1720
1711
1697
1691
1697
1714
1740
1773
1794
1807
1818
1827
1833
1839
1844
1850
1857
1865
1875
1889
1910
1924
1937
1945
1953
1967
1981
1990
1998
2005
2011
2015
2019
2021
2021
2021
2021
2019
2016
2013
2008
2002
1990
1965
1943
1918
1894
1869
1842
1816
1795
1783
1773
1766
1761
1758
1754
1751
1746
1740
1735
1730
1725
1719
1712
1708
1706
1708
1713
1717
1719
1719
1720
1723
1725
1728
1730
1731
1732
1734
1735
1736
1736
1735
1732
1731
1730
1729
1728
1725
1724
1722
1720
1718
1714
1707
1702
1709
1722
1730
1737
1743
1748
1752
1752
1753
1753
1754
1755
1757
1758
1759
1759
1755
1749
1743
1737
1728
1723
1731
1748
1761
1775
1786
1792
1796
1807
1830
1848
1857
1863
1868
1873
1876
1879
1881
1883
1887
1889
1893
1895
1899
1901
1905
1910
1914
1914
1904
1892
1882
1873
1864
1856
1850
1842
1831
1817
1804
1793
1784
1775
1764
1753
1742
1737
1738
1747
1767
1811
1880
1975
2108
2281
2496
2750
3033
3296
3435
3429
3261
2893
2435
1999
1672
1514
1488
1516
1565
1581
1588
1584
1580
1575
1571
1572
1586
1606
1637
1673
1693
1699
1703
1687
1660
1631
1607
1591
1586
1580
1575
1589
1609
1635
1655
1667
1679
1689
1701
1716
1729
1736
1738
1741
1743
1746
1747
1749
1752
1754
1757
1758
1760
1764
1769
1780
1801
1819
1840
1864
1887
1909
1933
1953
1965
1976
1984
1992
2003
2016
2033
2046
2054
2057
2061
2065
2065
2063
2057
2050
2037
2011
1991
1978
1968
1959
1946
1923
1895
1864
1834
1812
1795
1780
1763
1740
1723
1709
1700
1694
1691
1690
1689
1689
1688
1687
1685
1685
1687
1687
1688
1691
1695
1700
1706
1712
1718
1728
1736
1742
1742
1738
1732
1726
1724
1720
1717
1713
1709
1707
1705
1703
1702
1701
1700
1699
1697
1697
1696
1694
1691
1696
1707
1714
1720
1726
1730
1734
1736
1738
1743
1751
1753
1746
1732
1724
1718
1712
1708
1706
1703
1702
1703
1706
1711
1717
1723
1728
1735
1743
1752
1763
1772
1784
1800
1824
1844
1854
1863
1870
1875
1876
1874
1869
1862
1854
1848
1842
1835
1828
1821
1815
1808
1800
1789
1769
1746
1720
1699
1689
1682
1676
1671
1671
1679
1693
1709
1730
1744
1763
1787
1834
1912
2029
2196
2411
2673
2962
3226
3374
3374
3230
2887
2455
2019
1668
1469
1435
1441
1478
1514
1554
1577
1585
1591
1594
1588
1575
1565
1556
1549
1549
1557
1568
1579
1591
1604
1618
1631
1644
1655
1662
1667
1672
1674
1677
1679
1682
1685
1689
1694
1699
1703
1707
1711
1713
1717
1722
1725
1729
1732
1737
1744
1759
1789
1821
1850
1869
1881
1892
1905
1921
1939
1952
1962
1969
1976
1987
1999
2015
2036
2055
2067
2075
2083
2087
2090
2092
2095
2098
2102
2104
2098
2085
2065
2032
1998
1961
1920
1879
1845
1819
1792
1778
1770
1763
1757
1752
1747
1743
1740
1737
1735
1734
1731
1730
1729
1726
1724
1723
1722
1722
1725
1729
1732
1736
1740
1744
1749
1755
1759
1759
1758
1755
1753
1749
1747
1743
1738
1734
1731
1731
1736
1742
1748
1753
1758
1764
1769
1773
1775
1773
1770
1765
1759
1754
1748
1743
1737
1734
1732
1735
1741
1748
1757
1766
1777
1788
1798
1808
1818
1824
1828
1831
1833
1835
1836
1837
1840
1844
1846
1850
1852
1856
1859
1863
1866
1870
1873
1876
1881
1887
1893
1898
1900
1898
1893
1885
1876
1866
1856
1840
1824
1812
1799
1783
1761
1752
1744
1740
1735
1734
1737
1749
1766
1796
1836
1894
1961
2056
2193
2386
2643
2942
3227
3406
3418
3300
2959
2504
2039
1673
1492
1464
1508
1584
1623
1648
1665
1684
1702
1719
1720
1701
1676
1643
1624
1613
1607
1604
1609
1621
1637
1658
1684
1699
1705
1707
1709
1712
1713
1716
1717
1719
1722
1724
1725
1726
1728
1729
1730
1731
1734
1736
1741
1751
1763
1776
1789
1798
1806
1813
1819
1825
1833
1839
1845
1854
1868
1892
1912
1930
1945
1961
1976
2001
2031
2044
2052
2058
2063
2066
2065
2062
2056
2051
2045
2039
2032
2022
2010
1993
1974
1947
1910
1882
1847
1798
1757
1728
1705
1696
1689
1684
1679
1677
1674
1672
1670
1667
1664
1661
1659
1656
1655
1654
1652
1650
1649
1649
1648
1647
1644
1643
1641
1639
1639
1639
1642
1647
1652
1659
1665
1670
1673
1678
1680
1683
1684
1685
1688
1689
1690
1691
1693
1693
1695
1697
1700
1703
1706
1707
1709
1712
1716
1719
1722
1724
1726
1730
1734
1737
1741
1744
1746
1747
1751
1754
1758
1760
1763
1764
1766
1770
1775
1781
1787
1792
1800
1821
1836
1847
1852
1857
1860
1864
1869
1873
1875
1876
1876
1875
1873
1866
1859
1852
1842
1833
1823
1811
1789
1772
1764
1758
1753
1749
1746
1743
1741
1738
1738
1738
1742
1746
1755
1766
1782
1836
1945
2101
2295
2526
2789
3061
3288
3360
3330
3096
2690
2234
1837
1584
1515
1530
1569
1583
1594
1601
1607
1612
1616
1620
1624
1625
1627
1630
1630
1630
1629
1629
1630
1632
1635
1637
1641
1644
1648
1653
1658
1665
1672
1680
1687
1693
1696
1700
1705
1711
1717
1722
1726
1731
1736
1741
1744
1748
1752
1754
1758
1761
1769
1781
1793
1807
1824
1841
1858
1876
1893
1910
1932
1958
1988
2003
2013
2021
2027
2033
2036
2038
2040
2040
2039
2038
2036
2032
2027
2021
2014
2005
1991
1961
1935
1909
1883
1859
1839
1822
1802
1782
1770
1763
1757
1751
1746
1741
1736
1730
1726
1723
1720
1718
1716
1713
1709
1703
1697
1694
1695
1702
1712
1722
1728
1734
1740
1746
1751
1753
1752
1748
1743
1737
1732
1728
1723
1718
1712
1708
1706
1707
1711
1714
1719
1723
1725
1729
1732
1736
1740
1743
1747
1751
1755
1759
1763
1766
1767
1769
1770
1771
1772
1772
1773
1775
1776
1777
1781
1784
1788
1792
1795
1799
1802
1806
1811
1816
1823
1833
1854
1863
1868
1870
1874
1876
1879
1881
1883
1886
1887
1887
1887
1887
1885
1882
1879
1874
1869
1863
1856
1848
1840
1825
1794
1770
1755
1744
1736
1730
1728
1731
1737
1748
1760
1777
1805
1824
1870
1941
2057
2223
2436
2696
2990
3276
3463
3475
3349
2992
2520
2060
1723
1594
1551
1586
1627
1662
1664
1637
1615
1594
1583
1589
1601
1609
1614
1618
1620
1621
1624
1626
1631
1637
1643
1647
1650
1653
1655
1656
1659
1662
1666
1671
1676
1682
1688
1694
1700
1705
1709
1713
1717
1720
1725
1731
1737
1744
1754
1764
1773
1781
1787
1792
1799
1810
1830
1850
1875
1915
1943
1955
1964
1973
1982
1990
1996
2001
2007
2015
2028
2038
2042
2044
2048
2051
2054
2052
2043
2026
2007
1980
1959
1934
1903
1874
1842
1816
1796
1781
1769
1759
1751
1742
1735
1730
1725
1722
1718
1716
1713
1712
1711
1709
1708
1706
1703
1702
1697
1688
1688
1700
1703
1706
1708
1709
1711
1712
1712
1713
1714
1717
1719
1720
1722
1722
1723
1724
1726
1729
1731
1734
1736
1740
1744
1749
1753
1755
1758
1759
1759
1760
1760
1759
1758
1755
1753
1749
1747
1742
1730
1731
1752
1761
1767
1772
1777
1781
1784
1788
1792
1796
1801
1805
1808
1812
1816
1821
1825
1830
1835
1840
1845
1850
1856
1862
1869
1876
1885
1893
1899
1901
1903
1904
1904
1904
1905
1906
1908
1908
1906
1901
1894
1885
1869
1839
1815
1795
1777
1752
1719
1694
1676
1676
1688
1706
1734
1765
1800
1871
1967
2084
2221
2386
2592
2848
3126
3355
3459
3390
3153
2783
2352
1950
1652
1520
1476
1497
1532
1565
1579
1588
1595
1598
1600
1600
1597
1596
1594
1584
1592
1616
1626
1633
1639
1643
1643
1642
1638
1636
1633
1630
1625
1629
1650
1662
1670
1676
1680
1685
1689
1694
1697
1701
1703
1707
1712
1722
1737
1755
1767
1776
1782
1790
1798
1806
1816
1827
1840
1852
1864
1876
1892
1911
1922
1930
1937
1944
1957
1976
2013
2043
2052
2058
2062
2063
2060
2050
2038
2023
2002
1984
1969
1957
1941
1924
1898
1863
1833
1798
1769
1747
1729
1722
1717
1713
1711
1708
1706
1703
1702
1701
1700
1700
1700
1700
1699
1700
1700
1701
1703
1705
1707
1708
1709
1711
1712
1713
1713
1713
1713
1713
1714
1716
1716
1717
1718
1719
1722
1723
1725
1726
1729
1732
1736
1740
1743
1746
1749
1753
1757
1759
1763
1764
1765
1766
1767
1767
1769
1769
1770
1772
1773
1776
1777
1777
1778
1781
1782
1783
1783
1784
1786
1788
1792
1794
1800
1805
1817
1830
1842
1852
1862
1877
1897
1903
1906
1911
1915
1916
1914
1905
1898
1893
1889
1885
1881
1875
1869
1864
1859
1854
1846
1829
1794
1761
1734
1718
1707
1702
1709
1725
1742
1764
1781
1794
1806
1818
1831
1875
1952
2074
2250
2485
2765
3051
3273
3359
3265
2991
2579
2122
1740
1510
1451
1513
1610
1655
1670
1639
1607
1581
1569
1578
1594
1602
1607
1610
1613
1615
1618
1620
1624
1629
1633
1637
1641
1644
1647
1650
1654
1658
1664
1671
1679
1687
1693
1699
1705
1711
1718
1724
1731
1738
1746
1753
1760
1765
1770
1775
1778
1782
1786
1790
1794
1798
1802
1808
1816
1829
1854
1873
1897
1928
1955
1974
1994
2007
2014
2021
2026
2028
2029
2028
2025
2020
2015
2008
1997
1976
1950
1926
1905
1889
1876
1864
1853
1842
1829
1816
1800
1784
1766
1744
1724
1702
1689
1679
1674
1671
1667
1665
1662
1661
1660
1660
1660
1661
1662
1664
1666
1668
1671
1673
1676
1679
1683
1685
1687
1688
1690
1691
1693
1694
1695
1696
1696
1697
1699
1701
1702
1703
1706
1708
1712
1714
1716
1718
1719
1719
1720
1723
1725
1729
1731
1736
1741
1746
1749
1753
1755
1758
1759
1760
1761
1763
1764
1766
1769
1772
1777
1781
1784
1788
1792
1796
1802
1808
1815
1819
1827
1836
1848
1862
1875
1887
1895
1904
1912
1920
1924
1928
1929
1927
1924
1921
1916
1909
1899
1888
1869
1848
1827
1815
1804
1795
1789
1783
1780
1778
1780
1782
1784
1789
1794
1804
1821
1857
1923
2007
2122
2286
2502
2767
3052
3302
3410
3390
3182
2787
2330
1926
1670
1584
1581
1627
1648
1654
1658
1641
1627
1619
1613
1610
1615
1627
1643
1664
1687
1688
1688
1688
1687
1685
1685
1685
1687
1690
1693
1695
1699
1701
1705
1707
1711
1713
1717
1719
1724
1730
1736
1743
1749
1757
1761
1767
1773
1780
1786
1790
1795
1802
1811
1821
1829
1839
1850
1862
1877
1893
1906
1918
1934
1955
1975
1993
2008
2025
2040
2051
2060
2067
2073
2075
2073
2066
2056
2044
2031
2010
1994
1982
1967
1949
1934
1915
1889
1866
1850
1835
1817
1792
1767
1743
1732
1728
1723
1719
1717
1716
1713
1712
1711
1709
1708
1707
1707
1706
1705
1703
1703
1703
1706
1708
1712
1714
1716
1718
1722
1725
1729
1730
1731
1730
1729
1726
1724
1722
1719
1717
1713
1711
1709
1708
1708
1709
1711
1713
1714
1718
1720
1725
1729
1734
1747
1764
1767
1769
1771
1773
1775
1775
1773
1772
1770
1767
1766
1763
1760
1757
1754
1753
1754
1758
1761
1767
1775
1783
1796
1810
1824
1837
1851
1863
1873
1883
1894
1899
1901
1904
1906
1908
1908
1903
1897
1892
1886
1882
1882
1883
1885
1887
1891
1892
1887
1875
1858
1824
1782
1753
1742
1735
1729
1726
1729
1734
1743
1758
1784
1810
1839
1895
1987
2130
2327
2569
2848
3131
3361
3451
3432
3244
2878
2430
2003
1684
1521
1497
1537
1631
1685
1702
1685
1659
1629
1610
1600
1591
1591
1596
1602
1606
1608
1610
1613
1615
1618
1621
1626
1631
1636
1642
1649
1658
1672
1683
1687
1690
1693
1695
1697
1701
1703
1706
1708
1712
1716
1719
1724
1729
1735
1743
1753
1761
1769
1776
1788
1802
1821
1834
1845
1854
1866
1880
1899
1923
1943
1957
1967
1974
1980
1985
1990
1999
2011
2019
2023
2027
2029
2031
2031
2028
2022
2015
2002
1973
1943
1920
1898
1875
1852
1830
1801
1766
1743
1730
1722
1716
1712
1709
1708
1707
1705
1703
1701
1700
1699
1697
1696
1695
1695
1696
1697
1700
1702
1703
1705
1707
1708
1709
1711
1709
1709
1711
1713
1716
1717
1717
1716
1714
1713
1712
1711
1709
1707
1705
1703
1702
1702
1702
1702
1705
1707
1711
1714
1717
1720
1723
1729
1735
1741
1749
1755
1759
1763
1765
1766
1767
1767
1767
1769
1770
1772
1776
1777
1778
1780
1783
1786
1789
1792
1793
1796
1800
1808
1829
1852
1863
1870
1876
1883
1889
1894
1898
1899
1900
1899
1898
1895
1892
1886
1879
1871
1863
1854
1837
1804
1789
1781
1776
1771
1767
1765
1761
1759
1758
1759
1761
1766
1773
1781
1808
1885
2004
2176
2399
2666
2961
3242
3430
3448
3342
2999
2548
2095
1738
1574
1554
1612
1671
1691
1688
1658
1642
1631
1623
1615
1610
1608
1608
1609
1610
1614
1619
1625
1633
1642
1654
1667
1677
1685
1693
1701
1709
1718
1724
1726
1729
1731
1732
1735
1737
1740
1740
1737
1735
1731
1726
1720
1723
1744
1761
1776
1789
1800
1812
1825
1841
1857
1870
1885
1897
1911
1926
1938
1950
1962
1975
1987
1997
2004
2011
2017
2022
2026
2028
2031
2034
2039
2043
2044
2042
2033
2021
2002
1970
1938
1906
1881
1862
1844
1828
1812
1794
1777
1759
1735
1725
1719
1714
1711
1707
1705
1702
1700
1699
1697
1695
1693
1691
1690
1689
1689
1689
1689
1689
1688
1688
1688
1687
1684
1682
1678
1677
1678
1679
1683
1684
1685
1687
1688
1690
1693
1695
1699
1702
1705
1707
1709
1712
1713
1714
1716
1717
1718
1719
1722
1724
1726
1730
1732
1735
1736
1737
1740
1741
1742
1742
1742
1742
1743
1744
1746
1748
1749
1752
1755
1759
1766
1773
1781
1789
1796
1808
1823
1835
1847
1853
1859
1864
1868
1871
1874
1875
1876
1876
1875
1873
1870
1865
1859
1853
1847
1836
1815
1794
1777
1761
1754
1751
1747
1743
1740
1737
1740
1748
1759
1772
1792
1808
1856
1916
2004
2127
2296
2519
2789
3070
3294
3383
3293
3019
2606
2161
1800
1577
1516
1517
1583
1621
1636
1635
1621
1612
1603
1598
1596
1601
1612
1624
1637
1653
1667
1680
1690
1700
1708
1714
1717
1714
1709
1701
1694
1688
1682
1676
1670
1665
1664
1666
1671
1678
1685
1696
1716
1730
1744
1760
1781
1807
1830
1840
1847
1846
1833
1823
1813
1807
1805
1810
1819
1835
1859
1899
1930
1953
1976
1986
1992
1998
2003
2007
2010
2014
2015
2016
2016
2016
2015
2014
2011
2009
2005
2001
1996
1990
1975
1944
1916
1885
1851
1821
1792
1761
1741
1729
1720
1714
1709
1706
1702
1700
1697
1695
1694
1693
1694
1696
1700
1705
1707
1711
1714
1719
1723
1725
1724
1719
1712
1703
1694
1679
1672
1677
1688
1699
1711
1717
1719
1722
1723
1724
1725
1726
1726
1726
1726
1728
1728
1728
1729
1729
1729
1729
1730
1732
1735
1737
1740
1742
1746
1749
1754
1758
1760
1763
1765
1767
1770
1772
1773
1773
1775
1778
1781
1778
1772
1766
1761
1757
1757
1760
1769
1778
1794
1818
1833
1844
1856
1868
1874
1879
1882
1887
1891
1894
1895
1895
1895
1894
1893
1889
1886
1879
1871
1857
1830
1807
1783
1765
1753
1746
1742
1740
1737
1734
1730
1730
1731
1738
1749
1786
1837
1922
2036
2179
2359
2578
2835
3103
3320
3421
3354
3103
2701
2243
1850
1597
1526
1527
1578
1612
1625
1633
1639
1642
1642
1641
1639
1637
1636
1635
1632
1631
1632
1638
1647
1654
1656
1659
1662
1666
1670
1673
1676
1679
1682
1685
1689
1691
1691
1693
1693
1695
1700
1711
1735
1747
1752
1755
1760
1766
1771
1777
1782
1787
1793
1801
1812
1824
1840
1860
1886
1897
1905
1911
1916
1924
1935
1949
1968
1994
2014
2029
2044
2056
2067
2079
2092
2092
2079
2063
2045
2031
2014
1987
1957
1927
1906
1894
1882
1868
1852
1835
1815
1801
1794
1782
1754
1738
1734
1729
1724
1720
1717
1714
1713
1711
1709
1707
1705
1703
1703
1705
1705
1705
1703
1702
1702
1702
1701
1699
1695
1694
1693
1693
1694
1695
1696
1699
1701
1705
1709
1713
1716
1717
1720
1725
1729
1731
1731
1729
1726
1724
1723
1720
1718
1714
1712
1711
1711
1717
1724
1731
1738
1742
1746
1751
1754
1759
1761
1765
1767
1771
1775
1777
1781
1782
1784
1786
1788
1790
1792
1795
1799
1806
1815
1823
1831
1837
1845
1852
1865
1886
1903
1911
1918
1924
1928
1929
1927
1921
1912
1903
1892
1879
1865
1854
1844
1833
1819
1805
1789
1778
1770
1763
1757
1753
1753
1755
1760
1767
1777
1795
1827
1874
1939
2036
2174
2362
2595
2863
3142
3375
3493
3439
3191
2775
2293
1869
1591
1501
1495
1554
1621
1643
1649
1653
1656
1658
1655
1648
1639
1635
1627
1620
1616
1615
1619
1624
1630
1635
1638
1643
1647
1652
1656
1660
1665
1668
1672
1676
1679
1683
1688
1693
1697
1703
1709
1716
1723
1730
1737
1746
1752
1759
1766
1773
1780
1784
1788
1792
1798
1807
1824
1845
1865
1886
1904
1927
1958
1992
2022
2037
2045
2052
2057
2058
2057
2054
2049
2044
2039
2036
2029
2023
2016
2008
1997
1981
1958
1935
1914
1891
1870
1853
1841
1829
1819
1810
1793
1759
1734
1722
1712
1707
1705
1703
1702
1702
1703
1703
1703
1702
1701
1701
1701
1703
1705
1707
1708
1708
1709
1711
1711
1709
1708
1706
1706
1706
1706
1705
1703
1703
1703
1703
1705
1707
1707
1707
1707
1706
1706
1706
1706
1706
1706
1707
1708
1711
1712
1714
1717
1719
1722
1724
1726
1729
1730
1731
1734
1736
1746
1755
1761
1766
1770
1776
1783
1788
1782
1771
1764
1757
1751
1747
1748
1757
1771
1788
1810
1846
1870
1882
1892
1900
1906
1910
1911
1911
1908
1901
1894
1886
1876
1862
1848
1839
1829
1816
1799
1775
1760
1749
1741
1735
1731
1731
1735
1740
1748
1757
1770
1792
1811
1836
1871
1935
2032
2171
2356
2595
2881
3168
3383
3458
3348
3055
2632
2174
1800
1583
1543
1550
1579
1592
1601
1608
1614
1620
1626
1630
1633
1636
1641
1643
1645
1648
1650
1654
1656
1660
1664
1667
1671
1674
1678
1683
1688
1693
1697
1701
1703
1705
1707
1709
1712
1716
1719
1723
1728
1732
1738
1747
1755
1764
1772
1783
1794
1806
1816
1825
1834
1844
1852
1863
1874
1882
1892
1910
1943
1969
1986
1999
2011
2029
2056
2071
2079
2085
2089
2091
2091
2087
2080
2071
2060
2043
2015
1994
1967
1932
1893
1860
1841
1829
1818
1804
1790
1782
1776
1770
1765
1760
1755
1751
1744
1740
1735
1730
1725
1722
1719
1716
1711
1706
1702
1700
1700
1701
1702
1703
1706
1707
1709
1712
1716
1720
1724
1726
1726
1723
1718
1713
1709
1706
1702
1697
1694
1690
1687
1684
1683
1684
1685
1689
1693
1696
1701
1706
1709
1712
1716
1718
1720
1724
1729
1734
1737
1741
1743
1744
1746
1747
1747
1747
1744
1743
1742
1740
1737
1736
1735
1738
1744
1755
1772
1804
1819
1827
1833
1839
1844
1848
1851
1853
1853
1853
1853
1853
1852
1848
1845
1841
1837
1833
1827
1821
1808
1786
1760
1747
1737
1729
1723
1718
1716
1716
1718
1723
1730
1740
1760
1795
1862
1955
2078
2228
2406
2620
2862
3103
3277
3294
3203
2884
2442
1997
1659
1499
1478
1522
1569
1588
1592
1591
1590
1589
1588
1592
1614
1625
1631
1635
1637
1639
1641
1642
1644
1647
1649
1653
1655
1658
1660
1660
1661
1661
1664
1665
1667
1668
1672
1676
1682
1688
1694
1699
1705
1711
1719
1728
1736
1744
1754
1764
1772
1777
1781
1784
1788
1790
1794
1799
1806
1817
1831
1858
1901
1930
1946
1961
1974
1984
1991
1998
2005
2010
2014
2015
2014
2010
2007
2001
1994
1986
1973
1955
1930
1903
1873
1856
1841
1824
1806
1783
1753
1736
1726
1720
1717
1718
1724
1732
1742
1753
