1725
1778
1822
1865
1919
1919
1836
1778
1730
1691
1657
1623
1594
1560
1521
1468
1424
1410
1400
1386
1366
1371
1444
1628
1846
2098
2374
2655
2805
2859
2849
2757
2515
2219
1909
1604
1323
1066
0954
0935
0915
0906
0901
0896
0891
0886
0881
0872
0867
0862
0862
0867
0867
0867
0862
0857
0848
0843
0838
0828
0804
0785
0785
0823
0881
0930
0988
1041
1085
1119
1153
1177
1201
1230
1260
1303
1352
1410
1487
1550
1608
1667
1725
1759
1783
1797
1812
1822
1831
1836
1836
1841
1841
1831
1817
1793
1768
1739
1710
1671
1633
1589
1545
1492
1424
1332
1240
1182
1134
1100
1085
1080
1071
1061
1046
1056
1100
1114
1124
1129
1129
1134
1134
1138
1143
1148
1153
1163
1167
1172
1182
1197
1211
1226
1235
1250
1264
1284
1308
1332
1361
1386
1410
1429
1444
1458
1473
1487
1497
1512
1531
1550
1575
1604
1633
1667
1696
1730
1759
1778
1788
1773
1749
1715
1676
1637
1584
1531
1473
1419
1381
1352
1318
1293
1279
1269
1260
1255
1250
1245
1240
1235
1230
1216
1226
1289
1473
1700
2001
2364
2718
2985
3077
3077
2994
2776
2408
2040
1662
1284
0949
0731
0683
0639
0605
0581
0567
0557
0552
0552
0547
0547
0547
0552
0557
0557
0552
0542
0537
0552
0591
0634
0673
0707
0736
0765
0789
0809
0828
0848
0867
0886
0901
0920
0940
0959
0983
1012
1046
1090
1163
1226
1279
1347
1424
1507
1565
1613
1647
1681
1705
1730
1759
1783
1788
1778
1739
1691
1628
1531
1439
1347
1260
1182
1114
1061
0998
0935
0911
0891
0872
0857
0843
0823
0814
0804
0799
0794
0799
0809
0818
0828
0843
0848
0852
0852
0852
0848
0848
0848
0848
0852
0857
0867
0872
0872
0872
0862
0857
0843
0828
0804
0867
0915
0949
0978
1017
1066
1104
1138
1172
1201
1226
1245
1264
1284
1303
1318
1332
1347
1356
1371
1386
1400
1410
1410
1395
1376
1352
1332
1323
1303
1289
1269
1250
1230
1216
1211
1211
1211
1221
1230
1245
1269
1298
1332
1366
1444
1599
1846
2127
2437
2738
2936
3004
2956
2801
2500
2166
1851
1541
1245
0998
0920
0881
0857
0959
1037
1080
1109
1138
1163
1192
1216
1245
1274
1298
1318
1327
1337
1342
1356
1366
1381
1395
1410
1424
1439
1449
1458
1468
1482
1492
1507
1526
1550
1575
1599
1623
1647
1676
1705
1739
1773
1812
1856
1899
1948
2001
2054
2108
2156
2195
2234
2272
2297
2306
2297
2268
2229
2180
2117
2015
1928
1860
1807
1768
1749
1739
1730
1725
1720
1710
1705
1696
1686
1681
1676
1676
1681
1686
1691
1700
1700
1700
1696
1686
1681
1696
1715
1725
1730
1734
1734
1744
1749
1759
1763
1763
1763
1759
1759
1759
1759
1754
1749
1744
1739
1730
1725
1715
1710
1705
1705
1705
1700
1696
1691
1686
1681
1676
1667
1652
1633
1613
1594
1575
1555
1526
1502
1473
1439
1405
1361
1323
1284
1255
1230
1201
1163
1114
1071
1041
1022
1003
0978
0959
0949
0969
1007
1071
1182
1337
1594
1880
2200
2524
2665
2713
2597
2234
1720
1143
0610
0251
0121
0111
0189
0295
0416
0484
0523
0547
0542
0499
0431
0353
0251
0218
0203
0189
0179
0164
0150
0140
0135
0130
0135
0135
0145
0164
0179
0203
0222
0242
0266
0290
0319
0353
0397
0440
0474
0503
0528
0557
0596
0644
0693
0736
0789
0843
0906
0969
1027
1090
1148
1201
1245
1284
1323
1352
1361
1342
1303
1250
1187
1090
0998
0954
0925
0896
0872
0857
0848
0838
0838
0843
0852
0862
0872
0886
0901
0915
0930
0944
0959
0978
0998
1017
1032
1051
1071
1090
1104
1119
1138
1163
1211
1303
1410
1453
1482
1507
1526
1541
1555
1570
1579
1584
1589
1594
1599
1604
1604
1608
1618
1623
1628
1628
1633
1637
1642
1647
1652
1657
1662
1671
1681
1691
1691
1686
1667
1642
1608
1570
1521
1444
1366
1293
1235
1187
1143
1114
1095
1075
1061
1051
1041
1037
1032
1022
1022
1027
1037
1051
1075
1104
1148
1308
1560
1904
2301
2699
3024
3135
3091
2956
2490
1875
1235
0673
0416
0324
0324
0392
0499
0620
0712
0780
0809
0814
0818
0823
0828
0833
0838
0843
0843
0848
0848
0852
0857
0862
0867
0872
0881
0891
0906
0920
0940
0959
0974
0998
1022
1046
1071
1090
1109
1124
1143
1158
1177
1201
1226
1245
1269
1303
1342
1376
1405
1434
1458
1478
1497
1512
1516
1512
1502
1487
1463
1429
1390
1337
1235
1143
1071
1003
0935
0862
0828
0799
0775
0751
0731
0717
0702
0697
0697
0697
0697
0693
0693
0697
0697
0702
0702
0702
0702
0702
0702
0707
0726
0751
0775
0794
0814
0828
0848
0862
0881
0896
0911
0925
0940
0959
0983
1017
1051
1075
1100
1114
1129
1138
1148
1158
1172
1182
1197
1211
1230
1240
1260
1279
1298
1327
1347
1356
1352
1337
1313
1284
1250
1192
1119
1080
1056
1032
1017
0998
0988
0978
0974
0964
0959
0954
0944
0935
0920
0906
0911
0935
0983
1124
1298
1555
1870
2219
2607
3028
3387
3586
3586
3372
2781
1986
1235
0693
0474
0460
0596
0828
0901
0906
0906
0906
0906
0906
0906
0911
0915
0920
0930
0940
0944
0949
0959
0974
0983
0998
1007
1022
1041
1066
1085
1100
1114
1129
1143
1158
1177
1197
1216
1240
1269
1303
1347
1395
1434
1487
1545
1604
1657
1700
1749
1802
1870
1938
1962
1982
1991
2001
2006
1991
1962
1914
1860
1778
1710
1657
1608
1560
1512
1434
1327
1250
1192
1129
1061
0998
0949
0920
0896
0877
0867
0867
0862
0862
0852
0848
0848
0877
0911
0944
0964
0978
0998
0988
0935
0901
0877
0852
0838
0838
0852
0872
0896
0944
1037
1090
1119
1143
1158
1163
1153
1143
1129
1109
1090
1061
1037
1017
1003
0983
0964
0949
0949
0964
0983
1017
1090
1143
1177
1197
1206
1206
1197
1172
1134
1075
0969
0862
0765
0717
0688
0663
0654
0649
0663
0688
0717
0741
0760
0785
0804
0828
0843
0852
0877
0969
1134
1386
1734
2161
2602
2965
3057
3009
2660
2093
1463
0862
0426
0295
0295
0426
0562
0605
0630
0654
0673
0697
0722
0751
0780
0814
0857
0906
0925
0940
0949
0959
0964
0969
0978
0993
1003
1012
1022
1037
1046
1061
1075
1095
1114
1129
1138
1153
1172
1187
1206
1226
1245
1264
1293
1332
1386
1429
1492
1570
1618
1642
1667
1681
1691
1705
1715
1725
1734
1744
1744
1730
1710
1681
1633
1550
1497
1463
1429
1395
1347
1264
1216
1192
1172
1158
1143
1134
1119
1114
1104
1095
1090
1075
1061
1046
1027
1012
1003
0988
0969
0959
0954
0959
0974
0993
1012
1032
1046
1066
1085
1104
1119
1119
1109
1104
1095
1090
1085
1080
1071
1061
1056
1051
1051
1051
1056
1066
1075
1095
1114
1129
1143
1163
1182
1197
1211
1216
1216
1206
1192
1177
1163
1148
1134
1119
1104
1085
1071
1056
1041
1022
1007
0988
0974
0954
0935
0911
0891
0886
0886
0901
0920
0940
0988
1071
1201
1395
1710
2146
2636
3082
3285
3261
2907
2258
1473
0717
0169
0029
0053
0315
0610
0789
0852
0872
0867
0862
0852
0848
0843
0848
0848
0848
0852
0852
0852
0857
0867
0881
0891
0906
0915
0930
0949
0959
0964
0964
0959
0949
0940
0925
0901
0901
0949
0998
1051
1109
1143
1163
1177
1192
1206
1221
1235
1250
1264
1279
1303
1327
1356
1395
1434
1463
1492
1516
1536
1541
1536
1521
1497
1463
1400
1298
1201
1114
1066
1041
1022
1007
1007
1017
1041
1066
1095
1134
1163
1182
1201
1226
1235
1240
1230
1197
1148
1071
1027
1003
0988
0978
0964
0954
0940
0935
0930
0920
0906
0877
0823
0794
0775
0760
0765
0785
0814
0838
0862
0881
0901
0911
0925
0954
1007
1066
1119
1172
1226
1274
1332
1390
1449
1516
1565
1584
1599
1608
1613
1604
1589
1565
1531
1463
1386
1308
1230
1148
1095
1071
1046
1032
1032
1037
1051
1066
1080
1090
1100
1109
1119
1129
1138
1148
1158
1177
1250
1434
1696
2025
2403
2772
3048
3164
3072
2718
2171
1579
1022
0630
0518
0484
0552
0600
0625
0649
0663
0673
0678
0673
0663
0654
0644
0634
0625
0615
0605
0591
0586
0581
0576
0571
0576
0576
0581
0591
0600
0610
0625
0639
0663
0693
0712
0736
0770
0814
0843
0886
0959
1051
1143
1235
1313
1386
1458
1507
1531
1545
1560
1570
1584
1594
1604
1613
1628
1633
1633
1623
1604
1584
1560
1526
1492
1463
1434
1410
1386
1366
1352
1327
1298
1255
1206
1163
1143
1129
1119
1109
1104
1104
1104
1104
1104
1104
1104
1104
1109
1114
1114
1104
1090
1080
1071
1061
1046
1037
1032
1032
1041
1056
1080
1114
1187
1245
1284
1313
1332
1342
1352
1356
1361
1366
1371
1381
1390
1405
1415
1429
1444
1463
1492
1516
1531
1541
1545
1555
1565
1575
1575
1565
1545
1521
1492
1444
1410
1390
1371
1356
1342
1327
1313
1293
1274
1250
1230
1206
1187
1167
1148
1129
1119
1119
1124
1138
1158
1230
1356
1570
1880
2268
2709
3159
3523
3658
3513
3101
2486
1807
1192
0751
0596
0542
0610
0717
0828
0891
0920
0944
0959
0969
0978
0988
0998
1007
1012
1022
1027
1037
1041
1051
1061
1071
1090
1109
1129
1148
1163
1172
1182
1192
1201
1211
1221
1230
1235
1245
1255
1264
1284
1313
1337
1366
1405
1458
1541
1662
1739
1802
1851
1899
1933
1957
1977
1986
1977
1948
1909
1841
1749
1691
1647
1608
1550
1482
1419
1347
1289
1250
1221
1187
1124
1051
1017
1007
0998
0993
0983
0978
0974
0964
0954
0949
0940
0935
0930
0925
0920
0915
0911
0901
0891
0881
0881
0881
0881
0886
0891
0901
0906
0915
0925
0935
0944
0949
0954
0959
0964
0964
0969
0974
0974
0978
0978
0983
0983
0988
0998
1007
1012
1022
1027
1037
1046
1061
1071
1080
1090
1095
1104
1109
1119
1119
1114
1109
1095
1075
1022
0901
0833
0818
0804
0794
0794
0789
0785
0780
0775
0770
0770
0765
0765
0765
0751
0756
0828
0964
1177
1482
1899
2394
2868
3179
3203
3028
2520
1822
1109
0503
0106
0014
0029
0198
0392
0567
0688
0746
0785
0809
0770
0702
0620
0567
0533
0513
0513
0537
0581
0644
0731
0799
0843
0886
0935
1007
1056
1085
1104
1109
1104
1100
1095
1090
1090
1085
1085
1100
1124
1153
1206
1293
1356
1410
1449
1497
1555
1613
1671
1720
1759
1783
1797
1807
1817
1822
1822
1812
1797
1773
1734
1662
1604
1565
1541
1526
1502
1453
1390
1327
1255
1187
1100
1032
0978
0974
1056
1226
1492
1807
2079
2272
2340
2360
2350
2340
2335
2379
2418
2432
2452
2461
2471
2471
2466
2457
2447
2437
2423
2403
2360
2316
2277
2243
2229
2243
2282
2335
2389
2408
2423
2432
2432
2418
2384
2287
2180
2127
2098
2079
2069
2069
2083
2103
2117
2132
2146
2151
2151
2142
2127
2108
2069
1996
1904
1831
1773
1705
1662
1637
1623
1613
1613
1618
1628
1642
1657
1623
1570
1497
1410
1352
1318
1293
1318
1386
1536
1778
2098
2471
2883
3275
3508
3523
3353
2893
2229
1507
0930
0571
0474
0591
0765
0881
0935
1012
1138
1274
1352
1386
1381
1342
1298
1260
1240
1230
1216
1221
1250
1269
1279
1289
1303
1308
1313
1318
1327
1332
1332
1337
1342
1347
1352
1356
1361
1366
1376
1381
1386
1390
1400
1410
1424
1458
1526
1599
1667
1734
1817
1870
1904
1928
1938
1943
1933
1919
1899
1870
1802
1725
1642
1575
1521
1463
1405
1347
1308
1260
1211
1172
1138
1090
1022
0964
0944
0930
0925
0915
0906
0901
0896
0891
0877
0877
0901
0915
0935
0954
0983
1017
1085
1148
1167
1182
1197
1197
1197
1177
1158
1134
1114
1090
1071
1051
1037
1027
1012
0988
0993
1041
1071
1095
1114
1134
1138
1134
1124
1104
1080
1032
0959
0920
0886
0886
0925
0969
1017
1056
1104
1148
1177
1192
1153
1095
1032
0964
0911
0862
0809
0751
0717
0712
0707
0702
0702
0697
0693
0693
0688
0683
0678
0673
0668
0663
0649
0630
0630
0663
0756
0954
1250
1657
2137
2621
2980
3125
3004
2597
1957
1235
0610
0179
0019
0014
0150
0334
0436
0474
0479
0474
0470
0460
0455
0455
0465
0479
0484
0489
0489
0494
0494
0499
0508
0513
0518
0523
0528
0537
0542
0552
0581
0649
0693
0717
0731
0756
0775
0794
0838
0906
0949
0974
0993
1007
1027
1046
1066
1095
1119
1153
1192
1226
1264
1323
1366
1395
1415
1415
1400
1376
1337
1274
1216
1158
1109
1056
1003
0940
0891
0852
0804
0775
0751
0731
0712
0688
0668
0654
0639
0630
0625
0615
0610
0610
0615
0625
0639
0659
0678
0697
0717
0741
0765
0789
0809
0828
0852
0886
0930
0964
0988
1007
1022
1032
1041
1046
1046
1041
1032
1022
1012
1003
0988
0983
0983
0993
1012
1037
1061
1100
1138
1167
1201
1235
1279
1332
1415
1468
1502
1521
1526
1516
1487
1453
1419
1386
1352
1318
1289
1274
1264
1250
1240
1235
1221
1211
1201
1192
1187
1177
1167
1163
1153
1138
1114
1090
1095
1109
1138
1226
1400
1657
1991
2389
2839
3309
3707
3842
3804
3431
2776
1977
1211
0654
0508
0533
0780
0930
0954
0974
0983
0993
0998
1003
1007
1007
1012
1017
1022
1027
1032
1032
1032
1037
1041
1046
1051
1051
1061
1066
1080
1114
1153
1182
1206
1235
1260
1289
1323
1352
1381
1410
1439
1468
1492
1526
1565
1599
1637
1696
1773
1836
1919
1977
2015
2035
2045
2040
2020
1991
1943
1870
1807
1739
1681
1637
1589
1545
1512
1473
1429
1356
1255
1187
1138
1100
1066
1022
0974
0911
0877
0852
0833
0818
0809
0809
0823
0843
0872
0911
0969
1046
1041
1037
1037
1037
1032
1022
1003
0978
0944
0896
0886
0877
0872
0862
0867
0881
0915
0964
1046
1100
1134
1153
1167
1158
1143
1124
1104
1075
1051
1051
1075
1114
1153
1206
1240
1255
1264
1274
1284
1293
1298
1303
1303
1303
1303
1298
1289
1279
1260
1240
1216
1129
1075
1051
1032
1012
1003
0993
0993
0993
0998
1003
1007
1012
1027
1046
1075
1148
1240
1342
1545
1826
2180
2573
2985
3261
3353
3261
2970
2423
1773
1211
0838
0717
0673
0741
0862
0940
0959
0964
0974
0978
0983
0993
1003
1017
1027
1041
1056
1071
1085
1095
1109
1124
1138
1153
1167
1182
1197
1206
1216
1226
1235
1235
1245
1250
1260
1264
1274
1289
1298
1308
1313
1327
1342
1356
1386
1444
1512
1565
1604
1637
1657
1676
1686
1700
1710
1720
1720
1715
1700
1681
1652
1613
1545
1487
1434
1395
1361
1337
1308
1279
1245
1216
1182
1163
1143
1124
1109
1100
1100
1109
1124
1134
1143
1153
1158
1172
1187
1201
1221
1230
1240
1255
1274
1298
1337
1361
1371
1381
1386
1395
1405
1415
1419
1419
1419
1419
1419
1410
1405
1390
1376
1366
1356
1342
1332
1313
1298
1284
1279
1289
1313
1342
1376
1444
1555
1628
1671
1705
1725
1734
1744
1759
1773
1768
1744
1700
1662
1613
1565
1526
1492
1453
1424
1419
1444
1468
1492
1512
1531
1545
1550
1550
1550
1550
1545
1536
1521
1502
1541
1657
1822
2059
2360
2718
3087
3397
3532
3513
3275
2791
2214
1662
1235
1046
0988
1056
1172
1255
1284
1293
1308
1332
1366
1405
1434
1478
1512
1521
1512
1482
1444
1410
1371
1342
1327
1323
1313
1298
1289
1293
1313
1347
1390
1449
1507
1555
1599
1633
1662
1676
1691
1700
1705
1715
1725
1734
1749
1763
1783
1802
1836
1899
1957
1991
2015
2040
2059
2069
2069
2064
2049
2030
2001
1952
1860
1763
1662
1565
1497
1424
1352
1284
1226
1182
1148
1124
1090
1061
1032
1003
0983
0959
0944
0935
0930
0925
0920
0911
0901
0896
0891
0881
0872
0857
0838
0818
0804
0789
0780
0770
0760
0756
0746
0741
0741
0736
0736
0736
0741
0746
0746
0751
0756
0765
0780
0789
0799
0789
0770
0746
0731
0722
0707
0697
0693
0688
0683
0688
0693
0697
0707
0717
0726
0736
0751
0765
0775
0780
0780
0770
0751
0731
0707
0683
0649
0615
0586
0571
0557
0523
0460
0407
0373
0353
0344
0344
0339
0334
0329
0329
0334
0358
0387
0436
0518
0663
0877
1148
1492
1899
2301
2636
2776
2757
2520
2040
1419
0818
0358
0145
0067
0062
0101
0130
0155
0179
0208
0237
0261
0285
0310
0329
0353
0373
0407
0450
0503
0528
0542
0557
0562
0571
0576
0586
0596
0605
0615
0620
0630
0644
0668
0717
0751
0799
0867
0920
0964
1007
1041
1071
1109
1148
1182
1211
1235
1264
1298
1415
1550
1637
1696
1730
1749
1763
1768
1763
1754
1739
1720
1700
1676
1652
1633
1608
1570
1502
1429
1356
1293
1245
1201
1167
1148
1119
1090
1061
1037
1007
0988
0978
0988
1003
1017
1032
1056
1085
1119
1158
1201
1240
1264
1279
1293
1308
1308
1303
1289
1269
1250
1235
1201
1182
1192
1226
1255
1298
1337
1381
1419
1429
1439
1444
1453
1458
1453
1444
1429
1415
1395
1386
1405
1444
1473
1507
1531
1550
1570
1594
1633
1676
1705
1725
1739
1749
1739
1725
1696
1657
1589
1521
1453
1415
1395
1386
1371
1361
1347
1337
1327
1313
1303
1289
1274
1264
1260
1264
1269
1284
1298
1352
1458
1628
1894
2282
2757
3271
3702
3901
3794
3358
2694
1972
1323
0872
0712
0663
0707
0852
0969
1007
1022
1032
1037
1046
1051
1051
1041
1022
1003
0983
0969
0969
0988
1017
1061
1129
1172
1197
1226
1250
1264
1274
1284
1289
1298
1303
1308
1318
1323
1327
1332
1337
1347
1356
1386
1444
1502
1565
1647
1725
1797
1851
1899
1923
1943
1957
1967
1972
1977
1972
1967
1952
1933
1909
1865
1778
1691
1604
1512
1424
1342
1279
1230
1172
1119
1080
1032
1003
0983
0969
0954
0944
0930
0920
0911
0901
0891
0881
0862
0848
0838
0838
0857
0881
0906
0925
0954
0978
0993
0993
0983
0974
0959
0944
0920
0911
0925
0954
0988
1032
1071
1109
1143
1163
1177
1192
1182
1143
1119
1100
1080
1066
1056
1061
1066
1075
1090
1109
1129
1148
1172
1201
1230
1255
1274
1293
1313
1332
1342
1347
1342
1332
1318
1293
1269
1226
1143
1085
1041
1003
0978
0964
0954
0944
0935
0925
0925
0925
0925
0930
0940
0954
0969
0988
1075
1211
1444
1793
2229
2723
3188
3503
3547
3445
3019
2394
1676
1022
0567
0387
0382
0523
0707
0843
0911
0954
0978
0993
0998
0993
0978
0964
0954
0940
0925
0915
0915
0930
0949
0974
0998
1027
1056
1085
1119
1148
1177
1201
1226
1240
1269
1293
1313
1327
1342
1352
1361
1376
1390
1415
1463
1526
1584
1642
1730
1851
1923
1996
2079
2132
2166
2185
2195
2185
2166
2137
2088
2011
1938
1846
1734
1642
1579
1541
1507
1482
1458
1434
1410
1381
1332
1260
1221
1206
1192
1177
1172
1163
1153
1148
1138
1134
1134
1124
1119
1109
1100
1100
1109
1129
1153
1172
1182
1187
1197
1201
1211
1216
1226
1230
1235
1240
1250
1255
1260
1264
1264
1264
1269
1269
1274
1274
1274
1279
1284
1293
1303
1308
1313
1313
1308
1303
1298
1293
1284
1274
1274
1293
1327
1366
1419
1478
1516
1550
1570
1570
1555
1521
1473
1400
1347
1308
1264
1206
1153
1138
1124
1114
1109
1104
1104
1109
1119
1129
1138
1148
1167
1192
1216
1250
1371
1570
1851
2200
2592
2985
3324
3464
3431
3130
2583
1899
1230
0756
0644
0605
0654
0702
0736
0765
0794
0828
0901
0978
1037
1017
0954
0920
0901
0881
0877
0881
0896
0911
0925
0944
0974
0969
0930
0886
0843
0785
0736
0697
0678
0673
0673
0673
0668
0668
0678
0697
0712
0726
0736
0756
0785
0823
0867
0920
0964
0998
1056
1148
1221
1264
1298
1318
1342
1361
1366
1347
1303
1245
1167
1100
1022
0949
0852
0799
0785
0765
0751
0741
0731
0722
0717
0712
0702
0697
0693
0688
0688
0683
0688
0688
0697
0702
0712
0717
0726
0736
0741
0746
0760
0770
0780
0794
0818
0852
0881
0906
0930
0949
0974
0998
1037
1085
1158
1187
1201
1216
1226
1235
1235
1240
1245
1245
1250
1255
1264
1274
1279
1284
1284
1289
1293
1298
1308
1318
1332
1366
1429
1444
1449
1453
1458
1463
1468
1473
1478
1478
1478
1468
1458
1439
1419
1371
1298
1260
1235
1221
1235
1274
1303
1323
1342
1356
1371
1381
1390
1395
1405
1419
1468
1676
1948
2253
2616
2985
3251
3290
3203
2825
2253
1618
1100
0848
0765
0838
1056
1221
1274
1279
1240
1211
1177
1158
1182
1230
1245
1255
1260
1264
1264
1264
1269
1279
1284
1289
1298
1308
1318
1327
1332
1337
1337
1342
1342
1347
1352
1361
1366
1381
1395
1415
1429
1444
1458
1468
1482
1492
1507
1521
1555
1642
1710
1754
1783
1793
1802
1817
1831
1841
1826
1802
1773
1749
1710
1657
1575
1478
1415
1376
1327
1284
1250
1226
1206
1187
1167
1148
1129
1114
1100
1090
1075
1066
1056
1051
1046
1046
1041
1041
1037
1032
1017
1007
1007
1017
1041
1085
1143
1172
1182
1192
1201
1211
1221
1226
1230
1235
1235
1235
1245
1245
1245
1250
1255
1264
1269
1274
1279
1279
1274
1269
1274
1274
1274
1274
1269
1269
1269
1269
1274
1279
1284
1289
1298
1313
1327
1347
1381
1405
1419
1439
1458
1453
1405
1361
1318
1284
1260
1216
1148
1090
1051
1104
1138
1163
1182
1197
1206
1206
1197
1182
1163
1138
1114
1071
1066
1104
1221
1371
1594
1889
2272
2718
3150
3440
3469
3300
2791
2108
1376
0794
0571
0494
0571
0697
0804
0857
0901
0954
1003
1046
1046
1022
1012
1003
0988
0983
0978
0978
0988
0998
1012
1017
1027
1041
1066
1104
1148
1187
1235
1255
1240
1221
1201
1182
1167
1158
1158
1172
1192
1216
1264
1342
1415
1492
1555
1604
1657
1700
1739
1773
1807
1826
1841
1856
1865
1870
1875
1870
1860
1846
1822
1797
1744
1652
1565
1478
1410
1361
1303
1260
1235
1206
1187
1172
1163
1158
1148
1138
1134
1124
1119
1109
1104
1095
1085
1075
1066
1056
1046
1032
1022
1012
1012
1007
1017
1032
1046
1061
1075
1090
1109
1124
1143
1163
1182
1197
1206
1216
1221
1230
1235
1235
1240
1245
1250
1255
1264
1269
1274
1279
1279
1284
1289
1293
1298
1303
1313
1332
1366
1400
1424
1458
1492
1550
1589
1623
1647
1647
1637
1613
1579
1516
1444
1361
1264
1216
1197
1182
1177
1187
1206
1226
1245
1255
1235
1197
1143
1085
1061
1037
1017
1041
1124
1245
1424
1662
1948
2326
2825
3387
3857
4094
3973
3464
2646
1725
0969
0600
0557
0702
0964
1085
1129
1148
1134
1100
1075
1051
1032
1027
1037
1061
1080
1090
1100
1109
1119
1129
1138
1143
1153
1163
1177
1187
1201
1216
1226
1240
1264
1289
1308
1332
1376
1463
1521
1550
1575
1604
1628
1647
1671
1700
1734
1763
1793
1841
1923
1986
2030
2074
2103
2122
2142
2146
2146
2137
2117
2088
2035
1957
1831
1705
1613
1512
1405
1303
1206
1148
1114
1095
1075
1066
1056
1051
1046
1041
1041
1041
1037
1037
1032
1032
1027
1022
1017
1017
1012
1007
1003
0998
0993
0983
0974
0959
0920
0901
0886
0872
0848
0852
0891
0911
0915
0925
0935
0944
0954
0959
0964
0969
0969
0964
0964
0964
0959
0954
0949
0949
0944
0944
0944
0944
0940
0940
0940
0949
0964
0983
1003
1027
1051
1080
1104
1129
1143
1148
1138
1119
1090
1041
0964
0891
0818
0756
0712
0678
0659
0649
0639
0630
0620
0610
0600
0596
0586
0571
0547
0537
0552
0581
0663
0799
1012
1293
1637
2040
2490
2946
3309
3421
3368
2980
2306
1507
0775
0256
0038
0014
0116
0271
0334
0363
0378
0392
0416
0450
0513
0571
0596
0615
0610
0562
0484
0421
0392
0373
0373
0421
0494
0576
0639
0683
0722
0746
0760
0770
0785
0804
0818
0843
0867
0896
0944
0988
1022
1051
1075
1104
1134
1167
1226
1313
1386
1429
1463
1497
1536
1575
1589
1599
1608
1613
1618
1618
1613
1599
1575
1541
1482
1376
1269
1158
1037
0940
0867
0823
0799
0789
0780
0780
0775
0775
0770
0775
0775
0780
0785
0789
0794
0799
0814
0823
0828
0833
0828
0823
0814
0804
0794
0785
0770
0770
0785
0814
0852
0920
0983
1051
1085
1100
1109
1119
1124
1129
1138
1143
1148
1158
1163
1172
1177
1187
1197
1211
1221
1235
1240
1245
1255
1260
1269
1279
1289
1298
1308
1318
1327
1347
1371
1395
1410
1429
1449
1468
1473
1473
1468
1449
1429
1405
1371
1318
1274
1245
1226
1206
1177
1153
1134
1109
1095
1080
1080
1090
1104
1129
1158
1201
1230
1303
1444
1642
1928
2277
2670
3048
3372
3508
3469
3135
2481
1696
0998
0508
0402
0431
0673
0886
0954
0969
0978
0993
1007
1022
1061
1114
1138
1148
1153
1158
1158
1158
1158
1158
1163
1167
1172
1177
1177
1182
1182
1187
1192
1192
1201
1206
1211
1221
1230
1245
1293
1337
1381
1424
1453
1482
1507
1536
1575
1613
1647
1681
1705
1754
1822
1865
1889
1904
1914
1919
1919
1904
1880
1856
1802
1715
1662
1628
1594
1555
1507
1424
1337
1255
1206
1163
1119
1085
1056
1041
1061
1090
1114
1138
1158
1158
1129
1090
1061
1027
0993
0969
0949
0930
0906
0881
0886
0915
0959
0988
1022
1051
1066
1071
1075
1085
1095
1100
1095
1066
1046
1022
1007
1012
1022
1037
1046
1056
1066
1071
1075
1080
1085
1085
1090
1095
1100
1104
1104
1104
1114
1119
1124
1134
1138
1148
1163
1177
1192
1206
1230
1245
1279
1337
1429
1526
1604
1667
1739
1831
1899
1938
1962
1952
1889
1841
1797
1759
1730
1700
1671
1642
1618
1604
1599
1589
1575
1579
1608
1691
1822
2001
2229
2490
2776
3091
3406
3639
3673
3590
3179
2539
1826
1201
0886
0780
0843
1017
1167
1211
1230
1245
1264
1279
1289
1298
1313
1327
1337
1342
1342
1337
1327
1313
1308
1298
1289
1279
1269
1260
1250
1245
1245
1255
1269
1284
1303
1318
1337
1352
1371
1386
1405
1415
1429
1444
1468
1492
1526
1555
1584
1623
1676
1720
1783
1860
1914
1943
1962
1972
1962
1938
1909
1860
1773
1696
1623
1555
1478
1429
1410
1390
1371
1352
1337
1323
1308
1293
1279
1264
1240
1216
1192
1167
1148
1124
1109
1095
1095
1095
1095
1095
1095
1095
1090
1085
1085
1095
1114
1119
1124
1129
1138
1138
1143
1148
1153
1158
1158
1158
1153
1153
1148
1148
1143
1143
1138
1138
1134
1134
1134
1134
1129
1124
1124
1119
1119
1114
1109
1109
1109
1109
1104
1104
1100
1095
1085
1085
1100
1124
1153
1192
1245
1308
1352
1386
1415
1429
1424
1405
1376
1342
1303
1245
1201
1158
1109
1066
1032
1007
0983
0964
0944
0935
0954
0988
1027
1056
1090
1119
1148
1167
1182
1206
1284
1424
1623
1899
2229
2568
2878
3096
3169
3101
2878
2418
1788
1138
0644
0455
0440
0571
0751
0838
0862
0877
0886
0891
0886
0881
0872
0862
0848
0843
0867
0906
0925
0940
0954
0969
0983
0993
1007
1017
1027
1037
1046
1056
1066
1075
1090
1109
1129
1143
1163
1187
1221
1274
1332
1390
1449
1497
1545
1594
1652
1696
1730
1754
1778
1793
1802
1812
1822
1831
1841
1846
1846
1836
1817
1788
1759
1710
1633
1589
1531
1449
1361
1269
1197
1148
1109
1075
1056
1046
1032
1022
1017
1012
1012
1012
1017
1027
1037
1046
1061
1080
1090
1075
1051
1032
1017
1003
0993
0983
0988
0993
1003
1017
1032
1046
1066
1085
1104
1119
1138
1163
1201
1216
1226
1235
1235
1240
1235
1226
1221
1216
1211
1201
1197
1187
1182
1177
1177
1177
1177
1182
1187
1192
1206
1216
1230
1240
1250
1274
1327
1356
1386
1419
1449
1473
1487
1497
1507
1507
1502
1482
1463
1424
1366
1284
1177
1129
1114
1100
1095
1090
1085
1080
1075
1071
1066
1061
1056
1046
1032
1012
1017
1061
1172
1352
1599
1904
2282
2733
3183
3566
3750
3716
3372
2704
1938
1230
0712
0508
0494
0639
0751
0785
0809
0833
0852
0881
0891
0877
0848
0818
0785
0780
0809
0852
0920
0954
0978
0993
0998
0998
0993
0988
0978
0969
0954
0988
1046
1104
1148
1182
1216
1255
1313
1356
1386
1415
1444
1468
1487
1507
1521
1536
1565
1623
1700
1783
1856
1909
1948
2001
2059
2098
2122
2122
2088
2040
1977
1919
1880
1856
1807
1686
1536
1400
1279
1226
1182
1148
1109
1056
1017
0993
1007
1051
1075
1085
1075
1051
1032
1017
1003
0988
0978
0969
0954
0940
0925
0920
0935
0964
0993
1012
1037
1056
1075
1085
1090
1090
1085
1075
1066
1056
1037
1027
1027
1032
1027
1027
1027
1027
1027
1027
1032
1037
1041
1046
1056
1066
1075
1085
1090
1100
1114
1129
1143
1153
1158
1153
1143
1134
1119
1109
1080
1066
1080
1119
1167
1221
1269
1308
1332
1352
1352
1332
1303
1221
1114
1061
1012
0944
0906
0891
0872
0857
0848
0843
0838
0838
0838
0838
0843
0843
0848
0862
0877
0891
0954
1085
1279
1545
1875
2258
2684
3116
3353
3348
3072
2471
1686
0911
0319
0038
0000
0082
0251
0378
0455
0533
0610
0693
0736
0746
0756
0760
0760
0765
0765
0765
0765
0765
0765
0760
0760
0756
0756
0746
0765
0828
0867
0896
0930
0993
1037
1051
1066
1075
1085
1095
1104
1114
1124
1134
1143
1177
1235
1303
1366
1463
1575
1686
1739
1763
1778
1788
1793
1793
1788
1778
1759
1744
1720
1691
1657
1633
1589
1521
1439
1371
1337
1313
1293
1269
1250
1211
1138
1095
1066
1051
1041
1041
1056
1075
1095
1109
1129
1148
1163
1163
1148
1129
1104
1080
1046
1027
1032
1056
1095
1119
1153
1177
1197
1201
1211
1216
1221
1226
1235
1235
1235
1235
1235
1226
1221
1211
1201
1187
1167
1158
1153
1163
1172
1187
1197
1211
1221
1235
1235
1226
1211
1197
1177
1148
1138
1153
1187
1216
1235
1260
1289
1313
1371
1424
1439
1453
1468
1468
1449
1415
1361
1269
1177
1119
1100
1085
1075
1071
1090
1119
1143
1177
1197
1172
1129
1095
1071
1046
1032
1032
1037
1051
1071
1138
1255
1415
1618
1894
2229
2626
3028
3324
3368
3285
2849
2214
1502
0891
0508
0411
0421
0581
0765
0901
0978
1017
1041
1061
1066
1056
1037
1017
1003
0993
0978
0969
0959
0954
0949
0949
0949
0954
0959
0969
0983
0998
1007
1022
1032
1041
1056
1066
1075
1080
1090
1095
1100
1109
1114
1124
1138
1172
1240
1298
1342
1386
1429
1473
1521
1575
1623
1652
1667
1681
1696
1700
1691
1671
1642
1599
1516
1429
1352
1298
1264
1235
1192
1143
1095
1066
1056
1051
1041
1037
1032
1027
1027
1032
1041
1051
1061
1071
1080
1095
1109
1119
1129
1138
1143
1143
1148
1148
1148
1148
1148
1148
1153
1163
1167
1172
1172
1167
1163
1158
1153
1148
1138
1129
1114
1109
1114
1134
1153
1167
1182
1201
1221
1235
1245
1240
1235
1235
1230
1226
1221
1216
1201
1192
1187
1182
1177
1177
1182
1187
1197
1216
1235
1250
1269
1289
1313
1352
1386
1400
1405
1410
1415
1419
1429
1410
1371
1337
1308
1279
1250
1216
1177
1148
1114
1085
1066
1051
1041
1037
1032
1022
1007
0998
0993
1003
1032
1075
1129
1201
1264
1361
1468
1642
1870
2195
2592
2999
3271
3290
3125
2621
1948
1269
0765
0562
0489
0562
0770
0944
1007
1007
0959
0896
0794
0726
0683
0659
0668
0707
0760
0804
0833
0862
0886
0901
0911
0920
0930
0940
0944
0949
0959
0964
0969
0974
0983
0993
1003
1017
1032
1056
1080
1148
1269
1347
1395
1429
1468
1502
1531
1560
1589
1618
1647
1676
1715
1759
1793
1822
1841
1860
1880
1885
1870
1841
1802
1763
1705
1652
1594
1507
1390
1284
1187
1109
1066
1027
1003
0988
0974
0964
0949
0944
0940
0940
0949
0959
0969
0978
0988
0998
1007
1017
1027
1032
1037
1046
1051
1061
1071
1080
1090
1104
1114
1129
1148
1163
1182
1201
1216
1230
1240
1245
1250
1260
1264
1264
1269
1269
1274
1274
1279
1289
1293
1303
1308
1313
1318
1327
1337
1347
1356
1366
1381
1405
1434
1458
1487
1512
1536
1555
1575
1594
1608
1618
1628
1637
1642
1642
1642
1637
1633
1628
1618
1608
1599
1584
1570
1541
1487
1453
1429
1415
1405
1395
1386
1376
1366
1352
1342
1327
1318
1308
1293
1274
1264
1260
1264
1274
1298
1332
1449
1623
1880
2238
2718
3271
3765
3998
3988
3702
3062
2268
1516
0974
0780
0717
0794
0852
0886
0911
0925
0944
0964
0978
0998
1012
1027
1041
1051
1066
1080
1095
1109
1114
1114
1109
1104
1095
1085
1080
1071
1056
1046
1041
1051
1066
1090
1124
1172
1226
1255
1279
1293
1313
1337
1361
1386
1419
1458
1516
1560
1594
1633
1676
1730
1759
1778
1797
1812
1822
1822
1822
1807
1793
1768
1739
1676
1575
1507
1453
1400
1337
1250
1177
1114
1061
1022
0983
0949
0920
0891
0867
0843
0823
0804
0789
0775
0756
0746
0741
0746
0760
0785
0804
0818
0833
0843
0857
0867
0872
0872
0872
0877
0877
0881
0881
0881
0881
0886
0891
0901
0920
0935
0949
0969
0983
0993
0993
0978
0954
0935
0920
0906
0891
0877
0867
0862
0862
0872
0881
0891
0911
0930
0978
1027
1066
1095
1119
1124
1134
1138
1148
1153
1143
1129
1114
1100
1090
1104
1134
1158
1177
1201
1221
1235
1250
1274
1289
1274
1250
1226
1197
1167
1138
1090
1027
0988
0959
0959
0998
1032
1056
1075
1085
1090
1080
1071
1061
1041
1017
1046
1134
1298
1541
1870
2272
2718
3179
3542
3658
3431
2868
2074
1216
0537
0227
0198
0373
0649
0780
0828
0828
0794
0765
0736
0717
0707
0702
0688
0683
0702
0746
0789
0833
0862
0872
0881
0886
0896
0911
0925
0944
0969
0988
1017
1046
1075
1109
1143
1177
1206
1226
1240
1264
1303
1352
1415
1492
1545
1589
1637
1676
1705
1725
1739
1749
1759
1768
1778
1788
1807
1826
1851
1870
1885
1885
1865
1831
1793
1739
1700
1652
1584
1458
1352
1293
1245
1192
1158
1134
1119
1109
1104
1114
1134
1148
1167
1192
1206
1192
1172
1163
1153
1148
1138
1138
1138
1148
1158
1172
1187
1197
1206
1216
1230
1235
1240
1245
1245
1245
1245
1240
1235
1235
1226
1211
1201
1216
1240
1255
1269
1279
1289
1293
1298
1289
1279
1264
1245
1230
1211
1192
1167
1148
1134
1134
1138
1153
1163
1177
1192
1211
1235
1269
1308
1332
1352
1371
1386
1400
1405
1405
1400
1390
1381
1371
1361
1352
1342
1332
1323
1308
1298
1284
1274
1260
1245
1235
1230
1221
1211
1197
1182
1167
1148
1134
1124
1124
1124
1129
1134
1148
1158
1187
1235
1337
1507
1754
2083
2461
2815
3096
3198
3150
2781
2142
1453
0857
0440
0310
0315
0460
0654
0823
0881
0896
0901
0906
0911
0915
0915
0920
0930
0935
0944
0949
0959
0964
0969
0974
0988
1022
1046
1066
1085
1104
1114
1100
1075
1056
1041
1022
1012
1007
1012
1032
1056
1090
1148
1240
1327
1405
1478
1545
1608
1667
1696
1715
1725
1734
1739
1744
1749
1749
1754
1759
1759
1768
1773
1778
1759
1715
1671
1623
1584
1531
1463
1390
1318
1240
1158
1100
1066
1041
1027
1022
1032
1046
1061
1075
1095
1109
1109
1095
1085
1080
1071
1066
1061
1056
1051
1051
1051
1056
1066
1075
1090
1109
1129
1148
1163
1177
1197
1211
1230
1245
1260
1279
1293
1313
1337
1352
1356
1347
1327
1308
1289
1284
1279
1269
1264
1255
1245
1240
1235
1235
1226
1221
1216
1216
1216
1216
1216
1216
1221
1221
1226
1235
1235
1240
1245
1250
1255
1264
1274
1284
1289
1298
1318
1342
1361
1381
1390
1400
1405
1415
1429
1444
1453
1453
1439
1419
1390
1347
1255
1192
1158
1129
1104
1085
1071
1056
1037
1022
1032
1061
1080
1095
1114
1134
1153
1177
1264
1400
1594
1860
2195
2592
2970
3266
3329
3280
2941
2326
1584
0944
0537
0411
0411
0542
0702
0780
0818
0848
0862
0862
0828
0785
0751
0712
0673
0659
0668
0678
0693
0707
0731
0741
0726
0693
0673
0659
0644
0634
0630
0634
0644
0668
0697
0756
0848
0881
0901
0915
0925
0935
0949
0964
0978
0998
1022
1075
1163
1240
1318
1400
1492
1541
1570
1589
1599
1608
1608
1599
1584
1565
1541
1512
1468
1424
1390
1327
1240
1153
1066
1003
0949
0896
0862
0838
0818
0794
0775
0751
0697
0610
0557
0533
0513
0499
0499
0503
0518
0542
0576
0649
0697
0731
0746
0731
0707
0693
0678
0663
0649
0639
0634
0630
0630
0620
0605
0630
0649
0663
0678
0693
0712
0736
0785
0852
0886
0901
0911
0920
0925
0930
0940
0949
0964
0978
0993
1012
1037
1085
1114
1095
1056
1032
1007
0988
0978
0978
0993
1007
1027
1061
1134
1167
1187
1197
1206
1216
1226
1235
1245
1250
1260
1269
1284
1303
1342
1390
1424
1444
1463
1473
1482
1473
1463
1444
1424
1395
1347
1308
1255
1192
1124
1085
1071
1061
1051
1056
1080
1114
1138
1158
1177
1197
1211
1226
1235
1255
1332
1453
1618
1889
2287
2776
3305
3770
3998
3983
3683
3043
2253
1478
0911
0620
0576
0654
0881
1066
1129
1143
1148
1158
1163
1163
1167
1172
1182
1192
1197
1201
1201
1206
1211
1221
1240
1284
1337
1361
1376
1390
1395
1405
1415
1419
1424
1434
1439
1449
1453
1458
1468
1478
1497
1531
1565
1613
1686
1783
1875
1957
2020
2064
2103
2142
2180
2229
2258
2282
2301
2311
2311
2301
2282
2253
2209
2122
2054
2011
1972
1943
1894
1817
1759
1725
1686
1652
1623
1599
1575
1550
1521
1497
1482
1468
1453
1439
1429
1424
1419
1419
1419
1419
1419
1424
1429
1439
1444
1449
1449
1453
1463
1478
1487
1487
1468
1439
1415
1395
1381
1361
1342
1332
1337
1347
1361
1381
1395
1400
1410
1415
1424
1434
1444
1449
1458
1463
1463
1463
1463
1463
1458
1449
1439
1429
1424
1415
1405
1395
1390
1386
1381
1376
1366
1356
1347
1342
1342
1361
1386
1410
1429
1444
1463
1482
1497
1516
1526
1536
1536
1541
1536
1531
1521
1507
1487
1468
1444
1419
1366
1318
1284
1260
1245
1235
1226
1216
1206
1197
1187
1182
1177
1172
1167
1163
1153
1138
1114
1114
1153
1255
1419
1637
1904
2209
2539
2859
3135
3232
3193
2873
2297
1584
0915
0455
0281
0276
0421
0654
0765
0804
0804
0775
0741
0707
0707
0765
0809
0843
0872
0891
0891
0881
0877
0867
0862
0843
0833
0848
0881
0896
0906
0915
0920
0925
0935
0944
0954
0964
0974
0978
0988
0998
1007
1027
1051
1080
1100
1129
1158
1197
1240
1308
1371
1434
1478
1507
1560
1633
1671
1696
1710
1715
1710
1691
1657
1604
1516
1424
1332
1240
1153
1100
1071
1051
1027
1007
0988
0969
0949
0925
0906
0891
0881
0877
0872
0872
0867
0862
0857
0857
0857
0862
0872
0877
0881
0886
0891
0896
0901
0906
0911
0915
0925
0935
0944
0954
0964
0974
0983
0993
0993
0998
0998
1003
1007
1012
1017
1027
1037
1046
1051
1061
1061
1061
1056
1051
1046
1041
1037
1032
1027
1022
1022
1022
1022
1022
1017
1007
0998
0993
0993
0998
1003
1007
1012
1027
1046
1022
1007
0998
0988
0978
0974
0974
0978
0983
0998
1007
1022
1037
1061
1090
1114
1143
1182
1226
1230
1235
1235
1240
1240
1226
1201
1163
1104
1066
1051
1037
1017
0998
0978
0959
0940
0915
0896
0886
0881
0877
0867
0857
0901
1037
1177
1337
1555
1841
2171
2544
2907
3188
3271
3227
2936
2413
1744
1114
0693
0562
0567
0722
0852
0896
0925
0949
0964
0974
0983
0993
1003
1007
1003
1003
1003
0998
0993
0988
0978
0983
1027
1075
1124
1167
1197
1221
1235
1235
1245
1250
1255
1255
1255
1260
1260
1264
1274
1279
1289
1303
1327
1395
1482
1570
1642
1696
1744
1778
1807
1831
1856
1880
1923
1991
2030
2059
2069
2054
2011
1967
1909
1870
1817
1744
1681
1628
1589
1536
1473
1410
1342
1264
1197
1172
1163
1153
1148
1148
1143
1138
1134
1129
1119
1114
1104
1100
1095
1090
1085
1080
1075
1061
1046
1037
1027
1032
1046
1066
1090
1129
1187
1201
1211
1216
1221
1226
1226
1230
1230
1235
1235
1235
1235
1235
1235
1240
1240
1245
1250
1255
1255
1260
1260
1264
1264
1269
1279
1289
1284
1264
1240
1226
1206
1187
1177
1177
1187
1201
1221
1235
1250
1269
1279
1284
1279
1269
1264
1255
1250
1240
1235
1235
1250
1274
1298
1323
1361
1390
1405
1419
1434
1449
1463
1463
1439
1405
1366
1308
1264
1235
1211
1182
1158
1124
1085
1056
1041
1027
1017
1012
1007
1003
1003
1003
1003
1003
1007
1017
1032
1046
1066
1148
1337
1594
1899
2248
2636
3033
3363
3464
3416
3062
2432
1730
1114
0775
0722
0799
0935
0983
0930
0765
0663
0630
0634
0678
0741
0814
0848
0872
0896
0920
0959
1027
1080
1109
1129
1129
1109
1085
1051
1007
0983
0964
0944
0949
1003
1075
1172
1221
1235
1250
1264
1274
1289
1298
1313
1323
1342
1381
1463
1550
1633
1700
1754
1797
1860
1928
1996
2054
2079
2098
2108
2108
2088
2059
2011
1938
1826
1700
1579
1507
1444
1395
1352
1318
1293
1274
1255
1235
1221
1187
1124
1075
1046
1012
0969
0940
0920
0901
0891
0881
0877
0886
0896
0911
0930
0944
0969
1007
1027
1032
1032
1032
1037
1037
1041
1041
1041
1032
1022
1012
1007
1003
0998
0988
0983
0978
0978
0983
0998
1012
1027
1046
1061
1075
1095
1109
1124
1134
1138
1134
1124
1114
1104
1095
1090
1080
1071
1066
1056
1051
1041
1037
1027
1027
1027
1027
1032
1032
1037
1041
1046
1056
1061
1071
1080
1090
1104
1119
1148
1182
1226
1264
1303
1342
1376
1390
1400
1405
1410
1415
1419
1424
1429
1419
1400
1381
1342
1269
1197
1143
1095
1071
1056
1041
1032
1027
1017
1012
1012
1007
1007
1007
1012
1012
1017
1027
1041
1056
1075
1143
1352
1676
2093
2553
3019
3421
3634
3620
3334
2694
1928
1221
0731
0523
0508
0634
0794
0848
0867
0877
0886
0901
0906
0886
0852
0828
0804
0785
0775
0785
0804
0828
0857
0896
0920
0935
0944
0954
0959
0969
0978
0988
0993
1003
1012
1022
1037
1056
1090
1148
1192
1216
1235
1245
1264
1289
1308
1337
1371
1439
1541
1623
1710
1763
1797
1817
1826
1822
1807
1788
1778
1768
1759
1744
1730
1720
1705
1686
1662
1613
1521
1434
1323
1230
1177
1138
1104
1075
1051
1037
1017
1007
0998
0988
0978
0978
0974
0974
0969
0964
0964
0964
0964
0964
0969
0978
0988
1003
1017
1027
1037
1041
1046
1051
1056
1056
1061
1066
1071
1080
1085
1095
1095
1100
1100
1104
1114
1129
1143
1177
1235
1255
1264
1279
1293
1293
1269
1235
1216
1201
1192
1177
1167
1158
1148
1138
1143
1143
1148
1153
1158
1163
1172
1182
1192
1197
1206
1211
1216
1226
1226
1221
1206
1187
1163
1134
1090
1095
1172
1226
1264
1303
1323
1327
1337
1337
1337
1342
1342
1347
1352
1347
1332
1308
1284
1260
1245
1235
1221
1201
1187
1172
1167
1163
1158
1153
1148
1148
1153
1163
1177
1187
1206
1226
1240
1264
1318
1424
1579
1807
2127
2515
2907
3198
3295
3213
2965
2447
1846
1260
0823
0654
0591
0596
0668
0780
0915
1056
1163
1226
1264
1260
1206
1143
1085
1046
1017
0988
0998
1056
1104
1138
1167
1182
1197
1206
1216
1221
1230
1235
1235
1240
1245
1255
1260
1269
1279
1289
1298
1313
1332
1371
1444
1521
1575
1613
1647
1686
1720
1749
1778
1802
1826
1846
1860
1870
1880
1885
1899
1919
1928
1909
1860
1812
1763
1715
1662
1584
1482
1405
1347
1284
1230
1172
1114
1075
1037
1017
1022
1041
1051
1056
1061
1071
1071
1075
1080
1085
1090
1095
1100
1100
1100
1100
1100
1104
1104
1104
1104
1104
1104
1109
1119
1129
1134
1138
1143
1153
1158
1167
1177
1182
1187
1192
1201
1216
1226
1235
1240
1240
1240
1240
1240
1240
1240
1240
1235
1235
1235
1230
1230
1230
1230
1226
1226
1226
1226
1230
1235
1235
1235
1235
1235
1235
1235
1235
1240
1240
1240
1240
1245
1250
1255
1260
1264
1269
1274
1284
1293
1303
1332
1361
1386
1405
1424
1439
1449
1463
1473
1482
1497
1516
1531
1545
1570
1589
1594
1584
1560
1526
1463
1361
1260
1172
1124
1095
1071
1061
1051
1056
1066
1085
1104
1124
1153
1187
1216
1255
1381
1565
1778
2049
2394
2762
3130
3363
3440
3329
2994
2423
1754
1153
0799
0683
0741
0843
0944
1017
1066
1061
0998
0949
0906
0877
0862
0872
0891
0911
0915
0920
0920
0925
0925
0935
0940
0949
0959
0969
0974
0978
0983
0983
0988
0993
1007
1022
1051
1085
1114
1148
1177
1206
1230
1255
1279
1303
1342
1400
1458
1521
1584
1642
1696
1739
1778
1812
1836
1856
1875
1889
1894
1889
1875
1856
1826
1773
1676
1589
1531
1468
1415
1366
1318
1269
1221
1158
1109
1061
1012
0954
0896
0848
0823
0814
0804
0785
0785
0809
0828
0838
0852
0857
0862
0862
0862
0852
0848
0838
0818
0789
0789
0843
0901
0969
1017
1041
1056
1071
1080
1090
1100
1104
1104
1104
1104
1104
1100
1095
1095
1090
1085
1080
1075
1075
1061
1056
1085
1138
1163
1182
1201
1221
1230
1235
1230
1216
1197
1177
1163
1148
1129
1104
1085
1071
1066
1066
1071
1071
1075
1075
1071
1075
1080
1085
1095
1100
1104
1114
1124
1143
1158
1172
1187
1201
1226
1250
1279
1303
1323
1342
1356
1376
1390
1405
1410
1400
1381
1352
1313
1245
1153
1114
1100
1080
1071
1061
1056
1051
1046
1046
1046
1046
1051
1056
1066
1075
1085
1104
1124
1158
1245
1429
1686
2030
2457
2936
3392
3658
3663
3421
2839
2127
1429
0886
0600
0503
0557
0615
0663
0697
0722
0741
0756
0770
0785
0799
0823
0848
0872
0886
0901
0920
0930
0944
0949
0954
0949
0949
0944
0944
0940
0930
0911
0886
0935
0988
1027
1071
1119
1163
1201
1235
1260
1279
1293
1308
1318
1332
1347
1371
1395
1429
1473
1545
1613
1696
1812
1943
2025
2054
2074
2083
2083
2059
2015
1943
1841
1749
1657
1589
1531
1478
1410
1337
1264
1182
1104
1056
1032
1012
1007
0998
0988
0978
0974
0969
0964
0964
0969
0969
0978
0988
1003
1017
1032
1046
1056
1061
1080
1100
1114
1129
1129
1119
1109
1095
1080
1066
1037
1012
1007
1037
1071
1095
1109
1129
1143
1158
1172
1187
1201
1216
1226
1235
1240
1255
1274
1289
1293
1289
1274
1250
1235
1221
1201
1187
1167
1158
1158
1167
1182
1192
1197
1201
1206
1211
1216
1226
1235
1235
1245
1250
1260
1264
1269
1269
1274
1279
1284
1293
1303
1318
1337
1361
1386
1410
1434
1458
1478
1497
1521
1545
1565
1575
1565
1541
1512
1478
1444
1390
1347
1318
1293
1269
1245
1230
1216
1206
1201
1197
1192
1182
1182
1206
1255
1303
1347
1390
1410
1429
1512
1667
1899
2219
2602
3024
3309
3401
3285
2941
2326
1628
1046
0789
0707
0780
0901
1007
1056
1080
1095
1104
1114
1119
1124
1134
1143
1148
1153
1148
1143
1138
1134
1134
1124
1114
1104
1100
1109
1129
1153
1177
1197
1221
1245
1269
1284
1284
1279
1269
1255
1240
1226
1197
1177
1201
1240
1298
1366
1419
1492
1589
1686
1768
1802
1826
1841
1851
1856
1856
1846
1826
1807
1788
1763
1730
1691
1652
1618
1575
1526
1478
1439
1381
1284
1187
1119
1056
1003
0959
0920
0891
0872
0857
0843
0828
0818
0818
0818
0818
0818
0814
0814
0818
0823
0833
0838
0838
0828
0823
0818
0814
0809
0804
0799
0794
0789
0789
0794
0809
0818
0828
0838
0848
0862
0872
0886
0896
0901
0901
0906
0906
0911
0911
0906
0906
0906
0911
0915
0925
0940
0949
0954
0964
0974
0983
0993
0998
0998
0998
0998
0998
0998
0998
1003
1003
1007
1012
1022
1032
1041
1046
1046
1051
1051
1051
1051
1056
1056
1056
1066
1075
1090
1104
1119
1134
1148
1163
1182
1197
1211
1226
1235
1245
1264
1279
1293
1289
1279
1264
1240
1226
1201
1158
1124
1100
1085
1061
1041
1027
1041
1066
1085
1104
1124
1129
1119
1100
1071
1037
0993
0993
1041
1167
1381
1647
1967
2350
2776
3159
3314
3285
2980
2423
1778
1177
0712
0533
0533
0717
0886
0935
0964
0978
0978
0978
0964
0954
0940
0925
0911
0896
0886
0881
0901
0935
0974
1012
1066
1109
1143
1167
1182
1197
1211
1221
1230
1235
1240
1250
1260
1269
1279
1293
1303
1318
1337
1371
1415
1458
1507
1579
1662
1720
1763
1797
1826
1870
1909
1948
1982
2011
2035
2049
2059
2074
2088
2108
2122
2122
2093
2035
1952
1826
1700
1584
1516
1478
1449
1419
1395
1376
1356
1327
1289
1250
1216
1197
1187
1177
1163
1158
1148
1143
1134
1129
1129
1124
1119
1119
1119
1129
1134
1143
1148
1153
1158
1163
1167
1177
1187
1192
1197
1197
1201
1206
1211
1216
1221
1221
1221
1226
1235
1235
1235
1235
1235
1235
1240
1240
1235
1235
1235
1230
1230
1230
1230
1230
1230
1235
1245
1250
1245
1235
1216
1206
1201
1192
1187
1177
1167
1163
1158
1158
1163
1167
1172
1172
1177
1182
1187
1187
1192
1197
1201
1206
1211
1216
1226
1235
1240
1250
1260
1269
1284
1298
1308
1318
1313
1308
1308
1303
1303
1298
1293
1289
1279
1269
1260
1245
1230
1211
1192
1172
1148
1114
1080
1051
1027
1003
0983
0964
0940
0925
0911
0911
0920
0940
0964
0998
1056
1163
1332
1555
1822
2117
2452
2781
3062
3203
3188
2946
2413
1730
1090
0615
0455
0460
0634
0823
0886
0915
0935
0949
0959
0969
0974
0983
0988
0993
0998
0998
0998
0993
0993
0993
0993
0988
0978
0969
0978
1041
1075
1100
1124
1143
1158
1177
1192
1206
1221
1230
1240
1260
1279
1303
1332
1356
1376
1400
1439
1521
1608
1671
1734
1797
1865
1914
1943
1957
1972
1986
1996
1996
1991
1982
1957
1933
1899
1851
1768
1710
1652
1599
1541
1487
1434
1366
1318
1279
1245
1226
1201
1167
1119
1061
1017
0988
0959
0944
0930
0920
0906
0896
0901
0925
0954
0978
0998
1022
1041
1056
1066
1080
1090
1100
1109
1119
1119
1109
1095
1080
1071
1046
1037
1056
1090
1104
1109
1119
1129
1134
1138
1143
1148
1158
1163
1167
1167
1172
1172
1177
1177
1177
1177
1182
1187
1197
1201
1211
1216
1226
1235
1240
1235
1211
1192
1172
1148
1124
1095
1061
1017
1012
1051
1075
1095
1114
1134
1148
1167
1182
1192
1206
1216
1226
1235
1235
1235
1230
1226
1216
1206
1197
1182
1167
1153
1143
1143
1158
1182
1206
1235
1284
1332
1361
1390
1410
1419
1405
1381
1347
1313
1269
1235
1221
1187
1124
1090
1075
1061
1046
1037
1032
1022
1017
1012
1007
1003
0993
0988
0974
0944
0949
1003
1153
1415
1802
2306
2888
3445
3842
3959
3755
3256
2568
1778
1051
0547
0421
0382
0416
0533
0659
0814
0983
1056
1080
1032
0954
0872
0828
0799
0785
0785
0809
0848
0881
0925
0964
0998
1027
1046
1066
1085
1100
1114
1134
1163
1177
1192
1206
1177
1148
1124
1124
1163
1206
1245
1284
1327
1405
1497
1589
1652
1686
1720
1739
1763
1812
1885
1923
1938
1952
1962
1967
1972
1972
1972
1967
1957
1948
1933
1919
1889
1836
1778
1700
1618
1502
1371
1250
1192
1138
1071
1027
1003
0983
0978
0993
1012
1037
1051
1066
1080
1095
1100
1100
1090
1075
1051
1027
0998
0944
0915
0901
0886
0872
0862
0862
0896
0935
0974
1022
1046
1032
1007
0988
0974
0959
0949
0944
0949
0964
0983
1003
1022
1051
1071
1061
1046
1027
1003
1037
1071
1100
1114
1100
1080
1075
1071
1066
1061
1061
1056
1056
1056
1051
1051
1051
1051
1046
1041
1037
1032
1032
1032
1032
1027
1027
1027
1022
1012
1003
0988
0983
0978
0988
0998
1017
1041
1085
1172
1216
1230
1240
1255
1260
1269
1274
1284
1289
1293
1298
1303
1308
1308
1313
1313
1318
1323
1332
1337
1337
1323
1298
1269
1221
1148
1104
1075
1075
1119
1148
1172
1192
1206
1211
1206
1201
1197
1192
1177
1158
1201
1318
1521
1793
2122
2500
2888
3203
3251
3169
2738
2122
1434
0814
0387
0251
0416
0717
0857
0896
0915
0925
0935
0944
0954
0964
0978
0998
1012
1007
0993
0983
0974
0969
0964
0964
0969
0974
0978
0988
0993
1003
1012
1022
1032
1041
1051
1066
1080
1095
1114
1138
1167
1201
1235
1264
1327
1415
1468
1507
1541
1575
1613
1657
1696
1725
1749
1763
1788
1812
1831
1846
1865
1880
1894
1899
1899
1889
1865
1836
1797
1725
1608
1516
1424
1332
1250
1192
1153
1143
1143
1138
1138
1138
1138
1138
1138
1134
1129
1124
1119
1119
1119
1119
1119
1119
1114
1109
1100
1085
1066
1061
1085
1114
1124
1129
1138
1143
1153
1158
1167
1177
1182
1187
1192
1197
1197
1197
1197
1197
1197
1197
1197
1201
1206
1211
1216
1221
1226
1230
1230
1226
1226
1226
1230
1235
1245
1245
1240
1235
1226
1221
1216
1206
1197
1187
1177
1167
1158
1148
1134
1119
1104
1090
1080
1066
1041
1017
0998
0998
1007
1032
1056
1090
1138
1182
1201
1211
1226
1235
1240
1245
1255
1264
1279
1289
1298
1308
1313
1323
1327
1332
1332
1342
1347
1352
1361
1371
1376
1381
1386
1390
1390
1386
1381
1371
1361
1347
1327
1313
1298
1279
1240
1206
1153
1119
1095
1071
1056
1051
1056
1075
1109
1153
1230
1342
1507
1671
1865
2103
2374
2684
2994
3169
3159
2936
2447
1788
1124
0760
0639
0702
0901
1007
1041
0988
0930
0886
0872
0896
0944
0998
1051
1104
1158
1172
1177
