1148
1146
1144
1142
1140
1139
1138
1137
1133
1117
1108
1104
1100
1097
1093
1092
1091
1092
1096
1100
1105
1108
1112
1117
1121
1125
1130
1134
1138
1143
1148
1151
1154
1155
1157
1160
1162
1167
1169
1173
1174
1176
1179
1180
1183
1185
1188
1193
1201
1210
1222
1231
1241
1249
1257
1263
1269
1273
1277
1280
1284
1287
1290
1290
1290
1292
1293
1296
1298
1300
1300
1297
1289
1278
1260
1230
1209
1196
1185
1175
1171
1168
1166
1165
1165
1164
1163
1161
1161
1161
1160
1160
1159
1159
1159
1158
1157
1156
1154
1152
1149
1146
1143
1136
1121
1111
1104
1099
1095
1094
1096
1101
1107
1113
1121
1126
1126
1120
1111
1103
1091
1082
1076
1074
1072
1070
1068
1067
1065
1065
1065
1065
1066
1066
1065
1064
1063
1062
1060
1057
1055
1052
1050
1047
1044
1042
1037
1034
1031
1028
1026
1027
1030
1035
1040
1045
1050
1054
1059
1063
1068
1069
1069
1068
1067
1065
1063
1061
1057
1053
1050
1050
1052
1056
1062
1068
1075
1084
1093
1099
1105
1108
1112
1117
1121
1123
1120
1113
1103
1086
1059
1040
1026
1018
1011
1005
1002
1007
1019
1031
1043
1050
1052
1055
1057
1060
1059
1055
1048
1039
1028
1028
1041
1078
1129
1179
1224
1239
1246
1251
1250
1235
1195
1149
1095
1056
1043
1037
1034
1034
1037
1040
1043
1044
1045
1045
1046
1048
1050
1050
1051
1052
1053
1055
1056
1057
1058
1060
1061
1062
1062
1064
1067
1068
1072
1075
1080
1083
1087
1091
1096
1100
1105
1108
1111
1113
1116
1118
1121
1124
1128
1131
1134
1136
1139
1141
1142
1144
1145
1147
1148
1151
1157
1168
1185
1197
1205
1212
1218
1223
1229
1235
1242
1247
1242
1234
1229
1224
1222
1219
1216
1212
1209
1204
1200
1195
1189
1179
1161
1145
1138
1134
1130
1126
1124
1121
1119
1118
1118
1119
1120
1121
1122
1122
1123
1124
1125
1127
1128
1129
1130
1130
1131
1133
1134
1136
1137
1138
1139
1140
1142
1143
1146
1148
1151
1153
1155
1158
1161
1164
1167
1170
1173
1176
1178
1178
1178
1177
1175
1173
1171
1168
1166
1162
1160
1159
1155
1151
1147
1145
1147
1151
1159
1165
1171
1178
1185
1192
1198
1202
1206
1209
1211
1213
1215
1216
1216
1218
1220
1222
1222
1223
1224
1223
1222
1219
1216
1212
1209
1205
1202
1198
1196
1193
1191
1187
1184
1181
1179
1179
1179
1179
1181
1183
1185
1189
1192
1197
1201
1204
1204
1200
1194
1186
1173
1150
1126
1100
1084
1075
1069
1068
1071
1077
1084
1089
1095
1101
1105
1105
1104
1099
1093
1080
1065
1056
1050
1061
1093
1138
1181
1223
1261
1275
1283
1288
1279
1251
1204
1153
1099
1082
1080
1077
1075
1074
1072
1070
1069
1068
1068
1068
1068
1069
1069
1069
1069
1069
1069
1070
1072
1074
1075
1077
1080
1083
1087
1093
1107
1121
1130
1136
1142
1145
1148
1150
1153
1156
1156
1152
1148
1147
1145
1143
1142
1144
1148
1153
1159
1168
1184
1199
1209
1214
1218
1222
1225
1229
1233
1237
1241
1243
1245
1247
1249
1252
1255
1257
1258
1259
1260
1260
1260
1259
1255
1251
1245
1240
1235
1222
1198
1184
1173
1161
1155
1152
1149
1147
1145
1143
1143
1145
1148
1151
1154
1156
1159
1162
1166
1167
1168
1167
1162
1158
1152
1145
1136
1129
1129
1137
1147
1153
1156
1160
1163
1167
1169
1172
1173
1173
1173
1171
1168
1167
1165
1163
1161
1160
1159
1156
1155
1153
1151
1149
1147
1145
1144
1143
1143
1143
1143
1143
1143
1143
1142
1142
1142
1141
1140
1140
1139
1139
1139
1139
1139
1139
1138
1137
1136
1134
1129
1126
1129
1133
1136
1139
1142
1143
1142
1136
1127
1111
1091
1080
1073
1069
1074
1085
1097
1113
1131
1143
1151
1158
1161
1164
1165
1166
1167
1167
1169
1167
1156
1147
1140
1132
1124
1115
1102
1087
1079
1076
1074
1073
1072
1071
1070
1069
1068
1067
1065
1064
1062
1061
1059
1056
1054
1050
1047
1040
1024
1012
0996
0996
1029
1110
1229
1361
1445
1453
1414
1288
1123
0977
0901
0875
0887
0923
0964
0977
0984
0988
0988
0983
0977
0972
0969
0964
0959
0954
0951
0950
0951
0955
0959
0963
0968
0973
0980
0987
0994
1000
1008
1019
1032
1046
1060
1071
1081
1089
1094
1099
1103
1105
1107
1109
1111
1112
1115
1117
1118
1120
1123
1126
1131
1142
1155
1172
1199
1222
1236
1244
1247
1247
1248
1249
1251
1251
1245
1234
1229
1226
1223
1221
1218
1216
1213
1211
1210
1208
1206
1204
1204
1204
1203
1202
1200
1198
1197
1195
1192
1189
1183
1174
1162
1150
1140
1129
1119
1116
1116
1117
1117
1117
1117
1117
1117
1117
1117
1118
1118
1119
1120
1123
1126
1130
1134
1137
1140
1143
1147
1152
1158
1164
1172
1183
1189
1187
1185
1183
1182
1180
1180
1179
1179
1178
1176
1175
1174
1176
1179
1182
1185
1189
1192
1195
1198
1202
1204
1205
1206
1206
1207
1208
1209
1210
1211
1213
1215
1216
1218
1220
1222
1222
1224
1225
1226
1228
1229
1230
1232
1235
1238
1241
1246
1251
1255
1260
1264
1267
1271
1273
1275
1277
1278
1280
1283
1285
1287
1289
1290
1291
1291
1290
1288
1284
1280
1277
1272
1268
1263
1258
1253
1251
1251
1254
1260
1269
1278
1293
1315
1320
1322
1325
1327
1328
1326
1318
1307
1288
1258
1229
1210
1199
1205
1259
1356
1480
1591
1643
1646
1604
1515
1411
1316
1273
1258
1258
1272
1287
1302
1306
1309
1312
1309
1290
1275
1261
1252
1247
1244
1242
1241
1239
1237
1236
1236
1237
1237
1237
1238
1239
1239
1240
1241
1241
1241
1241
1241
1242
1243
1243
1245
1246
1247
1247
1247
1247
1246
1245
1243
1242
1241
1241
1239
1239
1239
1240
1241
1241
1243
1244
1246
1247
1247
1248
1249
1250
1252
1255
1260
1264
1267
1270
1270
1268
1265
1260
1255
1247
1235
1222
1211
1198
1183
1169
1153
1128
1105
1091
1082
1078
1075
1073
1071
1069
1069
1069
1069
1070
1073
1076
1080
1086
1091
1097
1105
1111
1117
1119
1122
1124
1130
1142
1151
1157
1144
1135
1129
1124
1120
1117
1116
1117
1119
1124
1127
1132
1136
1140
1145
1150
1155
1159
1161
1165
1169
1174
1180
1186
1187
1183
1176
1168
1164
1161
1159
1156
1154
1150
1148
1147
1147
1147
1148
1149
1151
1154
1156
1159
1161
1163
1166
1169
1173
1176
1179
1181
1182
1182
1182
1181
1179
1175
1170
1164
1159
1153
1144
1135
1127
1120
1113
1108
1103
1099
1094
1092
1090
1089
1089
1089
1088
1087
1087
1085
1084
1083
1082
1080
1079
1076
1073
1069
1061
1043
1027
1018
1029
1063
1146
1260
1378
1449
1452
1403
1286
1162
1068
1043
1045
1083
1112
1123
1123
1112
1104
1096
1091
1091
1094
1099
1100
1101
1101
1101
1102
1103
1105
1107
1109
1111
1112
1113
1114
1116
1118
1125
1144
1164
1178
1181
1185
1189
1189
1179
1165
1145
1128
1116
1112
1110
1107
1105
1109
1117
1124
1131
1138
1147
1157
1167
1179
1192
1204
1217
1232
1242
1247
1251
1254
1256
1258
1259
1259
1259
1259
1257
1254
1250
1245
1239
1226
1203
1188
1179
1173
1166
1161
1156
1152
1148
1144
1142
1140
1137
1136
1135
1133
1130
1128
1125
1122
1117
1113
1108
1100
1093
1091
1088
1086
1081
1079
1081
1087
1091
1095
1099
1101
1102
1100
1099
1096
1093
1087
1085
1087
1093
1095
1098
1100
1103
1105
1105
1105
1105
1105
1104
1103
1103
1102
1100
1098
1094
1090
1085
1081
1078
1074
1071
1069
1069
1068
1066
1062
1062
1068
1071
1073
1075
1078
1079
1080
1081
1082
1083
1083
1083
1082
1081
1081
1080
1080
1079
1078
1077
1076
1074
1069
1080
1095
1108
1118
1129
1138
1142
1144
1147
1148
1144
1136
1127
1119
1111
1104
1090
1074
1066
1060
1057
1058
1064
1072
1077
1081
1086
1089
1090
1091
1089
1087
1084
1080
1074
1063
1056
1048
1042
1050
1075
1138
1228
1331
1423
1470
1470
1422
1328
1225
1138
1097
1086
1079
1073
1066
1061
1055
1048
1039
1033
1031
1031
1031
1032
1031
1031
1033
1040
1050
1061
1068
1071
1074
1075
1077
1078
1078
1077
1076
1074
1072
1069
1068
1064
1062
1059
1057
1058
1061
1064
1069
1076
1087
1095
1101
1105
1107
1110
1112
1115
1117
1119
1122
1124
1128
1132
1136
1142
1151
1167
1183
1195
1204
1216
1229
1235
1238
1241
1245
1249
1254
1260
1265
1271
1276
1277
1274
1270
1265
1256
1241
1227
1209
1200
1198
1195
1192
1191
1189
1188
1187
1187
1186
1185
1185
1186
1186
1187
1188
1188
1189
1189
1189
1189
1189
1189
1189
1190
1191
1191
1192
1193
1194
1196
1198
1200
1203
1204
1210
1223
1235
1241
1243
1246
1247
1249
1251
1253
1256
1259
1260
1262
1264
1266
1267
1269
1270
1270
1271
1272
1275
1278
1281
1283
1284
1285
1286
1288
1290
1290
1290
1293
1298
1281
1267
1260
1253
1247
1244
1245
1248
1253
1260
1266
1277
1294
1303
1309
1313
1315
1317
1320
1323
1327
1331
1335
1340
1344
1349
1355
1358
1361
1363
1366
1371
1370
1357
1339
1315
1303
1295
1290
1287
1286
1290
1296
1303
1314
1327
1331
1332
1334
1334
1335
1334
1330
1324
1315
1297
1282
1272
1268
1273
1288
1330
1418
1531
1647
1728
1735
1693
1563
1407
1277
1224
1260
1337
1389
1395
1372
1325
1302
1294
1309
1335
1352
1357
1360
1358
1346
1329
1309
1299
1295
1291
1288
1286
1284
1283
1282
1281
1280
1278
1275
1274
1278
1287
1298
1309
1324
1332
1328
1321
1318
1315
1313
1309
1308
1308
1310
1314
1317
1321
1323
1327
1330
1334
1338
1340
1340
1339
1337
1334
1332
1328
1325
1321
1316
1311
1305
1299
1289
1273
1263
1254
1247
1240
1230
1215
1196
1179
1161
1143
1123
1101
1079
1062
1049
1033
1023
1016
1011
1006
1002
0999
0996
0994
0990
0988
0986
0984
0982
0979
0975
0972
0969
0965
0962
0957
0952
0947
0944
0942
0940
0939
0938
0938
0936
0936
0940
0945
0947
0948
0950
0951
0952
0955
0957
0961
0963
0966
0968
0970
0974
0977
0983
0994
1001
1006
1009
1012
1015
1017
1019
1017
1013
1007
1001
0996
0989
0982
0977
0973
0968
0963
0957
0951
0951
0957
0965
0971
0976
0981
0985
0987
0988
0987
0986
0983
0982
0978
0974
0975
0990
1012
1036
1044
1050
1053
1056
1058
1060
1061
1062
1062
1063
1064
1066
1068
1070
1063
1050
1040
1031
1023
1017
1015
1016
1020
1024
1028
1031
1034
1038
1042
1044
1044
1043
1040
1035
1029
1021
1006
0995
0982
0973
0985
1024
1106
1213
1320
1392
1401
1372
1285
1189
1111
1074
1062
1068
1073
1074
1075
1076
1075
1075
1076
1076
1077
1079
1081
1083
1084
1085
1086
1087
1089
1093
1096
1105
1120
1127
1131
1136
1140
1136
1127
1120
1114
1109
1107
1111
1120
1130
1138
1146
1154
1161
1167
1173
1178
1184
1192
1199
1206
1214
1227
1245
1253
1258
1261
1264
1266
1270
1272
1276
1279
1283
1286
1290
1292
1295
1297
1300
1303
1304
1305
1304
1303
1302
1299
1295
1290
1279
1256
1235
1219
1198
1186
1178
1172
1167
1165
1164
1163
1162
1161
1161
1159
1158
1156
1155
1154
1152
1151
1150
1150
1149
1149
1148
1148
1148
1148
1146
1144
1142
1142
1142
1142
1143
1146
1149
1154
1158
1162
1167
1172
1175
1179
1184
1186
1189
1191
1191
1190
1188
1185
1182
1179
1177
1176
1175
1173
1172
1170
1168
1167
1167
1166
1164
1163
1163
1162
1163
1163
1163
1162
1161
1160
1160
1160
1160
1161
1162
1163
1165
1167
1169
1172
1173
1176
1179
1181
1184
1189
1195
1202
1206
1208
1205
1200
1194
1187
1182
1175
1167
1160
1156
1152
1149
1147
1144
1142
1139
1136
1135
1134
1133
1132
1131
1130
1129
1127
1126
1124
1122
1119
1117
1119
1125
1137
1173
1225
1290
1357
1410
1431
1430
1408
1346
1272
1210
1182
1171
1165
1161
1156
1151
1145
1138
1130
1125
1125
1133
1146
1167
1192
1205
1214
1211
1196
1185
1177
1170
1165
1162
1160
1159
1156
1154
1151
1148
1146
1145
1144
1144
1144
1146
1148
1152
1156
1161
1165
1168
1172
1174
1178
1181
1185
1188
1191
1194
1197
1200
1202
1204
1204
1205
1205
1206
1208
1210
1211
1213
1216
1219
1223
1227
1230
1235
1238
1241
1247
1252
1254
1254
1250
1242
1232
1213
1183
1161
1149
1137
1126
1110
1086
1069
1059
1053
1053
1059
1068
1075
1085
1092
1096
1099
1104
1110
1112
1107
1097
1087
1076
1067
1060
1050
1038
1025
1017
1009
1005
1003
1006
1012
1022
1032
1049
1063
1075
1087
1091
1093
1094
1096
1097
1097
1096
1094
1092
1090
1088
1087
1084
1082
1080
1080
1080
1079
1080
1081
1084
1087
1091
1094
1097
1099
1101
1103
1105
1106
1107
1108
1110
1111
1112
1114
1116
1117
1117
1118
1119
1119
1120
1121
1122
1123
1124
1124
1126
1128
1131
1135
1139
1142
1147
1151
1157
1165
1179
1193
1203
1210
1217
1223
1229
1235
1241
1245
1244
1236
1226
1216
1208
1198
1191
1184
1172
1159
1159
1158
1158
1157
1157
1157
1158
1158
1159
1159
1160
1161
1162
1164
1164
1161
1158
1152
1144
1134
1132
1139
1158
1212
1300
1410
1518
1581
1584
1535
1429
1318
1226
1185
1173
1167
1161
1159
1159
1159
1159
1161
1163
1167
1168
1171
1173
1175
1176
1177
1177
1178
1179
1181
1183
1185
1187
1189
1189
1189
1190
1191
1192
1192
1193
1195
1198
1200
1204
1207
1208
1208
1208
1208
1208
1208
1206
1204
1217
1229
1237
1243
1247
1251
1253
1255
1257
1259
1261
1263
1265
1267
1269
1272
1275
1278
1284
1290
1300
1308
1313
1318
1325
1328
1325
1315
1299
1278
1260
1247
1234
1225
1220
1216
1211
1207
1203
1198
1194
1190
1185
1182
1178
1174
1171
1168
1165
1163
1161
1159
1157
1156
1155
1154
1153
1151
1149
1148
1146
1143
1142
1140
1139
1138
1138
1139
1141
1143
1146
1148
1150
1152
1155
1157
1159
1161
1167
1173
1176
1177
1174
1171
1167
1161
1155
1146
1137
1130
1122
1116
1113
1115
1120
1126
1130
1135
1139
1143
1146
1147
1146
1144
1141
1136
1131
1122
1120
1124
1126
1128
1130
1133
1134
1133
1132
1131
1131
1130
1128
1128
1135
1139
1142
1147
1149
1150
1148
1142
1137
1135
1132
1129
1124
1122
1119
1117
1117
1117
1118
1120
1124
1127
1131
1135
1138
1141
1145
1150
1154
1155
1154
1150
1145
1141
1138
1134
1129
1125
1124
1125
1130
1136
1143
1153
1168
1184
1192
1198
1203
1207
1210
1210
1210
1210
1208
1204
1201
1197
1189
1168
1148
1134
1126
1121
1117
1113
1111
1115
1122
1130
1138
1147
1155
1158
1156
1150
1143
1136
1124
1119
1124
1136
1173
1236
1318
1406
1457
1473
1449
1381
1290
1218
1199
1194
1192
1188
1184
1179
1174
1170
1167
1163
1160
1156
1154
1151
1147
1142
1136
1130
1127
1128
1134
1142
1151
1157
1163
1171
1176
1180
1183
1185
1188
1193
1192
1185
1181
1178
1175
1173
1171
1171
1171
1171
1172
1175
1179
1184
1189
1193
1197
1200
1204
1208
1212
1216
1222
1226
1230
1235
1240
1244
1247
1252
1255
1260
1264
1266
1270
1272
1272
1272
1272
1270
1268
1266
1261
1257
1251
1241
1229
1217
1207
1199
1192
1185
1177
1171
1167
1165
1163
1161
1160
1159
1157
1155
1154
1152
1149
1146
1143
1142
1140
1138
1137
1136
1135
1133
1132
1130
1128
1125
1122
1118
1116
1115
1115
1117
1118
1122
1125
1130
1135
1140
1144
1147
1148
1151
1153
1155
1157
1159
1160
1162
1164
1165
1166
1165
1164
1163
1161
1161
1159
1158
1156
1155
1153
1152
1150
1148
1147
1144
1142
1142
1140
1140
1140
1140
1141
1141
1142
1142
1142
1142
1142
1141
1141
1141
1141
1142
1142
1144
1146
1148
1152
1155
1159
1160
1157
1151
1144
1140
1135
1130
1127
1125
1125
1130
1136
1143
1150
1155
1162
1169
1175
1179
1179
1177
1173
1167
1162
1159
1154
1148
1142
1137
1134
1130
1127
1124
1119
1111
1099
1091
1087
1083
1080
1079
1078
1076
1074
1071
1068
1064
1061
1057
1052
1042
1036
1042
1056
1100
1165
1249
1339
1395
1413
1389
1316
1209
1108
1047
1025
1017
1025
1042
1059
1079
1080
1070
1055
1033
1016
1005
1006
1020
1044
1064
1070
1074
1076
1077
1075
1072
1069
1068
1066
1065
1064
1063
1063
1062
1063
1065
1068
1071
1074
1077
1079
1080
1082
1083
1083
1084
1084
1086
1087
1089
1092
1093
1094
1095
1096
1098
1099
1102
1105
1111
1129
1146
1156
1162
1168
1173
1177
1180
1183
1185
1186
1188
1192
1194
1188
1176
1164
1152
1140
1130
1115
1095
1085
1080
1075
1071
1067
1062
1058
1051
1042
1041
1050
1059
1070
1081
1096
1116
1139
1159
1173
1184
1193
1198
1202
1204
1206
1210
1212
1215
1217
1222
1227
1237
1248
1257
1266
1265
1257
1245
1227
1216
1211
1208
1205
1203
1201
1199
1198
1196
1194
1193
1191
1188
1182
1179
1184
1192
1196
1199
1202
1204
1205
1205
1206
1206
1206
1205
1204
1203
1199
1197
1193
1192
1190
1188
1185
1184
1181
1179
1179
1178
1176
1175
1173
1173
1174
1175
1177
1179
1179
1180
1182
1184
1187
1190
1192
1194
1197
1202
1207
1212
1216
1218
1221
1222
1226
1229
1231
1232
1229
1224
1219
1213
1210
1206
1203
1198
1195
1192
1190
1187
1186
1185
1184
1183
1181
1179
1176
1169
1160
1152
1144
1144
1156
1190
1247
1323
1408
1482
1513
1509
1458
1368
1272
1198
1170
1162
1159
1151
1143
1136
1130
1126
1122
1119
1116
1114
1113
1113
1114
1114
1115
1116
1117
1120
1123
1126
1128
1130
1131
1133
1136
1137
1138
1136
1134
1131
1128
1125
1123
1118
1114
1110
1106
1104
1102
1099
1096
1093
1091
1091
1094
1099
1105
1111
1119
1128
1136
1148
1165
1182
1200
1210
1214
1218
1221
1222
1223
1224
1224
1223
1222
1221
1219
1216
1212
1207
1195
1177
1170
1165
1163
1167
1176
1181
1185
1190
1193
1196
1198
1204
1223
1276
1340
1397
1438
1450
1442
1420
1385
1375
1386
1406
1423
1433
1440
1443
1439
1430
1425
1422
1420
1417
1414
1410
1406
1402
1398
1394
1389
1382
1374
1367
1362
1358
1356
1352
1350
1347
1345
1342
1341
1340
1337
1334
1329
1318
1308
1307
1306
1305
1304
1303
1303
1305
1307
1310
1312
1315
1319
1323
1325
1322
1315
1308
1302
1296
1290
1285
1282
1282
1281
1280
1280
1280
1280
1280
1280
1281
1280
1278
1275
1272
1269
1266
1261
1258
1254
1251
1248
1243
1237
1247
1256
1262
1266
1270
1272
1272
1273
1274
1275
1277
1278
1278
1278
1274
1269
1263
1253
1235
1224
1217
1212
1204
1198
1195
1192
1190
1187
1185
1183
1180
1179
1178
1176
1173
1170
1155
1131
1104
1088
1076
1068
1076
1099
1159
1258
1383
1500
1559
1557
1491
1359
1211
1092
1056
1043
1056
1078
1092
1093
1093
1093
1093
1093
1093
1094
1096
1097
1099
1100
1101
1102
1103
1105
1106
1109
1111
1116
1120
1123
1121
1116
1110
1097
1082
1077
1074
1071
1069
1071
1075
1080
1084
1089
1093
1098
1102
1106
1112
1123
1132
1140
1147
1155
1161
1164
1167
1170
1172
1173
1175
1176
1177
1177
1177
1177
1176
1175
1174
1174
1173
1173
1171
1170
1168
1167
1164
1161
1159
1158
1155
1154
1150
1139
1121
1102
1082
1064
1055
1045
1039
1036
1033
1032
1035
1039
1036
1025
1018
1017
1015
1014
1020
1025
1028
1030
1031
1031
1032
1033
1034
1035
1036
1037
1040
1043
1037
1027
1017
1012
1008
1006
1005
1006
1008
1012
1026
1046
1059
1068
1074
1074
1067
1062
1059
1056
1054
1053
1053
1053
1054
1056
1058
1066
1082
1087
1087
1080
1070
1063
1061
1059
1062
1065
1067
1069
1073
1078
1081
1085
1087
1091
1094
1097
1100
1109
1117
1119
1122
1123
1120
1113
1104
1095
1093
1091
1090
1091
1095
1101
1111
1122
1131
1137
1141
1143
1147
1152
1156
1162
1171
1176
1179
1181
1184
1184
1182
1179
1174
1167
1154
1147
1142
1139
1137
1136
1136
1136
1135
1134
1134
1134
1133
1133
1132
1131
1136
1141
1145
1145
1138
1128
1114
1091
1065
1053
1057
1098
1184
1298
1418
1506
1531
1482
1382
1266
1172
1148
1142
1138
1135
1133
1130
1128
1126
1124
1123
1121
1118
1115
1112
1110
1111
1114
1117
1119
1123
1125
1126
1124
1121
1117
1114
1110
1107
1105
1105
1103
1100
1105
1114
1125
1138
1151
1166
1181
1188
1191
1192
1194
1196
1197
1198
1198
1199
1201
1202
1203
1203
1204
1204
1204
1205
1210
1222
1233
1241
1248
1254
1258
1261
1264
1266
1267
1268
1269
1272
1273
1272
1267
1262
1256
1251
1238
1218
1213
1210
1207
1204
1203
1201
1199
1197
1193
1188
1181
1170
1155
1144
1137
1130
1123
1118
1115
1112
1110
1109
1108
1110
1111
1115
1120
1138
1162
1173
1181
1186
1186
1179
1168
1155
1142
1131
1124
1119
1119
1124
1126
1128
1130
1130
1133
1136
1139
1142
1148
1158
1165
1170
1174
1177
1177
1173
1168
1164
1161
1159
1157
1158
1161
1165
1169
1173
1175
1179
1181
1183
1183
1181
1179
1175
1171
1166
1158
1154
1154
1154
1154
1153
1153
1152
1155
1159
1163
1170
1170
1164
1159
1155
1153
1157
1166
1179
1195
1202
1206
1210
1210
1210
1205
1200
1190
1177
1171
1168
1167
1164
1161
1158
1155
1150
1146
1142
1138
1136
1132
1130
1126
1122
1117
1112
1108
1104
1096
1087
1084
1081
1079
1087
1114
1155
1212
1288
1375
1450
1478
1472
1415
1321
1224
1155
1124
1113
1107
1103
1099
1096
1092
1091
1092
1095
1099
1105
1113
1119
1123
1125
1127
1129
1131
1133
1135
1136
1140
1144
1144
1135
1121
1107
1100
1097
1095
1099
1105
1112
1122
1132
1141
1148
1153
1157
1160
1162
1165
1168
1173
1179
1191
1201
1203
1204
1206
1206
1205
1204
1202
1199
1197
1195
1198
1207
1221
1239
1258
1271
1279
1284
1277
1265
1250
1240
1231
1222
1209
1193
1181
1173
1167
1160
1153
1144
1136
1132
1129
1127
1126
1124
1124
1122
1120
1118
1117
1115
1113
1110
1106
1100
1095
1087
1073
1050
1037
1028
1022
1018
1014
1012
1006
1000
1010
1025
1045
1055
1058
1062
1064
1065
1067
1069
1072
1074
1077
1080
1082
1085
1087
1091
1095
1099
1103
1105
1108
1110
1112
1115
1117
1118
1119
1121
1122
1124
1124
1124
1124
1124
1123
1122
1121
1120
1117
1116
1113
1111
1110
1107
1103
1099
1098
1099
1101
1105
1111
1118
1133
1142
1148
1152
1158
1162
1167
1173
1179
1182
1178
1169
1163
1159
1153
1147
1141
1134
1130
1127
1124
1122
1120
1118
1117
1115
1112
1111
1109
1107
1106
1105
1104
1102
1099
1093
1088
1083
1077
1068
1059
1069
1100
1164
1253
1355
1446
1479
1469
1391
1271
1154
1097
1092
1120
1152
1161
1150
1140
1133
1128
1124
1122
1120
1118
1117
1113
1110
1109
1111
1117
1124
1128
1130
1130
1130
1131
1133
1134
1135
1136
1137
1139
1141
1142
1143
1143
1145
1147
1148
1150
1152
1154
1158
1162
1167
1172
1175
1179
1183
1186
1191
1197
1206
1215
1220
1225
1230
1235
1240
1243
1247
1248
1251
1254
1259
1266
1277
1284
1287
1290
1292
1293
1293
1290
1286
1280
1272
1260
1247
1235
1222
1210
1198
1186
1173
1159
1145
1131
1124
1119
1115
1111
1109
1106
1105
1104
1104
1103
1103
1103
1104
1103
1103
1101
1099
1098
1097
1097
1099
1099
1100
1101
1103
1105
1107
1110
1111
1112
1113
1112
1111
1111
1111
1110
1110
1110
1111
1111
1113
1114
1114
1114
1112
1111
1109
1105
1102
1098
1094
1091
1088
1087
1086
1085
1083
1081
1080
1079
1079
1078
1078
1078
1079
1080
1081
1084
1086
1088
1090
1093
1096
1099
1102
1105
1108
1112
1117
1124
1129
1135
1141
1146
1151
1155
1158
1162
1173
1194
1214
1228
1244
1262
1277
1281
1284
1289
1287
1275
1266
1260
1253
1247
1240
1233
1223
1210
1199
1189
1179
1168
1159
1150
1142
1135
1129
1129
1134
1144
1173
1247
1350
1463
1551
1571
1560
1483
1377
1279
1208
1171
1157
1143
1136
1129
1124
1121
1120
1119
1119
1117
1116
1115
1118
1123
1124
1125
1126
1126
1126
1127
1128
1130
1132
1133
1135
1136
1137
1139
1141
1142
1143
1146
1148
1152
1156
1160
1163
1168
1173
1179
1184
1189
1194
1201
1208
1213
1216
1217
1219
1220
1222
1223
1225
1227
1229
1232
1235
1239
1244
1249
1256
1266
1273
1277
1279
1282
1284
1286
1287
1284
1277
1269
1260
1249
1238
1227
1213
1198
1185
1179
1174
1171
1167
1164
1162
1160
1158
1155
1152
1148
1146
1143
1141
1137
1134
1131
1130
1132
1135
1137
1139
1141
1142
1143
1145
1148
1150
1152
1154
1155
1158
1160
1161
1163
1164
1165
1167
1173
1183
1186
1187
1188
1190
1191
1192
1192
1190
1186
1183
1180
1179
1177
1174
1172
1170
1167
1166
1166
1166
1167
1167
1167
1168
1169
1170
1171
1171
1171
1171
1171
1172
1173
1175
1177
1178
1178
1175
1171
1166
1160
1150
1151
1162
1168
1172
1175
1178
1180
1183
1186
1190
1192
1194
1198
1201
1204
1214
1237
1251
1258
1264
1267
1269
1267
1263
1258
1253
1246
1237
1229
1222
1217
1213
1209
1205
1203
1201
1200
1201
1204
1209
1214
1221
1231
1232
1222
1207
1192
1181
1174
1189
1231
1318
1434
1550
1614
1615
1558
1440
1321
1235
1207
1214
1241
1258
1258
1248
1242
1238
1235
1231
1228
1224
1222
1218
1214
1208
1203
1201
1204
1213
1222
1227
1230
1234
1237
1240
1242
1244
1244
1243
1241
1238
1235
1234
1231
1229
1225
1222
1220
1219
1220
1221
1223
1227
1231
1236
1244
1258
1270
1274
1278
1280
1283
1284
1286
1288
1290
1290
1290
1290
1290
1290
1290
1290
1289
1287
1286
1285
1284
1283
1281
1279
1277
1274
1271
1266
1257
1248
1241
1234
1226
1217
1208
1199
1192
1185
1179
1174
1168
1159
1139
1120
1107
1097
1091
1087
1084
1081
1080
1080
1080
1083
1086
1089
1093
1099
1105
1112
1118
1123
1127
1130
1133
1134
1133
1130
1125
1122
1119
1117
1114
1111
1109
1108
1108
1110
1111
1114
1117
1120
1123
1126
1130
1133
1135
1134
1131
1127
1122
1117
1114
1111
1107
1104
1100
1098
1095
1094
1094
1094
1095
1096
1097
1099
1101
1103
1105
1106
1108
1111
1112
1113
1113
1111
1110
1108
1105
1102
1099
1099
1104
1111
1120
1132
1147
1155
1159
1163
1167
1170
1172
1173
1173
1173
1173
1172
1170
1167
1164
1160
1156
1146
1126
1106
1088
1078
1071
1067
1063
1063
1066
1071
1077
1081
1087
1092
1096
1099
1102
1105
1108
1123
1167
1238
1327
1411
1448
1444
1383
1275
1155
1059
1027
1028
1051
1072
1083
1089
1093
1095
1097
1099
1102
1104
1106
1108
1109
1110
1111
1111
1112
1112
1112
1113
1113
1112
1113
1113
1114
1116
1117
1118
1119
1120
1121
1122
1124
1124
1125
1126
1129
1132
1136
1138
1138
1138
1137
1136
1135
1132
1128
1129
1142
1155
1166
1175
1181
1189
1198
1210
1217
1222
1227
1229
1232
1233
1234
1233
1232
1230
1229
1225
1222
1217
1212
1205
1198
1192
1185
1178
1167
1155
1145
1136
1127
1118
1113
1110
1107
1105
1102
1099
1097
1095
1093
1091
1088
1086
1081
1078
1074
1072
1070
1068
1064
1062
1062
1067
1074
1080
1086
1092
1098
1102
1105
1108
1110
1112
1114
1115
1114
1111
1108
1105
1101
1099
1095
1091
1087
1085
1086
1087
1091
1094
1101
1117
1129
1137
1142
1138
1132
1127
1123
1117
1115
1112
1110
1109
1107
1105
1103
1102
1102
1104
1106
1110
1113
1118
1124
1130
1138
1144
1150
1154
1157
1160
1163
1165
1165
1162
1159
1154
1148
1143
1137
1131
1126
1123
1119
1117
1115
1113
1111
1110
1108
1106
1105
1103
1101
1099
1097
1094
1090
1080
1066
1057
1058
1078
1127
1204
1305
1408
1482
1489
1457
1352
1231
1136
1102
1103
1121
1131
1131
1124
1119
1115
1112
1110
1108
1109
1111
1113
1115
1117
1118
1121
1124
1126
1128
1128
1128
1126
1125
1124
1119
1113
1123
1133
1143
1151
1159
1166
1173
1176
1179
1182
1185
1185
1186
1186
1185
1185
1185
1185
1185
1184
1183
1183
1187
1193
1204
1222
1231
1235
1238
1241
1243
1246
1247
1249
1250
1251
1252
1253
1253
1252
1251
1250
1249
1249
1247
1247
1245
1242
1240
1237
1229
1213
1198
1181
1172
1167
1163
1161
1158
1155
1152
1149
1148
1144
1141
1134
1124
1122
1121
1121
1121
1120
1120
1119
1119
1120
1122
1125
1130
1133
1136
1140
1143
1148
1152
1155
1155
1153
1150
1147
1144
1142
1140
1136
1134
1132
1130
1130
1129
1129
1130
1130
1131
1134
1136
1140
1147
1161
1172
1178
1181
1183
1181
1176
1169
1158
1136
1123
1115
1110
1106
1105
1104
1103
1102
1102
1101
1100
1101
1110
1120
1130
1141
1149
1157
1162
1167
1170
1173
1175
1177
1178
1178
1176
1173
1168
1164
1159
1147
1138
1132
1128
1124
1122
1121
1122
1123
1124
1126
1129
1119
1113
1110
1107
1105
1103
1101
1099
1097
1094
1090
1080
1064
1047
1045
1064
1133
1241
1367
1471
1518
1517
1466
1376
1286
1212
1173
1157
1138
1106
1096
1092
1088
1100
1121
1136
1145
1144
1124
1096
1081
1073
1068
1067
1071
1081
1097
1118
1140
1157
1164
1167
1171
1173
1173
1173
1170
1167
1164
1161
1155
1149
1143
1138
1134
1130
1128
1129
1132
1137
1146
1161
1179
1197
1210
1218
1227
1235
1241
1247
1251
1254
1255
1256
1256
1257
1258
1259
1256
1252
1250
1248
1247
1247
1246
1245
1244
1243
1241
1240
1239
1238
1238
1236
1235
1233
1229
1222
1207
1191
1175
1163
1154
1143
1133
1124
1119
1117
1115
1113
1112
1112
1114
1117
1121
1124
1126
1128
1130
1132
1134
1135
1136
1136
1136
1136
1137
1138
1138
1137
1137
1136
1136
1136
1139
1143
1146
1148
1150
1153
1154
1155
1155
1155
1152
1148
1144
1141
1138
1136
1133
1130
1127
1124
1122
1120
1119
1118
1117
1117
1117
1116
1116
1115
1111
1106
1120
1134
1144
1150
1154
1155
1157
1159
1160
1160
1156
1151
1147
1142
1138
1135
1131
1128
1124
1117
1115
1119
1129
1140
1153
1163
1170
1174
1179
1181
1184
1184
1183
1180
1178
1174
1169
1162
1156
1148
1136
1116
1100
1091
1086
1083
1081
1080
1080
1079
1078
1076
1075
1074
1072
1068
1064
1073
1097
1148
1228
1335
1451
1531
1539
1507
1396
1267
1163
1123
1111
1102
1094
1087
1079
1068
1067
1077
1085
1090
1095
1099
1103
1106
1112
1125
1135
1142
1145
1141
1131
1120
1107
1097
1089
1082
1079
1083
1093
1103
1116
1125
1130
1135
1138
1142
1145
1148
1153
1159
1167
1177
1187
1197
1200
1203
1205
1204
1192
1183
1174
1169
1172
1177
1183
1191
1200
1212
1229
1241
1246
1249
1253
1256
1260
1263
1266
1270
1274
1278
1280
1278
1273
1267
1259
1247
1235
1223
1214
1205
1197
1189
1183
1176
1167
1161
1159
1156
1155
1153
1151
1150
1149
1148
1148
1146
1145
1143
1143
1143
1143
1143
1144
1145
1146
1148
1149
1151
1152
1153
1154
1155
1156
1158
1159
1161
1163
1167
1170
1174
1178
1180
1182
1184
1186
1189
1192
1198
1198
1185
1176
1167
1160
1155
1148
1143
1139
1139
1147
1155
1161
1167
1172
1177
1179
1179
1178
1175
1173
1170
1167
1165
1162
1159
1156
1154
1152
1151
1149
1149
1149
1149
1151
1152
1155
1156
1158
1160
1162
1165
1168
1175
1182
1188
1194
1198
1203
1206
1209
1209
1207
1202
1196
1188
1179
1164
1158
1155
1155
1155
1154
1154
1153
1152
1150
1149
1148
1147
1145
1144
1142
1142
1140
1137
1132
1121
1120
1125
1142
1196
1278
1375
1462
1500
1496
1439
1335
1229
1167
1144
1142
1147
1155
1149
1130
1118
1117
1125
1134
1142
1142
1136
1130
1124
1118
1118
1123
1129
1131
1133
1134
1135
1136
1136
1138
1139
1140
1140
1140
1141
1142
1142
1142
1143
1144
1146
1148
1150
1152
1155
1156
1159
1161
1171
1180
1189
1195
1199
1204
1207
1210
1215
1218
1222
1224
1228
1230
1233
1235
1238
1241
1243
1245
1247
1247
1247
1246
1244
1241
1237
1232
1227
1217
1208
1198
1180
1159
1142
1130
1123
1117
1111
1113
1123
1131
1139
1142
1138
1129
1119
1109
1098
1087
1067
1051
1048
1045
1043
1043
1043
1045
1051
1057
1062
1064
1066
1068
1071
1073
1074
1076
1078
1080
1082
1085
1087
1088
1088
1089
1090
1091
1093
1093
1096
1098
1101
1105
1108
1111
1112
1114
1116
1117
1118
1120
1122
1126
1130
1130
1128
1124
1122
1120
1117
1115
1113
1111
1111
1110
1110
1111
1113
1116
1120
1124
1129
1132
1135
1137
1140
1143
1147
1150
1153
1157
1160
1163
1167
1170
1173
1176
1179
1188
1203
1209
1211
1213
1215
1216
1218
1218
1216
1213
1209
1204
1201
1197
1192
1189
1185
1185
1185
1189
1192
1198
1203
1209
1217
1225
1229
1231
1233
1236
1241
1240
1229
1212
1188
1168
1156
1155
1167
1201
1290
1408
1532
1624
1636
1610
1500
1362
1237
1174
1167
1194
1229
1241
1246
1246
1238
1230
1225
1220
1216
1212
1211
1211
1213
1215
1217
1219
1221
1222
1225
1228
1230
1231
1232
1231
1229
1225
1220
1216
1211
1207
1201
1196
1191
1187
1187
1191
1196
1203
1210
1218
1232
1243
1253
1259
1263
1266
1269
1272
1275
1278
1281
1284
1284
1286
1289
1292
1297
1303
1306
1309
1313
1319
1322
1320
1314
1309
1306
1304
1303
1302
1299
1296
1291
1287
1282
1277
1269
1251
1222
1207
1197
1188
1180
1175
1171
1167
1162
1159
1157
1155
1152
1150
1148
1147
1146
1145
1144
1143
1142
1141
1139
1137
1137
1136
1136
1136
1136
1136
1137
1138
1139
1140
1141
1141
1141
1142
1142
1143
1143
1143
1143
1143
1144
1145
1145
1145
1145
1145
1146
1146
1147
1146
1144
1141
1136
1130
1122
1110
1104
1100
1097
1094
1093
1096
1101
1106
1110
1113
1116
1118
1121
1123
1124
1124
1124
1122
1119
1117
1115
1112
1111
1107
1104
1100
1099
1099
1102
1106
1110
1114
1117
1121
1125
1129
1131
1134
1136
1137
1139
1140
1142
1142
1142
1143
1144
1147
1148
1149
1148
1143
1138
1134
1130
1129
1126
1124
1122
1120
1118
1117
1117
1115
1113
1111
1110
1108
1107
1105
1104
1100
1097
1093
1081
1062
1053
1046
1048
1063
1108
1173
1253
1336
1385
1402
1382
1320
1224
1133
1087
1072
1087
1114
1131
1140
1145
1127
1095
1075
1070
1066
1064
1063
1064
1068
1072
1076
1082
1087
1084
1079
1075
1072
1068
1067
1068
1074
1080
1086
1092
1098
1101
1102
1101
1099
1098
1096
1093
1092
1098
1109
1116
1120
1124
1129
1133
1137
1141
1144
1148
1153
1158
1163
1170
1175
1180
1185
1190
1194
1198
1203
1207
1211
1216
1220
1225
1229
1234
1235
1233
1229
1225
1220
1216
1213
1209
1205
1201
1197
1193
1189
1185
1179
1171
1157
1147
1142
1139
1136
1134
1132
1131
1130
1130
1130
1131
1133
1135
1138
1142
1148
1151
1150
1148
1146
1143
1141
1139
1138
1139
1142
1145
1148
1153
1156
1157
1155
1153
1151
1150
1148
1147
1146
1145
1144
1144
1144
1144
1145
1147
1148
1150
1153
1154
1155
1155
1156
1158
1159
1160
1160
1157
1153
1148
1142
1139
1135
1130
1125
1121
1120
1121
1124
1127
1130
1132
1134
1136
1139
1142
1143
1145
1146
1146
1146
1145
1144
1142
1140
1137
1136
1134
1133
1131
1129
1126
1124
1122
1121
1121
1123
1124
1125
1128
1131
1136
1142
1154
1165
1182
1198
1207
1214
1214
1204
1192
1180
1167
1151
1128
1109
1096
1096
1106
1111
1116
1120
1124
1126
1128
1129
1130
1130
1129
1128
1127
1124
1120
1116
1111
1100
1080
1062
1053
1063
1096
1171
1271
1368
1424
1427
1391
1300
1202
1121
1091
1081
1100
1119
1134
1140
1135
1126
1120
1115
1110
1103
1098
1090
1072
1058
1055
1052
1054
1065
1074
1080
1085
1088
1091
1093
1094
1098
1103
1112
1122
1130
1136
1139
1136
1130
1125
1122
1119
1117
1115
1113
1114
1116
1119
1123
1126
1130
1133
1137
1142
1146
1150
1155
1159
1162
1167
1173
1179
1183
1185
1188
1191
1193
1196
1198
1199
1200
1201
1201
1198
1195
1191
1185
1180
1175
1169
1162
1156
1151
1147
1143
1139
1135
1130
1124
1120
1117
1116
1114
1112
1111
1110
1108
1106
1105
1105
1105
1104
1104
1103
1103
1103
1102
1101
1098
1096
1097
1100
1104
1107
1111
1120
1130
1139
1148
1155
1162
1170
1177
1179
1183
1185
1188
1191
1192
1195
1198
1199
1200
1202
1202
1202
1202
1201
1200
1199
1198
1198
1199
1201
1203
1204
1203
1199
1196
1192
1190
1186
1182
1179
1176
1177
1180
1186
1192
1198
1204
1212
1221
1225
1229
1229
1231
1233
1234
1235
1236
1236
1234
1230
1227
1223
1217
1214
1220
1233
1243
1253
1262
1267
1271
1272
1274
1277
1278
1280
1281
1279
1274
1268
1262
1258
1253
1249
1245
1241
1235
1231
1228
1225
1222
1216
1210
1195
1167
1147
1133
1133
1148
1188
1286
1414
1544
1648
1692
1690
1635
1529
1414
1311
1251
1233
1222
1212
1204
1197
1190
1182
1175
1171
1169
1171
1175
1181
1185
1187
1189
1192
1195
1198
1202
1205
1207
1208
1209
1209
1207
1204
1201
1198
1193
1190
1185
1182
1179
1173
1167
1162
1161
1164
1168
1173
1179
1184
1191
1198
1204
1210
1214
1216
1217
1219
1221
1222
1223
1225
1226
1228
1229
1230
1233
1235
1235
1236
1238
1239
1241
1243
1248
1253
1255
1253
1249
1242
1231
1211
1198
1189
1180
1171
1165
1161
1158
1155
1150
1147
1143
1141
1138
1136
1132
1127
1113
1097
1093
1090
1087
1085
1084
1086
1089
1093
1097
1104
1108
1109
1105
1100
1099
1097
1095
1093
1092
1090
1088
1087
1086
1086
1087
1090
1093
1096
1099
1104
1108
1111
1116
1118
1123
1127
1131
1136
1137
1137
1136
1134
1130
1127
1124
1123
1120
1118
1116
1113
1111
1109
1106
1103
1100
1098
1095
1094
1093
1092
1091
1087
1084
1081
1080
1080
1081
1085
1089
1095
1102
1113
1133
1149
1157
1161
1167
1170
1173
1176
1178
1179
1179
1179
1178
1177
1174
1172
1170
1167
1165
1162
1159
1154
1148
1145
1144
1144
1145
1146
1147
1149
1151
1146
1136
1130
1125
1122
1119
1117
1114
1111
1110
1108
1106
1102
1096
1097
1109
1144
1202
1284
1371
1419
1434
1412
1345
1251
1167
1138
1130
1124
1119
1118
1118
1119
1120
1123
1124
1126
1129
1132
1135
1136
1138
1138
1138
1138
1137
1136
1136
1136
1136
1136
1136
1136
1136
1136
1136
1135
1133
1130
1130
1133
1142
1153
1159
1164
1169
1173
1179
1184
1188
1191
1192
1194
1196
1198
1201
1203
1205
1209
1212
1216
1221
1226
1231
1235
1240
1244
1248
1252
1254
1256
1257
1259
1260
1263
1266
1270
1273
1275
1272
1266
1258
1242
1219
1198
1178
1166
1159
1154
1148
1142
1137
1133
1127
1122
1120
1118
1117
1116
1114
1124
1132
1136
1139
1142
1142
1143
1143
1142
1141
1138
1134
1130
1125
1121
1117
1111
1107
1104
1103
1105
1107
1112
1117
1127
1140
1142
1142
1144
1137
1130
1125
1123
1124
1127
1129
1131
1134
1141
1150
1157
1161
1167
1172
1173
1173
1172
1169
1167
1157
1127
1117
1112
1108
1105
1104
1105
1108
1113
1122
1134
1142
1147
1148
1146
1145
1143
1142
1142
1142
1144
1148
1151
1156
1163
1172
1177
1181
1185
1186
1187
1185
1181
1175
1165
1147
1134
1125
1121
1123
1125
1127
1129
1131
1133
1133
1132
1130
1127
1124
1119
1120
1130
1140
1148
1148
1138
1124
1108
1098
1091
1099
1122
1161
1210
1265
1317
1357
1371
1364
1344
1294
1238
1186
1159
1148
1145
1150
1161
1173
1185
1185
1175
1147
1102
1068
1056
1058
1071
1092
1106
1111
1113
1117
1125
1150
1175
1185
1188
1185
1178
1169
1159
1150
1146
1144
1142
1140
1139
1138
1138
1138
1139
1142
1145
1149
1155
1164
1185
1196
1202
1206
1210
1210
1210
1207
1204
1201
1196
1188
1188
1197
1203
1208
1214
1222
1229
1236
1242
1247
1253
1255
1258
1260
1261
1264
1266
1267
1267
1265
1260
1254
1243
1227
1199
1173
1145
1129
1122
1117
1115
1113
1112
1111
1111
1111
1111
1112
1113
1115
1117
1118
1122
1127
1131
1125
1116
1111
1106
1103
1099
1096
1094
1093
1091
1090
1089
1089
1089
1091
1093
1096
1099
1102
1105
1108
1113
1124
1132
1139
1145
1152
1155
1154
1150
1148
1147
1146
1144
1143
1142
1139
1136
1133
1130
1127
1124
1120
1112
1099
1091
1086
1082
1080
1078
1077
1080
1086
1092
1097
1103
1108
1113
1117
1121
1124
1128
1131
1139
1157
1168
1173
1178
1181
1182
1180
1176
1169
1161
1146
1126
1119
1115
1111
1108
1104
1100
1098
1094
1091
1088
1087
1085
1084
1083
1081
1080
1079
1078
1077
1074
1068
1084
1128
1190
1271
1364
1450
1495
1493
1438
1332
1217
1125
1093
1083
1076
1072
1070
1072
1077
1084
1091
1097
1103
1109
1116
1120
1124
1127
1130
1134
1137
1142
1146
1148
1149
1148
1145
1142
1137
1134
1131
1128
1124
1120
1117
1115
1114
1116
1119
1124
1128
1133
1139
1146
1154
1161
1167
1172
1178
1185
1194
1204
1213
1220
1225
1230
1234
1235
1235
1235
1235
1235
1234
1234
1233
1232
1232
1231
1232
1234
1235
1238
1241
1244
1247
1249
1247
1242
1236
1228
1215
1202
1188
1175
1171
1167
1164
1164
1168
1172
1174
1177
1179
1179
1178
1173
1169
1165
1162
1160
1157
1153
1149
1146
1144
1143
1143
1143
1144
1145
1147
1149
1151
1154
1155
1155
1156
1157
1159
1160
1161
1162
1163
1165
1167
1168
1170
1171
1171
1172
1172
1173
1173
1173
1172
1171
1170
1168
1167
1167
1166
1165
1164
1163
1162
1162
1162
1162
1162
1162
1161
1160
1157
1155
1154
1155
1158
1160
1162
1164
1167
1168
1170
1172
1173
1173
1173
1173
1172
1171
1170
1168
1167
1166
1165
1165
1163
1160
1158
1162
1171
1177
1182
1186
1190
1191
1189
1186
1181
1176
1170
1161
1150
1137
1131
1127
1123
1120
1117
1115
1113
1111
1109
1107
1105
1105
1103
1102
1100
1099
1097
1091
1087
1089
1096
1114
1165
1247
1352
1456
1521
1526
1491
1390
1262
1149
1099
1081
1102
1130
1151
1146
1127
1096
1085
1080
1086
1097
1112
1128
1127
1127
1126
1126
1125
1124
1123
1121
1120
1119
1118
1117
1116
1115
1115
1116
1117
1118
1121
1124
1127
1131
1135
1137
1140
1142
1146
1149
1153
1156
1159
1160
1162
1165
1168
1173
1179
1188
1197
1203
1209
1214
1220
1227
1234
1241
1247
1253
1253
1253
1252
1250
1249
1249
1248
1247
1247
1245
1242
1239
1235
1229
1224
1214
1197
1189
1184
1179
1173
1167
1159
1153
1145
1137
1131
1125
1116
1106
1105
1104
1103
1102
1101
1101
1101
1100
1100
1100
1100
1101
1102
1103
1103
1104
1105
1105
1105
1106
1105
1105
1104
1104
1104
1104
1104
1104
1104
1105
1105
1105
1104
1103
1100
1099
1099
1099
1102
1104
1104
1105
1105
1106
1108
1109
1110
1110
1109
1108
1107
1105
1103
1100
1097
1089
1075
1067
1060
1062
1070
1077
1083
1088
1093
1099
1111
1124
1130
1133
1136
1136
1134
1128
1120
1112
1103
1095
1089
1082
1075
1073
1071
1070
1068
1069
1074
1080
1085
1092
1103
1116
1130
1137
1142
1145
1147
1148
1149
1150
1150
1150
1149
1148
1146
1143
1140
1136
1129
1111
1093
1080
1074
1071
1069
1069
1074
1081
1091
1104
1111
1117
1124
1123
1115
1107
1099
1098
1103
1117
1148
1192
1255
1327
1390
1404
1394
1324
1227
1131
1060
1035
1037
1058
1072
1079
1082
1087
1094
1105
1122
1137
1147
1147
1148
1148
1147
1146
1146
1145
1142
1139
1135
1130
1119
1108
1099
1091
1087
1091
1099
1121
1147
1157
1164
1169
1173
1176
1178
1177
1176
1174
1172
1168
1178
1192
1208
1221
1231
1239
1249
1263
1279
1298
1315
1323
1330
1334
1338
1345
1358
1371
1379
1388
1394
1400
1407
1417
1429
1443
1450
1459
1472
1486
1499
1507
1514
1513
1504
1489
1474
1460
1445
1432
1421
1408
1398
1390
1383
1377
1371
1359
1340
1321
1309
1297
1289
1284
1278
1267
1257
1250
1244
1239
1235
1230
1227
1223
1220
1217
1216
1214
1213
1212
1211
1211
1210
1210
1209
1208
1206
1204
1204
1202
1201
1199
1198
1196
1194
1192
1189
1181
1172
1160
1151
1143
1136
1132
1131
1131
1130
1130
1130
1130
1143
1155
1161
1167
1170
1168
1164
1159
1152
1141
1129
1111
1094
1087
1081
1077
1075
1075
1079
1084
1089
1092
1095
1098
1101
1105
1107
1110
1112
1115
1117
1119
1121
1124
1126
1130
1135
1136
1134
1128
1121
1114
1106
1099
1093
1087
1081
1077
1073
1070
1069
1068
1068
1068
1067
1066
1065
1064
1064
1065
1068
1071
1074
1078
1080
1081
1079
1075
1070
1064
1064
1078
1114
1176
1265
1369
1462
1500
1495
1432
1319
1195
1097
1051
1036
1047
1081
1117
1129
1122
1101
1078
1074
1070
1068
1067
1066
1065
1064
1063
1062
1061
1060
1059
1060
1061
1061
1061
1061
1060
1058
1058
1057
1056
1055
1053
1055
1060
1063
1066
1069
1073
1078
1084
1090
1098
1105
1111
1117
1122
1124
1128
1130
1133
1136
1139
1142
1145
1148
1153
1159
1166
1174
1180
1186
1191
1194
1198
1200
1202
1204
1204
1204
1203
1200
1198
1195
1192
1188
1180
1173
1166
1144
1110
1085
1068
1058
1052
1047
1044
1042
1039
1037
1037
1037
1036
1034
1031
1030
1028
1028
1029
1030
1031
1033
1034
1037
1039
1042
1043
1043
1043
1042
1041
1039
1037
1035
1032
1030
1028
1027
1027
1028
1028
1030
1032
1035
1038
1043
1047
1052
1061
1078
1086
1091
1095
1099
1099
1093
1086
1074
1061
1053
1050
1047
1044
1041
1039
1037
1037
1038
1039
1039
1040
1041
1043
1045
1048
1050
1050
1051
1052
1055
1056
1059
1060
1059
1058
1056
1056
1054
1053
1050
1049
1047
1045
1045
1046
1048
1050
1053
1058
1063
1069
1077
1091
1099
1103
1105
1107
1109
1111
1112
1115
1117
1119
1122
1125
1130
1133
1136
1140
1144
1149
1153
1155
1157
1158
1159
1160
1161
1164
1165
1164
1160
1155
1149
1161
1200
1269
1373
1496
1605
1655
1655
1605
1507
1394
1288
1221
1196
1195
1209
1221
1233
1243
1253
1260
1266
1270
1273
1278
1282
1286
1290
1294
1297
1299
1302
1304
1306
1308
1309
1311
1313
1315
1317
1319
1321
1321
1323
1325
1327
1329
1332
1337
1347
1358
1371
1381
1390
1399
1408
1415
1422
1428
1434
1440
1447
1454
1459
1464
1469
1473
1476
1479
1481
1482
1483
1483
1483
1484
1484
1485
1485
1486
1487
1488
1488
1488
1488
1488
1488
1486
1484
1482
1478
1476
1471
1468
1463
1452
1443
1436
1423
1404
1383
1359
1341
1329
1321
1315
1309
1303
1300
1300
1301
1303
1304
1307
1309
1309
1303
1296
1287
1275
1261
1253
1247
1242
1238
1234
1229
1224
1220
1215
1210
1204
1198
1195
1194
1192
1192
1191
1190
1189
1188
1187
1186
1185
1183
1180
1178
1174
1171
1165
1157
1146
1133
1122
1111
1103
1096
1091
1087
1086
1084
1082
1080
1079
1077
1074
1073
1070
1068
1065
1061
1056
1047
1031
1018
1006
0994
0975
0951
0926
0902
0880
0864
0851
0835
0819
0803
0791
0782
0774
0765
0753
0736
0710
0691
0682
0676
0669
0664
0659
0651
0642
0634
0627
0615
0593
0568
0541
0512
0484
0461
0444
0432
0415
0391
0372
0362
0353
0347
0342
0335
0327
0320
0311
0302
0293
0283
0269
0247
0222
0208
0197
0197
0209
0240
0286
0347
0413
0463
0467
0440
0358
0251
0153
0101
0096
0123
0149
0159
0142
0093
0072
0067
0063
0060
0058
0057
0057
0057
0057
0057
0058
0060
0062
0066
0069
0072
0074
0079
0083
0082
0075
0066
0055
0040
0024
0017
0012
0006
0002
0000
0000
0003
0009
0015
0020
0024
0030
0036
0042
0047
0049
0049
0047
0046
0045
0043
0042
0038
0035
0033
0035
0041
0050
0066
0090
0128
0163
0207
0259
0315
0382
0460
0535
0594
0642
0694
0750
0802
0852
0901
0957
1022
1103
1202
1321
1451
1576
1696
1822
1947
2057
2153
2229
2288
2340
2391
2441
2488
2531
2576
2624
2688
2767
2849
2932
3026
3140
3250
3347
3418
3453
3465
3463
3439
3415
3390
3389
3403
3445
3501
3552
3578
3597
3611
3625
3641
3658
3675
3697
3724
3775
3833
3893
3947
3994
4041
4066
4078
4085
4090
4093
4095
4093
4089
4084
4077
4069
4053
4033
4006
3976
3934
3889
3836
3775
3711
3656
3619
3576
3535
3499
3460
3421
3384
3355
3335
3315
3291
3255
3235
3226
3220
3216
3211
3209
3205
3204
3202
3200
3199
3197
3194
3187
3171
3137
3094
3047
2989
2916
2837
2759
2682
2606
2536
2476
2420
2365
2310
2257
2207
2161
2119
2077
2035
1992
1946
1898
1852
1812
1772
1759
1766
1787
1868
1988
2135
2284
2411
2486
2510
2500
2467
2411
2379
2368
2379
2412
2459
2505
2543
2581
2619
2657
2674
2685
2692
2685
2660
2623
2574
2519
2454
2378
2294
2207
2122
2046
1978
1917
1865
1824
1791
1772
1755
1742
1727
1705
1681
1660
1640
1623
1603
1585
1572
1563
1558
1556
1553
1551
1549
1545
1542
1537
1530
1515
1490
1467
1444
1404
1359
1314
1273
1238
1202
1166
1130
1087
1044
1008
0986
0962
0938
0901
0859
0817
0780
0760
0729
0695
0650
0603
0556
0514
0476
0442
0411
0380
0350
0325
0315
0308
0304
0301
0299
0295
0290
0284
0272
0256
0246
0240
0234
0228
0221
0208
0191
0179
0169
0159
0145
0126
0114
0107
0103
0100
0099
0102
0105
0109
0117
0131
0159
0187
0203
0218
0228
0235
0247
0265
0277
0284
0290
0296
0300
0319
0345
0374
0404
0435
0454
0470
0482
0494
0506
0520
0527
0531
0534
0536
0539
0543
0548
0555
0566
0577
0591
0607
0623
0640
0655
0673
0691
0710
0736
0765
0792
0817
0841
0867
0895
0926
0956
0985
1006
1027
1046
1074
1099
1125
1134
1136
1137
1139
1141
1141
1139
1139
1137
1135
1132
1132
1137
1142
1145
1147
1148
1148
1145
1146
1148
1151
1155
1153
1147
1137
1126
1106
1087
1079
1088
1110
1167
1252
1354
1446
1492
1467
1373
1245
1130
1051
1023
1012
1002
0994
0987
0979
0979
0986
1004
1029
1035
1040
1047
1052
1056
1061
1066
1069
1069
1068
1068
1067
1068
1056
1048
1042
1037
1032
1031
1033
1039
1046
1057
1077
1095
1109
1121
1128
1133
1136
1138
1138
1136
1134
1130
1123
1117
1115
1112
1108
1105
1102
1102
1104
1107
1113
1121
1133
1153
1163
1171
1178
1182
1185
1191
1195
1196
1194
1188
1181
1173
1160
1152
1141
1124
1106
1087
1064
1041
1019
1000
0982
0960
0946
0938
0932
0930
0929
0931
0933
0936
0939
0943
0947
0949
0945
0938
0934
0928
0922
0913
0903
0892
0881
0873
0867
0860
0853
0846
0839
0833
0828
0830
0833
0836
0840
0842
0842
0840
0838
0828
0821
0821
0821
0821
0818
0815
0813
0815
0817
0816
0809
0797
0786
0780
0779
0779
0777
0772
0765
0759
0753
0751
0753
0760
0770
0778
0783
0782
0782
0784
0790
0796
0798
0797
0800
0805
0814
0821
0828
0831
0832
0834
0836
0835
0831
0827
0827
0827
0828
0829
0830
0832
0836
0845
0856
0871
0883
0888
0889
0891
0901
0919
0934
0945
0951
0953
0958
0968
0982
0981
0958
0937
0919
0909
0910
0914
0912
0904
0896
0899
0915
0929
0940
0943
0940
0942
0945
0948
0952
0959
0966
0963
0950
0934
0916
0909
0915
0939
0990
1058
1133
1202
1259
1284
1293
1278
1229
1153
1069
1012
0991
0986
0991
1000
1005
1005
1007
1028
1066
1111
1156
1201
1250
1288
1304
1305
1295
1284
1278
1297
1325
1353
1368
1374
1377
1375
1375
1374
1373
1373
1371
1369
1368
1371
1382
1393
1398
1397
1393
1393
1400
1409
1417
1420
1423
1429
1442
1457
1467
1469
1464
1457
1451
1445
1433
1417
1404
1404
1414
1426
1435
1440
1440
1442
1448
1453
1453
1451
1451
1449
1445
1442
1437
1428
1414
1402
1391
1379
1359
1346
1334
1326
1325
1325
1326
1325
1321
1315
1311
1314
1315
1315
1309
1298
1292
1293
1301
1308
1308
1301
1293
1290
1291
1290
1284
1272
1262
1259
1261
1264
1266
1270
1278
1290
1302
1309
1310
1309
1310
1317
1325
1330
1331
1328
1325
1324
1323
1321
1315
1305
1294
1284
1278
1277
1281
1288
1290
1290
1293
1299
1305
1307
1297
1277
1262
1259
1260
1263
1266
1266
1268
1271
1274
1277
1276
1273
1270
1267
1266
1268
1272
1276
1278
1278
1279
1282
1285
1290
1293
1296
1299
1306
1315
1321
1324
1321
1316
1314
1315
1318
1318
1314
1309
1306
1305
1306
1306
1303
1297
1297
1298
1301
1301
1301
1302
1300
1299
1297
1291
1292
1306
1325
1338
1337
1322
1302
1284
1268
1256
1247
1244
1258
1322
1423
1524
1600
1638
1646
1629
1589
1519
1433
1350
1299
1297
1333
1402
1411
1414
1402
1327
1234
