2361
2298
2239
2186
2155
2133
2117
2102
2089
2074
2055
2033
2011
1986
1961
1927
1899
1883
1883
1883
1883
1880
1877
1877
1877
1877
1892
1914
1939
1961
1980
1999
2017
2033
2052
2070
2089
2102
2114
2127
2139
2152
2164
2177
2186
2195
2202
2208
2214
2223
2233
2242
2267
2283
2267
2220
2089
1930
1739
1533
1340
1271
1224
1224
1318
1458
1621
1786
1952
2117
2177
2205
2227
2211
2198
2195
2189
2189
2186
2186
2189
2189
2189
2192
2195
2202
2211
2217
2220
2227
2230
2233
2236
2236
2223
2205
2186
2164
2152
2139
2127
2117
2105
2095
2086
2077
2064
2055
2042
2033
2020
2011
2002
1995
1989
1983
1977
1970
1964
1955
1945
1939
1930
1924
1917
1911
1911
1908
1908
1908
1911
1914
1920
1927
1930
1933
1936
1942
1949
1958
1967
1977
1989
2005
2049
2092
2139
2195
2258
2308
2373
2455
2533
2605
2676
2751
2817
2864
2917
2961
2998
3039
3082
3104
3120
3132
3145
3154
3164
3170
3179
3186
3192
3198
3201
3204
3207
3211
3217
3223
3229
3232
3239
3242
3245
3245
3242
3226
3207
3186
3164
3148
3139
3129
3120
3111
3101
3092
3086
3076
3067
3057
3051
3045
3042
3039
3032
3029
3023
3020
3017
3014
3014
3011
3007
3007
3007
3011
3011
3014
3014
3014
3014
3017
3017
3017
3017
3017
3014
3014
3014
3014
3014
3011
3011
3007
3011
3011
3011
3011
3011
3011
3011
3011
3007
3004
3001
2998
2992
2992
2989
2986
2983
2983
2983
2983
2979
2976
2973
2970
2964
2958
2951
2945
2939
2929
2920
2908
2898
2886
2873
2861
2848
2833
2817
2801
2789
2776
2767
2758
2754
2754
2761
2767
2773
2786
2795
2808
2820
2833
2845
2858
2873
2886
2898
2911
2920
2923
2923
2920
2917
2914
2908
2901
2895
2886
2876
2867
2854
2836
2814
2798
2783
2764
2686
2520
2317
2102
1908
1786
1746
1749
1799
1930
2105
2311
2539
2733
2839
2876
2889
2854
2795
2767
2748
2733
2720
2708
2698
2689
2676
2667
2658
2651
2648
2645
2642
2642
2639
2633
2630
2623
2614
2598
2564
2511
2486
2470
2461
2452
2445
2439
2430
2420
2411
2405
2395
2389
2383
2373
2364
2355
2345
2336
2323
2311
2295
2280
2264
2248
2233
2214
2192
2158
2130
2114
2102
2095
2089
2083
2077
2074
2070
2067
2067
2067
2070
2077
2089
2102
2117
2133
2149
2167
2192
2220
2248
2277
2308
2355
2420
2476
2536
2589
2645
2695
2736
2779
2823
2858
2886
2908
2923
2936
2945
2951
2958
2964
2973
2979
2983
2986
2983
2976
2967
2954
2942
2933
2920
2911
2898
2889
2879
2870
2864
2854
2848
2839
2829
2820
2808
2795
2779
2764
2745
2726
2705
2686
2661
2636
2598
2564
2533
2505
2483
2467
2452
2436
2423
2414
2405
2398
2395
2389
2389
2389
2389
2389
2386
2386
2383
2383
2383
2383
2383
2383
2386
2386
2386
2389
2389
2389
2389
2389
2386
2383
2373
2367
2358
2348
2339
2330
2320
2308
2298
2292
2286
2280
2273
2267
2261
2255
2252
2242
2236
2230
2220
2217
2211
2208
2202
2198
2192
2189
2186
2183
2177
2170
2164
2152
2142
2130
2120
2111
2105
2102
2102
2111
2124
2139
2155
2174
2192
2208
2220
2233
2242
2255
2267
2280
2289
2302
2311
2317
2323
2330
2333
2333
2330
2327
2323
2317
2311
2305
2295
2286
2270
2258
2242
2149
2017
1833
1602
1333
1074
0921
0915
1052
1402
1836
2252
2501
2583
2533
2439
2348
2323
2320
2314
2308
2302
2295
2289
2280
2273
2270
2270
2270
2270
2270
2270
2270
2270
2270
2267
2267
2267
2267
2270
2270
2270
2270
2270
2270
2270
2270
2270
2267
2267
2264
2264
2261
2261
2261
2258
2255
2255
2252
2248
2245
2245
2242
2239
2236
2233
2230
2227
2220
2217
2211
2208
2198
2189
2180
2167
2158
2149
2142
2139
2142
2145
2152
2164
2177
2192
2208
2230
2267
2308
2345
2383
2423
2461
2498
2545
2592
2645
2714
2798
2861
2911
2970
3020
3061
3104
3145
3179
3211
3236
3251
3264
3273
3276
3282
3285
3289
3292
3295
3298
3301
3301
3301
3301
3298
3298
3295
3289
3282
3273
3264
3254
3245
3236
3223
3217
3207
3201
3192
3186
3179
3170
3161
3151
3142
3136
3129
3123
3117
3111
3107
3104
3098
3092
3089
3082
3079
3076
3070
3064
3061
3054
3042
3026
3011
2992
2973
2951
2929
2911
2895
2879
2867
2854
2842
2829
2817
2804
2792
2779
2767
2758
2748
2739
2733
2726
2720
2717
2714
2708
2705
2698
2695
2692
2686
2683
2683
2680
2680
2683
2683
2686
2686
2689
2689
2692
2692
2692
2695
2692
2689
2689
2686
2680
2670
2664
2655
2645
2636
2623
2608
2589
2576
2564
2555
2551
2555
2567
2576
2592
2608
2623
2636
2648
2661
2670
2680
2686
2689
2692
2692
2692
2689
2686
2683
2680
2673
2670
2670
2670
2670
2667
2667
2664
2661
2658
2655
2648
2645
2633
2576
2436
2239
1986
1680
1355
1099
1012
1058
1202
1574
1992
2361
2548
2608
2555
2461
2370
2333
2314
2298
2286
2273
2258
2245
2233
2220
2208
2198
2189
2180
2170
2161
2155
2145
2136
2130
2120
2111
2102
2092
2083
2074
2064
2058
2049
2042
2036
2027
2017
2008
1992
1980
1970
1961
1952
1949
1945
1945
1945
1942
1939
1933
1920
1911
1905
1905
1911
1917
1930
1939
1949
1952
1955
1955
1955
1952
1949
1949
1952
1955
1961
1967
1974
1983
1992
2008
2027
2067
2105
2142
2186
2239
2277
2330
2389
2445
2514
2598
2676
2751
2817
2873
2939
2986
3014
3036
3054
3070
3082
3092
3095
3098
3101
3101
3101
3104
3104
3107
3114
3123
3129
3139
3148
3154
3164
3170
3176
3186
3198
3211
3226
3239
3248
3254
3261
3261
3261
3257
3251
3248
3245
3242
3242
3242
3236
3217
3198
3189
3176
3167
3154
3142
3132
3123
3114
3104
3095
3089
3082
3076
3070
3064
3057
3051
3045
3039
3032
3029
3026
3020
3017
3014
3007
3004
2998
2992
2986
2979
2973
2964
2954
2948
2942
2936
2929
2926
2923
2923
2923
2920
2923
2926
2926
2926
2926
2926
2926
2926
2923
2923
2923
2923
2920
2917
2914
2908
2901
2895
2889
2879
2870
2858
2845
2833
2817
2804
2792
2776
2761
2745
2730
2714
2701
2689
2676
2664
2655
2642
2636
2630
2630
2630
2633
2639
2645
2658
2667
2683
2701
2736
2770
2801
2833
2861
2883
2898
2908
2914
2923
2929
2929
2917
2895
2870
2851
2829
2808
2789
2773
2764
2751
2730
2692
2614
2445
2186
1858
1505
1193
1058
1077
1327
1799
2333
2758
2939
2945
2795
2580
2442
2392
2377
2383
2389
2392
2395
2402
2405
2408
2395
2377
2348
2320
2277
2248
2227
2214
2205
2195
2189
2180
2174
2167
2161
2158
2152
2139
2127
2095
2033
2002
1983
1967
1952
1930
1911
1892
1877
1864
1852
1842
1830
1821
1811
1802
1792
1780
1767
1755
1736
1717
1705
1696
1686
1680
1674
1667
1661
1655
1649
1646
1646
1649
1649
1655
1658
1667
1677
1686
1696
1708
1727
1761
1796
1827
1874
1949
2030
2111
2195
2273
2348
2420
2495
2567
2626
2673
2720
2767
2811
2854
2873
2883
2892
2898
2904
2908
2914
2917
2923
2926
2929
2933
2933
2933
2929
2929
2929
2926
2923
2920
2917
2911
2904
2898
2892
2883
2873
2864
2851
2836
2795
2761
2726
2701
2680
2661
2639
2626
2614
2595
2576
2555
2533
2511
2486
2461
2439
2423
2408
2398
2392
2389
2383
2377
2370
2367
2361
2355
2348
2345
2342
2339
2339
2336
2336
2336
2333
2333
2330
2327
2323
2317
2317
2317
2317
2314
2311
2302
2289
2264
2195
2149
2124
2102
2080
2058
2039
2024
2008
1989
1977
1964
1955
1949
1945
1939
1933
1927
1917
1908
1899
1896
1896
1896
1896
1896
1899
1896
1892
1886
1877
1867
1861
1855
1852
1855
1861
1871
1883
1896
1911
1927
1939
1952
1974
1995
2017
2027
2033
2039
2042
2042
2039
2039
2036
2036
2033
2033
2036
2045
2058
2070
2080
2092
2111
2142
2142
2117
2055
1899
1664
1377
1090
0952
0965
1183
1580
2024
2398
2564
2614
2573
2442
2333
2298
2280
2277
2273
2267
2267
2270
2273
2277
2277
2280
2280
2280
2280
2283
2280
2277
2277
2273
2270
2267
2264
2261
2261
2258
2252
2245
2242
2242
2239
2239
2239
2239
2239
2239
2239
2239
2236
2236
2236
2233
2233
2236
2239
2242
2242
2245
2245
2248
2252
2255
2258
2264
2267
2273
2283
2289
2295
2302
2308
2323
2342
2358
2370
2380
2389
2398
2411
2427
2442
2464
2492
2520
2555
2583
2611
2651
2714
2779
2848
2908
2951
2989
3036
3101
3154
3186
3220
3254
3295
3345
3395
3445
3495
3545
3567
3582
3598
3607
3620
3626
3635
3638
3638
3632
3623
3610
3598
3582
3567
3557
3548
3542
3535
3529
3523
3514
3507
3495
3489
3482
3479
3479
3476
3476
3479
3479
3476
3476
3479
3479
3479
3476
3476
3479
3479
3476
3473
3470
3470
3464
3451
3435
3410
3379
3348
3323
3298
3273
3248
3223
3207
3192
3176
3161
3151
3142
3136
3123
3111
3101
3092
3082
3073
3061
3051
3039
3026
3014
2998
2979
2964
2945
2929
2914
2898
2883
2867
2854
2842
2833
2826
2823
2817
2814
2811
2808
2801
2795
2792
2786
2776
2770
2764
2758
2751
2742
2730
2720
2708
2683
2642
2601
2564
2523
2473
2452
2439
2423
2411
2398
2392
2386
2383
2383
2389
2398
2408
2417
2430
2445
2461
2476
2501
2542
2576
2592
2608
2617
2626
2633
2636
2642
2642
2639
2630
2617
2601
2586
2567
2533
2498
2464
2414
2339
2217
2055
1817
1521
1215
0968
0915
0952
1218
1614
2020
2320
2433
2423
2336
2255
2227
2217
2211
2202
2192
2186
2186
2186
2186
2186
2183
2183
2183
2180
2177
2174
2167
2161
2158
2152
2149
2145
2139
2133
2124
2117
2114
2111
2108
2099
2089
2077
2061
2045
2030
2017
2008
1999
1995
1992
1992
1989
1986
1980
1974
1967
1961
1961
1964
1967
1970
1970
1970
1970
1967
1964
1964
1967
1970
1977
1986
1995
2002
2005
2008
2017
2030
2042
2061
2083
2102
2114
2127
2158
2220
2292
2370
2458
2542
2614
2698
2795
2879
2961
3023
3051
3064
3073
3073
3067
3054
3032
3011
2995
2973
2948
2936
2933
2948
2973
3001
3039
3086
3111
3123
3129
3139
3145
3145
3136
3120
3107
3098
3092
3082
3073
3070
3067
3067
3067
3067
3067
3067
3067
3067
3067
3061
3057
3054
3051
3048
3045
3042
3036
3029
3042
3073
3107
3151
3189
3242
3310
3373
3420
3467
3504
3535
3548
3554
3557
3563
3570
3573
3576
3573
3563
3554
3539
3523
3507
3485
3464
3442
3420
3404
3389
3373
3360
3345
3329
3314
3292
3270
3248
3226
3201
3173
3136
3092
3064
3042
3026
3011
2995
2979
2958
2929
2901
2873
2839
2801
2761
2733
2711
2692
2670
2651
2633
2605
2570
2533
2486
2423
2358
2292
2252
2227
2205
2183
2164
2145
2124
2102
2077
2049
2024
2011
2002
1989
1977
1967
1964
1958
1952
1945
1945
1939
1936
1933
1927
1917
1905
1892
1874
1852
1830
1808
1786
1758
1733
1708
1680
1639
1602
1505
1383
1224
1021
0765
0474
0209
0031
0012
0112
0409
0759
1040
1130
1108
0915
0652
0415
0277
0234
0206
0178
0162
0149
0128
0099
0059
0043
0034
0021
0012
0006
0000
0000
0000
0000
0003
0009
0012
0021
0028
0034
0043
0053
0062
0074
0087
0103
0121
0143
0168
0187
0206
0224
0246
0265
0284
0302
0337
0384
0418
0465
0521
0577
0646
0724
0793
0840
0877
0912
0958
1015
1065
1102
1136
1180
1243
1305
1380
1461
1539
1602
1664
1717
1755
1786
1814
1836
1855
1883
1914
1970
2036
2127
2227
2355
2448
2555
2651
2742
2829
2917
2989
3064
3136
3217
3285
3351
3423
3482
3529
3576
3626
3676
3729
3757
3776
3792
3795
3804
3817
3826
3838
3851
3866
3882
3895
3904
3923
3932
3945
3954
3970
3985
4004
4020
4045
4063
4073
4076
4076
4076
4082
4079
4082
4094
4079
4051
4029
4013
3998
3985
3970
3954
3941
3923
3910
3901
3898
3901
3888
3882
3879
3876
3873
3870
3870
3870
3870
3873
3873
3870
3863
3857
3851
3848
3845
3838
3829
3817
3804
3782
3757
3732
3707
3682
3660
3648
3635
3623
3607
3592
3582
3573
3560
3551
3542
3532
3523
3507
3492
3476
3457
3442
3420
3398
3376
3348
3317
3285
3261
3236
3211
3186
3167
3157
3145
3117
3101
3089
3079
3070
3061
3054
3054
3045
3039
3032
3032
3036
3042
3051
3079
3101
3114
3126
3136
3148
3154
3154
3145
3129
3114
3101
3089
3079
3073
3067
3061
3057
3051
3048
3045
3032
3014
2983
2876
2692
2448
2158
1849
1599
1518
1543
1755
2089
2439
2667
2751
2758
2705
2664
2639
2620
2598
2576
2558
2542
2526
2505
2476
2445
2405
2370
2336
2308
2289
2267
2242
2227
2211
2189
2158
2133
2108
2083
2064
2055
2030
2017
2014
2002
1995
1986
1977
1974
1964
1961
1942
1930
1911
1896
1864
1864
1855
1839
1833
1824
1821
1808
1796
1789
1783
1783
1783
1783
1777
1764
1736
1683
1611
1539
1464
1411
1358
1305
1277
1261
1246
1227
1218
1227
1255
1283
1315
1355
1399
1443
1486
1530
1580
1630
1689
1758
1827
1883
1924
1970
2017
2058
2089
2114
2149
2186
2211
2223
2236
2245
2255
2264
2277
2286
2295
2302
2308
2314
2320
2327
2333
2339
2342
2348
2355
2358
2361
2361
2364
2367
2367
2370
2373
2380
2386
2392
2395
2398
2398
2395
2395
2392
2392
2392
2392
2392
2389
2386
2386
2392
2395
2402
2414
2427
2436
2448
2461
2470
2483
2495
2520
2555
2583
2614
2651
2683
2705
2720
2739
2751
2767
2786
2801
2811
2808
2804
2801
2804
2804
2808
2814
2820
2826
2836
2833
2826
2823
2826
2829
2826
2823
2814
2801
2795
2792
2789
2779
2776
2776
2773
2767
2761
2751
2742
2733
2726
2708
2667
2626
2595
2570
2530
2486
2442
2398
2380
2370
2358
2345
2333
2323
2311
2302
2295
2292
2292
2295
2298
2295
2295
2298
2308
2320
2336
2355
2370
2383
2395
2405
2408
2414
2420
2430
2436
2439
2442
2439
2433
2427
2423
2420
2414
2405
2389
2364
2330
2189
2002
1749
1446
1143
0965
0905
0990
1249
1636
2027
2302
2402
2364
2292
2180
2092
2045
2002
1967
1942
1924
1911
1905
1902
1899
1889
1883
1880
1874
1871
1874
1880
1883
1886
1896
1905
1908
1914
1920
1933
1952
1970
1986
1995
1999
2005
2008
2011
2017
2024
2030
2036
2042
2045
2049
2049
2055
2061
2064
2067
2070
2074
2077
2080
2086
2099
2108
2117
2130
2149
2167
2189
2214
2233
2252
2264
2273
2280
2283
2292
2298
2305
2302
2298
2298
2311
2330
2370
2445
2501
2548
2586
2623
2658
2695
2748
2811
2889
2976
3057
3154
3270
3382
3492
3604
3692
3748
3782
3804
3813
3820
3829
3838
3845
3848
3848
3845
3835
3817
3798
3776
3745
3720
3704
3688
3670
3651
3635
3623
3613
3607
3601
3604
3610
3620
3620
3607
3595
3560
3479
3385
3295
3201
3082
3007
2970
2936
2911
2901
2895
2889
2889
2892
2895
2889
2883
2889
2936
3007
3114
3223
3332
3404
3451
3482
3482
3476
3470
3464
3467
3470
3473
3454
3420
3392
3367
3354
3335
3326
3317
3295
3282
3264
3242
3211
3195
3179
3154
3129
3104
3082
3061
3048
3039
3032
3017
3004
2995
2979
2954
2917
2886
2851
2820
2783
2748
2714
2676
2639
2605
2573
2539
2508
2483
2470
2461
2448
2445
2439
2430
2430
2433
2436
2439
2439
2436
2433
2430
2420
2414
2405
2392
2383
2373
2364
2352
2342
2330
2327
2323
2323
2320
2320
2320
2317
2320
2311
2286
2198
2030
1777
1496
1208
1012
0943
1027
1277
1711
2133
2467
2586
2583
2420
2283
2248
2230
2214
2208
2205
2217
2223
2223
2233
2233
2217
2217
2211
2205
2211
2208
2208
2202
2180
2177
2167
2155
2133
2117
2102
2077
2055
2036
2024
2014
2002
1999
1992
1983
1983
1980
1977
1974
1974
1970
1970
1974
1974
1977
1974
1967
1964
1961
1955
1942
1930
1924
1914
1899
1880
1864
1855
1855
1864
1877
1892
1908
1917
1933
1949
1967
1980
1995
2008
2017
2030
2042
2064
2105
2139
2189
2248
2302
2355
2414
2470
2526
2580
2636
2692
2742
2795
2833
2854
2876
2901
2926
2939
2951
2958
2964
2970
2973
2979
2983
2986
2992
3001
3007
3014
3020
3029
3051
3070
3082
3092
3101
3111
3114
3101
3076
3045
3007
2979
2948
2898
2854
2820
2798
2786
2779
2773
2770
2770
2767
2767
2764
2770
2776
2786
2795
2804
2814
2823
2833
2845
2861
2873
2889
2908
2923
2933
2942
2951
2964
2970
2976
2979
2976
2970
2961
2948
2936
2923
2914
2911
2908
2904
2901
2901
2898
2898
2898
2895
2895
2898
2898
2904
2901
2895
2889
2876
2858
2820
2779
2742
2701
2680
2664
2661
2655
2648
2639
2636
2630
2623
2623
2623
2630
2636
2645
2651
2655
2664
2673
2701
2736
2754
2767
2779
2789
2798
2804
2811
2817
2823
2829
2836
2842
2851
2864
2879
2892
2898
2908
2917
2926
2904
2842
2736
2564
2320
2030
1742
1583
1580
1752
2105
2508
2848
3029
3057
3001
2873
2820
2801
2811
2817
2820
2817
2808
2798
2792
2789
2786
2789
2795
2801
2811
2823
2833
2817
2792
2783
2776
2764
2758
2751
2739
2730
2720
2720
2717
2708
2698
2673
2617
2576
2542
2517
2492
2467
2442
2414
2389
2361
2339
2320
2308
2295
2286
2277
2267
2258
2248
2242
2236
2223
2198
2152
2127
2114
2099
2089
2083
2086
2092
2099
2105
2117
2130
2142
2161
2180
2198
2214
2252
2298
2339
2380
2420
2470
2526
2576
2636
2686
2761
2851
2923
2986
3051
3098
3132
3154
3157
3164
3164
3167
3167
3164
3161
3154
3170
3173
3182
3186
3189
3195
3201
3214
3214
3220
3229
3232
3239
3239
3242
3239
3232
3232
3239
3248
3251
3254
3257
3257
3261
3264
3267
3270
3276
3282
3289
3295
3301
3304
3307
3304
3295
3285
3273
3257
3236
3195
3161
3126
3089
3048
3017
2995
2976
2958
2945
2929
2908
2876
2845
2817
2798
2783
2764
2748
2736
2723
2714
2705
2692
2683
2670
2658
2639
2611
2583
2564
2536
2505
2470
2442
2420
2405
2392
2383
2377
2373
2367
2361
2352
2342
2333
2320
2308
2289
2258
2230
2205
2177
2142
2102
2058
2020
1980
1945
1917
1892
1867
1852
1842
1830
1821
1814
1808
1808
1808
1811
1814
1821
1830
1842
1858
1883
1942
1989
2027
2064
2089
2102
2114
2124
2133
2139
2149
2158
2164
2177
2195
2227
2258
2295
2339
2370
2389
2367
2298
2145
1917
1608
1258
0965
0827
0955
1224
1636
2011
2270
2352
2348
2248
2111
1995
1939
1914
1896
1886
1886
1908
1933
1945
1955
1961
1967
1974
1983
1989
1992
1995
1995
1995
1995
1999
1999
1999
2002
1999
2002
2002
2005
2008
2011
2020
2027
2052
2089
2136
2170
2183
2192
2198
2202
2202
2195
2183
2164
2133
2080
2052
2036
2030
2017
2011
2005
1999
1995
1992
1992
1995
1995
1995
1995
1995
1992
1989
1986
1989
1995
2002
2011
2017
2027
2036
2049
2061
2077
2095
2120
2164
2205
2261
2333
2405
2476
2545
2608
2655
2689
2733
2767
2798
2829
2864
2895
2920
2945
2970
2995
3011
3020
3032
3042
3051
3064
3076
3089
3101
3114
3123
3132
3139
3145
3148
3154
3161
3164
3164
3167
3170
3173
3176
3179
3179
3182
3182
3179
3176
3176
3173
3170
3164
3161
3157
3154
3148
3145
3142
3139
3132
3129
3120
3101
3073
3048
3020
2992
2958
2923
2883
2858
2836
2817
2804
2798
2792
2786
2779
2770
2764
2754
2745
2736
2723
2711
2701
2692
2689
2683
2680
2673
2670
2667
2664
2658
2658
2655
2658
2661
2667
2670
2676
2680
2686
2689
2695
2695
2698
2705
2708
2711
2711
2708
2695
2676
2655
2626
2583
2533
2483
2430
2383
2355
2339
2323
2314
2308
2305
2305
2308
2320
2333
2348
2364
2386
2427
2458
2486
2505
2517
2530
2539
2548
2564
2576
2592
2605
2620
2636
2651
2664
2676
2689
2695
2698
2698
2698
2692
2686
2673
2658
2598
2455
2236
1942
1611
1336
1274
1324
1655
2145
2589
2889
2951
2929
2767
2658
2617
2620
2645
2670
2692
2701
2680
2636
2611
2592
2576
2567
2551
2536
2523
2511
2498
2489
2473
2452
2439
2436
2439
2439
2436
2436
2433
2430
2427
2423
2420
2414
2408
2402
2395
2392
2386
2377
2370
2361
2352
2342
2330
2320
2308
2292
2267
2220
2177
2130
2086
2039
1995
1961
1936
1917
1908
1902
1899
1896
1889
1886
1883
1883
1883
1883
1883
1886
1892
1899
1908
1917
1927
1936
1942
1952
1961
1970
1983
1992
2005
2014
2024
2039
2058
2086
2139
2192
2239
2277
2317
2355
2373
2383
2395
2402
2408
2414
2420
2423
2430
2436
2442
2448
2452
2458
2461
2470
2480
2489
2501
2517
2533
2548
2555
2561
2564
2564
2567
2567
2570
2570
2570
2570
2570
2570
2567
2561
2555
2548
2539
2536
2530
2523
2520
2514
2511
2508
2508
2511
2514
2520
2526
2536
2548
2561
2570
2576
2583
2589
2595
2601
2608
2611
2614
2617
2620
2620
2620
2620
2620
2617
2617
2617
2617
2617
2617
2620
2617
2617
2617
2614
2611
2608
2605
2601
2598
2592
2589
2586
2586
2580
2576
2576
2570
2567
2561
2555
2545
2536
2526
2517
2505
2486
2467
2452
2439
2433
2430
2430
2430
2430
2430
2430
2433
2433
2436
2445
2492
2536
2576
2611
2645
2667
2683
2695
2708
2717
2726
2736
2745
2754
2764
2776
2786
2798
2808
2817
2823
2833
2839
2842
2848
2851
2851
2858
2867
2883
2833
2689
2486
2205
1871
1533
1318
1308
1483
1905
2408
2854
3101
3126
3023
2898
2864
2842
2826
2804
2783
2761
2739
2723
2705
2686
2673
2661
2661
2661
2664
2667
2670
2676
2683
2689
2698
2708
2717
2723
2726
2717
2698
2676
2655
2639
2620
2605
2586
2573
2558
2551
2542
2536
2526
2517
2501
2483
2455
2417
2380
2345
2323
2317
2314
2311
2311
2308
2308
2305
2305
2308
2314
2323
2336
2348
2361
2370
2380
2389
2398
2405
2411
2420
2430
2439
2448
2458
2467
2480
2495
2517
2558
2595
2630
2673
2726
2770
2817
2861
2904
2964
3029
3092
3154
3214
3273
3326
3364
3404
3448
3485
3498
3504
3510
3514
3517
3520
3517
3510
3495
3479
3460
3445
3423
3401
3382
3364
3345
3329
3317
3307
3298
3292
3289
3282
3279
3279
3279
3276
3276
3276
3279
3279
3282
3285
3289
3295
3298
3301
3304
3307
3307
3307
3304
3301
3292
3282
3273
3264
3254
3245
3236
3220
3198
3179
3157
3139
3117
3095
3070
3045
3023
3001
2983
2967
2951
2936
2920
2908
2895
2886
2879
2873
2864
2858
2848
2842
2836
2829
2820
2808
2792
2767
2720
2683
2651
2630
2608
2583
2558
2536
2517
2498
2480
2464
2448
2427
2386
2320
2270
2233
2183
2149
2124
2102
2092
2102
2124
2145
2155
2164
2174
2180
2186
2189
2195
2202
2208
2211
2217
2220
2220
2223
2227
2230
2230
2233
2236
2239
2242
2248
2252
2252
2252
2255
2255
2258
2261
2270
2295
2298
2273
2211
2049
1799
1449
1033
0662
0509
0540
0852
1389
1983
2455
2611
2611
2442
2227
2127
2095
2080
2070
2067
2067
2077
2092
2105
2120
2133
2152
2170
2186
2192
2192
2192
2192
2192
2195
2198
2195
2170
2139
2120
2102
2089
2074
2061
2045
2036
2024
2014
2008
1999
1989
1977
1964
1952
1936
1924
1917
1911
1902
1896
1889
1883
1880
1874
1867
1864
1858
1855
1855
1852
1849
1846
1842
1839
1839
1839
1839
1842
1842
1846
1852
1855
1861
1867
1877
1883
1892
1902
1920
1970
2014
2055
2095
2145
2195
2245
2295
2361
2442
2505
2555
2598
2645
2689
2736
2798
2879
2920
2936
2948
2961
2970
2976
2986
2992
2998
3004
3007
3014
3017
3020
3023
3032
3042
3045
3042
3029
3011
2998
2995
2992
2989
2986
2983
2979
2976
2976
2976
2976
2976
2976
2976
2976
2979
2983
2983
2986
2986
2986
2986
2986
2986
2983
2979
2973
2970
2964
2958
2951
2942
2933
2923
2917
2908
2901
2895
2889
2879
2870
2864
2858
2851
2842
2836
2826
2820
2814
2814
2811
2811
2808
2808
2808
2811
2811
2814
2814
2811
2811
2808
2808
2808
2804
2798
2792
2789
2783
2764
2717
2667
2626
2595
2567
2536
2505
2464
2411
2358
2333
2317
2305
2292
2286
2280
2277
2280
2286
2298
2311
2327
2342
2358
2383
2411
2448
2486
2511
2536
2558
2576
2583
2583
2580
2573
2561
2542
2511
2442
2377
2330
2289
2261
2239
2217
2192
2161
2108
2024
1880
1661
1386
1115
0955
0949
1083
1424
1871
2311
2626
2698
2673
2492
2289
2205
2183
2170
2155
2133
2111
2092
2077
2064
2052
2042
2033
2030
2027
2030
2030
2033
2033
2036
2042
2049
2058
2064
2070
2074
2077
2077
2080
2083
2083
2083
2086
2086
2086
2089
2086
2086
2083
2080
2074
2070
2064
2058
2052
2045
2039
2033
2027
2017
2005
1970
1945
1920
1908
1899
1889
1883
1874
1867
1861
1855
1849
1846
1846
1846
1849
1852
1858
1861
1867
1877
1889
1902
1917
1933
1964
2033
2070
2120
2186
2261
2345
2420
2480
2536
2605
2698
2789
2886
2951
2992
3020
3048
3070
3082
3089
3095
3101
3107
3111
3117
3120
3123
3123
3126
3129
3132
3132
3132
3129
3126
3123
3117
3111
3101
3092
3086
3079
3073
3067
3064
3061
3061
3054
3051
3045
3042
3036
3029
3023
3017
3011
3004
3001
2998
2998
2995
2995
2995
2992
2992
2989
2986
2983
2979
2979
2979
2983
2986
2989
2995
2998
3004
3011
3014
3017
3020
3023
3026
3029
3029
3036
3042
3048
3057
3064
3067
3064
3054
3039
3023
3004
2976
2936
2901
2873
2861
2854
2848
2842
2836
2833
2826
2823
2817
2811
2804
2798
2789
2783
2773
2761
2745
2726
2686
2642
2601
2580
2570
2558
2545
2536
2526
2520
2514
2511
2508
2505
2505
2505
2508
2514
2517
2526
2533
2545
2555
2564
2573
2580
2589
2598
2608
2623
2633
2645
2651
2658
2661
2661
2658
2655
2642
2633
2620
2601
2570
2492
2348
2127
1824
1486
1211
1165
1215
1561
2045
2517
2845
2951
2942
2792
2648
2598
2580
2586
2592
2595
2598
2601
2601
2601
2601
2601
2605
2608
2605
2601
2592
2580
2570
2561
2551
2539
2523
2505
2486
2467
2445
2420
2392
2370
2355
2345
2336
2333
2330
2327
2327
2327
2323
2323
2320
2320
2317
2317
2314
2308
2305
2298
2292
2283
2270
2261
2248
2233
2217
2202
2167
2133
2117
2120
2124
2127
2127
2130
2130
2130
2130
2133
2136
2139
2145
2152
2161
2174
2189
2223
2261
2308
2367
2420
2470
2517
2573
2639
2708
2767
2811
2848
2883
2920
2958
3001
3042
3082
3114
3136
3154
3167
3179
3186
3195
3201
3204
3207
3211
3214
3214
3211
3201
3189
3179
3167
3157
3148
3139
3132
3126
3120
3117
3111
3104
3095
3086
3076
3070
3061
3054
3048
3042
3036
3029
3023
3020
3014
3007
3001
2992
2986
2976
2967
2958
2948
2942
2936
2933
2926
2920
2914
2908
2898
2892
2883
2876
2867
2861
2858
2851
2848
2848
2845
2845
2842
2839
2836
2829
2826
2820
2817
2814
2811
2808
2804
2801
2801
2798
2798
2795
2789
2783
2776
2770
2767
2758
2751
2742
2733
2723
2717
2705
2689
2673
2661
2645
2630
2614
2595
2576
2555
2533
2505
2473
2442
2423
2408
2395
2389
2389
2392
2405
2420
2439
2467
2511
2555
2576
2589
2601
2611
2617
2620
2620
2617
2608
2598
2589
2576
2567
2558
2545
2533
2520
2508
2498
2492
2483
2470
2414
2283
2095
1858
1583
1311
1130
1118
1233
1586
2033
2436
2664
2698
2642
2473
2302
2230
2214
2202
2192
2186
2180
2170
2161
2155
2149
2142
2136
2130
2124
2114
2105
2095
2086
2077
2067
2058
2049
2036
2014
1980
1961
1949
1942
1936
1933
1930
1924
1911
1902
1889
1877
1864
1855
1846
1836
1824
1814
1802
1792
1786
1777
1764
1752
1733
1699
1664
1646
1636
1624
1618
1608
1605
1602
1605
1611
1618
1624
1633
1642
1655
1671
1689
1708
1724
1742
1780
1839
1880
1914
1945
1986
2042
2089
2127
2164
2211
2267
2320
2373
2423
2480
2530
2570
2611
2645
2667
2686
2705
2717
2730
2736
2742
2748
2754
2761
2761
2764
2764
2761
2758
2751
2745
2736
2723
2717
2711
2705
2698
2692
2686
2676
2670
2664
2658
2651
2648
2642
2639
2633
2626
2620
2614
2608
2601
2595
2589
2583
2583
2580
2583
2586
2589
2592
2598
2605
2611
2617
2617
2608
2592
2576
2567
2558
2545
2533
2520
2508
2501
2495
2489
2483
2480
2473
2470
2464
2461
2455
2452
2448
2445
2445
2442
2445
2448
2455
2461
2467
2473
2480
2486
2492
2498
2505
2511
2520
2530
2530
2523
2508
2489
2470
2452
2430
2408
2395
2392
2398
2414
2433
2452
2476
2501
2520
2542
2561
2576
2598
2620
2642
2661
2683
2711
2733
2745
2758
2764
2767
2770
2773
2776
2783
2789
2795
2801
2808
2814
2820
2826
2836
2851
2876
2892
2886
2864
2795
2651
2442
2167
1867
1602
1508
1539
1796
2220
2680
3051
3236
3257
3189
3048
2920
2876
2861
2858
2858
2854
2851
2848
2845
2845
2842
2829
2820
2808
2801
2798
2795
2792
2786
2779
2773
2770
2764
2761
2758
2754
2751
2751
2748
2745
2745
2739
2736
2733
2726
2720
2717
2708
2692
2673
2651
2623
2589
2548
2505
2476
2455
2439
2423
2408
2392
2377
2361
2345
2327
2308
2283
2252
2214
2192
2180
2170
2164
2158
2152
2149
2152
2164
2180
2202
2230
2277
2314
2348
2383
2423
2455
2483
2511
2539
2576
2614
2658
2714
2783
2851
2917
2979
3048
3107
3151
3195
3239
3282
3323
3364
3401
3420
3429
3439
3445
3448
3448
3439
3423
3407
3398
3389
3379
3367
3354
3345
3335
3323
3314
3301
3289
3279
3267
3261
3251
3242
3229
3220
3211
3201
3192
3182
3176
3167
3161
3151
3145
3136
3129
3123
3117
3111
3107
3101
3098
3092
3089
3082
3079
3076
3073
3070
3067
3064
3057
3051
3048
3042
3036
3020
2986
2945
2920
2901
2889
2876
2873
2873
2883
2892
2901
2914
2926
2939
2948
2942
2923
2901
2879
2854
2829
2801
2776
2754
2736
2720
2708
2695
2683
2670
2658
2645
2630
2617
2601
2586
2576
2555
2514
2445
2395
2355
2314
2277
2245
2230
2223
2217
2211
2208
2205
2202
2202
2202
2202
2211
2223
2239
2258
2277
2295
2317
2339
2352
2355
2355
2355
2355
2358
2361
2364
2364
2358
2345
2333
2320
2311
2298
2283
2264
2248
2220
2130
1999
1817
1580
1305
1040
0868
0852
0974
1299
1727
2149
2395
2483
2442
2320
2217
2189
2174
2161
2149
2133
2117
2102
2086
2077
2070
2064
2061
2058
2058
2052
2045
2039
2033
2027
2020
2020
2017
2017
2014
2011
2011
2008
2002
1995
1989
1983
1974
1964
1952
1936
1914
1896
1880
1864
1849
1836
1824
1811
1802
1792
1783
1777
1767
1758
1749
1742
1739
1736
1730
1724
1717
1711
1705
1702
1699
1699
1696
1696
1699
1702
1705
1711
1717
1724
1733
1746
1755
1767
1789
1842
1896
1942
1980
2017
2055
2120
2205
2283
2364
2430
2483
2536
2589
2642
2708
2748
2776
2801
2814
2820
2817
2817
2817
2814
2814
2811
2808
2804
2801
2798
2792
2779
2767
2758
2751
2745
2739
2733
2730
2726
2723
2723
2726
2730
2736
2739
2745
2751
2754
2761
2764
2767
2767
2767
2767
2767
2770
2773
2773
2773
2773
2770
2770
2767
2764
2761
2758
2751
2748
2742
2739
2733
2723
2717
2708
2698
2692
2680
2670
2664
2658
2651
2645
2642
2639
2633
2630
2626
2623
2620
2614
2611
2605
2601
2598
2598
2595
2595
2592
2586
2580
2576
2567
2545
2517
2489
2458
2430
2408
2389
2373
2358
2345
2339
2339
2339
2345
2352
2364
2380
2398
2442
2523
2589
2639
2689
2726
2751
2776
2801
2826
2858
2898
2961
3017
3076
3132
3179
3201
3214
3220
3229
3236
3242
3248
3254
3261
3264
3267
3270
3270
3273
3273
3276
3276
3289
3307
3261
3117
2911
2642
2339
2036
1827
1808
1920
2283
2739
3167
3392
3467
3395
3320
3270
3236
3214
3195
3176
3161
3148
3132
3114
3089
3067
3048
3036
3023
3014
3001
2992
2979
2970
2958
2948
2936
2926
2920
2911
2904
2892
2879
2864
2845
2829
2811
2792
2776
2758
2739
2723
2708
2692
2680
2664
2651
2639
2626
2614
2598
2580
2564
2545
2523
2498
2470
2442
2417
2395
2377
2364
2355
2345
2336
2327
2320
2314
2311
2308
2308
2311
2314
2317
2323
2333
2342
2355
2370
2386
2414
2473
2526
2595
2676
2751
2826
2901
2976
3048
3123
3182
3220
3257
3292
3326
3357
3382
3401
3414
3423
3429
3435
3439
3445
3448
3451
3451
3451
3451
3448
3442
3432
3423
3410
3395
3382
3367
3345
3323
3301
3282
3267
3257
3248
3239
3229
3223
3217
3204
3192
3179
3167
3154
3142
3126
3098
3048
3020
3004
2995
2989
2979
2973
2964
2958
2948
2936
2920
2901
2886
2870
2861
2854
2848
2845
2836
2829
2823
2817
2811
2801
2795
2792
2786
2783
2779
2779
2776
2776
2773
2773
2770
2770
2767
2767
2767
2767
2767
2767
2764
2764
2761
2761
2758
2758
2754
2754
2751
2751
2748
2745
2742
2736
2726
2714
2698
2686
2670
2658
2645
2630
2617
2601
2583
2558
2530
2505
2476
2458
2442
2430
2420
2414
2414
2420
2430
2439
2452
2464
2473
2483
2495
2505
2517
2523
2530
2533
2536
2533
2526
2517
2508
2498
2489
2480
2467
2455
2445
2430
2414
2395
2377
2361
2348
2330
2298
2186
1967
1674
1355
1065
0943
0958
1161
1558
1995
2364
2489
2533
2483
2330
2205
2170
2149
2127
2105
2089
2083
2070
2064
2061
2061
2058
2055
2049
2042
2036
2030
2024
2017
2008
1999
1986
1970
1930
1839
1761
1708
1661
1618
1574
1524
1493
1474
1458
1449
1436
1427
1414
1402
1389
1374
1355
1336
1315
1293
1271
1249
1227
1205
1180
1158
1146
1140
1136
1127
1121
1111
1111
1133
1158
1177
1190
1202
1211
1224
1236
1252
1261
1277
1293
1315
1368
1458
1546
1618
1680
1739
1799
1861
1927
1986
2042
2095
2152
2208
2270
2345
2411
2455
2486
2514
2533
2548
2561
2570
2576
2580
2586
2592
2595
2601
2608
2614
2620
2623
2617
2608
2598
2589
2580
2576
2570
2561
2551
2545
2542
2539
2539
2536
2536
2536
2539
2542
2548
2555
2561
2570
2576
2583
2592
2598
2605
2611
2620
2630
2639
2645
2655
2664
2673
2680
2686
2689
2692
2695
2695
2695
2695
2695
2698
2695
2695
2695
2698
2701
2705
2705
2708
2711
2711
2708
2705
2698
2689
2680
2667
2655
2642
2630
2611
2583
2558
2542
2526
2514
2498
2483
2476
2483
2501
2526
2570
2636
2695
2758
2823
2889
2920
2939
2954
2964
2967
2961
2948
2936
2923
2914
2904
2895
2883
2873
2867
2861
2861
2861
2864
2870
2879
2892
2908
2923
2939
2958
2986
3017
3042
3061
3076
3089
3098
3107
3117
3126
3132
3136
3139
3139
3139
3139
3136
3129
3120
3111
3098
3086
3023
2908
2736
2511
2255
2024
1952
1977
2177
2501
2851
3123
3186
3207
3142
3029
2936
2904
2892
2883
2873
2867
2861
2848
2839
2829
2823
2814
2804
2792
2773
2758
2736
2717
2695
2676
2658
2642
2626
2608
2589
2573
2561
2548
2536
2530
2517
2508
2498
2489
2483
2470
2461
2448
2433
2408
2383
2361
2342
2323
2311
2298
2286
2277
2264
2252
2242
2233
2223
2217
2211
2205
2198
2189
2183
2180
2174
2170
2170
2170
2174
2177
2180
2183
2189
2195
2202
2211
2220
2230
2242
2261
2311
2361
2411
2461
2508
2558
2608
2661
2705
2736
2764
2795
2823
2842
2861
2876
2892
2904
2923
2939
2954
2967
2976
2983
2989
2998
3004
3011
3017
3023
3029
3036
3039
3045
3048
3051
3051
3054
3054
3054
3054
3051
3051
3048
3045
3039
3036
3029
3023
3017
3007
3001
2995
2989
2983
2976
2970
2964
2958
2951
2942
2936
2929
2923
2920
2917
2914
2911
2911
2911
2911
2914
2914
2917
2917
2920
2923
2929
2936
2942
2948
2954
2961
2967
2973
2979
2983
2986
2989
2995
2998
3004
3011
3020
3029
3036
3045
3051
3057
3061
3064
3067
3067
3070
3073
3076
3082
3089
3095
3101
3107
3111
3114
3111
3107
3098
3089
3076
3061
3045
3029
3014
2992
2951
2926
2911
2904
2898
2889
2883
2879
2873
2870
2867
2867
2867
2873
2879
2889
2898
2911
2923
2933
2942
2951
2958
2964
2970
2976
2989
3001
3014
3026
3036
3045
3048
3048
3045
3042
3039
3032
3023
3014
3001
2992
2979
2923
2779
2570
2317
2017
1733
1571
1518
1583
1789
2089
2370
2492
2536
2526
2458
2420
2398
2380
2367
2355
2342
2330
2323
2311
2305
2295
2292
2286
2283
2280
2273
2270
2267
2261
2258
2252
2242
2236
2227
2217
2208
2198
2189
2180
2170
2161
2152
2142
2133
2120
2111
2099
2089
2080
2070
2061
2055
2049
2039
2030
2020
2008
1989
1967
1949
1930
1914
1902
1892
1883
1874
1867
1858
1849
1842
1833
1827
1821
1817
1821
1821
1824
1827
1830
1833
1839
1846
1855
1864
1874
1883
1917
1989
2049
2114
2189
2252
2311
2370
2427
2492
2548
2589
2636
2686
2733
2776
2814
2845
2873
2898
2911
2917
2923
2926
2933
2936
2942
2945
2951
2958
2961
2967
2970
2973
2976
2979
2979
2983
2986
2989
2995
2998
3004
3011
3017
3020
3023
3026
3029
3029
3029
3029
3026
3026
3023
3020
3017
3011
3007
3004
2998
2992
2986
2976
2970
2964
2958
2948
2939
2929
2923
2914
2908
2901
2892
2883
2873
2864
2854
2842
2833
2820
2811
2804
2795
2786
2773
2767
2758
2751
2745
2739
2733
2723
2714
2708
2701
2695
2686
2680
2673
2670
2667
2664
2658
2655
2648
2642
2636
2630
2623
2614
2608
2601
2598
2592
2583
2576
2561
2539
2489
2442
2398
2364
2333
2311
2295
2286
2277
2270
2267
2264
2261
2264
2267
2273
2283
2292
2305
2314
2323
2333
2342
2348
2352
2358
2364
2367
2373
2380
2389
2395
2402
2405
2408
2408
2411
2414
2420
2430
2442
2480
2483
2461
2398
2255
2039
1761
1458
1218
1155
1196
1477
1880
2289
2598
2705
2736
2692
2658
2636
2620
2608
2592
2576
2564
2551
2536
2520
2508
2501
2501
2498
2495
2492
2489
2489
2489
2492
2492
2492
2492
2489
2486
2483
2480
2473
2464
2458
2452
2445
2439
2433
2427
2417
2411
2402
2392
2380
2370
2364
2355
2348
2339
2330
2320
2308
2295
2283
2270
2258
2245
2230
2214
2195
2174
2152
2130
2111
2089
2067
2058
2055
2055
2052
2052
2049
2045
2045
2052
2070
2092
2114
2145
2177
2208
2255
2317
2370
2430
2489
2545
2595
2645
2692
2748
2795
2829
2870
2892
2908
2917
2926
2929
2929
2926
2920
2914
2908
2904
2901
2895
2892
2886
2879
2873
2867
2861
2851
2845
2839
2833
2829
2826
2823
2817
2811
2808
2801
2798
2792
2789
2786
2783
2779
2776
2773
2767
2764
2761
2758
2751
2748
2742
2736
2730
2723
2717
2711
2701
2692
2680
2670
2661
2651
2642
2636
2630
2623
2617
2611
2608
2605
2601
2601
2598
2598
2598
2598
2598
2598
2595
2595
2595
2592
2589
2589
2586
2586
2583
2580
2576
2576
2576
2576
2576
2576
2573
2573
2570
2567
2564
2561
2555
2548
2542
2536
2533
2526
2520
2514
2508
2498
2489
2480
2467
2448
2423
2402
2383
2364
2345
2320
2295
2280
2264
2252
2236
2227
2230
2245
2267
2289
2311
2336
2358
2377
2395
2414
2433
2452
2473
2492
2501
2511
2517
2526
2533
2542
2548
2551
2555
2555
2555
2555
2555
2551
2545
2542
2536
2530
2520
2480
2336
2086
1752
1380
1055
0930
0955
1224
1683
2174
2542
2698
2714
2630
2533
2495
2486
2483
2480
2476
2476
2473
2470
2464
2455
2448
2439
2433
2427
2417
2408
2398
2389
2383
2370
2361
2348
2339
2330
2320
2314
2305
2298
2292
2283
2277
2270
2264
2255
2248
2242
2236
2230
2223
2217
2208
2198
2189
2180
2170
2161
2152
2136
2120
2092
2061
2030
2008
1989
1974
1958
1952
1942
1939
1933
1930
1927
1920
1917
1914
1911
1911
1914
1920
1933
1945
1967
2005
2070
2114
2149
2189
2242
2305
2370
2436
2495
2536
2567
2601
2658
2705
2742
2779
2811
2839
2864
2886
2923
2979
3023
3045
3061
3070
3079
3086
3089
3092
3095
3098
3104
3107
3111
3114
3114
3114
3111
3107
3107
3101
3095
3086
3079
3070
3064
3054
3045
3026
3004
2995
2989
2983
2979
2976
2970
2967
2964
2961
2961
2958
2958
2958
2958
2961
2964
2967
2970
2970
2973
2973
2973
2973
2973
2973
2973
2976
2979
2983
2979
2970
2961
2954
2954
2951
2948
2942
2939
2936
2929
2926
2923
2917
2914
2911
2911
2911
2908
2908
2904
2904
2901
2898
2892
2889
2883
2876
2870
2864
2861
2858
2854
2851
2848
2848
2842
2839
2836
2829
2823
2814
2804
2795
2783
2770
2754
2730
2686
2651
2620
2589
2561
2545
2536
2526
2517
2511
2508
2511
2514
2520
2530
2539
2551
2570
2595
2617
2636
2642
2648
2655
2661
2664
2670
2673
2680
2683
2689
2689
2689
2689
2686
2686
2683
2676
2670
2664
2655
2645
2633
2561
2361
2077
1717
1343
1043
0937
1074
1433
1927
2386
2705
2817
2736
2623
2533
2508
2492
2480
2473
2464
2455
2448
2439
2433
2427
2420
2417
2417
2414
2411
2408
2405
2405
2402
2398
2395
2389
2386
2383
2380
2380
2373
2370
2364
2358
2348
2339
2317
2270
2239
2217
2198
2177
2149
2120
2099
2077
2058
2042
2024
2002
1980
1958
1939
1917
1896
1874
1852
1830
1814
1805
1799
1796
1792
1789
1786
1783
1783
1780
1780
1783
1786
1789
1796
1805
1814
1830
1855
1914
1970
2008
2039
2080
2139
2202
2264
2333
2389
2433
2483
2530
2583
2633
2670
2701
2733
2764
2798
2833
2861
2886
2911
2923
2929
2936
2942
2945
2948
2951
2954
2958
2961
2964
2967
2970
2973
2973
2973
2973
2970
2967
2961
2954
2948
2942
2936
2929
2923
2920
2917
2914
2914
2911
2904
2901
2895
2892
2886
2883
2879
2876
2876
2876
2876
2876
2879
2879
2879
2876
2876
2876
2873
2870
2867
2864
2864
2861
2861
2858
2854
2851
2848
2845
2839
2833
2823
2814
2804
2798
2789
2779
2770
2764
2754
2748
2739
2730
2717
2701
2689
2680
2670
2658
2648
2636
2623
2611
2598
2586
2576
2564
2551
2539
2526
2514
2501
2486
2467
2452
2433
2408
2389
2377
2367
2358
2352
2348
2342
2339
2339
2342
2348
2361
2377
2389
2408
2427
2445
2458
2467
2473
2480
2480
2483
2483
2486
2489
2492
2495
2498
2501
2501
2501
2505
2505
2505
2505
2508
2514
2530
2505
2439
2333
2161
1952
1699
1461
1333
1336
1496
1864
2289
2670
2904
2936
2851
2701
2523
2408
2367
2364
2386
2405
2427
2423
2386
2339
2295
2286
2283
2280
2280
2277
2273
2267
2264
2258
2255
2248
2245
2242
2242
2239
2239
2236
2233
2230
2223
2214
2208
2198
2192
2183
2174
2167
2161
2155
2149
2142
2133
2124
2114
2105
2095
2086
2077
2070
2061
2055
2052
2049
2045
2042
2039
2033
2030
2027
2027
2027
2027
2027
2030
2036
2042
2052
2064
2077
2099
2139
2170
2198
2230
2273
2314
2355
2395
2436
2473
2511
2564
2623
2670
2711
2745
2789
2858
2914
2951
2983
3014
3032
3042
3051
3061
3067
3076
3082
3086
3089
3089
3089
3089
3092
3092
3092
3089
3089
3089
3092
3092
3092
3076
3057
3039
3026
3017
3007
2995
2983
2973
2964
2954
2948
2942
2936
2929
2926
2926
2926
2923
2923
2923
2920
2920
2914
2911
2908
2901
2898
2895
2892
2889
2886
2886
2883
2883
2879
2876
2870
2864
2858
2848
2839
2829
2820
2811
2804
2795
2786
2776
2764
2751
2730
2708
2686
2673
2658
2645
2636
2626
2620
2614
2608
2601
2601
2598
2601
2601
2605
2605
2605
2605
2605
2605
2608
2608
2608
2611
2617
2620
2620
2605
2583
2558
2520
2473
2439
2411
2386
2367
2352
2339
2327
2317
2311
2314
2323
2342
2361
2380
2405
2427
2442
2455
2461
2467
2470
2473
2476
2476
2480
2480
2483
2483
2483
2483
2480
2476
2473
2467
2461
2455
2442
2430
2417
2389
2323
2211
2052
1833
1561
1302
1149
1146
1280
1627
2014
2345
2526
2586
2539
2452
2386
2370
2367
2361
2358
2352
2352
2348
2345
2345
2345
2345
2348
2348
2348
2345
2342
2336
2330
2320
2317
2311
2308
2305
2302
2298
2295
2292
2289
2286
2283
2277
2273
2270
2264
2261
2258
2255
2255
2252
2252
2252
2248
2248
2245
2245
2245
2245
2242
2242
2245
2245
2248
2252
2258
2264
2270
2277
2283
2286
2295
2302
2311
2330
2352
2373
2389
2402
2414
2427
2442
2461
2480
2498
2517
2542
2576
2608
2645
2680
2720
2773
2842
2917
2983
3048
3107
3161
3226
3276
3301
3320
3332
3342
3351
3357
3364
3370
3376
3382
3385
3389
3392
3389
3382
3373
3360
3348
3332
3314
3289
3261
3232
3204
3186
3170
3154
3142
3129
3120
3114
3107
3104
3101
3095
3092
3089
3082
3079
3076
3070
3064
3057
3051
3045
3036
3029
3020
3011
3001
2992
2979
2967
2954
2942
2926
2911
2895
2879
2864
2845
2826
2811
2798
2786
2776
2767
2754
2739
2726
2714
2695
2683
2673
2667
2661
2658
2651
2648
2642
2639
2633
2630
2623
2617
2614
2611
2608
2605
2598
2595
2589
2580
2573
2564
2555
2545
2536
2523
2514
2505
2495
2486
2473
2455
2420
2386
2352
2336
2323
2311
2302
2292
2286
2280
2280
2280
2280
2280
2283
2289
2298
2308
2320
2333
2348
2364
2395
2427
2455
2476
2492
2505
2517
2526
2536
2545
2551
2558
2561
2564
2570
2573
2576
2586
2601
2611
2601
2576
2498
2333
2092
1786
1461
1205
1133
1171
1452
1889
2320
2626
2723
2758
2701
2614
2539
2517
2511
2505
2501
2498
2495
2492
2486
2483
2480
2476
2473
2467
2464
2461
2458
2458
2458
2458
2458
2455
2452
2448
2448
2445
2442
2439
2433
2430
2427
2423
2420
2414
2411
2405
2398
2389
2380
2370
2352
2323
2292
2267
2245
2217
2186
2155
2124
2105
2089
2077
2064
2055
2049
2039
2030
2024
2014
2008
2002
1992
1983
1977
1974
1977
1986
1999
2017
2036
2058
2099
2130
2155
2183
2217
2252
2286
2320
2355
2398
2455
2517
2570
2614
2667
2733
2798
2858
2901
2933
2951
2964
2973
2979
2986
2995
3001
3004
3011
3014
3017
3023
3029
3039
3045
3051
3051
3048
3045
3039
3032
3029
3023
3017
3014
3011
3004
3001
3001
3001
3001
3001
3001
3001
2998
2995
2992
2989
2983
2979
2976
2973
2973
2970
2970
2967
2967
2964
2961
2958
2951
2948
2942
2936
2933
2929
2926
2923
2920
2914
2908
2898
2892
2883
2870
2842
2817
2789
2779
2773
2767
2764
2761
2758
2758
2758
2758
2758
2758
2758
2758
2758
2758
2754
2751
2748
2745
2745
2745
2745
2742
2739
2736
2733
2730
2726
2720
2714
2708
2698
2686
2658
2626
2595
2561
2514
2473
2445
2420
2402
2392
2383
2377
2370
2367
2361
2358
2355
2355
2355
2358
2364
2373
2386
2402
2414
2430
2458
2476
2480
2483
2486
2489
2492
2492
2495
2501
2505
2511
2514
2517
2514
2511
2508
2505
2498
2489
2476
2464
2452
2433
2330
2127
1858
1539
1261
1133
1149
1368
1764
2183
2517
2586
2611
2536
2483
2455
2433
2414
2402
2395
2389
2386
2380
2377
2373
2373
2377
2377
2373
2370
2367
2364
2358
2352
2342
2333
2323
2314
2308
2302
2292
2286
2280
2270
2264
2258
2248
2242
2233
2220
2205
2174
2145
2120
2105
2095
2086
2080
2077
2067
2061
2055
2049
2042
2033
2027
2017
2008
1986
1964
1942
1933
1927
1917
1908
1902
1896
1892
1889
1889
1889
1889
1892
1899
1908
1917
1927
1936
1949
1967
2014
2049
2083
2117
2149
2186
2239
2289
2345
2402
2458
2508
2561
2605
2655
2692
2714
2730
2748
2764
2773
2779
2789
2795
2798
2801
2801
2801
2795
2789
2779
2767
2758
2748
2739
2733
2726
2720
2714
2708
2701
2698
2692
2686
2680
2676
2670
2667
2664
2661
2658
2655
2651
2648
2645
2639
2633
2623
2617
2611
2601
2595
2589
2583
2580
2576
2576
2573
2570
2567
2561
2558
2551
2545
2539
2530
2526
2523
2520
2517
2514
2511
2505
2495
2486
2473
2458
2439
2420
2402
2386
2377
2367
2361
2355
2352
2348
2345
2342
2336
2333
2330
2330
2327
2327
2323
2323
2323
2323
2323
2320
2317
2314
2308
2302
2292
2273
2255
2230
2208
2189
2174
2161
2149
2139
2139
2145
2158
2170
2186
2208
2239
2267
2292
2320
2342
2364
2380
2392
2408
2423
2433
2442
2452
2458
2461
2467
2473
2476
2480
2480
2483
2483
2480
2473
2461
2452
2439
2420
2352
2192
1983
1727
1474
1349
1365
1574
1974
2461
2883
3032
3036
2892
2676
2476
2442
2433
2427
2420
2417
2417
2414
2414
2417
2417
2420
2427
2430
2433
2436
2439
2439
2442
2445
2448
2455
2458
2464
2467
2470
2470
2467
2464
2458
2452
2442
2436
2430
2420
2414
2408
2398
2386
2370
2358
2345
2333
2323
2314
2308
2302
2295
2289
2286
2280
2277
2270
2267
2264
2261
2258
2258
2261
2267
2270
2277
2283
2289
2298
2308
2314
2323
2336
2355
2377
2395
2411
2427
2458
2511
2567
2620
2673
2723
2770
2820
2873
2920
2964
3014
3054
3086
3117
3157
3217
3251
3270
3282
3292
3304
3317
3329
3339
3348
3354
3364
3370
3376
3379
3379
3376
3370
3364
3354
3345
3335
3326
3320
3310
3304
3298
3289
3282
3276
3270
3264
3257
3254
3248
3242
3236
3226
3214
3192
3176
3170
3167
3164
3164
3161
3161
3157
3157
3154
3148
3145
3139
3136
3126
3120
3111
3095
3079
3061
3039
3023
3007
2992
2976
2964
2951
2936
2920
2904
2886
2873
2858
2848
2842
2836
2833
2826
2823
2820
2820
2820
2820
2820
2820
2820
2817
2817
2814
2814
2811
2811
2808
2808
2804
2804
2801
2795
2792
2783
2764
2745
2723
2701
2680
2664
2648
2630
2614
2598
2586
2576
2570
2558
2548
2542
2542
2545
2551
2561
2576
2586
2601
2630
2655
2673
2689
2705
2717
2730
2739
2751
2764
2776
2786
2795
2804
2814
2820
2823
2823
2823
2820
2811
2801
2789
2742
2651
2505
2280
1999
1705
1471
1405
1433
1661
2017
2389
2701
2845
2895
2867
2786
2705
2686
2673
2664
2658
2648
2639
2630
2620
2614
2605
2598
2592
2586
2576
2573
2561
2551
2542
2530
2514
2498
2483
2464
2448
2430
2411
2392
2370
2348
2330
2308
2289
2273
2261
2248
2239
2233
2227
2220
2214
2205
2202
2195
2189
2183
2174
2155
2127
2095
2070
2049
2024
1999
1980
1961
1949
1939
1936
1930
1927
1927
1924
1920
1917
1914
1917
1924
1936
1955
1974
1999
2039
2064
2083
2111
2161
2223
2283
2333
2370
2405
2452
2514
2576
2626
2676
2720
2754
2779
2820
2845
2861
2870
2883
2892
2901
2908
2914
2923
2933
2945
2954
2958
2954
2942
2926
2911
2898
2883
2864
2848
2836
2826
2817
2808
2795
2786
2776
2767
2758
2745
2733
2720
2717
2714
2714
2714
2714
2714
2711
2711
2711
2708
2708
2711
2711
2714
2714
2717
2717
2720
2720
2717
2717
2714
2711
2708
2705
2701
2698
2692
2689
2686
2680
2676
2673
2670
2667
2664
2661
2658
2655
2651
2648
2645
2645
2645
2645
2642
2642
2639
2636
2633
2630
2626
2623
2623
2623
2623
2620
2620
2617
2617
2611
2608
2605
2601
2595
2592
2583
2558
2533
2511
2495
2473
2445
2430
2417
2408
2398
2392
2389
2389
2392
2395
2402
2411
2423
2436
2458
2483
2505
2530
2558
2580
2592
2595
2598
2601
2601
2605
2608
2611
2617
2623
2626
2630
2633
2636
2639
2645
2655
2670
2680
2670
2639
2548
2361
2114
1811
1483
1218
1105
1224
1546
2005
2452
2789
2886
2886
2789
2630
2570
2551
2595
2630
2648
2664
2673
2680
2680
2676
2670
2661
2648
2636
2623
2614
2608
2601
2595
2592
2586
2576
2573
2567
2564
2561
2558
2561
2561
2561
2561
2558
2555
2548
2542
2533
2520
2508
2492
2480
2467
2455
2442
2433
2417
2408
2392
2373
2348
2327
2305
2289
2273
2258
2242
2230
2214
2202
2192
2186
2180
2174
2170
2174
2180
2189
2198
2211
2227
2248
2267
2286
2305
2330
2361
2395
2442
2498
2542
2573
2601
2642
2689
2726
2758
2786
2817
2845
2876
2920
2976
3014
3036
3051
3061
3067
3073
3082
3086
3073
3042
2992
2933
2889
2839
2783
2723
2686
2667
2655
2645
2633
2623
2614
2608
2598
2589
2583
2576
2567
2558
2548
2536
2523
2508
2492
2476
2458
2442
2430
2414
2398
2386
2377
2370
2364
2355
2348
2339
2333
2336
2345
2358
2367
2373
2377
2380
2383
2389
2392
2392
2395
2402
2405
2408
2408
2408
2408
2408
2408
2408
2411
2414
2414
2417
2423
2430
2433
2436
2439
2442
2445
2445
2445
2445
2448
2448
2452
2452
2455
2458
2461
2461
2464
2464
2464
2461
2455
2448
2445
2439
2430
2427
2420
2417
2411
2408
2402
2389
2373
2364
2361
2367
2380
2395
2408
2423
2439
2455
2467
2483
2495
2511
2530
2548
2570
2586
2605
2623
2639
2651
2664
2673
2686
2701
2714
2736
2770
2823
2858
2879
2898
2917
2933
2948
2961
2961
2951
2929
2870
2758
2564
2314
2033
1789
1680
1758
2027
2445
2864
3201
3379
3398
3307
3201
3120
3089
3092
3126
3151
3176
3195
3192
3170
3145
3126
3117
3104
3095
3086
3076
3070
3064
3057
3048
3039
3014
2967
2926
2876
2823
2770
