1806
1808
1809
1811
1813
1814
1816
1819
1833
1850
1863
1873
1882
1892
1902
1913
1925
1937
1949
1963
1976
1991
2004
2014
2025
2037
2051
2066
2083
2098
2113
2130
2151
2173
2191
2204
2216
2230
2242
2251
2259
2266
2272
2276
2277
2276
2272
2266
2259
2250
2235
2209
2187
2155
2119
2087
2049
2011
1968
1920
1878
1838
1806
1780
1749
1722
1702
1683
1675
1670
1666
1663
1661
1660
1657
1656
1655
1655
1655
1657
1660
1662
1667
1671
1676
1681
1685
1688
1691
1692
1694
1696
1697
1698
1699
1699
1701
1702
1703
1704
1704
1706
1707
1708
1709
1709
1710
1710
1710
1712
1712
1712
1712
1712
1712
1712
1712
1712
1712
1712
1710
1710
1709
1708
1707
1707
1706
1704
1704
1704
1703
1703
1704
1704
1704
1704
1704
1706
1706
1706
1706
1707
1707
1707
1708
1708
1708
1708
1708
1708
1709
1709
1710
1710
1712
1712
1712
1713
1713
1713
1712
1712
1712
1712
1713
1713
1713
1714
1714
1715
1715
1715
1715
1715
1715
1717
1717
1718
1720
1723
1727
1730
1735
1740
1746
1753
1764
1776
1786
1796
1805
1817
1833
1842
1848
1852
1854
1856
1859
1860
1860
1856
1852
1844
1835
1826
1808
1793
1779
1762
1743
1723
1703
1683
1663
1655
1651
1646
1641
1636
1633
1631
1630
1630
1631
1631
1634
1636
1641
1646
1652
1680
1774
1917
2106
2338
2598
2871
3125
3315
3393
3392
3305
3130
2898
2643
2388
2147
1942
1788
1704
1678
1662
1655
1650
1647
1645
1644
1641
1640
1639
1639
1639
1639
1639
1638
1638
1640
1642
1646
1650
1655
1660
1666
1671
1677
1686
1697
1706
1714
1722
1730
1738
1745
1754
1761
1769
1775
1782
1791
1800
1809
1822
1835
1847
1856
1866
1876
1886
1896
1910
1926
1941
1954
1968
1981
1998
2014
2030
2043
2057
2071
2083
2095
2108
2116
2121
2125
2127
2129
2132
2134
2136
2136
2131
2121
2109
2085
2048
2015
1980
1944
1908
1876
1842
1806
1774
1746
1725
1703
1685
1668
1652
1635
1620
1607
1597
1592
1588
1586
1584
1583
1582
1581
1581
1579
1578
1578
1577
1578
1579
1582
1587
1590
1595
1602
1607
1612
1615
1618
1619
1620
1621
1624
1625
1626
1628
1629
1630
1631
1633
1633
1634
1635
1636
1638
1639
1640
1641
1641
1642
1644
1645
1646
1646
1646
1646
1647
1649
1650
1651
1651
1652
1654
1654
1655
1655
1656
1657
1657
1659
1659
1659
1660
1661
1661
1662
1662
1662
1663
1663
1663
1662
1662
1662
1661
1661
1660
1660
1659
1659
1659
1659
1659
1659
1660
1661
1662
1665
1667
1670
1672
1676
1680
1683
1687
1693
1702
1714
1725
1734
1743
1751
1760
1771
1782
1795
1806
1813
1819
1824
1829
1832
1834
1835
1835
1834
1832
1827
1821
1813
1803
1793
1775
1756
1736
1717
1694
1688
1688
1687
1687
1687
1687
1686
1685
1683
1682
1681
1680
1678
1677
1673
1667
1657
1672
1717
1803
1949
2160
2442
2772
3128
3462
3715
3826
3752
3488
3078
2607
2179
1868
1728
1681
1686
1689
1692
1694
1696
1696
1694
1692
1689
1689
1689
1688
1686
1683
1681
1681
1683
1689
1696
1703
1710
1719
1729
1740
1751
1760
1769
1777
1786
1796
1803
1812
1821
1827
1833
1838
1844
1850
1856
1863
1869
1878
1890
1907
1925
1939
1952
1962
1972
1980
1989
1998
2009
2021
2037
2053
2074
2098
2120
2137
2151
2163
2176
2188
2195
2202
2208
2213
2216
2219
2219
2216
2214
2208
2200
2192
2172
2139
2109
2079
2049
2016
1976
1938
1900
1865
1839
1819
1798
1775
1753
1738
1730
1727
1723
1719
1715
1713
1712
1710
1710
1712
1715
1720
1725
1732
1738
1743
1748
1751
1754
1758
1760
1762
1765
1769
1771
1775
1777
1780
1783
1785
1787
1788
1791
1792
1792
1793
1793
1793
1795
1795
1795
1795
1795
1795
1795
1795
1793
1792
1791
1790
1788
1787
1786
1786
1786
1786
1786
1786
1785
1783
1782
1781
1781
1780
1780
1780
1781
1781
1782
1782
1782
1782
1781
1780
1779
1779
1777
1776
1776
1775
1774
1772
1771
1770
1767
1766
1765
1764
1764
1765
1766
1769
1771
1774
1776
1777
1779
1781
1782
1783
1786
1788
1792
1796
1798
1802
1806
1811
1814
1821
1828
1838
1848
1858
1866
1876
1889
1905
1915
1921
1926
1929
1933
1936
1938
1938
1936
1929
1922
1913
1903
1891
1878
1864
1850
1833
1811
1787
1765
1748
1734
1724
1719
1715
1713
1709
1707
1703
1699
1697
1694
1691
1688
1685
1680
1671
1659
1680
1741
1856
2033
2283
2598
2950
3304
3612
3794
3807
3699
3378
2945
2499
2119
1868
1777
1750
1729
1712
1698
1685
1667
1645
1635
1631
1630
1628
1624
1620
1619
1619
1618
1618
1619
1623
1629
1635
1641
1649
1655
1662
1670
1677
1686
1692
1698
1704
1710
1717
1723
1729
1734
1740
1746
1753
1760
1770
1781
1793
1806
1821
1832
1842
1852
1859
1866
1873
1879
1885
1890
1895
1899
1903
1908
1913
1920
1927
1936
1944
1954
1965
1975
1980
1985
1990
1994
1999
2004
2006
2007
2005
1998
1988
1975
1958
1929
1906
1876
1840
1807
1770
1736
1712
1687
1665
1645
1634
1626
1623
1620
1616
1614
1613
1612
1609
1609
1609
1609
1609
1612
1615
1619
1624
1630
1635
1640
1644
1649
1651
1654
1655
1657
1661
1663
1666
1670
1672
1673
1676
1677
1678
1680
1681
1682
1683
1685
1687
1688
1689
1691
1692
1693
1693
1694
1694
1694
1694
1694
1694
1696
1696
1696
1697
1697
1698
1698
1699
1699
1701
1702
1703
1706
1707
1708
1709
1710
1712
1714
1714
1715
1715
1715
1715
1715
1715
1714
1714
1713
1712
1710
1709
1708
1707
1706
1704
1704
1703
1702
1701
1701
1701
1701
1701
1702
1702
1703
1704
1707
1708
1710
1713
1715
1718
1722
1724
1729
1735
1743
1751
1760
1771
1788
1803
1817
1828
1835
1843
1848
1853
1856
1860
1861
1861
1863
1861
1859
1854
1849
1842
1832
1822
1807
1777
1755
1735
1718
1707
1699
1696
1693
1689
1687
1683
1680
1677
1677
1676
1677
1678
1681
1686
1691
1697
1707
1719
1767
1891
2084
2346
2673
3035
3393
3692
3852
3857
3713
3370
2922
2460
2079
1829
1766
1748
1736
1725
1714
1706
1698
1693
1688
1685
1680
1680
1678
1677
1675
1672
1672
1675
1680
1685
1691
1697
1703
1709
1715
1723
1732
1740
1748
1756
1764
1771
1780
1790
1801
1812
1823
1833
1843
1853
1861
1871
1880
1890
1899
1908
1918
1929
1942
1951
1959
1967
1975
1984
1995
2007
2021
2040
2063
2087
2108
2125
2142
2158
2169
2177
2183
2188
2191
2194
2195
2195
2194
2192
2188
2182
2174
2166
2146
2113
2085
2052
2012
1972
1929
1891
1856
1822
1790
1756
1729
1709
1694
1688
1685
1682
1680
1677
1676
1675
1673
1672
1671
1671
1671
1671
1672
1673
1676
1678
1682
1685
1687
1691
1693
1697
1699
1703
1706
1709
1713
1717
1720
1724
1728
1732
1735
1738
1741
1746
1751
1758
1766
1775
1783
1790
1795
1798
1800
1801
1802
1803
1805
1806
1806
1808
1809
1811
1811
1812
1812
1812
1811
1811
1811
1811
1811
1809
1809
1809
1809
1809
1808
1808
1808
1807
1806
1805
1803
1801
1800
1798
1798
1796
1795
1793
1792
1792
1791
1790
1790
1788
1788
1788
1790
1790
1791
1792
1793
1795
1797
1798
1801
1803
1806
1808
1812
1814
1818
1822
1830
1840
1850
1861
1873
1880
1886
1892
1897
1901
1905
1906
1907
1908
1907
1907
1905
1902
1899
1894
1887
1875
1850
1827
1798
1775
1756
1734
1723
1717
1713
1708
1706
1702
1699
1696
1694
1692
1691
1688
1687
1686
1682
1675
1677
1698
1751
1858
2026
2265
2568
2918
3274
3581
3752
3759
3623
3269
2808
2341
1948
1693
1595
1588
1625
1646
1657
1665
1646
1635
1630
1626
1621
1619
1616
1614
1612
1609
1609
1609
1609
1612
1614
1618
1621
1626
1630
1635
1640
1646
1657
1671
1681
1689
1698
1706
1713
1719
1727
1732
1738
1744
1750
1756
1761
1767
1772
1779
1786
1793
1802
1812
1823
1839
1859
1874
1887
1902
1921
1938
1953
1965
1976
1989
2004
2022
2037
2048
2057
2062
2067
2071
2075
2079
2080
2080
2078
2072
2063
2048
2025
2004
1978
1947
1913
1876
1839
1802
1770
1738
1709
1683
1655
1634
1620
1615
1613
1612
1610
1610
1609
1609
1609
1609
1609
1609
1609
1610
1612
1614
1616
1620
1623
1626
1629
1631
1634
1636
1639
1641
1645
1647
1651
1655
1657
1661
1663
1665
1667
1668
1670
1672
1675
1677
1681
1685
1688
1691
1693
1694
1694
1693
1691
1687
1682
1677
1671
1666
1661
1651
1633
1623
1620
1618
1615
1613
1610
1609
1608
1605
1605
1605
1605
1607
1608
1610
1613
1615
1619
1621
1625
1640
1681
1738
1798
1855
1911
1962
2015
2072
2124
2136
2137
2139
2139
2134
2125
2118
2110
2103
2092
2080
2074
2069
2066
2063
2061
2058
2057
2056
2054
2054
2053
2052
2051
2049
2048
2047
2047
2046
2046
2045
2043
2042
2040
2037
2035
2023
1998
1979
1967
1955
1944
1926
1900
1871
1844
1822
1806
1788
1780
1774
1770
1766
1762
1759
1755
1753
1750
1748
1745
1741
1733
1715
1703
1696
1701
1727
1795
1921
2114
2377
2698
3050
3393
3674
3806
3800
3632
3277
2830
2380
2019
1795
1734
1715
1703
1691
1681
1663
1634
1609
1593
1586
1582
1581
1581
1578
1576
1574
1573
1573
1573
1574
1577
1581
1586
1592
1598
1605
1620
1633
1645
1654
1660
1665
1668
1673
1677
1681
1683
1688
1694
1703
1713
1723
1733
1741
1753
1764
1772
1780
1787
1795
1800
1807
1818
1835
1853
1871
1890
1907
1925
1942
1960
1974
1985
1995
2005
2014
2022
2030
2037
2042
2046
2048
2052
2057
2059
2059
2053
2042
2025
1996
1965
1933
1896
1861
1829
1798
1770
1739
1710
1692
1675
1657
1641
1631
1626
1624
1621
1619
1616
1615
1614
1613
1613
1613
1614
1616
1621
1626
1631
1636
1641
1646
1651
1655
1659
1662
1666
1671
1675
1678
1682
1686
1689
1692
1694
1697
1698
1701
1703
1706
1707
1709
1710
1712
1712
1713
1714
1714
1715
1715
1717
1717
1717
1717
1717
1717
1717
1717
1717
1717
1717
1715
1715
1715
1715
1715
1717
1717
1718
1718
1719
1720
1722
1722
1722
1723
1723
1723
1723
1724
1724
1725
1727
1728
1729
1730
1732
1733
1734
1734
1735
1735
1736
1736
1738
1738
1739
1740
1741
1741
1743
1744
1746
1749
1753
1756
1761
1767
1775
1783
1793
1805
1818
1829
1839
1852
1864
1873
1876
1879
1880
1881
1882
1884
1885
1885
1885
1885
1882
1878
1871
1864
1855
1840
1816
1795
1772
1750
1732
1718
1707
1698
1692
1686
1681
1676
1671
1668
1666
1663
1663
1663
1665
1668
1675
1683
1694
1735
1838
2001
2230
2525
2865
3217
3530
3746
3804
3668
3348
2901
2429
2028
1759
1688
1668
1655
1645
1640
1635
1631
1629
1626
1625
1623
1623
1621
1620
1616
1615
1614
1614
1616
1619
1623
1628
1635
1642
1650
1659
1670
1681
1691
1698
1706
1712
1719
1727
1734
1743
1753
1762
1770
1777
1783
1791
1797
1802
1808
1816
1824
1834
1845
1856
1869
1881
1896
1911
1926
1944
1965
1986
2005
2020
2036
2052
2064
2075
2085
2094
2101
2109
2114
2119
2124
2127
2130
2131
2130
2127
2122
2116
2108
2092
2061
2032
2002
1972
1939
1910
1887
1860
1834
1809
1787
1770
1754
1745
1741
1738
1736
1734
1732
1730
1729
1729
1733
1740
1746
1754
1758
1760
1765
1767
1770
1772
1774
1776
1777
1780
1782
1783
1785
1787
1787
1788
1790
1791
1792
1792
1793
1795
1796
1796
1797
1798
1800
1801
1801
1802
1803
1803
1805
1806
1807
1808
1808
1809
1811
1811
1812
1812
1812
1812
1812
1811
1811
1811
1809
1809
1809
1809
1809
1811
1811
1811
1812
1812
1812
1813
1813
1813
1813
1813
1814
1816
1816
1817
1817
1818
1818
1818
1819
1819
1819
1821
1821
1822
1824
1826
1828
1832
1837
1840
1845
1852
1858
1864
1871
1880
1889
1900
1911
1918
1921
1923
1926
1927
1928
1931
1932
1933
1933
1932
1928
1922
1915
1905
1890
1865
1842
1821
1803
1788
1771
1762
1756
1751
1746
1741
1738
1734
1732
1730
1728
1727
1725
1724
1723
1719
1712
1717
1745
1817
1939
2122
2367
2673
3021
3366
3645
3753
3733
3520
3126
2651
2205
1854
1652
1610
1618
1649
1665
1671
1667
1662
1660
1659
1656
1655
1654
1652
1651
1649
1647
1649
1651
1655
1660
1665
1671
1676
1681
1687
1692
1699
1708
1717
1725
1732
1736
1741
1745
1750
1756
1761
1767
1775
1782
1792
1800
1808
1816
1824
1832
1840
1847
1854
1863
1873
1885
1897
1911
1923
1936
1947
1958
1969
1979
1988
1998
2007
2017
2026
2033
2040
2045
2049
2054
2058
2061
2062
2061
2057
2052
2045
2033
2014
1980
1953
1921
1884
1847
1808
1771
1740
1718
1694
1675
1656
1646
1641
1639
1636
1636
1635
1634
1634
1634
1633
1633
1633
1633
1634
1635
1636
1638
1639
1641
1642
1645
1646
1647
1649
1650
1651
1651
1651
1652
1652
1652
1652
1652
1654
1654
1655
1655
1656
1656
1656
1656
1657
1657
1659
1659
1659
1660
1660
1660
1659
1659
1659
1659
1659
1659
1659
1660
1661
1662
1663
1665
1666
1666
1667
1668
1671
1673
1676
1678
1682
1686
1688
1691
1693
1696
1697
1699
1701
1702
1703
1704
1706
1707
1708
1709
1710
1713
1714
1717
1718
1720
1723
1724
1725
1728
1729
1732
1735
1739
1743
1749
1758
1769
1781
1793
1805
1816
1827
1835
1843
1852
1860
1871
1881
1891
1900
1905
1910
1913
1916
1920
1921
1922
1922
1920
1917
1913
1907
1900
1889
1869
1845
1823
1801
1776
1764
1758
1754
1751
1748
1745
1741
1736
1733
1729
1725
1723
1719
1715
1709
1696
1694
1709
1744
1832
1981
2198
2481
2814
3163
3486
3728
3842
3788
3553
3173
2725
2304
1989
1808
1761
1746
1734
1717
1697
1671
1642
1634
1630
1628
1626
1625
1623
1621
1621
1621
1624
1628
1633
1639
1645
1651
1659
1667
1676
1685
1692
1699
1707
1715
1724
1733
1741
1749
1756
1764
1771
1777
1785
1792
1798
1807
1818
1833
1847
1861
1875
1890
1902
1913
1926
1937
1951
1964
1979
1994
2007
2022
2037
2053
2067
2079
2089
2098
2106
2115
2122
2131
2137
2142
2148
2153
2156
2156
2153
2150
2143
2136
2121
2093
2063
2031
1995
1959
1922
1885
1849
1816
1786
1758
1733
1708
1698
1696
1693
1691
1688
1687
1686
1685
1683
1682
1682
1683
1685
1687
1689
1692
1694
1697
1699
1701
1703
1704
1707
1708
1709
1710
1712
1712
1713
1714
1714
1715
1715
1715
1714
1714
1713
1712
1712
1710
1709
1709
1709
1708
1709
1709
1709
1709
1709
1709
1709
1710
1710
1712
1713
1713
1713
1713
1713
1713
1713
1713
1712
1712
1712
1713
1714
1715
1717
1718
1718
1719
1719
1719
1719
1719
1719
1719
1720
1720
1723
1724
1725
1728
1729
1730
1732
1733
1734
1735
1738
1740
1743
1745
1749
1753
1755
1759
1762
1765
1769
1771
1775
1779
1783
1790
1798
1814
1828
1839
1853
1868
1887
1897
1905
1910
1915
1917
1918
1920
1918
1917
1915
1911
1907
1901
1892
1876
1860
1839
1813
1791
1774
1754
1744
1739
1735
1733
1729
1725
1723
1719
1718
1715
1714
1712
1710
1708
1704
1697
1698
1722
1782
1889
2053
2282
2572
2906
3253
3571
3800
3884
3786
3508
3099
2645
2239
1947
1787
1765
1759
1751
1740
1727
1715
1704
1696
1692
1691
1689
1688
1686
1683
1682
1681
1681
1685
1689
1696
1702
1708
1715
1723
1732
1739
1746
1754
1760
1766
1772
1779
1785
1790
1795
1798
1803
1809
1817
1824
1832
1842
1852
1865
1879
1891
1905
1918
1932
1944
1958
1972
1984
1998
2011
2026
2038
2051
2062
2072
2082
2092
2101
2113
2125
2139
2155
2165
2173
2179
2186
2187
2186
2183
2178
2172
2160
2136
2110
2082
2049
2015
1976
1941
1907
1876
1847
1816
1791
1771
1748
1729
1715
1704
1697
1692
1688
1687
1685
1683
1682
1681
1680
1681
1681
1682
1685
1686
1687
1689
1691
1693
1693
1694
1694
1696
1694
1694
1693
1692
1691
1688
1686
1683
1680
1677
1673
1671
1668
1665
1662
1660
1656
1655
1652
1651
1650
1649
1647
1647
1647
1647
1647
1647
1647
1647
1647
1647
1649
1649
1650
1650
1651
1652
1654
1656
1657
1657
1659
1659
1659
1660
1660
1661
1661
1661
1661
1661
1661
1661
1661
1662
1662
1662
1663
1663
1665
1666
1668
1670
1672
1675
1676
1680
1682
1686
1689
1694
1701
1710
1722
1736
1754
1774
1791
1805
1814
1824
1833
1840
1844
1849
1852
1855
1858
1859
1860
1859
1856
1853
1847
1839
1832
1822
1805
1788
1771
1758
1745
1735
1729
1725
1723
1720
1719
1715
1712
1709
1706
1704
1704
1703
1704
1704
1707
1709
1712
1717
1733
1813
1948
2152
2421
2748
3102
3438
3691
3806
3731
3459
3043
2570
2140
1827
1692
1646
1666
1687
1702
1709
1703
1693
1688
1685
1683
1681
1678
1676
1673
1673
1675
1678
1683
1689
1697
1704
1712
1723
1735
1745
1755
1764
1771
1779
1783
1790
1795
1798
1802
1807
1812
1817
1821
1826
1830
1835
1842
1848
1854
1864
1879
1895
1911
1929
1947
1962
1974
1986
1999
2012
2026
2041
2054
2068
2080
2094
2108
2121
2137
2146
2153
2160
2165
2168
2171
2172
2172
2171
2169
2166
2161
2155
2147
2130
2095
2058
2021
1984
1948
1915
1880
1848
1812
1782
1760
1736
1729
1727
1723
1720
1717
1714
1712
1709
1707
1704
1703
1703
1704
1704
1706
1708
1709
1710
1712
1713
1714
1715
1717
1718
1719
1720
1722
1723
1724
1724
1725
1725
1725
1725
1724
1724
1724
1724
1724
1724
1724
1724
1723
1723
1722
1722
1720
1719
1719
1719
1719
1719
1719
1719
1719
1718
1718
1717
1717
1715
1715
1715
1715
1717
1717
1717
1717
1717
1717
1715
1715
1715
1714
1714
1714
1713
1713
1714
1719
1722
1723
1724
1725
1727
1727
1728
1729
1730
1732
1733
1735
1738
1741
1745
1750
1755
1760
1767
1781
1795
1805
1816
1827
1835
1844
1852
1859
1865
1869
1873
1878
1881
1884
1886
1887
1887
1887
1885
1881
1876
1869
1861
1853
1840
1813
1788
1771
1758
1748
1740
1736
1733
1730
1728
1724
1719
1715
1712
1710
1709
1708
1709
1713
1718
1727
1738
1754
1812
1942
2132
2388
2698
3040
3376
3655
3791
3789
3633
3288
2854
2414
2056
1818
1755
1738
1724
1713
1707
1701
1694
1691
1688
1685
1683
1683
1680
1676
1672
1670
1668
1667
1668
1671
1675
1680
1685
1691
1697
1703
1710
1717
1724
1732
1739
1746
1754
1761
1769
1776
1783
1791
1798
1803
1808
1814
1821
1829
1844
1858
1870
1882
1892
1902
1915
1926
1937
1947
1955
1967
1976
1988
2001
2019
2036
2052
2066
2077
2087
2096
2105
2114
2120
2125
2130
2135
2139
2140
2139
2134
2127
2118
2105
2080
2038
2000
1963
1928
1892
1855
1819
1791
1769
1745
1736
1733
1730
1727
1724
1722
1719
1718
1717
1715
1714
1714
1715
1715
1718
1719
1720
1723
1725
1728
1729
1732
1733
1734
1735
1735
1735
1734
1734
1734
1733
1733
1732
1730
1730
1730
1730
1729
1729
1728
1727
1725
1725
1724
1724
1724
1723
1723
1722
1722
1722
1722
1720
1719
1717
1714
1712
1709
1707
1706
1704
1704
1703
1703
1703
1702
1702
1701
1699
1697
1696
1696
1696
1697
1697
1698
1699
1701
1702
1702
1703
1702
1702
1699
1698
1697
1696
1694
1694
1694
1694
1694
1694
1694
1694
1696
1697
1698
1701
1703
1706
1709
1713
1718
1723
1729
1743
1758
1770
1781
1792
1802
1813
1821
1827
1832
1834
1838
1840
1842
1843
1844
1844
1844
1842
1838
1834
1828
1822
1814
1802
1780
1756
1735
1717
1704
1696
1691
1688
1686
1685
1681
1678
1676
1673
1671
1668
1667
1665
1662
1660
1654
1644
1663
1722
1832
2001
2236
2529
2867
3215
3530
3756
3837
3734
3456
3053
2607
2209
1925
1766
1727
1714
1707
1696
1685
1673
1655
1633
1626
1623
1619
1616
1614
1614
1616
1623
1629
1634
1638
1642
1647
1652
1657
1663
1668
1675
1682
1689
1701
1712
1722
1732
1740
1749
1755
1760
1765
1771
1776
1780
1785
1791
1801
1818
1838
1859
1880
1899
1918
1937
1954
1967
1975
1985
1995
2006
2021
2041
2059
2077
2096
2116
2132
2143
2155
2166
2174
2182
2188
2194
2198
2200
2200
2199
2194
2188
2179
2165
2136
2106
2082
2043
2004
1974
1938
1907
1880
1855
1835
1813
1796
1782
1774
1770
1769
1767
1766
1765
1764
1762
1762
1761
1761
1762
1764
1765
1766
1769
1770
1771
1772
1774
1775
1775
1775
1775
1775
1775
1776
1776
1777
1777
1777
1774
1769
1764
1761
1760
1758
1756
1754
1753
1751
1750
1749
1746
1745
1743
1741
1740
1739
1738
1736
1735
1734
1733
1732
1729
1727
1724
1722
1720
1720
1720
1723
1727
1730
1735
1738
1740
1743
1744
1746
1746
1748
1749
1749
1750
1750
1750
1750
1750
1750
1751
1751
1753
1753
1754
1754
1754
1755
1755
1755
1756
1756
1758
1759
1760
1761
1762
1765
1767
1770
1772
1776
1782
1798
1809
1818
1828
1839
1848
1858
1864
1869
1873
1875
1878
1879
1879
1876
1874
1870
1866
1860
1850
1834
1818
1797
1772
1749
1725
1707
1693
1680
1673
1671
1667
1665
1662
1660
1659
1656
1654
1652
1651
1650
1650
1647
1641
1644
1683
1771
1912
2119
2392
2719
3066
3391
3634
3734
3650
3383
2971
2506
2075
1769
1614
1586
1602
1639
1652
1651
1635
1618
1600
1598
1597
1597
1597
1597
1595
1594
1593
1594
1595
1598
1602
1605
1610
1615
1623
1630
1640
1649
1660
1671
1683
1694
1706
1715
1723
1730
1736
1743
1749
1756
1764
1771
1781
1791
1800
1809
1819
1828
1839
1849
1859
1869
1880
1891
1903
1918
1936
1953
1970
1988
2005
2023
2038
2051
2062
2072
2082
2093
2105
2115
2121
2125
2129
2131
2130
2126
2118
2106
2085
2054
2028
2000
1969
1936
1899
1863
1829
1798
1774
1744
1720
1706
1694
1686
1681
1676
1672
1668
1666
1663
1662
1662
1662
1662
1665
1668
1672
1676
1680
1683
1687
1689
1692
1693
1696
1697
1699
1701
1703
1704
1707
1708
1708
1708
1709
1709
1709
1710
1710
1712
1713
1714
1717
1718
1720
1722
1723
1724
1725
1727
1728
1728
1729
1729
1730
1730
1730
1730
1730
1730
1732
1732
1733
1733
1734
1735
1735
1736
1738
1740
1741
1743
1745
1748
1750
1751
1754
1755
1758
1759
1759
1760
1760
1760
1760
1760
1760
1760
1761
1762
1765
1766
1767
1769
1770
1772
1776
1780
1785
1791
1798
1811
1824
1837
1849
1855
1861
1865
1870
1873
1875
1878
1879
1879
1879
1879
1878
1874
1870
1865
1860
1854
1845
1834
1811
1788
1771
1758
1746
1736
1728
1722
1717
1713
1708
1706
1703
1701
1698
1697
1696
1694
1693
1692
1687
1682
1703
1764
1870
2037
2266
2559
2896
3237
3533
3695
3701
3567
3225
2783
2336
1968
1732
1659
1633
1644
1651
1655
1660
1662
1662
1661
1657
1655
1654
1652
1649
1646
1644
1642
1645
1650
1657
1663
1671
1681
1691
1699
1707
1714
1720
1727
1732
1736
1743
1749
1754
1761
1769
1776
1785
1793
1801
1809
1818
1829
1839
1850
1861
1874
1889
1902
1915
1928
1941
1953
1967
1979
1991
2005
2019
2031
2045
2058
2071
2084
2098
2110
2122
2134
2143
2152
2158
2163
2168
2174
2178
2179
2177
2168
2156
2134
2099
2067
2028
1984
1941
1899
1856
1823
1798
1775
1751
1729
1712
1707
1704
1703
1701
1699
1698
1697
1696
1694
1693
1693
1693
1693
1694
1696
1698
1699
1702
1704
1706
1708
1709
1709
1710
1712
1713
1714
1715
1718
1720
1723
1725
1727
1729
1732
1733
1733
1734
1734
1735
1735
1736
1738
1740
1741
1743
1743
1744
1744
1744
1744
1743
1743
1743
1743
1743
1743
1744
1745
1745
1746
1746
1745
1745
1744
1741
1740
1739
1738
1736
1735
1735
1734
1734
1732
1729
1727
1724
1722
1719
1718
1715
1713
1712
1710
1709
1709
1709
1709
1709
1709
1709
1710
1712
1713
1715
1718
1722
1725
1729
1733
1736
1740
1745
1754
1762
1771
1780
1788
1798
1808
1823
1834
1839
1843
1845
1848
1849
1852
1853
1854
1854
1855
1854
1852
1847
1840
1833
1824
1813
1798
1766
1735
1720
1712
1704
1698
1693
1689
1686
1683
1681
1680
1678
1678
1677
1676
1675
1673
1670
1667
1680
1709
1786
1915
2110
2370
2688
3034
3372
3648
3775
3769
3607
3259
2831
2411
2074
1866
1775
1743
1723
1707
1699
1693
1689
1686
1682
1680
1677
1676
1676
1675
1675
1676
1678
1682
1686
1689
1693
1698
1703
1709
1715
1722
1732
1740
1750
1758
1764
1769
1774
1779
1783
1790
1795
1800
1807
1814
1823
1833
1845
1860
1873
1886
1902
1921
1934
1947
1958
1970
1984
2001
2015
2025
2035
2046
2058
2069
2082
2094
2106
2118
2127
2137
2143
2150
2156
2161
2165
2167
2166
2163
2157
2151
2141
2129
2111
2078
2052
2019
1981
1946
1908
1876
1852
1828
1806
1785
1754
1740
1733
1727
1720
1715
1712
1709
1707
1706
1704
1703
1702
1701
1699
1698
1697
1696
1696
1696
1696
1697
1697
1697
1698
1698
1699
1699
1699
1701
1701
1702
1703
1704
1706
1707
1708
1709
1709
1709
1709
1709
1709
1709
1708
1708
1707
1707
1706
1704
1703
1701
1698
1697
1696
1694
1693
1693
1692
1693
1693
1693
1693
1693
1693
1693
1694
1694
1696
1696
1697
1699
1701
1703
1704
1706
1707
1707
1708
1708
1708
1708
1708
1707
1708
1708
1708
1709
1709
1710
1710
1710
1712
1712
1713
1713
1714
1715
1717
1718
1722
1724
1728
1732
1738
1744
1751
1761
1771
1782
1793
1806
1818
1828
1835
1843
1848
1853
1856
1861
1864
1865
1865
1863
1859
1853
1845
1835
1824
1806
1788
1771
1753
1735
1719
1706
1699
1694
1691
1688
1685
1681
1677
1675
1672
1671
1668
1667
1666
1663
1661
1652
1640
1657
1708
1812
1976
2209
2506
2847
3195
3504
3718
3780
3663
3374
2958
2507
2108
1824
1709
1670
1677
1687
1696
1693
1676
1666
1661
1656
1651
1650
1649
1647
1646
1647
1650
1655
1660
1666
1672
1677
1683
1689
1694
1701
1706
1712
1717
1722
1727
1733
1739
1748
1756
1766
1775
1785
1795
1803
1816
1827
1837
1845
1855
1864
1874
1882
1894
1903
1915
1928
1946
1963
1980
1995
2009
2021
2035
2047
2061
2074
2087
2099
2109
2119
2130
2139
2142
2145
2147
2150
2152
2155
2156
2152
2145
2132
2110
2077
2047
2015
1981
1949
1920
1887
1853
1821
1791
1762
1743
1729
1719
1712
1709
1707
1706
1704
1703
1702
1701
1699
1698
1697
1697
1698
1699
1701
1703
1704
1706
1708
1709
1710
1710
1712
1712
1710
1710
1709
1709
1709
1709
1710
1710
1710
1710
1710
1709
1708
1707
1704
1703
1701
1701
1699
1701
1701
1702
1703
1704
1706
1707
1707
1708
1708
1708
1708
1708
1709
1709
1710
1710
1710
1710
1710
1709
1709
1709
1708
1708
1708
1708
1708
1709
1709
1710
1710
1712
1712
1713
1713
1714
1715
1717
1719
1720
1723
1724
1727
1728
1729
1732
1733
1734
1735
1738
1740
1743
1746
1751
1758
1767
1779
1787
1797
1808
1824
1844
1854
1860
1865
1869
1873
1874
1875
1874
1871
1868
1864
1858
1850
1842
1826
1812
1801
1787
1770
1753
1740
1732
1725
1723
1720
1718
1715
1712
1708
1706
1706
1704
1704
1704
1706
1708
1713
1722
1733
1746
1801
1929
2124
2387
2703
3048
3373
3619
3730
3650
3373
2956
2485
2057
1755
1623
1603
1633
1681
1697
1703
1697
1688
1683
1680
1677
1675
1673
1672
1671
1671
1671
1673
1676
1681
1686
1689
1694
1701
1708
1715
1722
1728
1735
1745
1761
1776
1788
1798
1805
1812
1818
1823
1828
1832
1835
1840
1847
1853
1861
1871
1886
1899
1908
1918
1926
1934
1943
1953
1965
1981
2001
2021
2040
2059
2079
2099
2115
2129
2139
2146
2152
2157
2160
2163
2167
2169
2171
2169
2167
2163
2156
2146
2127
2098
2074
2046
2014
1983
1934
1889
1863
1835
1808
1786
1769
1748
1732
1718
1708
1701
1693
1691
1688
1686
1685
1682
1681
1680
1678
1678
1678
1677
1678
1680
1682
1685
1688
1691
1693
1696
1698
1699
1701
1702
1702
1702
1703
1704
1704
1706
1707
1707
1708
1708
1708
1708
1707
1707
1706
1706
1707
1707
1708
1709
1710
1712
1713
1713
1714
1714
1714
1714
1714
1715
1715
1717
1718
1718
1719
1720
1720
1719
1718
1717
1715
1714
1713
1713
1713
1713
1714
1714
1714
1715
1715
1714
1714
1714
1713
1713
1713
1713
1715
1717
1719
1722
1724
1727
1729
1733
1736
1740
1744
1749
1755
1762
1771
1779
1786
1793
1802
1814
1827
1842
1849
1854
1859
1863
1866
1869
1870
1869
1869
1866
1864
1859
1853
1845
1834
1813
1798
1776
1748
1727
1713
1707
1704
1702
1701
1699
1698
1697
1696
1694
1692
1691
1688
1686
1683
1680
1672
1661
1675
1717
1809
1958
2173
2452
2776
3117
3431
3666
3763
3689
3439
3053
2612
2205
1897
1720
1687
1676
1680
1685
1688
1686
1668
1659
1651
1645
1640
1638
1636
1636
1639
1642
1649
1654
1657
1663
1668
1675
1680
1685
1691
1696
1702
1712
1725
1738
1749
1760
1771
1782
1792
1800
1808
1816
1824
1832
1839
1845
1853
1859
1868
1876
1886
1900
1911
1923
1937
1953
1968
1980
1991
2002
2014
2027
2043
2059
2073
2082
2092
2103
2114
2124
2134
2142
2147
2150
2152
2155
2158
2161
2160
2153
2141
2124
2093
2062
2028
1993
1959
1929
1897
1863
1829
1797
1764
1740
1725
1714
1704
1701
1698
1696
1693
1692
1689
1688
1687
1686
1685
1685
1685
1685
1686
1686
1687
1688
1689
1691
1691
1692
1693
1693
1693
1694
1694
1694
1693
1693
1694
1694
1694
1694
1696
1696
1697
1697
1698
1698
1699
1701
1701
1701
1702
1703
1703
1704
1706
1707
1707
1708
1708
1709
1709
1709
1710
1710
1712
1712
1712
1713
1713
1714
1714
1715
1717
1719
1722
1724
1728
1730
1733
1735
1736
1739
1740
1741
1741
1743
1744
1745
1746
1748
1749
1750
1751
1754
1755
1758
1760
1761
1762
1764
1765
1766
1769
1771
1772
1775
1779
1782
1790
1806
1826
1840
1852
1861
1874
1885
1894
1902
1910
1915
1918
1921
1922
1925
1927
1931
1933
1932
1925
1912
1899
1880
1864
1847
1829
1806
1790
1777
1767
1760
1754
1748
1743
1738
1734
1730
1728
1724
1722
1720
1718
1717
1714
1710
1703
1707
1732
1792
1902
2077
2324
2637
2992
3345
3647
3820
3830
3707
3384
2951
2510
2142
1899
1796
1758
1739
1722
1703
1681
1670
1665
1661
1657
1655
1652
1650
1647
1646
1645
1644
1645
1646
1647
1649
1652
1655
1660
1663
1668
1672
1677
1683
1691
1697
1704
1710
1718
1725
1733
1740
1748
1755
1764
1774
1783
1796
1807
1817
1827
1839
1852
1865
1879
1892
1905
1918
1933
1947
1962
1974
1985
1998
2010
2023
2038
2053
2068
2084
2101
2111
2119
2125
2131
2135
2137
2137
2136
2132
2129
2122
2116
2101
2072
2041
2007
1969
1928
1886
1847
1811
1774
1745
1727
1709
1696
1689
1687
1685
1682
1680
1677
1675
1672
1671
1670
1668
1668
1670
1671
1672
1673
1676
1677
1680
1681
1682
1683
1686
1686
1687
1688
1689
1691
1692
1693
1693
1693
1693
1693
1692
1692
1691
1689
1689
1689
1689
1689
1689
1689
1689
1688
1688
1687
1687
1686
1686
1686
1686
1686
1687
1688
1689
1692
1693
1694
1696
1697
1697
1698
1699
1701
1702
1704
1708
1712
1717
1720
1723
1724
1724
1724
1724
1724
1724
1724
1724
1724
1725
1725
1727
1727
1727
1728
1728
1729
1732
1734
1736
1739
1743
1748
1753
1758
1762
1769
1780
1793
1805
1816
1826
1837
1849
1860
1868
1874
1878
1881
1884
1886
1889
1891
1892
1894
1894
1892
1890
1886
1881
1874
1865
1855
1840
1811
1787
1769
1755
1743
1734
1725
1720
1714
1709
1703
1699
1697
1694
1694
1694
1696
1699
1704
1710
1722
1734
1781
1905
2094
2346
2653
2992
3332
3610
3736
3727
3549
3178
2719
2266
1912
1696
1644
1642
1661
1671
1673
1672
1670
1668
1667
1666
1665
1666
1665
1663
1662
1663
1668
1673
1681
1688
1694
1702
1709
1717
1724
1730
1736
1743
1748
1754
1760
1766
1772
1780
1787
1796
1802
1809
1818
1828
1837
1844
1852
1860
1870
1882
1895
1907
1920
1933
1946
1958
1969
1980
1994
2009
2023
2038
2053
2068
2087
2106
2121
2134
2142
2150
2153
2156
2157
2158
2161
2163
2166
2167
2167
2162
2152
2140
2118
2083
2049
2015
1976
1937
1895
1858
1826
1793
1765
1745
1720
1712
1709
1706
1702
1698
1696
1693
1692
1689
1688
1687
1686
1686
1685
1685
1683
1683
1683
1683
1683
1683
1685
1685
1686
1687
1688
1689
1689
1689
1689
1689
1689
1691
1692
1693
1694
1696
1697
1698
1698
1699
1701
1702
1703
1703
1704
1704
1706
1706
1706
1706
1706
1706
1706
1706
1706
1707
1707
1707
1707
1708
1708
1708
1708
1709
1709
1710
1710
1712
1712
1712
1713
1714
1718
1723
1728
1730
1733
1735
1736
1738
1738
1736
1735
1735
1735
1735
1738
1740
1743
1746
1749
1753
1758
1761
1766
1772
1782
1795
1805
1816
1827
1838
1849
1858
1865
1871
1875
1879
1884
1890
1895
1897
1897
1894
1885
1875
1864
1848
1830
1814
1796
1772
1746
1734
1728
1722
1718
1714
1712
1709
1707
1704
1703
1701
1699
1699
1698
1697
1697
1696
1691
1694
1722
1791
1912
2096
2344
2648
2988
3321
3590
3700
3685
3501
3138
2695
2266
1936
1730
1687
1671
1680
1683
1685
1686
1686
1687
1687
1687
1689
1689
1691
1689
1691
1691
1693
1696
1698
1701
1703
1708
1712
1717
1724
1738
1751
1765
1777
1786
1793
1798
1803
1808
1813
1818
1823
1829
1835
1844
1855
1868
1879
1889
1897
1905
1912
1920
1927
1933
1941
1949
1962
1976
1995
2011
2026
2040
2052
2064
2078
2095
2110
2124
2135
2146
2155
2161
2167
2172
2177
2182
2184
2184
2181
2172
2161
2141
2108
2077
2046
2014
1979
1942
1905
1866
1830
1798
1765
1743
1728
1714
1701
1694
1691
1688
1686
1685
1683
1682
1682
1682
1682
1682
1682
1683
1685
1686
1687
1689
1692
1696
1699
1702
1704
1706
1707
1707
1707
1707
1707
1707
1708
1708
1708
1709
1710
1710
1712
1712
1712
1712
1712
1712
1713
1713
1713
1714
1714
1714
1715
1715
1717
1718
1718
1719
1719
1719
1719
1719
1718
1717
1717
1715
1715
1717
1717
1718
1718
1719
1719
1720
1720
1720
1720
1720
1719
1719
1719
1720
1720
1722
1722
1722
1722
1722
1722
1722
1720
1720
1719
1719
1720
1720
1723
1725
1728
1732
1734
1738
1741
1746
1751
1758
1767
1781
1791
1800
1808
1819
1833
1843
1849
1853
1855
1858
1859
1861
1863
1864
1864
1864
1861
1858
1853
1845
1838
1827
1806
1785
1755
1723
1702
1691
1683
1680
1677
1675
1673
1670
1667
1665
1663
1663
1662
1663
1665
1668
1672
1678
1685
1713
1793
1923
2116
2371
2678
3016
3347
3619
3758
3757
3611
3274
2851
2423
2077
1852
1775
1750
1734
1720
1710
1691
1662
1651
1646
1641
1639
1636
1635
1633
1633
1633
1634
1636
1640
1645
1651
1656
1662
1668
1678
1689
1699
1709
1718
1727
1734
1741
1748
1755
1761
1769
1775
1782
1788
1796
1802
1809
1818
1827
1839
1850
1859
1868
1878
1889
1901
1915
1928
1941
1953
1964
1978
1994
2012
2026
2035
2043
2052
2062
2072
2082
2094
2104
2110
2115
2120
2125
2130
2131
2129
2122
2111
2093
2066
2040
2011
1979
1946
1908
1876
1849
1822
1802
1787
1766
1748
1734
1724
1717
1710
1708
1704
1702
1701
1698
1697
1697
1696
1697
1697
1697
1698
1698
1699
1701
1703
1706
1708
1710
1713
1715
1719
1720
1723
1724
1725
1725
1727
1727
1728
1728
1729
1729
1730
1730
1730
1730
1730
1730
1730
1732
1732
1732
1730
1730
1730
1729
1729
1728
1727
1725
1724
1724
1724
1724
1724
1724
1724
1725
1725
1727
1728
1729
1732
1733
1734
1736
1738
1739
1740
1741
1743
1744
1745
1746
1748
1749
1749
1750
1750
1749
1749
1749
1749
1750
1750
1750
1751
1753
1754
1755
1758
1760
1762
1765
1767
1771
1775
1780
1792
1805
1814
1824
1835
1847
1859
1873
1880
1886
1891
1895
1897
1900
1901
1902
1901
1900
1899
1896
1891
1887
1881
1871
1854
1837
1819
1801
1783
1767
1754
1743
1735
1732
1729
1725
1723
1720
1718
1715
1713
1712
1709
1708
1707
1704
1698
1688
1703
1744
1835
1981
2198
2481
2812
3154
3460
3675
3747
3640
3361
2958
2508
2098
1808
1686
1642
1655
1667
1678
1677
1660
1650
1645
1640
1635
1634
1633
1630
1629
1629
1630
1633
1638
1642
1649
1654
1660
1666
1675
1681
1687
1693
1699
1707
1717
1725
1733
1740
1750
1760
1770
1782
1791
1798
1803
1809
1814
1819
1826
1832
1839
1848
1856
1866
1880
1897
1911
1925
1938
1952
1970
1995
2014
2030
2046
2061
2072
2084
2099
2111
2122
2131
2136
2141
2145
2148
2152
2153
2151
2145
2136
2119
2092
2064
2033
1999
1964
1927
1887
1844
1803
1767
1734
1712
1697
1687
1681
1678
1676
1675
1673
1672
1672
1671
1670
1670
1668
1668
1668
1670
1671
1672
1673
1676
1678
1681
1683
1687
1689
1692
1694
1697
1698
1699
1701
1702
1703
1704
1706
1708
1709
1712
1713
1714
1715
1717
1717
1718
1718
1718
1718
1719
1719
1720
1723
1724
1727
1729
1730
1732
1734
1734
1735
1736
1736
1738
1739
1740
1743
1745
1748
1750
1753
1754
1755
1755
1755
1755
1756
1756
1756
1758
1758
1759
1760
1761
1761
1761
1761
1761
1762
1762
1764
1765
1766
1769
1771
1772
1776
1779
1782
1787
1796
1807
1817
1826
1835
1843
1852
1859
1865
1869
1870
1871
1873
1874
1876
1879
1881
1882
1882
1878
1871
1863
1852
1833
1816
1798
1780
1760
1751
1745
1741
1738
1735
1733
1730
1728
1727
1724
1723
1723
1722
1720
1718
1717
1713
1707
1725
1775
1869
2017
2233
2511
2838
3179
3483
3670
3687
3584
3263
2829
2379
1989
1732
1651
1625
1649
1662
1665
1668
1672
1675
1676
1677
1680
1683
1686
1689
1691
1692
1693
1694
1696
1698
1701
1704
1708
1713
1720
1735
1749
1760
1771
1780
1788
1796
1802
1808
1814
1819
1826
1830
1837
1842
1847
1853
1858
1864
1870
1879
1889
1897
1906
1917
1933
1951
1967
1983
2001
2019
2032
2046
2059
2072
2083
2094
2105
2116
2127
2140
2148
2155
2160
2163
2167
2171
2173
2173
2169
2162
2151
2131
2101
2075
2045
2012
1979
1943
1907
1870
1834
1801
1769
1741
1722
1696
1682
1672
1665
1657
1652
1649
1646
1646
1645
1645
1645
1645
1646
1646
1647
1649
1649
1649
1649
1650
1650
1651
1652
1654
1656
1659
1661
1663
1665
1666
1666
1665
1663
1662
1661
1660
1659
1657
1657
1657
1657
1657
1657
1659
1659
1659
1660
1661
1663
1666
1668
1672
1675
1678
1682
1686
1688
1691
1693
1694
1696
1697
1698
1699
1701
1702
1702
1702
1703
1703
1703
1703
1704
1704
1704
1706
1706
1707
1707
1708
1709
1709
1710
1712
1713
1714
1717
1718
1719
1720
1722
1724
1727
1732
1739
1746
1753
1761
1770
1781
1795
1806
1816
1827
1838
1849
1858
1863
1865
1868
1869
1870
1871
1873
1873
1874
1874
1873
1868
1861
1854
1845
1835
1822
1796
1766
1751
1744
1738
1733
1729
1727
1723
1719
1715
1713
1709
1708
1706
1704
1702
1697
1688
1683
1689
1709
1762
1866
2030
2257
2542
2866
3198
3491
3696
3759
3647
3367
2970
2531
2155
1894
1798
1770
1751
1735
1723
1703
1680
1672
1670
1667
1667
1667
1666
1663
1662
1662
1662
1663
1665
1667
1670
1672
1677
1682
1687
1693
1698
1706
1717
1728
1739
1746
1755
1764
1771
1780
1788
1797
1805
1814
1826
1837
1849
1860
1870
1879
1886
1895
1902
1908
1917
1931
1951
1970
1986
2000
2015
2030
2043
2057
2068
2078
2088
2099
2109
2119
2131
2142
2151
2157
2165
2169
2172
2173
2169
2165
2156
2145
2122
2085
2052
2016
1978
1942
1910
1876
1844
1812
1780
1745
1720
1706
1692
1680
1675
1673
1671
1668
1666
1663
1661
1659
1657
1656
1656
1657
1659
1659
1660
1660
1660
1659
1659
1659
1659
1659
1660
1661
1662
1663
1665
1665
1666
1666
1667
1667
1667
1668
1670
1671
1672
1673
1673
1673
1672
1671
1670
1668
1667
1667
1667
1666
1666
1666
1666
1667
1667
1667
1668
1668
1670
1671
1675
1677
1682
1687
1692
1698
1704
1710
1715
1719
1722
1724
1727
1729
1732
1734
1736
1738
1739
1740
1741
1744
1746
1749
1751
1755
1759
1762
1767
1774
1780
1788
1798
1803
1808
1813
1817
1822
1826
1829
1832
1835
1840
1845
1852
1858
1866
1880
1894
1907
1920
1931
1943
1955
1969
1980
1990
1999
2005
2009
2012
2015
2017
2021
2025
2026
2026
2021
2011
1999
1983
1958
1936
1912
1891
1870
1859
1854
1849
1847
1843
1839
1835
1830
1828
1824
1822
1818
1814
1809
1800
1796
1803
1829
1902
2032
2223
2478
2786
3121
3450
3721
3867
3872
3747
3434
3027
2612
2264
2031
1929
1895
1876
1866
1850
1824
1802
1791
1783
1780
1779
1777
1774
1771
1770
1770
1775
1783
1792
1800
1809
1821
1830
1840
1850
1863
1878
1891
1903
1916
1928
1939
1949
1959
1969
1980
1994
2007
2020
2032
2046
2061
2079
2095
2109
2118
2129
2141
2155
2171
2188
2203
2215
2221
2225
2230
2234
2236
2240
2242
2244
2245
2246
2245
2245
2242
2241
2238
2234
2230
2225
2220
2210
2189
2169
2142
2110
2057
2005
1949
1895
1835
1771
1702
1633
1567
1503
1443
1389
1359
1328
1299
1275
1256
1240
1228
1217
1204
1191
1174
1154
1134
1117
1102
1086
1066
1054
1044
1035
1029
1023
1020
1018
1016
1014
1013
1010
1008
1005
1003
1004
1009
1018
1030
1045
1068
1091
1109
1125
1138
1150
1160
1169
1179
1191
1206
1221
1234
1247
1263
1276
1285
1292
1299
1305
1311
1315
1318
1321
1322
1324
1328
1333
1344
1374
1410
1445
1482
1514
1541
1568
1597
1626
1649
1661
1672
1686
1698
1707
1715
1722
1729
1735
1739
1744
1749
1755
1765
1775
1787
1798
1809
1822
1835
1849
1864
1878
1890
1906
1925
1952
1990
2035
2078
2118
2153
2191
2230
2268
2288
2297
2304
2309
2313
2315
2317
2317
2315
2314
2311
2306
2299
2292
2285
2275
2259
2241
2225
2214
2208
2202
2197
2192
2188
2184
2182
2178
2174
2169
2161
2146
2125
2103
2083
2071
2059
2051
2073
2141
2265
2465
2732
3060
3414
3751
4004
4095
3981
3670
3238
2774
2371
2113
2009
1973
1990
2002
2009
2015
2020
2023
2025
2026
2023
2019
2012
2006
2001
1995
1990
1985
1981
1979
1978
1978
1979
1981
1985
1989
1994
1999
2004
2010
2016
2022
2031
2037
2043
2046
2046
2042
2037
2030
2020
2007
1986
1967
1951
1936
1926
1918
1913
1910
1907
1903
1901
1900
1899
1900
1901
1903
1906
1911
1916
1922
1928
1936
1946
1965
1976
1984
1990
1994
1998
2000
2001
2001
1998
1989
1979
1965
1947
1916
1887
1859
1830
1801
1779
1759
1745
1735
1728
1723
1718
1713
1709
1708
1707
1708
1712
1719
1728
1738
1745
1753
1756
1760
1765
1770
1775
1780
1783
1787
1791
1792
1795
1796
1798
1800
1803
1806
1808
1809
1811
1811
1811
1809
1807
1805
1802
1801
1800
1798
1798
1798
1797
1796
1795
1792
1788
1786
1783
1781
1779
1777
1777
1776
1776
1776
1776
1775
1775
1775
1776
1780
1783
1788
1793
1798
1801
1805
1807
1813
1830
1849
1869
1892
1918
1944
1965
1983
2001
2021
2037
2053
2068
2083
2096
2111
2129
2148
2167
2191
2218
2244
2268
2293
2315
2343
2379
2413
2452
2485
2511
2541
2570
2598
2617
2630
2638
2647
2652
2653
2653
2648
2641
2630
2619
2605
2583
2560
2539
2515
2487
2459
2432
2403
2379
2344
2303
2262
2224
2184
2142
2101
2054
2019
1994
1984
1994
2021
2095
2231
2418
2652
2915
3178
3391
3471
3451
3273
2937
2531
2141
1839
1694
1641
1667
1685
1693
1702
1709
1715
1723
1729
1734
1738
1740
1745
1751
1761
1774
1787
1801
1816
1826
1834
1843
1850
1859
1866
1874
1881
1890
1899
1910
1921
1932
1942
1953
1963
1973
1984
1995
2006
2017
2031
2048
2067
2085
2104
2124
2143
2162
2177
2189
2200
2210
2216
2223
2226
2230
2231
2234
2234
2235
2235
2234
2233
2229
2225
2218
2210
2202
2192
2179
2166
2155
2141
2116
2080
2045
2002
1952
1900
1844
1795
1749
1706
1668
1623
1582
1552
1521
1480
1428
1375
1326
1245
1160
1066
0962
0848
0731
0609
0492
0383
0282
0184
0117
0064
0030
0012
0006
0003
0002
0001
0000
0000
0000
0002
0008
0019
0034
0051
0075
0116
0148
0175
0197
0221
0243
0267
0289
0308
0325
0345
0369
0397
0424
0451
0480
0508
0536
0567
0598
0629
0656
0684
0711
0737
0763
0789
0817
0846
0875
0910
0946
0981
1015
1050
1084
1115
1144
1167
1188
1207
1222
1238
1252
1268
1285
1301
1318
1336
1352
1368
1384
1401
1420
1437
1452
1467
1479
1492
1505
1520
1536
1553
1572
1589
1608
1626
1647
1671
1694
1715
1736
1756
1780
1806
1826
1844
1859
1870
1879
1886
1894
1899
1903
1907
1910
1908
1905
1901
1897
1894
1889
1884
1880
1875
1873
1871
1871
1875
1879
1886
1895
1903
1911
1917
1925
1929
1934
1938
1939
1941
1943
1949
1962
1981
2072
2223
2439
2713
3032
3363
3665
3889
3946
3918
3706
3365
2972
2611
2334
2194
2148
2119
2096
2082
2067
2047
2032
2026
2020
2014
2009
2005
2005
2004
2004
2005
2005
2006
2010
2019
2027
2037
2048
2059
2069
2078
2090
2104
2118
2127
2137
2146
2156
2168
2181
2193
2207
2220
2233
2244
2255
2267
2280
2292
2302
2311
2318
2325
2334
2343
2353
2361
2371
2379
2386
2393
2405
2421
2438
2458
2478
2487
2497
2505
2515
2523
2531
2538
2542
2544
2543
2542
2537
2531
2525
2516
2504
2490
2465
2419
2375
2332
2291
2251
2212
2173
2134
2098
2068
2038
2007
1985
1968
1953
1939
1925
1911
1902
1900
1900
1900
1900
1900
1900
1899
1899
1900
1900
1900
1899
1899
1899
1899
1896
1896
1894
1891
1890
1887
1886
1884
1882
1879
1874
1871
1869
1866
1866
1864
1861
1858
1856
1853
1850
1849
1850
1853
1856
1860
1861
1861
1861
1860
1859
1858
1856
1855
1855
1856
1855
1854
1856
1856
1854
1850
1847
1842
1838
1837
1838
1838
1838
1839
1839
1838
1838
1838
1838
1837
1835
1835
1830
1826
1824
1827
1828
1829
1832
1833
1833
1834
1834
1832
1829
1828
1826
1821
1816
1816
1816
1818
1819
1821
1822
1824
1828
1834
1838
1839
1839
1843
1847
1850
1853
1854
1853
1853
1853
1852
1848
1840
1832
1822
1809
1797
1780
1760
1741
1723
1707
1694
1683
1675
1668
1666
1667
1667
1671
1675
1676
1678
1680
1681
1680
1673
1665
1652
1649
1675
1754
1886
2087
2355
2680
3029
3353
3601
3683
3654
3445
3075
2640
2228
1913
1761
1714
1687
1670
1656
1645
1638
1625
1609
1595
1588
1587
1586
1583
1581
1583
1589
1598
1610
1626
1640
1656
1675
1703
1729
1750
1765
1776
1783
1790
1796
1798
1800
1802
1808
1817
1827
1834
1842
1848
1856
1866
1879
1890
1901
1908
1913
1917
1923
1931
1939
1947
1951
1955
1964
1980
2000
2020
2035
2046
2058
2072
2085
2100
2111
2122
2135
2143
2153
2161
2163
2168
2171
2173
2172
2167
2155
2130
2101
2069
2025
1993
1952
1900
1858
1824
1791
1765
1744
1725
1710
1699
1693
1689
1687
1685
1683
1682
1686
1691
1701
1707
1713
1715
1717
1714
1710
1704
1699
1693
1687
1685
1682
1680
1681
1681
1682
1682
1681
1683
1689
1691
1693
1694
1694
1696
1698
1698
1691
1680
1652
1597
1553
1522
1482
1459
1443
1427
1415
1409
1407
1407
1410
1412
1415
1419
1426
1433
1441
1447
1454
1462
1470
1483
1493
1504
1513
1521
1534
1545
1553
1561
1566
1572
1577
1584
1593
1602
1609
1614
1618
1623
1628
1634
1635
1636
1636
1638
1636
1640
1641
1645
1646
1649
1652
1660
1667
1675
1682
1692
1703
1725
1749
1774
1797
1809
1821
1833
1842
1848
1852
1855
1858
1860
1860
1859
1855
1849
1840
1832
1826
1819
1812
1801
1786
1755
1727
1703
1692
1686
1682
1678
1673
1667
1665
1665
1666
1668
1668
1666
1662
1659
1655
1654
1657
1665
1712
1817
1983
2209
2497
2818
3143
3425
3600
3613
3517
3216
2805
2375
2006
1749
1667
1636
1639
1672
1692
1701
1709
1715
1719
1722
1722
1720
1719
1719
1720
1724
1729
1733
1734
1735
1738
1743
1751
1759
1766
1771
1779
1788
1798
1807
1818
1830
1843
1854
1868
1880
1891
1899
1905
1910
1918
1928
1934
1941
1947
1951
1957
1963
1973
1988
2000
2015
2027
2038
2052
2063
2078
2093
2109
2122
2135
2147
2161
2174
2189
2202
2215
2226
2234
2242
2250
2255
2257
2256
2254
2247
2235
2219
2192
2151
2119
2083
2046
2011
1975
1938
1900
1865
1840
1822
1798
1781
1770
1760
1753
1748
1744
1740
1738
1736
1738
1741
1746
1748
1748
1746
1745
1746
1749
1751
1751
1751
1748
1745
1744
1744
1746
1748
1746
1743
1739
1735
1732
1730
1728
1725
1723
1720
1720
1720
1723
1722
1722
1719
1717
1717
1717
1717
1715
1713
1710
1709
1709
1709
1712
1713
1714
1714
1715
1718
1719
1722
1724
1727
1727
1725
1725
1725
1729
1732
1734
1735
1736
1736
1736
1738
1741
1741
1743
1740
1740
1740
1741
1740
1743
1748
1755
1762
1767
1771
1775
1777
1779
1782
1788
1792
1795
1797
1798
1802
1807
1814
1822
1830
1842
1852
1863
1878
1892
1910
1923
1928
1932
1934
1934
1934
1934
1936
1938
1939
1942
1942
1938
1932
1927
1926
1922
1916
1897
1850
1813
1791
1774
1761
1755
1750
1744
1738
1734
1732
1728
1727
1724
1725
1725
1724
1722
1718
1717
1719
1745
1819
1934
2101
2332
2628
2959
3295
3576
3726
3732
3610
3304
2917
2517
2179
1947
1828
1779
1761
1756
1753
1744
1733
1719
1709
1701
1694
1691
1687
1682
1678
1672
1670
1667
1667
1668
1672
1677
1683
1689
1696
1703
1713
1722
1732
1743
1755
1764
1771
1779
1785
1793
1801
1809
1821
1833
1843
1852
1860
1866
1871
1876
1881
1887
1896
1907
1923
1938
1952
1967
1986
2007
2027
2043
2059
2073
2085
2094
2105
2118
2130
2146
2162
2177
2191
2202
2210
2216
2220
2215
2204
2189
2172
2147
2124
2094
2059
2028
1996
1964
1932
1901
1869
1835
1800
1769
1745
1730
1727
1727
1725
1725
1723
1723
1723
1723
1725
1728
1730
1732
1732
1732
1732
1732
1733
1733
1733
1733
1734
1736
1738
1740
1744
1748
1749
1749
1750
1751
1751
1753
1753
1753
1753
1751
1749
1746
1745
1744
1744
1741
1740
1739
1738
1736
1734
1732
1732
1730
1729
1729
1728
1727
1727
1727
1727
1728
1729
1730
1733
1733
1733
1733
1732
1730
1730
1732
1732
1730
1729
1729
1729
1728
1728
1728
1728
1728
1728
1727
1728
1728
1729
1729
1729
1728
1728
1729
1732
1733
1734
1736
1738
1738
1738
1736
1738
1738
1738
1739
1740
1740
1741
1744
1748
1751
1755
1760
1767
1777
1787
1796
1803
1811
1816
1821
1826
1830
1834
1838
1839
1839
1838
1835
1832
1827
1819
1813
1802
1783
1765
1746
1727
1703
1685
1671
1660
1654
1649
1646
1645
1642
1641
1638
1636
1636
1636
1635
1633
1633
1634
1638
1644
1678
1765
1903
2106
2374
2694
3035
3353
3596
3700
3622
3363
2970
2518
2105
1803
1676
1631
1650
1671
1688
1697
1688
1675
1666
1659
1649
1641
1635
1630
1626
1626
1626
1628
1633
1638
1644
1651
1657
1663
1671
1678
1688
1697
1704
1712
1718
1724
1729
1735
1741
1749
1755
1762
1770
1777
1785
1792
1798
1807
1816
1827
1840
1854
1869
1882
1895
1908
1921
1934
1948
1963
1976
1990
2005
2020
2036
2052
2068
2084
2098
2111
2125
2136
2145
2152
2158
2163
2168
2171
2171
2167
2158
2145
2122
2087
2052
2015
1976
1938
1901
1863
1824
1792
1762
1732
1710
1697
1686
1677
1672
1670
1666
1663
1661
1657
1655
1654
1652
1654
1654
1655
1656
1657
1659
1661
1663
1666
1668
1672
1676
1678
1680
1681
1682
1683
1683
1685
1686
1686
1686
1686
1687
1687
1688
1688
1688
1688
1688
1689
1692
1693
1694
1696
1696
1696
1696
1697
1697
1697
1698
1698
1698
1697
1694
1693
1689
1687
1683
1681
1680
1680
1678
1677
1676
1675
1672
1671
1668
1667
1667
1668
1670
1671
1672
1672
1672
1671
1670
1670
1668
1667
1667
1667
1667
1666
1665
1663
1663
1662
1662
1663
1666
1668
1671
1673
1677
1681
1686
1691
1697
1703
1714
1727
1738
1749
1758
1764
1769
1772
1776
1781
1786
1790
1793
1795
1795
1792
1790
1787
1783
1779
1772
1766
1759
1746
1722
1697
1685
1677
1671
1666
1662
1660
1659
1657
1655
1654
1652
1651
1649
1646
1644
1642
1639
1634
1649
1692
1781
1926
2142
2426
2753
3087
3381
3563
3575
3452
3141
2735
2332
2016
1835
