0893
0828
0781
0744
0726
0710
0695
0683
0673
0667
0664
0664
0664
0664
0670
0679
0695
0710
0726
0741
0757
0769
0781
0791
0797
0806
0809
0815
0819
0822
0825
0825
0828
0828
0828
0831
0831
0831
0831
0834
0834
0834
0834
0837
0843
0852
0862
0877
0902
0964
1016
1069
1112
1143
1171
1189
1205
1217
1226
1230
1223
1208
1186
1155
1118
1050
0992
0936
0877
0815
0769
0735
0704
0673
0649
0630
0618
0605
0593
0581
0568
0556
0540
0528
0513
0500
0485
0472
0460
0448
0445
0441
0445
0451
0457
0469
0488
0553
0686
0874
1106
1375
1668
1965
2246
2475
2592
2630
2583
2447
2228
1968
1699
1440
1205
1007
0859
0803
0791
0785
0785
0781
0778
0775
0775
0772
0772
0769
0769
0769
0772
0775
0775
0778
0778
0781
0781
0781
0785
0785
0785
0785
0781
0781
0778
0778
0775
0772
0772
0769
0769
0772
0775
0775
0778
0781
0785
0788
0794
0797
0803
0809
0837
0911
0985
1069
1162
1254
1353
1449
1529
1588
1659
1687
1705
1721
1736
1749
1761
1770
1777
1780
1780
1783
1780
1777
1770
1764
1755
1746
1730
1718
1684
1607
1526
1443
1356
1264
1186
1137
1097
1063
1035
1013
0995
0979
0958
0936
0917
0905
0899
0893
0886
0883
0880
0880
0880
0880
0880
0880
0880
0883
0886
0886
0886
0890
0890
0890
0890
0890
0886
0883
0880
0874
0868
0859
0846
0834
0822
0797
0769
0744
0729
0713
0701
0692
0686
0676
0670
0664
0655
0645
0633
0624
0611
0599
0590
0577
0568
0559
0543
0528
0513
0497
0488
0485
0488
0497
0513
0528
0550
0574
0608
0645
0683
0720
0769
0834
0893
0951
1007
1053
1084
1112
1131
1140
1131
1106
1075
1035
0979
0920
0862
0800
0732
0695
0673
0655
0639
0627
0621
0615
0615
0618
0621
0624
0630
0636
0642
0649
0655
0664
0673
0689
0704
0717
0720
0713
0704
0689
0664
0636
0670
0775
0942
1165
1427
1712
2005
2274
2497
2630
2676
2642
2543
2342
2092
1829
1566
1322
1109
0930
0819
0772
0757
0744
0732
0723
0713
0707
0701
0698
0692
0689
0689
0692
0695
0698
0704
0707
0710
0717
0720
0726
0729
0732
0738
0741
0747
0751
0757
0760
0766
0769
0775
0781
0788
0797
0819
0840
0862
0883
0905
0939
0982
1029
1090
1158
1223
1291
1362
1437
1511
1588
1650
1699
1758
1798
1829
1854
1872
1885
1894
1903
1913
1919
1925
1931
1928
1919
1900
1875
1845
1798
1721
1665
1594
1514
1440
1362
1282
1202
1121
1041
0964
0880
0806
0757
0723
0717
0713
0710
0707
0704
0701
0695
0692
0686
0683
0679
0676
0676
0676
0676
0676
0676
0676
0676
0676
0673
0673
0673
0673
0673
0676
0676
0679
0679
0683
0683
0686
0686
0686
0686
0683
0683
0683
0679
0679
0679
0679
0679
0679
0683
0686
0689
0695
0698
0704
0707
0713
0720
0726
0735
0741
0751
0760
0772
0788
0803
0815
0828
0840
0849
0856
0865
0874
0886
0899
0924
0961
0998
1038
1075
1115
1146
1168
1183
1202
1214
1220
1211
1189
1158
1121
1066
1016
0967
0917
0859
0815
0778
0751
0726
0707
0698
0689
0686
0679
0676
0673
0673
0670
0670
0667
0664
0664
0661
0664
0667
0673
0679
0689
0695
0707
0717
0729
0744
0763
0852
1026
1276
1607
2008
2444
2861
3204
3322
3294
3016
2500
1872
1260
0781
0553
0469
0472
0537
0605
0679
0738
0772
0797
0815
0828
0837
0837
0831
0815
0797
0775
0747
0704
0683
0667
0658
0645
0636
0630
0627
0630
0649
0670
0692
0713
0738
0763
0788
0809
0828
0849
0874
0905
0933
0961
0982
1010
1035
1060
1087
1118
1162
1214
1264
1328
1406
1477
1554
1625
1681
1743
1795
1841
1885
1928
1953
1971
1990
2002
2015
2018
2018
2015
2005
1990
1974
1953
1922
1863
1807
1733
1647
1566
1480
1396
1310
1226
1140
1063
1007
0951
0899
0856
0819
0781
0766
0757
0747
0744
0738
0735
0732
0729
0726
0720
0713
0707
0701
0695
0689
0679
0673
0664
0652
0642
0627
0605
0581
0559
0547
0537
0531
0528
0522
0519
0494
0491
0488
0488
0497
0519
0547
0577
0615
0667
0713
0760
0788
0806
0819
0828
0837
0846
0859
0868
0883
0896
0911
0924
0936
0948
0958
0967
0976
0979
0982
0985
0988
0988
0988
0992
0995
1001
1010
1026
1044
1072
1103
1124
1137
1146
1152
1158
1165
1168
1165
1134
1087
1032
0958
0871
0825
0800
0778
0766
0757
0747
0744
0747
0751
0754
0760
0766
0769
0769
0769
0763
0757
0744
0729
0710
0689
0667
0649
0633
0621
0608
0593
0574
0553
0540
0537
0553
0581
0676
0852
1121
1502
1981
2524
3059
3504
3721
3708
3458
2923
2265
1622
1109
0772
0664
0639
0621
0608
0602
0593
0587
0587
0584
0584
0584
0590
0599
0611
0627
0645
0661
0679
0698
0713
0729
0741
0757
0769
0781
0791
0800
0806
0809
0812
0812
0809
0806
0800
0791
0781
0775
0769
0766
0769
0772
0778
0791
0806
0846
0933
1013
1100
1189
1273
1350
1427
1495
1542
1594
1647
1699
1752
1798
1838
1869
1900
1919
1934
1947
1956
1959
1959
1950
1937
1922
1903
1882
1851
1798
1746
1693
1641
1576
1508
1440
1369
1301
1233
1171
1124
1090
1063
1032
1004
0982
0967
0948
0933
0914
0896
0877
0859
0840
0828
0812
0800
0788
0775
0760
0747
0732
0720
0707
0698
0689
0676
0667
0658
0649
0639
0627
0618
0605
0596
0584
0574
0565
0556
0550
0540
0534
0528
0522
0519
0513
0509
0506
0506
0503
0500
0500
0503
0500
0503
0509
0522
0537
0642
0831
1094
1440
1838
2246
2599
2725
2707
2466
1999
1461
0998
0781
0689
0754
0886
1022
1112
1168
1217
1264
1298
1325
1350
1372
1375
1359
1322
1279
1202
1081
0988
0917
0843
0812
0794
0775
0763
0754
0747
0747
0747
0754
0760
0769
0781
0791
0800
0809
0815
0825
0834
0837
0840
0837
0831
0822
0809
0794
0781
0769
0754
0732
0698
0689
0735
0877
1094
1409
1811
2293
2800
3263
3566
3603
3464
2988
2342
1653
1066
0652
0491
0445
0506
0602
0704
0772
0819
0837
0815
0766
0710
0645
0577
0543
0519
0497
0482
0472
0466
0463
0463
0469
0475
0482
0494
0506
0522
0540
0568
0611
0645
0670
0683
0689
0692
0692
0689
0689
0692
0695
0698
0704
0713
0732
0757
0797
0871
0927
0979
1026
1066
1115
1177
1239
1307
1384
1461
1539
1619
1702
1783
1857
1928
1981
2015
2039
2061
2073
2092
2101
2104
2104
2101
2095
2086
2076
2064
2045
2008
1947
1900
1851
1761
1659
1560
1452
1341
1233
1158
1109
1081
1066
1056
1053
1050
1035
1010
0982
0948
0899
0852
0819
0781
0763
0751
0744
0741
0735
0729
0720
0707
0698
0686
0670
0655
0639
0630
0627
0636
0661
0683
0701
0717
0729
0738
0747
0757
0760
0763
0760
0760
0757
0754
0751
0747
0744
0744
0744
0747
0754
0760
0766
0775
0788
0797
0809
0822
0834
0846
0856
0862
0868
0871
0874
0880
0886
0893
0905
0920
0939
0958
0982
1016
1050
1081
1115
1155
1189
1220
1236
1245
1251
1260
1267
1267
1248
1214
1158
1084
1013
0945
0877
0815
0757
0710
0689
0679
0676
0673
0679
0683
0689
0695
0698
0704
0710
0713
0713
0713
0713
0710
0704
0701
0698
0692
0683
0679
0679
0686
0729
0846
1038
1319
1699
2163
2673
3143
3483
3591
3411
2936
2234
1440
0729
0231
0058
0061
0250
0513
0729
0822
0852
0831
0781
0720
0667
0624
0590
0574
0568
0562
0556
0550
0547
0543
0543
0547
0550
0553
0559
0565
0571
0574
0581
0584
0587
0587
0587
0584
0584
0584
0584
0587
0587
0590
0596
0602
0615
0652
0692
0747
0812
0877
0942
1001
1063
1124
1186
1251
1313
1375
1430
1480
1529
1579
1631
1675
1709
1749
1773
1795
1807
1820
1823
1823
1817
1807
1789
1761
1712
1628
1545
1446
1344
1236
1115
1038
0958
0883
0828
0788
0757
0735
0723
0713
0710
0713
0726
0741
0763
0794
0837
0883
0917
0939
0961
0979
0995
1013
1032
1056
1075
1087
1094
1100
1106
1112
1118
1121
1115
1094
1066
1035
0998
0964
0927
0896
0865
0840
0822
0803
0794
0788
0781
0775
0772
0769
0769
0769
0772
0775
0778
0781
0788
0791
0794
0797
0797
0797
0797
0797
0794
0788
0781
0775
0769
0760
0747
0735
0720
0683
0645
0608
0565
0516
0469
0420
0373
0339
0312
0284
0287
0349
0509
0788
1192
1736
2385
3072
3668
3974
3989
3717
3090
2330
1588
1001
0642
0553
0568
0710
0890
1047
1134
1165
1165
1124
1069
0995
0933
0886
0859
0843
0834
0828
0825
0828
0831
0846
0865
0886
0902
0914
0924
0927
0933
0933
0936
0936
0936
0939
0939
0939
0939
0942
0945
0951
0958
0964
0970
0979
0985
1007
1050
1090
1137
1196
1254
1316
1384
1455
1523
1594
1653
1693
1730
1749
1764
1780
1786
1789
1780
1761
1730
1681
1600
1526
1446
1362
1285
1211
1134
1075
1038
1001
0973
0958
0945
0936
0927
0917
0905
0896
0886
0877
0865
0852
0837
0822
0806
0794
0781
0772
0760
0751
0735
0723
0713
0717
0729
0754
0781
0819
0874
0924
0951
0973
0985
0998
1004
1001
0988
0970
0945
0924
0905
0890
0877
0868
0859
0852
0846
0843
0837
0828
0822
0812
0803
0794
0781
0766
0751
0735
0723
0710
0701
0698
0701
0707
0717
0729
0741
0754
0766
0775
0785
0791
0791
0791
0791
0785
0781
0775
0769
0763
0760
0757
0754
0757
0760
0763
0772
0785
0803
0822
0849
0896
0927
0945
0964
0979
0992
0988
0967
0927
0868
0781
0713
0664
0630
0608
0587
0574
0590
0624
0676
0754
0834
0914
0988
1069
1137
1186
1233
1257
1273
1285
1298
1304
1307
1304
1298
1288
1273
1254
1236
1208
1155
1112
1069
1029
0979
0945
0920
0899
0877
0859
0843
0834
0825
0819
0812
0806
0800
0797
0791
0791
0788
0788
0785
0778
0772
0769
0772
0772
0775
0781
0791
0806
0874
1053
1341
1718
2172
2654
3084
3377
3424
3331
2951
2416
1845
1338
0985
0831
0772
0772
0797
0815
0834
0846
0859
0865
0856
0837
0812
0788
0766
0744
0723
0707
0701
0707
0723
0747
0778
0822
0893
0951
1013
1066
1081
1090
1094
1094
1084
1063
1038
1019
0998
0979
0970
0967
0979
1007
1038
1069
1100
1128
1152
1168
1186
1208
1236
1267
1301
1356
1427
1498
1573
1647
1730
1780
1804
1826
1841
1851
1857
1857
1857
1848
1835
1817
1798
1777
1743
1681
1631
1563
1480
1403
1322
1239
1149
1075
1016
0933
0890
0865
0843
0828
0819
0812
0806
0803
0800
0797
0797
0794
0791
0785
0778
0772
0763
0754
0741
0729
0720
0710
0701
0698
0695
0695
0695
0698
0704
0713
0723
0735
0747
0757
0766
0775
0781
0788
0791
0794
0794
0794
0791
0785
0778
0772
0766
0757
0751
0744
0735
0726
0720
0710
0701
0689
0679
0667
0649
0630
0611
0596
0584
0577
0577
0584
0593
0608
0624
0645
0667
0695
0735
0775
0809
0837
0871
0911
0954
1001
1050
1094
1124
1137
1143
1152
1158
1165
1165
1162
1137
1100
1063
1035
1010
0985
0967
0948
0936
0924
0914
0905
0899
0893
0886
0880
0874
0868
0862
0856
0846
0837
0828
0822
0812
0800
0781
0763
0735
0692
0658
0642
0630
0615
0599
0605
0670
0843
1075
1390
1767
2185
2605
2966
3189
3214
3093
2710
2178
1604
1090
0732
0611
0571
0543
0519
0494
0466
0438
0401
0383
0404
0454
0509
0581
0658
0701
0723
0741
0751
0751
0751
0754
0754
0754
0757
0760
0766
0775
0785
0794
0809
0825
0846
0868
0893
0917
0936
0954
0964
0970
0976
0979
0988
1004
1029
1063
1103
1155
1214
1273
1332
1390
1449
1495
1536
1576
1619
1662
1705
1743
1773
1789
1801
1814
1820
1826
1832
1832
1829
1826
1814
1804
1792
1777
1758
1739
1709
1647
1585
1526
1468
1400
1332
1264
1202
1140
1078
1026
0979
0945
0905
0865
0822
0778
0741
0710
0695
0689
0683
0679
0679
0683
0683
0689
0692
0698
0698
0701
0701
0695
0692
0683
0676
0673
0670
0670
0673
0679
0689
0701
0717
0732
0744
0754
0766
0775
0781
0788
0788
0788
0785
0778
0772
0766
0757
0747
0738
0732
0723
0717
0713
0710
0710
0713
0717
0723
0729
0735
0744
0751
0757
0763
0769
0775
0778
0785
0788
0794
0797
0803
0806
0812
0822
0831
0846
0893
0942
0992
1029
1060
1084
1103
1109
1103
1087
1060
1026
0988
0933
0880
0831
0809
0791
0778
0766
0754
0744
0738
0729
0726
0723
0720
0720
0723
0723
0729
0732
0735
0741
0747
0754
0763
0772
0778
0785
0791
0797
0806
0819
0859
0951
1087
1291
1570
1919
2330
2759
3143
3377
3390
3220
2753
2123
1461
0902
0525
0423
0380
0377
0423
0469
0519
0571
0624
0704
0803
0840
0856
0868
0877
0886
0893
0896
0899
0896
0886
0871
0856
0837
0819
0806
0794
0785
0775
0766
0757
0747
0741
0738
0738
0744
0754
0766
0785
0803
0825
0849
0886
0924
0958
0992
1038
1100
1155
1211
1270
1325
1384
1443
1495
1551
1604
1665
1730
1792
1857
1925
1990
2058
2095
2120
2141
2157
2166
2169
2169
2163
2154
2135
2113
2070
1987
1903
1801
1675
1566
1406
1257
1115
0979
0846
0757
0679
0630
0615
0608
0605
0605
0602
0602
0602
0602
0602
0605
0608
0615
0621
0630
0639
0652
0664
0676
0695
0726
0760
0794
0825
0856
0893
0911
0911
0911
0914
0917
0917
0896
0859
0812
0754
0695
0664
0642
0624
0608
0599
0593
0590
0590
0596
0605
0621
0633
0649
0664
0679
0695
0710
0726
0738
0751
0763
0772
0778
0788
0794
0800
0806
0809
0815
0822
0828
0837
0843
0849
0859
0868
0877
0890
0905
0924
0945
0964
0970
0976
0979
0979
0979
0982
0985
0988
0988
0979
0964
0942
0920
0908
0896
0886
0880
0874
0871
0865
0862
0859
0856
0852
0846
0843
0840
0840
0837
0834
0831
0828
0822
0815
0806
0797
0781
0760
0735
0717
0710
0717
0729
0757
0837
1029
1313
1696
2160
2676
3174
3566
3705
3674
3371
2796
2061
1304
0639
0173
0003
0000
0157
0404
0649
0834
0914
0945
0958
0945
0908
0865
0812
0760
0710
0667
0642
0627
0618
0605
0602
0624
0661
0701
0751
0785
0809
0828
0843
0846
0837
0815
0788
0754
0707
0686
0673
0664
0655
0649
0652
0676
0717
0785
0868
0979
1094
1217
1344
1471
1588
1712
1789
1872
1950
2002
2036
2064
2089
2107
2123
2132
2144
2151
2151
2144
2135
2120
2101
2064
1999
1934
1863
1786
1705
1619
1526
1434
1341
1248
1155
1066
0979
0899
0809
0757
0729
0707
0692
0683
0679
0683
0695
0710
0729
0751
0772
0791
0812
0834
0849
0862
0862
0852
0834
0812
0785
0751
0698
0664
0642
0627
0618
0608
0605
0602
0605
0611
0621
0633
0649
0661
0676
0686
0698
0710
0717
0720
0720
0710
0701
0689
0676
0667
0658
0649
0639
0633
0627
0630
0642
0661
0686
0710
0732
0754
0775
0794
0809
0822
0834
0843
0852
0862
0871
0880
0890
0899
0908
0917
0930
0942
0961
0988
1038
1081
1128
1171
1199
1217
1233
1242
1245
1236
1214
1180
1134
1069
1013
0958
0902
0852
0825
0806
0791
0781
0772
0769
0772
0785
0800
0822
0846
0868
0886
0902
0917
0930
0939
0945
0951
0951
0954
0954
0951
0945
0942
0942
0951
0967
1044
1254
1554
1950
2423
2914
3347
3560
3551
3294
2753
2083
1430
0914
0584
0528
0506
0494
0488
0485
0488
0488
0485
0491
0500
0509
0516
0525
0531
0537
0543
0547
0556
0562
0571
0581
0593
0608
0621
0636
0652
0664
0673
0686
0695
0701
0710
0713
0717
0720
0723
0720
0720
0717
0717
0720
0723
0729
0738
0760
0815
0880
0951
1035
1124
1223
1316
1387
1446
1508
1548
1579
1604
1619
1625
1625
1628
1625
1625
1625
1622
1622
1619
1616
1613
1604
1591
1573
1551
1520
1464
1421
1375
1332
1279
1226
1174
1115
1063
1022
0992
0967
0948
0936
0924
0914
0905
0899
0896
0896
0896
0905
0917
0933
0951
0973
0992
1016
1053
1090
1118
1146
1171
1189
1205
1220
1233
1245
1251
1254
1251
1245
1230
1211
1189
1165
1137
1084
1038
0992
0954
0917
0886
0852
0822
0797
0772
0754
0732
0710
0689
0667
0645
0627
0608
0590
0571
0556
0537
0525
0509
0500
0491
0482
0472
0463
0457
0451
0445
0445
0445
0445
0451
0457
0463
0472
0479
0488
0500
0516
0537
0590
0695
0859
1084
1393
1777
2219
2657
3025
3152
3118
2809
2249
1594
0992
0556
0423
0373
0454
0590
0720
0763
0785
0800
0819
0831
0837
0840
0843
0840
0834
0828
0822
0812
0806
0800
0797
0794
0791
0791
0794
0794
0800
0803
0812
0822
0834
0846
0859
0871
0883
0893
0905
0914
0924
0933
0942
0951
0961
0967
0976
0979
0992
1001
1016
1038
1084
1131
1171
1242
1335
1412
1502
1582
1644
1724
1764
1792
1814
1835
1851
1863
1866
1866
1863
1854
1838
1820
1801
1777
1739
1671
1613
1536
1446
1359
1273
1183
1106
1035
0970
0917
0874
0828
0797
0775
0757
0744
0735
0732
0726
0723
0720
0717
0713
0713
0713
0713
0720
0726
0738
0754
0769
0781
0794
0803
0809
0815
0822
0822
0825
0825
0822
0819
0812
0809
0803
0794
0788
0778
0772
0769
0763
0760
0757
0757
0757
0754
0754
0754
0754
0754
0754
0754
0751
0751
0747
0744
0741
0735
0726
0713
0704
0698
0695
0698
0704
0717
0735
0754
0797
0871
0945
1016
1094
1171
1233
1276
1307
1328
1350
1356
1338
1301
1242
1158
1072
0979
0886
0794
0704
0618
0562
0531
0506
0482
0466
0457
0448
0438
0432
0426
0420
0411
0407
0401
0398
0398
0395
0395
0395
0398
0401
0404
0404
0407
0411
0420
0479
0596
0791
1078
1471
1965
2518
3053
3452
3603
3430
2963
2302
1610
1022
0633
0537
0513
0497
0488
0485
0485
0482
0488
0497
0500
0503
0506
0509
0509
0509
0506
0506
0506
0506
0506
0506
0513
0516
0537
0593
0658
0729
0806
0890
0942
0970
0985
0995
0998
0995
0988
0979
0967
0951
0933
0911
0893
0890
0905
0933
0976
1041
1106
1177
1254
1338
1427
1514
1597
1675
1749
1820
1875
1919
1962
1984
1999
2008
2018
2027
2030
2036
2036
2033
2030
2024
2018
2008
1999
1984
1953
1888
1823
1749
1665
1576
1486
1396
1310
1230
1165
1115
1075
1044
1026
1007
0985
0967
0945
0917
0886
0856
0825
0800
0775
0751
0729
0707
0689
0670
0655
0639
0624
0611
0599
0590
0584
0577
0571
0565
0562
0559
0559
0559
0559
0559
0565
0571
0581
0590
0599
0611
0624
0639
0667
0729
0778
0834
0883
0917
0936
0948
0961
0967
0967
0954
0927
0896
0859
0809
0775
0754
0741
0732
0726
0720
0713
0710
0710
0717
0723
0732
0744
0760
0775
0803
0849
0896
0939
0982
1035
1069
1094
1112
1128
1137
1134
1128
1112
1094
1069
1038
0988
0942
0905
0877
0859
0840
0822
0809
0797
0788
0778
0769
0760
0751
0741
0729
0720
0704
0692
0673
0652
0633
0611
0590
0562
0528
0491
0457
0420
0383
0364
0370
0404
0500
0698
0995
1393
1882
2416
2926
3322
3449
3415
3093
2562
1931
1310
0809
0463
0343
0305
0355
0494
0636
0723
0747
0744
0707
0652
0590
0568
0553
0540
0528
0522
0519
0519
0519
0525
0528
0534
0537
0543
0550
0559
0565
0574
0581
0590
0599
0611
0630
0652
0670
0689
0707
0732
0763
0794
0822
0856
0896
0936
0985
1053
1124
1202
1285
1372
1464
1554
1647
1730
1807
1882
1937
1981
2024
2061
2089
2110
2132
2151
2166
2181
2197
2206
2209
2200
2185
2160
2117
2049
1977
1903
1823
1746
1662
1585
1505
1424
1347
1270
1192
1118
1044
0970
0905
0852
0788
0757
0741
0729
0717
0710
0704
0701
0695
0689
0683
0676
0670
0664
0661
0655
0652
0649
0645
0642
0639
0639
0639
0642
0642
0645
0649
0649
0655
0655
0652
0645
0639
0633
0624
0611
0602
0590
0581
0574
0568
0568
0571
0577
0587
0599
0615
0630
0645
0664
0683
0707
0735
0763
0788
0812
0831
0849
0865
0880
0896
0908
0924
0936
0948
0961
0973
0982
1001
1019
1041
1066
1090
1118
1140
1168
1192
1211
1226
1233
1230
1220
1208
1189
1165
1128
1066
1001
0951
0905
0859
0806
0781
0766
0751
0738
0729
0723
0720
0713
0713
0710
0707
0701
0701
0698
0695
0692
0689
0683
0679
0670
0661
0642
0624
0608
0608
0618
0649
0744
0920
1174
1514
1922
2361
2778
3115
3220
3189
2917
2416
1804
1211
0726
0411
0364
0355
0352
0358
0355
0355
0364
0373
0380
0380
0380
0377
0373
0367
0364
0361
0361
0364
0367
0373
0386
0401
0445
0500
0553
0599
0645
0692
0720
0738
0751
0760
0769
0778
0788
0797
0803
0809
0812
0819
0828
0840
0856
0877
0899
0927
0979
1060
1140
1223
1313
1403
1489
1582
1671
1764
1841
1900
1959
2011
2058
2089
2107
2123
2135
2144
2147
2141
2123
2089
2052
2002
1928
1869
1786
1696
1616
1526
1446
1384
1313
1236
1158
1078
1029
0998
0979
0961
0942
0924
0905
0893
0883
0874
0868
0862
0852
0846
0837
0825
0812
0800
0785
0769
0751
0735
0723
0707
0695
0679
0664
0649
0636
0621
0608
0599
0590
0584
0581
0581
0581
0584
0590
0596
0602
0611
0621
0630
0639
0649
0658
0667
0676
0679
0686
0689
0689
0689
0689
0692
0695
0701
0707
0713
0723
0732
0757
0788
0822
0846
0871
0893
0911
0930
0951
0973
0998
1026
1056
1084
1115
1146
1171
1189
1202
1211
1220
1223
1230
1233
1233
1230
1220
1192
1149
1103
1056
1001
0954
0917
0886
0871
0859
0852
0843
0834
0828
0822
0815
0812
0809
0806
0806
0803
0803
0803
0803
0803
0803
0806
0806
0806
0809
0815
0828
0834
0840
0849
0865
0890
1044
1270
1579
1971
2426
2883
3285
3501
3507
3319
2858
2271
1681
1199
0868
0741
0713
0701
0695
0692
0692
0695
0701
0710
0717
0723
0726
0729
0729
0726
0720
0713
0701
0686
0667
0652
0639
0630
0621
0611
0602
0596
0590
0587
0584
0584
0584
0584
0587
0593
0599
0605
0618
0630
0642
0655
0670
0689
0713
0754
0843
0917
0982
1053
1128
1205
1285
1356
1415
1464
1511
1560
1607
1659
1712
1770
1820
1866
1906
1925
1937
1943
1950
1956
1962
1962
1959
1931
1891
1841
1780
1684
1613
1523
1412
1325
1260
1192
1137
1090
1047
1013
0985
0973
0954
0930
0899
0862
0812
0754
0704
0661
0642
0627
0611
0605
0602
0602
0608
0618
0630
0642
0658
0670
0679
0689
0692
0692
0689
0686
0679
0670
0661
0652
0645
0636
0630
0627
0624
0621
0621
0624
0627
0630
0636
0642
0652
0658
0667
0676
0683
0692
0701
0704
0723
0751
0772
0809
0948
1128
1393
1739
2147
2568
2932
3031
2997
2701
2172
1591
1106
0862
0766
0822
0936
1066
1162
1211
1248
1273
1285
1294
1310
1325
1332
1316
1279
1233
1174
1097
1029
0988
0964
0942
0924
0914
0908
0914
0933
0958
0982
1010
1038
1063
1090
1115
1137
1155
1168
1171
1165
1152
1137
1118
1090
1060
1019
0961
0917
0883
0852
0815
0794
0803
0849
0995
1217
1523
1909
2364
2837
3272
3578
3628
3551
3143
2549
1879
1267
0785
0503
0411
0414
0469
0590
0760
0834
0871
0899
0890
0825
0791
0763
0735
0710
0692
0679
0673
0670
0670
0673
0679
0686
0695
0704
0717
0729
0747
0769
0800
0856
0890
0908
0917
0924
0927
0927
0920
0911
0893
0874
0849
0828
0815
0837
0883
0933
0988
1038
1084
1134
1180
1230
1279
1319
1375
1440
1498
1566
1628
1675
1730
1764
1783
1801
1817
1829
1835
1835
1829
1820
1804
1789
1770
1743
1693
1644
1591
1545
1505
1452
1400
1316
1226
1124
1019
0917
0852
0791
0729
0695
0676
0661
0655
0649
0639
0630
0608
0574
0543
0525
0513
0506
0500
0497
0500
0506
0519
0531
0550
0562
0577
0590
0605
0618
0627
0639
0655
0676
0704
0729
0754
0769
0781
0791
0800
0806
0812
0812
0806
0797
0781
0763
0744
0729
0717
0704
0692
0683
0673
0664
0658
0655
0652
0652
0652
0655
0655
0658
0661
0661
0664
0670
0673
0676
0683
0689
0695
0720
0775
0834
0902
0979
1060
1140
1214
1282
1356
1400
1427
1446
1455
1455
1446
1427
1406
1366
1301
1236
1168
1094
1019
0948
0883
0825
0766
0735
0717
0707
0701
0707
0723
0747
0769
0781
0794
0803
0812
0819
0822
0825
0828
0828
0828
0822
0815
0809
0806
0812
0862
0979
1171
1443
1801
2240
2725
3198
3566
3733
3615
3189
2521
1746
1035
0540
0336
0318
0441
0642
0812
0880
0905
0914
0896
0859
0837
0819
0803
0788
0778
0769
0760
0757
0757
0763
0769
0775
0785
0797
0809
0822
0831
0837
0846
0856
0862
0865
0871
0874
0877
0883
0883
0883
0883
0886
0896
0905
0930
0979
1026
1078
1128
1183
1236
1294
1353
1412
1468
1520
1566
1622
1668
1702
1743
1777
1801
1820
1838
1857
1869
1885
1897
1906
1913
1909
1897
1885
1863
1826
1761
1668
1563
1449
1335
1211
1128
1032
0945
0862
0778
0710
0661
0611
0584
0565
0553
0540
0534
0531
0537
0550
0565
0584
0602
0621
0642
0664
0683
0695
0710
0726
0751
0791
0828
0868
0908
0948
0973
0988
1004
1016
1019
1013
0998
0979
0954
0927
0883
0843
0797
0766
0744
0723
0704
0695
0689
0686
0683
0683
0679
0679
0683
0683
0686
0686
0689
0692
0701
0717
0738
0760
0785
0815
0843
0859
0868
0874
0880
0890
0896
0899
0886
0859
0825
0778
0717
0679
0649
0621
0602
0615
0667
0812
1038
1366
1789
2293
2849
3402
3863
4091
4095
3847
3288
2577
1845
1233
0822
0689
0645
0698
0797
0859
0871
0880
0890
0893
0886
0877
0868
0859
0846
0837
0831
0828
0834
0856
0883
0914
0936
0961
0979
0998
1007
1007
0998
0979
0961
0933
0902
0856
0822
0797
0775
0760
0747
0741
0741
0754
0772
0797
0828
0874
0914
0967
1032
1100
1168
1242
1316
1393
1474
1560
1641
1718
1792
1848
1882
1900
1909
1922
1934
1937
1916
1869
1801
1712
1625
1542
1458
1378
1304
1226
1171
1137
1106
1078
1053
1032
1010
0982
0958
0936
0920
0902
0886
0871
0852
0834
0819
0806
0794
0781
0772
0763
0754
0751
0747
0744
0747
0751
0760
0769
0781
0794
0806
0819
0831
0840
0849
0859
0865
0874
0883
0893
0902
0911
0917
0927
0933
0933
0933
0927
0917
0905
0893
0877
0862
0843
0828
0809
0794
0775
0760
0747
0738
0732
0729
0726
0726
0729
0735
0738
0747
0754
0763
0772
0778
0785
0788
0791
0788
0781
0775
0763
0754
0738
0726
0710
0695
0676
0661
0655
0652
0658
0670
0686
0701
0720
0738
0760
0775
0781
0769
0741
0704
0658
0599
0553
0522
0497
0479
0472
0482
0506
0540
0581
0642
0701
0760
0815
0871
0920
0964
0992
1016
1032
1044
1056
1066
1072
1075
1066
1044
1016
0985
0964
0945
0930
0911
0896
0880
0868
0856
0849
0843
0840
0837
0837
0834
0834
0837
0837
0840
0846
0852
0865
0874
0886
0896
0908
0920
0933
0958
0979
1001
1013
1029
1069
1146
1301
1542
1863
2268
2713
3133
3442
3492
3418
3041
2509
1953
1468
1140
1019
0979
0964
0967
0979
0988
0998
1013
1022
1022
1001
0976
0958
0936
0914
0899
0890
0886
0893
0905
0927
0954
0982
1026
1103
1177
1214
1239
1254
1264
1270
1273
1276
1279
1279
1282
1282
1282
1285
1288
1294
1304
1322
1347
1378
1406
1437
1471
1505
1542
1579
1625
1678
1730
1798
1882
1950
1999
2042
2067
2086
2098
2107
2107
2098
2079
2049
1999
1922
1854
1783
1705
1628
1554
1477
1400
1325
1251
1171
1109
1072
1029
0985
0964
0948
0936
0927
0924
0920
0917
0914
0911
0905
0899
0893
0883
0871
0859
0843
0831
0815
0797
0781
0763
0747
0735
0723
0713
0707
0704
0704
0704
0707
0713
0723
0729
0732
0738
0738
0735
0729
0723
0713
0704
0692
0679
0664
0645
0627
0608
0590
0574
0562
0550
0537
0525
0513
0500
0485
0466
0451
0435
0420
0407
0404
0404
0411
0420
0435
0451
0469
0491
0519
0553
0618
0673
0717
0757
0797
0834
0871
0917
0976
1035
1087
1134
1162
1177
1192
1208
1220
1217
1186
1140
1084
1007
0945
0877
0815
0751
0707
0679
0655
0627
0602
0574
0543
0506
0475
0457
0448
0438
0435
0429
0423
0423
0423
0432
0451
0472
0491
0509
0525
0537
0547
0556
0559
0568
0587
0676
0831
1060
1372
1752
2175
2602
2973
3195
3217
3096
2728
2234
1727
1298
1007
0896
0852
0822
0806
0785
0754
0726
0701
0679
0655
0639
0633
0639
0658
0686
0717
0744
0766
0785
0800
0815
0828
0837
0840
0843
0843
0840
0837
0834
0828
0825
0822
0819
0812
0806
0803
0800
0797
0800
0806
0815
0828
0840
0856
0880
0942
0998
1072
1165
1248
1341
1421
1480
1532
1610
1696
1780
1872
1956
2011
2055
2079
2098
2113
2123
2129
2120
2101
2070
2036
2002
1962
1922
1891
1860
1817
1761
1709
1653
1597
1539
1480
1418
1356
1301
1254
1208
1165
1121
1078
1029
0979
0930
0883
0843
0806
0778
0763
0751
0741
0732
0729
0729
0726
0726
0726
0726
0723
0723
0720
0720
0720
0723
0726
0735
0744
0754
0766
0778
0794
0806
0822
0831
0840
0849
0856
0859
0862
0862
0862
0865
0868
0871
0877
0886
0896
0908
0920
0933
0945
0961
0970
0979
0992
1001
1010
1019
1026
1032
1032
1032
1029
1026
1022
1019
1016
1016
1016
1019
1026
1035
1047
1063
1081
1103
1128
1162
1196
1220
1233
1226
1208
1180
1143
1094
1019
0948
0890
0846
0809
0766
0726
0701
0679
0661
0642
0630
0618
0605
0596
0587
0581
0574
0571
0565
0562
0559
0556
0553
0550
0547
0547
0547
0553
0559
0568
0584
0608
0639
0707
0849
1072
1378
1758
2209
2679
3109
3393
3430
3309
2871
2246
1566
0970
0540
0401
0346
0349
0417
0485
0553
0615
0670
0732
0794
0828
0840
0849
0856
0862
0868
0874
0877
0877
0868
0849
0825
0800
0775
0754
0735
0720
0701
0679
0658
0633
0611
0596
0590
0590
0596
0608
0621
0636
0652
0673
0698
0738
0812
0871
0930
0985
1041
1094
1146
1205
1260
1316
1378
1440
1505
1566
1653
1758
1845
1913
1993
2039
2070
2095
2117
2132
2135
2129
2117
2095
2070
2039
1996
1922
1857
1770
1665
1557
1443
1319
1196
1066
0951
0840
0723
0636
0577
0547
0528
0519
0513
0506
0503
0497
0497
0494
0497
0500
0503
0509
0519
0528
0543
0559
0574
0593
0615
0642
0689
0738
0781
0819
0840
0862
0877
0896
0911
0924
0930
0936
0936
0933
0920
0908
0893
0874
0856
0837
0819
0803
0788
0769
0754
0741
0726
0713
0704
0695
0692
0689
0689
0692
0698
0704
0717
0729
0741
0754
0766
0781
0797
0812
0834
0862
0890
0911
0933
0954
0979
0998
1022
1047
1066
1084
1103
1121
1140
1155
1165
1171
1168
1155
1134
1100
1060
1004
0924
0859
0819
0788
0766
0754
0751
0760
0778
0809
0846
0886
0939
0979
1004
1022
1035
1047
1056
1063
1066
1060
1044
1016
0979
0911
0806
0720
0621
0543
0494
0475
0494
0550
0713
1007
1415
1919
2487
3056
3526
3755
3748
3483
2889
2135
1384
0781
0451
0333
0370
0475
0642
0735
0788
0822
0843
0852
0843
0812
0769
0726
0698
0670
0645
0624
0605
0587
0574
0568
0565
0565
0568
0571
0574
0574
0574
0571
0571
0568
0568
0565
0562
0556
0550
0543
0553
0577
0618
0667
0741
0803
0883
0970
1047
1124
1208
1285
1366
1449
1520
1576
1638
1690
1736
1773
1811
1829
1845
1857
1869
1879
1888
1894
1897
1900
1897
1891
1879
1869
1854
1838
1817
1792
1752
1668
1588
1508
1430
1353
1254
1134
1038
0964
0862
0806
0772
0741
0717
0698
0692
0692
0701
0713
0732
0754
0778
0800
0819
0834
0846
0859
0865
0868
0868
0862
0856
0846
0834
0822
0809
0797
0788
0778
0772
0766
0760
0757
0751
0747
0747
0744
0744
0741
0741
0741
0741
0741
0741
0741
0741
0741
0741
0741
0741
0738
0738
0735
0735
0735
0732
0732
0732
0735
0735
0738
0744
0747
0754
0760
0769
0775
0788
0800
0809
0822
0831
0843
0856
0874
0920
0979
1032
1090
1149
1211
1251
1270
1282
1294
1307
1316
1322
1307
1267
1214
1146
1047
0970
0899
0837
0791
0751
0729
0717
0701
0692
0683
0673
0667
0664
0664
0667
0670
0676
0686
0692
0701
0710
0723
0732
0744
0754
0760
0766
0775
0788
0834
0930
1063
1270
1557
1925
2355
2809
3217
3458
3479
3306
2843
2228
1594
1063
0689
0615
0618
0618
0621
0627
0633
0636
0649
0661
0673
0683
0689
0695
0695
0695
0695
0692
0692
0689
0686
0683
0679
0676
0673
0670
0667
0667
0667
0667
0667
0670
0673
0676
0679
0686
0692
0701
0713
0726
0738
0751
0766
0785
0806
0849
0958
1035
1118
1199
1282
1366
1449
1539
1600
1644
1678
1699
1712
1721
1727
1733
1736
1743
1746
1749
1749
1746
1736
1721
1699
1671
1641
1604
1545
1489
1434
1369
1291
1214
1140
1063
0988
0927
0868
0828
0794
0775
0763
0754
0744
0735
0729
0726
0726
0726
0729
0732
0741
0754
0766
0781
0797
0815
0831
0849
0871
0908
0948
0979
1019
1050
1072
1090
1109
1128
1143
1158
1171
1180
1186
1186
1183
1180
1171
1162
1149
1137
1121
1106
1090
1072
1050
1016
0976
0936
0890
0846
0825
0806
0791
0775
0760
0747
0732
0720
0710
0701
0695
0692
0689
0692
0692
0695
0701
0707
0713
0723
0735
0744
0757
0769
0781
0794
0806
0837
0911
0964
1094
1267
1505
1807
2181
2605
3025
3306
3399
3285
2948
2351
1705
1162
0852
0735
0723
0766
0785
0794
0806
0819
0828
0840
0846
0849
0852
0852
0852
0852
0849
0849
0846
0843
0843
0843
0843
0846
0849
0852
0859
0862
0865
0868
0871
0871
0871
0868
0865
0865
0862
0862
0865
0868
0874
0880
0886
0893
0902
0911
0933
0985
1038
1084
1124
1162
1199
1236
1273
1325
1396
1468
1539
1610
1687
1730
1761
1786
1807
1820
1823
1817
1804
1783
1758
1730
1699
1659
1616
1579
1542
1498
1452
1409
1369
1316
1257
1211
1146
1072
1013
0970
0920
0880
0849
0822
0791
0763
0732
0704
0679
0664
0652
0642
0636
0630
0627
0621
0621
0618
0621
0624
0630
0636
0645
0655
0664
0673
0683
0692
0701
0707
0713
0717
0720
0723
0726
0729
0729
0729
0729
0729
0729
0726
0723
0717
0710
0701
0692
0683
0673
0664
0655
0645
0636
0627
0618
0602
0587
0571
0562
0556
0556
0562
0574
0596
0621
0649
0707
0809
0899
0988
1081
1174
1251
1304
1322
1335
1347
1350
1332
1288
1226
1146
1072
0995
0917
0834
0766
0723
0692
0667
0658
0655
0652
0649
0645
0645
0642
0639
0639
0636
0633
0630
0624
0618
0611
0605
0596
0593
0590
0587
0584
0581
0584
0590
0599
0649
0794
1010
1310
1684
2132
2608
3044
3340
3381
3291
2905
2358
1764
1245
0877
0738
0683
0661
0686
0729
0757
0775
0794
0812
0828
0840
0849
0859
0865
0871
0877
0883
0890
0896
0905
0914
0927
0945
0964
0982
1001
1019
1041
1060
1075
1084
1087
1081
1069
1053
1032
1010
0992
0967
0939
0920
0917
0927
0945
0970
1001
1053
1103
1168
1245
1316
1393
1471
1548
1628
1705
1780
1860
1928
1971
1984
1990
1993
1996
1996
1996
1996
1981
1953
1925
1894
1860
1826
1801
1780
1736
1668
1600
1523
1434
1338
1239
1140
1041
0948
0871
0812
0757
0723
0701
0686
0673
0664
0655
0645
0636
0627
0621
0615
0605
0599
0593
0590
0584
0581
0577
0574
0574
0574
0574
0577
0581
0584
0590
0596
0605
0611
0621
0630
0636
0645
0652
0658
0664
0670
0676
0689
0698
0710
0726
0741
0757
0775
0788
0800
0809
0819
0828
0834
0840
0843
0849
0849
0852
0852
0852
0852
0852
0849
0849
0849
0849
0852
0856
0859
0865
0871
0880
0893
0914
0942
0973
1001
1035
1075
1112
1146
1171
1192
1208
1220
1226
1230
1220
1205
1183
1158
1118
1060
1007
0961
0908
0859
0819
0781
0751
0720
0692
0673
0655
0636
0618
0599
0581
0568
0553
0540
0525
0506
0488
0466
0441
0407
0380
0367
0355
0339
0324
0358
0454
0611
0846
1165
1560
2021
2518
2985
3356
3498
3473
3211
2716
2117
1536
1084
0800
0729
0701
0741
0760
0769
0775
0778
0785
0791
0794
0797
0797
0797
0794
0794
0794
0794
0797
0797
0800
0800
0803
0800
0797
0794
0791
0785
0778
0772
0769
0766
0766
0769
0772
0778
0781
0791
0800
0812
0828
0865
0905
0942
0985
1038
1094
1162
1248
1335
1421
1517
1607
1693
1780
1851
1903
1959
1987
2005
2021
2036
2045
2055
2058
2058
2055
2045
2036
2024
2008
1990
1959
1903
1857
1792
1721
1653
1585
1517
1443
1372
1294
1211
1131
1050
0967
0896
0843
0806
0794
0788
0785
0785
0785
0785
0788
0794
0797
0803
0809
0812
0812
0812
0806
0800
0794
0785
0772
0763
0751
0738
0726
0713
0701
0689
0676
0664
0652
0639
0627
0615
0605
0599
0593
0587
0587
0587
0590
0596
0602
0611
0624
0636
0649
0661
0673
0686
0695
0707
0717
0729
0738
0751
0763
0775
0788
0797
0806
0812
0819
0828
0837
0846
0859
0877
0896
0914
0933
0954
0979
1016
1078
1137
1189
1233
1264
1285
1304
1319
1335
1341
1328
1301
1260
1214
1143
1075
1007
0939
0868
0806
0751
0707
0673
0652
0636
0621
0608
0602
0596
0593
0599
0608
0624
0645
0667
0689
0710
0729
0744
0763
0778
0794
0803
0806
0806
0806
0812
0834
0924
1081
1332
1675
2095
2562
3000
3343
3430
3393
3078
2568
1968
1387
0899
0565
0460
0423
0432
0503
0587
0661
0689
0704
0713
0720
0723
0726
0726
0720
0713
0704
0698
0689
0679
0670
0664
0658
0655
0649
0649
0649
0649
0652
0658
0661
0667
0673
0679
0686
0692
0701
0710
0717
0723
0732
0741
0751
0763
0806
0849
0893
0967
1060
1149
1242
1338
1434
1520
1613
1684
1733
1767
1798
1817
1829
1841
1854
1860
1866
1866
1860
1854
1841
1823
1801
1777
1739
1671
1613
1560
1505
1443
1384
1325
1264
1202
1137
1069
1010
0964
0917
0874
0856
0846
0837
0831
0825
0822
0819
0822
0825
0828
0834
0840
0846
0849
0852
0852
0856
0852
0849
0846
0840
0834
0825
0815
0806
0794
0781
0772
0763
0757
0751
0744
0732
0723
0717
0720
0738
0772
0812
0849
0874
0893
0908
0920
0936
0945
0958
0964
0970
0973
0973
0970
0967
0964
0961
0954
0951
0948
0945
0942
0936
0933
0930
0924
0920
0920
0917
0920
0927
0933
0942
0951
0964
0979
1001
1047
1090
1128
1158
1183
1202
1214
1214
1196
1168
1128
1078
1001
0930
0865
0809
0757
0707
0689
0673
0661
0649
0639
0630
0624
0618
0615
0611
0608
0608
0608
0611
0611
0615
0618
0621
0624
0630
0633
0639
0645
0652
0655
0658
0664
0676
0692
0797
0958
1199
1539
1968
2472
2985
3424
3662
3677
3486
3016
2416
1820
1325
0979
0837
0815
0797
0785
0772
0763
0754
0747
0744
0741
0735
0732
0729
0726
0723
0720
0717
0717
0713
0710
0710
0707
0704
0704
0704
0704
0704
0704
0707
0713
0717
0723
0732
0741
0754
0763
0772
0785
0797
0809
0831
0886
0939
0992
1053
1124
1199
1270
1341
1415
1477
1526
1573
1616
1653
1687
1721
1758
1795
1829
1863
1894
1916
1928
1937
1947
1956
1965
1971
1974
1977
1971
1953
1928
1891
1829
1730
1650
1560
1464
1369
1276
1189
1106
1026
0967
0917
0871
0828
0794
0757
0723
0689
0661
0639
0624
0611
0602
0599
0593
0590
0587
0587
0587
0590
0593
0599
0605
0608
0615
0621
0627
0630
0633
0633
0633
0633
0630
0627
0621
0615
0608
0602
0593
0587
0577
0571
0562
0556
0547
0540
0525
0506
0491
0479
0469
0463
0451
0438
0423
0401
0401
0445
0556
0741
1007
1362
1783
2219
2599
2744
2725
2463
1984
1446
0998
0781
0698
0744
0828
0914
0967
1004
1035
1069
1100
1118
1140
1162
1180
1186
1180
1158
1131
1094
1047
0976
0920
0890
0874
0859
0846
0840
0837
0840
0846
0856
0868
0883
0896
0905
0914
0920
0930
0936
0936
0936
0924
0905
0880
0852
0822
0775
0741
0717
0692
0664
0649
0661
0710
0856
1075
1396
1804
2293
2818
3297
3625
3668
3547
3072
2407
1693
1069
0618
0401
0330
0361
0445
0584
0720
0828
0865
0883
0880
0859
0828
0785
0732
0695
0673
0658
0649
0639
0636
0633
0630
0627
0627
0627
0633
0642
0652
0664
0676
0689
0707
0741
0772
0800
0822
0840
0852
0865
0874
0890
0920
0970
1013
1063
1121
1177
1233
1288
1344
1403
1461
1520
1579
1641
1702
1764
1826
1888
1947
2008
2049
2076
2095
2104
2113
2120
2129
2132
2126
2107
2083
2042
1984
1937
1891
1845
1792
1739
1693
1625
1563
1480
1378
1267
1146
1029
0933
0852
0803
0772
0763
0754
0754
0751
0747
0747
0744
0735
0717
0689
0655
0633
0621
0608
0602
0596
0596
0596
0599
0605
0615
0624
0633
0642
0655
0679
0701
0726
0747
0772
0785
0788
0791
0791
0794
0797
0794
0785
0766
0744
0729
0717
0707
0698
0689
0683
0676
0670
0670
0670
0673
0679
0686
0692
0701
0710
0720
0729
0747
0763
0775
0788
0797
0809
0828
0843
0859
0886
0924
0958
0992
1035
1075
1112
1155
1189
1208
1223
1230
1230
1223
1214
1202
1180
1140
1094
1044
0982
0930
0877
0828
0785
0738
0701
0673
0652
0636
0627
0621
0615
0615
0615
0624
0633
0645
0658
0673
0695
0717
0732
0741
0754
0760
0769
0772
0772
0775
0791
0831
0933
1109
1384
1770
2253
2800
3331
3745
3934
3829
3408
2744
1990
1301
0815
0599
0577
0670
0843
0985
1038
1063
1035
0982
0930
0883
0837
0806
0785
0760
0735
0707
0679
0652
0624
0605
0590
0581
0574
0574
0574
0584
0599
0618
0636
0658
0676
0689
0698
0707
0713
0720
0726
0735
0744
0757
0775
0806
0834
0868
0908
0942
0979
1016
1053
1084
1106
1128
1162
1199
1233
1273
1310
1344
1381
1421
1464
1508
1551
1591
1631
1668
1705
1730
1746
1755
1764
1761
1730
1690
1641
1570
1498
1424
1344
1257
1168
1081
0988
0927
0852
0785
0723
0676
0652
0633
0630
0642
0670
0710
0766
0822
0874
0930
0982
1026
1053
1078
1103
1118
1134
1149
1162
1171
1171
1168
1158
1146
1131
1109
1075
1035
0992
0954
0917
0890
0871
0859
0846
0834
0822
0809
0800
0791
0781
0772
0763
0757
0747
0744
0741
0741
0744
0751
0757
0766
0775
0788
0797
0809
0822
0837
0849
0859
0865
0865
0862
0856
0846
0834
0822
0800
0763
0723
0683
0642
0602
0571
0537
0519
0525
0562
0664
0862
1162
1573
2086
2667
3257
3764
4030
4042
3813
3242
2506
1743
1100
0676
0522
0509
0611
0760
0868
0902
0883
0840
0760
0661
0593
0547
0519
0497
0488
0494
0513
0534
0565
0611
0652
0695
0732
0763
0775
0781
0785
0788
0788
0788
0788
0785
0785
0781
0781
0781
0785
0788
0788
0791
0797
0803
0812
0834
0886
0936
0985
1066
1149
1239
1332
1427
1529
1628
1727
1826
1891
1956
2015
2061
2095
2110
2120
2132
2126
2086
2033
1971
1885
1795
1705
1619
1520
1461
1396
1335
1294
1270
1242
1214
1192
1177
1162
1146
1134
1121
1109
1097
1084
1072
1060
1041
1022
1001
0976
0939
0911
0890
0874
0862
0856
0849
0849
0852
0865
0883
0902
0917
0933
0942
0954
0964
0970
0973
0976
0973
0970
0964
0951
0939
0930
0917
0908
0899
0890
0877
0862
0849
0837
0825
0815
0803
0788
0766
0744
0726
0710
0695
0683
0676
0670
0667
0667
0670
0673
0679
0683
0689
0689
0689
0686
0679
0670
0661
0649
0633
0621
0605
0590
0571
0556
0547
0543
0553
0565
0584
0608
0636
0670
0720
0747
0763
0775
0785
0785
0766
0732
0689
0639
0596
0565
0543
0525
0516
0522
0540
0562
0602
0664
0723
0788
0859
0927
0995
1063
1121
1168
1214
1248
1273
1291
1304
1304
1291
1276
1251
1211
1146
1084
1019
0948
0877
0812
0747
0698
0658
0621
0602
0590
0577
0568
0562
0559
0562
0568
0577
0593
0608
0627
0645
0661
0683
0698
0704
0701
0686
0670
0649
0624
0593
0584
0639
0791
1047
1412
1860
2348
2796
3112
3155
3050
2620
2027
1418
0902
0565
0463
0435
0491
0565
0624
0639
0649
0655
0655
0655
0652
0645
0636
0627
0618
0608
0602
0602
0602
0605
0615
0627
0645
0670
0720
0772
0822
0871
0920
0954
0979
1001
1022
1038
1056
1072
1087
1109
1131
1155
1177
1192
1208
1220
1230
1239
1242
1245
1251
1257
1273
1304
1347
1409
1483
1557
1631
1705
1786
1845
1885
1903
1909
1909
1913
1913
1913
1913
1906
1894
1875
1854
1826
1783
1749
1702
1647
1585
1523
1455
1381
1316
1264
1205
1162
1128
1097
1072
1050
1029
1010
0992
0973
0951
0930
0905
0883
0862
0840
0825
0809
0797
0785
0775
0766
0760
0754
0754
0754
0760
0769
0778
0794
0806
0822
0834
0846
0856
0862
0868
0871
0868
0862
0849
0828
0806
0781
0763
0751
0741
0732
0726
0723
0720
0717
0713
0713
0710
0710
0710
0710
0707
0707
0707
0704
0704
0701
0701
0701
0704
0707
0713
0720
0729
0741
0751
0763
0772
0785
0809
0877
0927
0985
1066
1134
1186
1248
1291
1322
1350
1362
1359
1341
1310
1270
1223
1158
1100
1041
0982
0933
0893
0865
0840
0806
0775
0757
0741
0729
0717
0704
0695
0686
0679
0673
0667
0664
0658
0655
0652
0645
0636
0627
0615
0608
0605
0608
0618
0642
0732
0902
1149
1492
1925
2407
2926
3371
3653
3690
3575
3177
2633
2083
1613
1301
1183
1131
1094
1056
0995
0908
0868
0852
0840
0834
0828
0828
0834
0840
0840
0840
0840
0834
0815
0794
0763
0717
0639
0581
0550
0531
0519
0509
0503
0503
0509
0519
0531
0543
0553
0562
0571
0574
0577
0584
0590
0605
0642
0679
0729
0797
0874
0958
1041
1131
1205
1254
1301
1366
1440
1502
1576
1644
1693
1752
1811
1860
1894
1919
1931
1940
1950
1956
1962
1962
1959
1953
1943
1928
1909
1885
1832
1746
1671
1591
1505
1412
1332
1267
1192
1134
1090
1053
1016
0985
0961
0936
0914
0890
0865
0840
0822
0806
0797
0788
0778
0772
0766
0763
0757
0751
0744
0735
0726
0713
0704
0695
0692
0686
0683
0679
0679
0689
0717
0763
0806
0834
0852
0865
0874
0880
0886
0883
0880
0874
0865
0856
0843
0837
0831
0825
0822
0822
0825
0828
0834
0840
0849
0859
0868
0877
0886
0896
0905
0914
0924
0933
0942
0951
0961
0976
0988
1007
1026
1041
1050
1063
1072
1087
1100
1112
1128
1140
1149
1149
1137
1109
1075
1035
0995
0945
0899
0856
0819
0800
0791
0781
0772
0766
0760
0757
0751
0744
0741
0735
0729
0726
0720
0713
0707
0701
0695
0689
0679
0673
0661
0645
0624
0596
0577
0565
0562
0568
0587
0621
0747
0967
1273
1668
2132
2620
3065
3381
3421
3319
2868
2219
1511
0890
0448
0287
0231
0299
0367
0420
0460
0513
0556
0584
0605
0621
0636
0649
0661
0670
0676
0683
0683
0683
0683
0683
0686
0689
0695
0704
0720
0735
0754
0772
0788
0806
0825
0843
0859
0874
0890
0905
0924
0936
0951
0967
0982
1010
1053
1103
1158
1223
1301
1378
1455
1536
1613
1681
1736
1786
1835
1872
1903
1931
1953
1968
1981
1990
1999
2005
2015
2021
2024
2024
2011
1987
1953
1916
1863
1783
1718
1631
1523
1418
1304
1186
1069
0948
0831
0720
0596
0528
0497
0479
0466
0463
0457
0454
0454
0454
0454
0454
0451
0441
0429
0411
0386
0361
0343
0333
0336
0352
0383
0420
0475
0556
0624
0664
0692
0710
0723
0729
0732
0729
0720
0704
0689
0670
0652
0636
0624
0611
0605
0599
0596
0593
0593
0596
0599
0605
0611
0618
0627
0636
0645
0658
0670
0683
0695
0704
0717
0729
0747
0772
0794
0815
0834
0852
0874
0899
0927
0958
0982
1010
1041
1069
1100
1131
1158
1186
1214
1239
1264
1288
1307
1316
1316
1307
1291
1270
1236
1171
1053
0954
0874
0809
0772
0751
0732
0723
0723
0741
0769
0806
0843
0874
0899
0924
0939
0945
0936
0914
0886
0852
0819
0785
0751
0717
0686
0664
0655
0652
0655
0670
0698
0800
1010
1316
1721
2203
2722
3220
3612
3764
3739
3455
2902
2203
1498
0902
0497
0373
0380
0531
0726
0917
1013
1066
1090
1109
1118
1121
1112
1090
1063
1026
0985
0933
0880
0834
0809
0794
0781
0775
0772
0772
0766
0763
0757
0751
0741
0732
0720
0707
0692
0670
0642
0621
0605
0605
0624
0655
0695
0741
0815
0896
0998
1121
1242
1356
1471
1576
1671
1767
1845
1903
1965
2008
2039
2064
2083
2098
2110
2120
2132
2141
2147
2154
2154
2141
2117
2079
2039
1984
1897
1832
1752
1656
1566
1474
1384
1279
1183
1109
1022
0948
0883
0840
0809
0794
0778
0769
0763
0763
0766
0778
0797
0822
0846
0868
0890
0911
0933
0954
0961
0939
0893
0834
0769
0692
0649
0624
0608
0596
0587
0584
0587
0599
0624
0655
0686
0713
0732
0751
0763
0775
0781
0788
0791
0791
0788
0781
0769
0760
0744
0729
0713
0698
0686
0670
0661
0652
0642
0636
0630
0627
0621
0621
0621
0624
0633
0642
0655
0670
0686
0704
0723
0741
0763
0800
0840
0874
0914
0961
1007
1066
1134
1180
1217
1248
1273
1288
1294
1291
1276
1254
1220
1180
1124
1029
0945
0871
0806
0757
0723
0707
0695
0683
0673
0664
0661
0655
0655
0658
0661
0664
0670
0679
0689
0698
0707
0717
0726
0735
0744
0747
0751
0757
0763
0803
0902
1050
1291
1625
2055
2562
3090
3557
3804
3801
3541
2960
2234
1523
0964
0738
0692
0658
0630
0611
0599
0587
0581
0587
0590
0590
0587
0587
0587
0584
0581
0581
0584
0587
0590
0596
0602
0611
0621
0630
0636
0645
0655
0664
0670
0673
0676
0676
0673
0670
0667
0661
0658
0655
0655
0655
0661
0667
0679
0692
0710
0735
0778
0865
0948
1029
1112
1199
1279
1359
1440
1498
1545
1585
1625
1656
1678
1693
1712
1727
1743
1755
1767
1777
1783
1783
1777
1767
1752
1733
1709
1684
1641
1551
1468
1387
1301
1205
1140
1094
1056
1032
1016
1007
0998
0988
0982
0979
0973
0970
0970
0970
0970
0973
0979
0982
0988
0998
1010
1026
1041
1056
1075
1090
1106
1121
1131
1143
1155
1168
1177
1180
1180
1174
1162
1140
1115
1087
1060
1035
1010
0979
0951
0920
0893
0859
0828
0806
0791
0781
0769
0757
0744
0732
0723
0710
0701
0692
0686
0676
0670
0664
0655
0652
0645
0639
0636
0633
0630
0630
0630
0630
0636
0642
0652
0661
0670
0689
0704
0707
0707
0726
0732
0760
0769
0893
1103
1471
2036
2701
3371
3755
3773
3535
2932
2126
1464
0954
0831
0772
0754
0744
0744
0744
0729
0729
0717
0695
0679
0664
0652
0639
0649
0627
0627
0605
0593
0593
0581
0590
0611
0642
0673
0689
0695
0720
0754
0803
0834
0896
0936
0982
0970
0911
0871
0834
0815
0809
0794
0803
0806
0849
0859
0902
0951
1047
1109
1121
1162
1189
1217
1245
1294
1390
1514
1600
1650
1696
1709
1727
1758
1764
1777
1792
1795
1780
1780
1743
1727
1690
1656
1631
1570
1545
1517
1511
1440
1403
1316
1208
1134
1069
1016
0958
0914
0893
0846
0837
0791
0800
0800
0837
0840
0865
0859
0763
0723
0676
0655
0652
0630
0611
0624
0621
0639
0670
0692
0723
0754
0754
0757
0751
0760
0763
0791
0800
0812
0819
0828
0837
0840
0846
0856
0865
0874
0883
0890
0896
0893
0886
0871
0852
0831
0809
0788
0769
0747
0726
0707
0689
0673
0658
0645
0633
0624
0611
0599
0584
0553
0528
0528
0556
0602
0673
0769
0852
0948
1026
1075
1112
1140
1165
1186
1205
1208
1189
1152
1109
1069
1026
0979
0936
0896
0859
0822
0791
0778
0775
0769
0766
0766
0763
0763
0760
0760
0760
0763
0763
0766
0766
0766
0760
0757
0754
0754
0769
0791
0809
0825
0840
0859
0886
0936
1094
1344
1807
2330
2936
3449
3779
3813
3634
3047
2348
1665
1131
0852
0763
0871
0945
0982
1016
1041
1060
1069
1069
1063
1047
1032
1010
0995
0973
0945
0914
0893
0874
0862
0846
0834
0815
0791
0769
0769
0797
0837
0874
0914
0945
0954
0961
0979
0951
0883
0856
0834
0819
0809
0803
0800
0809
0819
0834
0852
0874
0914
0979
1035
1094
1155
1217
1298
1390
1471
1554
1616
1650
1687
1724
1743
1755
1770
1783
1792
1798
1804
1807
1804
1801
1792
1783
1767
1749
1727
1702
1662
1607
1529
1412
1270
1168
1090
1029
0976
0927
0893
0865
0843
0822
0806
0791
0781
0778
0775
0769
0763
0754
0747
0751
0775
0806
0831
0846
0859
0874
0893
0908
0924
0933
0939
0939
0936
0936
0933
0933
0927
0920
0914
0908
0902
0899
0899
0896
0893
0890
0883
0880
0877
0877
0877
0880
0883
0890
0902
0911
0920
0930
0945
0951
0942
0917
0886
0825
0723
0649
0593
0599
0667
0704
0726
0744
0757
0769
0785
0797
0815
0831
0843
0856
0868
0880
0896
0924
0982
1047
1090
1121
1146
1162
1171
1165
1146
1121
1087
1050
0992
0939
0877
0834
0803
0775
0757
0741
0729
0720
0710
0704
0701
0692
0686
0676
0667
0661
0667
0679
0698
0717
0732
0747
0760
0772
0788
0806
0822
0834
0849
0865
0886
0920
1066
1359
1730
2234
2772
3217
3541
3585
3467
3047
2506
2008
1520
1192
0942
0856
0809
0834
0967
1041
1087
1118
1038
0979
0948
0920
0902
0883
0868
0852
0834
0819
0797
0778
0751
0723
0698
0676
0658
0642
0630
0621
0608
0596
0590
0584
0581
0581
0584
0590
0599
0611
0630
0652
0676
0717
0788
0840
0886
0924
0970
1022
1109
1205
1282
1366
1452
1548
1613
1650
1671
1668
1628
1566
1492
1390
