1182
1231
1286
1349
1389
1401
1410
1415
1420
1422
1420
1417
1412
1406
1403
1401
1398
1393
1388
1383
1379
1374
1369
1364
1357
1350
1344
1337
1333
1327
1320
1313
1304
1298
1291
1287
1284
1284
1286
1289
1294
1301
1308
1315
1320
1325
1332
1337
1345
1354
1362
1367
1366
1361
1352
1342
1333
1327
1320
1315
1310
1304
1299
1296
1293
1289
1287
1286
1284
1284
1284
1284
1287
1291
1298
1303
1308
1311
1316
1320
1323
1325
1327
1328
1328
1332
1335
1338
1344
1347
1352
1355
1359
1362
1362
1362
1364
1366
1367
1371
1374
1376
1379
1383
1388
1393
1396
1398
1396
1391
1384
1374
1362
1349
1330
1301
1279
1262
1250
1243
1236
1230
1225
1218
1211
1203
1192
1182
1169
1150
1119
1097
1078
1070
1065
1058
1051
1046
1041
1038
1033
1029
1026
1024
1024
1026
1026
1029
1031
1034
1038
1041
1046
1055
1063
1109
1182
1287
1429
1595
1762
1904
1996
2028
2028
1994
1904
1755
1578
1396
1235
1106
1000
0944
0922
0915
0910
0907
0903
0900
0898
0897
0895
0893
0892
0893
0895
0897
0897
0897
0897
0895
0895
0895
0893
0892
0890
0890
0892
0895
0897
0898
0902
0903
0905
0907
0907
0909
0910
0912
0917
0922
0927
0934
0939
0946
0953
0958
0961
0965
0965
0966
0968
0971
0971
0973
0975
0977
0978
0978
0978
0978
0977
0977
0975
0973
0971
0970
0966
0965
0961
0956
0953
0949
0944
0941
0939
0936
0931
0926
0919
0910
0900
0888
0878
0869
0861
0854
0846
0837
0827
0813
0798
0783
0771
0757
0745
0734
0723
0717
0713
0710
0708
0706
0705
0705
0705
0705
0703
0703
0705
0706
0711
0715
0720
0722
0722
0723
0727
0728
0730
0732
0734
0735
0737
0739
0740
0744
0745
0749
0754
0757
0761
0766
0769
0774
0781
0786
0791
0795
0798
0802
0803
0807
0810
0813
0815
0817
0817
0817
0817
0819
0819
0819
0819
0819
0819
0820
0825
0829
0832
0835
0835
0835
0835
0834
0835
0835
0839
0841
0844
0847
0851
0854
0858
0859
0859
0856
0852
0846
0837
0832
0837
0846
0849
0851
0852
0854
0856
0859
0863
0864
0866
0868
0868
0869
0869
0871
0873
0875
0876
0876
0878
0878
0878
0880
0880
0880
0880
0880
0880
0881
0883
0883
0885
0888
0890
0893
0895
0898
0900
0903
0905
0907
0910
0914
0917
0920
0926
0931
0936
0939
0943
0944
0946
0948
0951
0954
0958
0961
0965
0971
0982
0994
1005
1016
1026
1033
1041
1048
1055
1060
1063
1061
1056
1046
1034
1021
1009
0992
0977
0965
0956
0948
0943
0937
0932
0927
0924
0920
0917
0914
0912
0910
0910
0912
0914
0915
0915
0915
0917
0919
0919
0922
0926
0929
0934
0939
0946
0954
0973
1019
1089
1187
1318
1468
1624
1772
1892
1943
1959
1921
1818
1673
1503
1332
1175
1044
0943
0895
0881
0873
0869
0868
0869
0871
0875
0878
0880
0881
0883
0886
0890
0892
0893
0893
0892
0890
0888
0886
0883
0878
0875
0871
0869
0866
0864
0863
0864
0878
0895
0914
0926
0936
0944
0951
0958
0965
0970
0975
0980
0985
0990
0994
0997
1000
1004
1007
1014
1022
1031
1041
1048
1055
1063
1070
1078
1085
1092
1099
1106
1114
1123
1131
1138
1146
1155
1162
1163
1158
1146
1129
1112
1094
1067
1043
1027
1016
1007
0999
0992
0985
0975
0965
0954
0941
0920
0890
0863
0835
0810
0779
0768
0761
0754
0747
0742
0737
0735
0732
0730
0728
0727
0727
0727
0728
0732
0734
0735
0737
0739
0742
0747
0752
0757
0762
0768
0773
0779
0785
0790
0793
0796
0802
0807
0812
0815
0819
0822
0824
0825
0827
0825
0824
0820
0817
0815
0815
0813
0810
0808
0807
0805
0805
0803
0800
0798
0802
0812
0824
0832
0839
0846
0851
0856
0859
0861
0861
0861
0858
0854
0849
0842
0839
0834
0830
0829
0825
0824
0820
0817
0813
0812
0812
0812
0812
0812
0812
0812
0812
0810
0810
0810
0812
0813
0815
0819
0824
0829
0835
0841
0847
0852
0856
0856
0856
0858
0859
0861
0863
0866
0869
0873
0876
0880
0883
0885
0886
0886
0886
0886
0886
0888
0890
0892
0897
0902
0905
0909
0912
0914
0915
0917
0919
0922
0924
0926
0927
0931
0934
0936
0939
0943
0948
0953
0960
0966
0982
1016
1044
1061
1077
1087
1094
1094
1085
1072
1056
1039
1014
0994
0975
0966
0963
0958
0953
0948
0943
0937
0934
0931
0931
0929
0931
0931
0932
0932
0932
0934
0936
0936
0937
0941
0944
0949
0953
0958
0963
0968
0980
1011
1033
1084
1163
1276
1413
1575
1762
1955
2129
2239
2246
2169
1950
1675
1405
1184
1024
0963
0939
0937
0956
0966
0982
0992
0994
0988
0982
0978
0977
0975
0973
0970
0965
0961
0958
0958
0961
0965
0970
0977
0983
0992
0999
1005
1011
1012
1016
1017
1021
1024
1027
1031
1036
1041
1048
1053
1056
1060
1061
1067
1072
1077
1082
1089
1094
1102
1111
1121
1131
1138
1143
1148
1153
1158
1163
1170
1175
1182
1191
1197
1204
1211
1216
1221
1226
1231
1238
1243
1247
1247
1242
1230
1218
1206
1196
1186
1177
1167
1158
1150
1143
1135
1128
1121
1114
1106
1094
1075
1056
1038
1022
1009
0999
0988
0978
0966
0958
0951
0946
0943
0937
0934
0931
0927
0926
0924
0920
0915
0912
0907
0903
0900
0895
0890
0885
0881
0876
0873
0868
0863
0856
0851
0847
0846
0847
0849
0854
0863
0871
0880
0888
0897
0900
0905
0909
0914
0917
0920
0924
0927
0931
0936
0939
0943
0946
0949
0951
0954
0958
0960
0961
0965
0965
0968
0971
0973
0977
0980
0982
0987
0990
0995
0997
0999
1002
1004
1005
1007
1009
1009
1009
1011
1012
1014
1017
1017
1021
1022
1024
1026
1029
1031
1033
1034
1039
1044
1051
1056
1058
1055
1050
1039
1029
1017
1004
0983
0963
0948
0934
0914
0890
0859
0827
0796
0768
0740
0713
0684
0667
0657
0649
0642
0637
0632
0626
0620
0613
0608
0603
0598
0594
0587
0581
0574
0569
0567
0570
0577
0587
0598
0608
0618
0630
0640
0652
0662
0671
0679
0689
0700
0711
0722
0732
0742
0752
0762
0769
0776
0781
0786
0790
0795
0800
0805
0808
0810
0813
0817
0820
0825
0830
0834
0837
0842
0851
0861
0873
0885
0895
0907
0919
0936
0951
0965
0977
0990
1005
1014
1009
1002
0994
0987
0980
0982
0997
1021
1058
1118
1218
1345
1503
1685
1886
2086
2251
2312
2300
2174
1930
1631
1342
1114
0995
0961
0943
0929
0917
0909
0902
0897
0890
0883
0878
0876
0878
0888
0902
0914
0922
0927
0931
0936
0939
0944
0948
0951
0956
0961
0966
0973
0980
0987
0992
0997
1002
1005
1011
1014
1017
1022
1026
1031
1036
1041
1046
1050
1055
1060
1063
1065
1068
1070
1072
1073
1075
1077
1080
1084
1089
1092
1095
1101
1104
1111
1119
1128
1135
1143
1148
1152
1155
1160
1163
1165
1169
1170
1174
1175
1177
1177
1172
1162
1146
1129
1109
1075
1048
1039
1034
1029
1026
1024
1022
1021
1017
1016
1016
1016
1016
1016
1014
1014
1014
1016
1016
1017
1017
1016
1016
1016
1017
1019
1021
1021
1021
1021
1021
1021
1019
1019
1019
1019
1019
1019
1021
1022
1026
1027
1031
1033
1033
1033
1033
1034
1036
1038
1041
1043
1046
1053
1060
1065
1070
1073
1075
1075
1077
1077
1077
1077
1077
1078
1080
1082
1084
1085
1085
1085
1084
1082
1080
1078
1075
1073
1072
1070
1068
1068
1067
1065
1063
1061
1060
1058
1055
1053
1051
1050
1050
1050
1051
1051
1050
1050
1050
1050
1050
1050
1050
1051
1053
1055
1056
1060
1063
1065
1068
1072
1073
1077
1078
1080
1082
1084
1085
1087
1089
1087
1087
1085
1082
1078
1075
1072
1067
1061
1058
1056
1053
1051
1048
1043
1036
1031
1024
1017
1011
1004
0997
0992
0988
0987
0985
0982
0980
0977
0973
0970
0965
0961
0956
0949
0946
0943
0941
0939
0939
0941
0943
0944
0948
0953
0954
0958
0960
0961
0963
0965
0970
0973
0978
0990
1000
1002
0994
0983
0977
0973
0968
0965
0961
0958
0953
0948
0943
0937
0931
0922
0909
0897
0895
0900
0909
0914
0919
0922
0926
0927
0929
0932
0934
0937
0941
0944
0946
0946
0946
0948
0949
0951
0956
0961
0968
0985
1027
1102
1218
1367
1547
1756
1982
2193
2324
2332
2242
2006
1714
1439
1218
1055
0975
0949
0936
0934
0944
0961
0982
1011
1031
1039
1044
1050
1056
1061
1065
1068
1072
1075
1077
1077
1075
1075
1073
1073
1073
1075
1077
1080
1082
1085
1087
1090
1092
1094
1095
1099
1102
1107
1111
1116
1121
1126
1131
1135
1136
1140
1141
1143
1146
1148
1150
1153
1157
1160
1163
1167
1169
1172
1174
1177
1179
1179
1180
1180
1184
1187
1192
1199
1204
1208
1209
1211
1211
1211
1208
1204
1199
1194
1187
1182
1175
1167
1153
1138
1126
1114
1097
1073
1048
1027
1012
0999
0987
0978
0970
0965
0960
0954
0951
0946
0943
0936
0931
0926
0920
0915
0910
0905
0900
0895
0890
0886
0883
0880
0876
0871
0866
0859
0844
0810
0783
0764
0747
0730
0718
0710
0703
0698
0691
0684
0676
0669
0662
0657
0650
0643
0638
0633
0630
0625
0621
0618
0616
0613
0611
0611
0610
0604
0598
0593
0593
0604
0618
0637
0659
0669
0672
0676
0677
0679
0681
0681
0681
0683
0683
0684
0686
0688
0689
0693
0694
0698
0701
0705
0708
0713
0718
0727
0739
0751
0761
0769
0779
0790
0808
0830
0835
0835
0837
0839
0839
0841
0841
0841
0841
0841
0839
0837
0832
0827
0819
0812
0795
0757
0718
0681
0659
0647
0638
0632
0625
0616
0608
0596
0576
0553
0538
0526
0518
0513
0513
0519
0531
0550
0584
0635
0679
0720
0757
0791
0817
0837
0864
0883
0897
0909
0915
0922
0927
0934
0948
0975
1011
1043
1068
1087
1109
1123
1131
1138
1143
1145
1143
1140
1135
1126
1119
1109
1092
1075
1056
1046
1038
1029
1022
1017
1012
1009
1007
1007
1009
1009
1009
1009
1009
1009
1009
1007
1005
1004
1005
1009
1012
1017
1021
1026
1033
1039
1050
1078
1136
1230
1364
1539
1743
1954
2142
2285
2331
2314
2181
1950
1678
1410
1192
1053
1014
1019
1060
1090
1101
1104
1107
1111
1114
1118
1121
1126
1133
1140
1145
1150
1155
1158
1162
1165
1167
1169
1172
1175
1180
1186
1191
1196
1199
1201
1204
1206
1209
1213
1216
1223
1242
1265
1276
1281
1286
1289
1293
1296
1299
1301
1304
1308
1311
1315
1320
1323
1325
1327
1328
1330
1332
1333
1337
1342
1349
1355
1361
1364
1364
1364
1362
1361
1359
1357
1355
1354
1350
1347
1344
1340
1337
1330
1323
1313
1298
1267
1238
1206
1175
1155
1135
1112
1078
1056
1041
1029
1017
1005
0995
0983
0965
0941
0919
0902
0888
0878
0869
0864
0861
0858
0852
0847
0846
0846
0847
0849
0851
0852
0854
0859
0864
0869
0873
0873
0869
0866
0863
0861
0858
0854
0849
0844
0841
0841
0842
0844
0846
0847
0851
0858
0842
0832
0827
0820
0815
0812
0812
0817
0825
0832
0839
0846
0851
0856
0863
0866
0869
0871
0869
0868
0866
0863
0859
0854
0847
0841
0832
0824
0820
0820
0827
0841
0858
0890
0937
0968
0992
1012
1022
1033
1039
1043
1044
1039
1026
1009
0994
0980
0965
0948
0936
0932
0932
0934
0936
0937
0937
0939
0941
0944
0951
0961
0970
0980
0990
1000
1007
1007
0999
0983
0970
0961
0953
0946
0939
0932
0927
0920
0914
0909
0903
0900
0897
0893
0890
0886
0885
0883
0881
0878
0876
0875
0871
0871
0869
0869
0869
0871
0873
0875
0878
0883
0888
0893
0898
0905
0912
0920
0929
0936
0943
0949
0956
0963
0966
0970
0973
0977
0982
0985
0990
0995
0997
1000
1000
1000
1000
0997
0994
0987
0982
0977
0970
0965
0960
0953
0939
0927
0919
0910
0903
0898
0895
0890
0885
0883
0881
0880
0878
0876
0876
0876
0878
0881
0885
0888
0893
0900
0907
0915
0924
0939
0971
1002
1077
1189
1344
1530
1731
1920
2069
2118
2106
1991
1777
1517
1267
1050
0888
0827
0805
0807
0829
0837
0841
0846
0849
0852
0854
0854
0854
0856
0856
0858
0858
0858
0858
0859
0861
0864
0868
0871
0875
0876
0878
0880
0881
0883
0886
0888
0892
0897
0902
0910
0917
0924
0931
0937
0944
0949
0953
0956
0960
0961
0965
0966
0971
0977
0985
0992
1000
1009
1019
1027
1038
1046
1058
1068
1078
1085
1090
1094
1097
1099
1102
1106
1109
1111
1114
1114
1116
1118
1118
1118
1116
1111
1104
1097
1089
1080
1072
1063
1055
1046
1038
1027
1017
1005
0994
0982
0971
0963
0956
0949
0941
0932
0922
0905
0892
0883
0878
0876
0875
0873
0871
0869
0869
0868
0866
0864
0864
0864
0866
0868
0869
0871
0873
0875
0876
0878
0880
0880
0880
0880
0881
0885
0886
0886
0888
0886
0886
0886
0886
0888
0888
0886
0888
0890
0892
0895
0893
0886
0876
0863
0852
0847
0842
0837
0832
0827
0824
0820
0820
0820
0819
0819
0817
0815
0815
0813
0812
0808
0805
0803
0800
0800
0798
0798
0796
0795
0791
0788
0783
0778
0773
0764
0756
0745
0735
0725
0717
0711
0708
0705
0701
0698
0696
0694
0693
0691
0689
0686
0683
0679
0677
0676
0676
0676
0676
0679
0684
0693
0700
0708
0717
0725
0734
0742
0752
0761
0771
0783
0796
0807
0817
0825
0834
0842
0849
0858
0868
0883
0897
0912
0927
0934
0939
0943
0944
0948
0949
0951
0953
0954
0958
0960
0961
0965
0966
0968
0971
0973
0975
0978
0982
0987
0992
0997
1004
1012
1026
1043
1060
1075
1090
1104
1112
1121
1129
1138
1145
1150
1153
1157
1158
1158
1158
1155
1152
1145
1140
1133
1126
1121
1116
1111
1106
1099
1094
1089
1084
1078
1073
1068
1063
1060
1058
1056
1055
1053
1053
1053
1055
1056
1058
1060
1063
1067
1070
1075
1082
1089
1095
1104
1155
1255
1396
1578
1794
2020
2217
2336
2348
2288
2101
1853
1592
1347
1145
1000
0963
0954
0946
0982
1033
1072
1082
1090
1097
1094
1063
1041
1026
1014
1007
1007
1019
1034
1050
1063
1078
1094
1107
1121
1131
1140
1146
1150
1152
1153
1155
1155
1155
1157
1157
1157
1158
1160
1162
1165
1169
1170
1174
1177
1180
1184
1189
1194
1201
1209
1218
1230
1242
1253
1265
1274
1282
1289
1296
1301
1306
1310
1311
1313
1316
1320
1323
1328
1330
1333
1333
1335
1335
1333
1332
1330
1325
1320
1315
1310
1303
1296
1279
1240
1206
1180
1146
1124
1111
1099
1089
1078
1072
1067
1061
1055
1046
1033
1016
0994
0983
0977
0971
0965
0961
0956
0953
0949
0946
0943
0939
0937
0936
0936
0934
0934
0932
0932
0931
0931
0929
0927
0926
0924
0922
0924
0924
0926
0927
0927
0929
0932
0936
0937
0939
0941
0943
0944
0944
0946
0944
0943
0941
0939
0937
0937
0936
0934
0934
0932
0931
0931
0931
0931
0931
0929
0927
0926
0926
0926
0924
0922
0920
0919
0917
0917
0917
0915
0914
0912
0910
0910
0909
0909
0907
0903
0902
0902
0902
0902
0900
0897
0895
0895
0895
0895
0895
0895
0893
0892
0892
0893
0893
0893
0893
0893
0893
0895
0895
0895
0893
0892
0890
0888
0886
0886
0886
0885
0883
0883
0885
0886
0886
0885
0883
0880
0876
0873
0871
0869
0868
0864
0863
0861
0861
0861
0861
0859
0856
0854
0851
0851
0854
0864
0875
0885
0892
0900
0907
0915
0922
0929
0934
0939
0944
0949
0953
0956
0958
0961
0965
0971
0978
0983
0983
0982
0975
0966
0960
0951
0939
0927
0915
0902
0888
0875
0859
0846
0837
0834
0832
0827
0819
0820
0841
0851
0856
0859
0863
0864
0864
0868
0871
0876
0881
0885
0886
0890
0892
0898
0903
0912
0924
0982
1080
1226
1417
1632
1836
1986
2027
2011
1884
1671
1408
1143
0929
0839
0807
0807
0830
0851
0869
0880
0869
0849
0835
0822
0808
0803
0805
0812
0820
0829
0835
0842
0849
0854
0863
0869
0875
0881
0888
0895
0900
0905
0910
0914
0919
0924
0931
0937
0943
0946
0948
0951
0953
0954
0956
0958
0960
0961
0965
0966
0971
0977
0982
0987
0990
0995
1000
1005
1011
1017
1024
1034
1046
1056
1065
1072
1078
1082
1085
1090
1094
1097
1099
1101
1102
1102
1101
1097
1094
1089
1084
1077
1070
1060
1044
1029
1014
0999
0980
0956
0936
0922
0910
0903
0900
0895
0885
0875
0920
1053
1415
1998
2732
3461
3887
3891
3478
2564
1530
0660
0341
0312
0487
0626
0689
0688
0613
0574
0562
0557
0565
0584
0615
0659
0689
0708
0720
0720
0710
0698
0686
0672
0664
0664
0677
0691
0700
0708
0715
0723
0732
0739
0745
0751
0756
0761
0766
0771
0774
0778
0781
0788
0793
0800
0805
0812
0817
0822
0830
0837
0844
0849
0854
0856
0859
0863
0864
0868
0868
0869
0871
0875
0876
0876
0878
0880
0881
0885
0890
0893
0895
0898
0902
0905
0909
0912
0914
0915
0919
0922
0927
0931
0934
0936
0937
0939
0941
0943
0943
0944
0943
0943
0943
0943
0943
0944
0944
0946
0948
0949
0953
0960
0965
0970
0977
0982
0987
0992
0997
1000
1002
1002
1002
1004
1007
1009
1002
0988
0980
0973
0968
0965
0965
0965
0968
0971
0975
0978
0982
0985
0990
0994
0995
0995
0994
0994
0994
0994
0992
0990
0988
0987
0987
0992
1000
1009
1016
1024
1033
1041
1048
1053
1058
1061
1067
1072
1077
1082
1087
1090
1095
1102
1111
1116
1109
1095
1084
1070
1056
1044
1022
0990
0973
0966
0961
0958
0954
0951
0948
0944
0941
0937
0936
0932
0931
0929
0926
0924
0920
0915
0912
0909
0909
0912
0915
0922
0931
0948
0973
1012
1075
1179
1328
1522
1743
1959
2129
2207
2164
2005
1751
1461
1199
0995
0851
0786
0764
0783
0815
0841
0849
0854
0858
0859
0859
0861
0861
0861
0861
0858
0856
0851
0847
0844
0842
0839
0837
0834
0834
0834
0839
0846
0852
0858
0861
0864
0868
0873
0878
0881
0885
0888
0892
0895
0897
0898
0898
0898
0902
0905
0912
0926
0941
0953
0963
0970
0982
0994
1000
1007
1011
1016
1021
1026
1031
1036
1041
1048
1056
1068
1078
1085
1089
1092
1095
1099
1104
1106
1107
1106
1102
1095
1090
1084
1075
1065
1055
1048
1044
1039
1031
1009
0983
0958
0931
0900
0878
0866
0858
0854
0852
0851
0851
0849
0847
0847
0846
0846
0846
0851
0856
0861
0868
0878
0883
0876
0864
0852
0841
0834
0837
0842
0846
0847
0851
0854
0861
0868
0880
0893
0885
0875
0864
0866
0878
0888
0895
0902
0907
0912
0917
0926
0936
0941
0936
0926
0917
0907
0902
0909
0920
0929
0934
0939
0944
0948
0949
0948
0946
0944
0941
0937
0936
0931
0927
0929
0932
0936
0939
0936
0932
0931
0929
0929
0927
0929
0931
0934
0937
0939
0941
0941
0943
0944
0946
0948
0946
0946
0943
0941
0939
0936
0932
0929
0924
0920
0924
0927
0932
0936
0939
0943
0944
0943
0939
0934
0929
0922
0917
0915
0917
0919
0920
0922
0922
0922
0922
0922
0924
0926
0926
0927
0927
0929
0927
0927
0927
0929
0929
0929
0931
0931
0932
0932
0934
0934
0936
0937
0937
0939
0941
0943
0944
0946
0949
0953
0954
0958
0960
0963
0965
0968
0971
0975
0978
0982
0987
0990
0995
0999
1004
1007
1012
1019
1033
1043
1050
1056
1060
1063
1067
1070
1073
1077
1078
1082
1084
1089
1092
1095
1095
1090
1085
1077
1063
1041
1026
1016
1009
0999
0990
0987
0983
0980
0977
0975
0971
0970
0968
0968
0966
0966
0966
0968
0970
0971
0975
0977
0980
0985
0990
1002
1029
1075
1143
1240
1371
1541
1734
1931
2106
2217
2227
2171
1993
1738
1461
1213
1027
0939
0910
0922
0960
0995
1009
1011
0999
0983
0966
0960
0953
0956
0970
0994
1026
1046
1058
1067
1068
1065
1060
1051
1046
1038
1031
1031
1038
1044
1051
1058
1063
1070
1077
1085
1097
1112
1124
1135
1146
1162
1170
1174
1179
1182
1187
1192
1196
1201
1204
1211
1221
1230
1238
1243
1245
1247
1250
1252
1253
1257
1260
1264
1267
1270
1274
1281
1294
1318
1333
1344
1349
1352
1355
1361
1359
1340
1315
1282
1265
1257
1250
1240
1230
1216
1189
1157
1138
1123
1106
1087
1072
1067
1065
1063
1061
1060
1055
1048
1038
1029
1019
1011
1002
0994
0987
0982
0975
0968
0963
0960
0960
0960
0960
0961
0961
0961
0961
0961
0961
0961
0961
0960
0960
0960
0960
0960
0960
0960
0958
0956
0954
0954
0951
0948
0948
0956
0965
0968
0971
0975
0978
0982
0983
0985
0987
0987
0985
0985
0985
0983
0982
0982
0980
0978
0977
0975
0973
0973
0971
0970
0970
0971
0973
0975
0978
0982
0985
0992
0997
0995
0987
0975
0970
0965
0963
0960
0956
0953
0949
0946
0944
0943
0943
0943
0943
0941
0939
0937
0937
0937
0936
0934
0931
0929
0929
0929
0927
0927
0927
0926
0927
0929
0932
0936
0937
0937
0943
0951
0943
0936
0932
0927
0924
0922
0924
0931
0937
0944
0951
0960
0965
0965
0963
0960
0956
0954
0958
0961
0965
0958
0949
0944
0941
0939
0941
0949
0960
0970
0988
1012
1029
1039
1048
1055
1063
1068
1073
1077
1080
1085
1089
1092
1094
1094
1092
1087
1082
1075
1065
1046
1016
1005
1000
0997
0994
0990
0988
0987
0987
0987
0987
0987
0987
0987
0987
0988
0990
0992
0994
0995
0997
0999
1000
1004
1007
1012
1021
1031
1050
1065
1102
1155
1225
1315
1437
1598
1790
1991
2159
2229
2166
1974
1692
1379
1101
0902
0825
0820
0873
0931
0949
0936
0914
0880
0847
0829
0817
0810
0805
0802
0798
0793
0788
0781
0776
0771
0768
0764
0759
0756
0752
0749
0744
0739
0734
0725
0718
0717
0718
0722
0727
0732
0737
0742
0745
0745
0742
0739
0735
0732
0727
0722
0718
0717
0718
0723
0732
0749
0766
0773
0776
0779
0785
0790
0795
0800
0807
0815
0827
0837
0844
0847
0851
0852
0856
0858
0861
0863
0863
0863
0861
0859
0856
0851
0844
0837
0829
0820
0807
0793
0781
0771
0757
0742
0727
0708
0688
0666
0649
0642
0638
0635
0632
0630
0628
0626
0625
0623
0620
0618
0616
0615
0616
0618
0620
0623
0628
0632
0637
0642
0647
0650
0654
0657
0660
0664
0667
0671
0676
0679
0684
0689
0694
0698
0701
0705
0706
0710
0711
0713
0715
0717
0720
0727
0737
0745
0752
0754
0756
0757
0759
0761
0761
0762
0764
0766
0768
0769
0771
0771
0771
0771
0773
0773
0774
0774
0776
0778
0779
0783
0786
0788
0788
0788
0788
0790
0790
0790
0790
0790
0790
0791
0795
0798
0802
0805
0808
0813
0817
0820
0822
0825
0829
0834
0842
0851
0859
0864
0869
0875
0878
0881
0886
0892
0898
0907
0917
0927
0934
0939
0944
0951
0958
0965
0973
0982
0990
1000
1009
1019
1026
1033
1038
1044
1055
1072
1099
1109
1114
1119
1126
1129
1135
1136
1136
1138
1138
1140
1140
1138
1136
1133
1129
1128
1124
1121
1118
1114
1111
1109
1107
1101
1094
1090
1095
1107
1119
1128
1135
1143
1148
1153
1157
1158
1158
1155
1152
1145
1136
1123
1090
1067
1051
1033
1011
0992
0977
0965
0956
0946
0939
0934
0931
0927
0924
0920
0917
0914
0910
0907
0905
0903
0900
0897
0893
0890
0885
0875
0869
0876
0897
0954
1039
1172
1359
1583
1814
2013
2135
2151
2096
1918
1668
1389
1140
0965
0878
0847
0864
0893
0914
0924
0931
0907
0890
0880
0871
0864
0861
0859
0861
0866
0869
0876
0881
0886
0893
0903
0914
0924
0934
0948
0970
1007
1033
1048
1061
1073
1084
1094
1101
1101
1094
1087
1084
1082
1078
1077
1075
1073
1073
1072
1072
1072
1072
1073
1073
1075
1075
1075
1075
1075
1075
1077
1077
1078
1078
1080
1082
1085
1085
1087
1087
1089
1087
1085
1084
1080
1078
1077
1075
1073
1070
1067
1061
1058
1056
1053
1050
1043
1036
1027
1019
1012
1005
0999
0992
0983
0978
0971
0965
0961
0954
0946
0941
0936
0934
0932
0932
0932
0936
0941
0948
0956
0965
0977
1004
1027
1051
1077
1116
1143
1163
1179
1189
1197
1204
1211
1221
1226
1223
1218
1214
1211
1209
1206
1203
1201
1197
1194
1189
1180
1172
1162
1140
1092
1067
1053
1044
1036
1031
1026
1022
1017
1012
1009
1007
1004
1000
0997
0992
0987
0982
0978
0971
0965
0956
0949
0943
0937
0932
0927
0920
0914
0909
0905
0903
0902
0902
0902
0902
0903
0907
0909
0910
0912
0915
0917
0920
0924
0929
0932
0936
0943
0953
0965
0980
1014
1075
1133
1182
1226
1269
1310
1342
1361
1372
1369
1345
1318
1291
1269
1248
1226
1199
1160
1138
1135
1133
1131
1129
1129
1129
1131
1133
1136
1138
1141
1145
1148
1150
1152
1148
1143
1135
1123
1111
1092
1073
1055
1038
1024
1011
0995
0982
0975
0970
0966
0963
0960
0956
0954
0953
0953
0953
0953
0953
0954
0956
0960
0963
0965
0968
0970
0975
0982
0978
0953
0929
0905
0886
0868
0856
0847
0841
0835
0829
0822
0817
0810
0805
0802
0796
0793
0788
0783
0778
0774
0771
0766
0762
0761
0759
0759
0759
0762
0766
0769
0774
0781
0790
0802
0812
0841
0898
0987
1107
1274
1491
1734
1967
2120
2139
2078
1863
1583
1289
1031
0835
0705
0674
0669
0666
0689
0710
0725
0739
0752
0766
0773
0779
0786
0791
0796
0800
0803
0805
0808
0812
0813
0813
0813
0813
0812
0813
0813
0815
0817
0817
0820
0822
0825
0827
0827
0829
0834
0841
0849
0858
0864
0873
0883
0893
0905
0914
0920
0926
0931
0934
0937
0941
0943
0946
0948
0949
0953
0956
0958
0961
0965
0966
0970
0975
0978
0983
0987
0995
1007
1022
1034
1046
1055
1061
1070
1077
1082
1085
1084
1078
1070
1060
1048
1033
1014
0983
0960
0943
0937
0934
0932
0927
0922
0917
0914
0910
0909
0907
0905
0902
0900
0898
0898
0898
0898
0898
0898
0895
0892
0890
0888
0888
0888
0888
0888
0888
0888
0892
0893
0897
0898
0900
0902
0903
0905
0905
0905
0905
0903
0903
0903
0907
0910
0912
0912
0912
0910
0907
0905
0903
0902
0900
0895
0893
0892
0890
0890
0890
0890
0888
0888
0888
0890
0892
0893
0892
0890
0888
0888
0886
0886
0885
0883
0881
0881
0881
0881
0881
0881
0878
0875
0873
0871
0869
0868
0864
0861
0858
0856
0854
0851
0847
0841
0835
0829
0825
0825
0829
0835
0844
0856
0869
0883
0898
0915
0934
0946
0948
0949
0949
0949
0949
0949
0949
0949
0951
0954
0956
0958
0956
0956
0954
0953
0953
0954
0956
0958
0961
0965
0971
0977
0982
0985
0987
0987
0988
0988
0987
0985
0983
0983
0983
0987
0990
0994
0997
1000
1002
1005
1009
1012
1014
1014
1016
1017
1021
1024
1029
1033
1034
1036
1031
1022
1011
0999
0987
0978
0970
0963
0956
0951
0944
0939
0934
0929
0926
0922
0920
0917
0915
0914
0912
0910
0910
0910
0909
0907
0905
0903
0902
0898
0892
0883
0885
0897
0917
0948
0997
1055
1111
1211
1328
1479
1660
1841
1969
2010
1971
1857
1631
1383
1169
1017
0931
0902
0886
0881
0886
0897
0907
0912
0915
0917
0920
0920
0922
0924
0924
0926
0926
0927
0927
0929
0929
0931
0932
0934
0936
0939
0943
0946
0949
0953
0956
0960
0963
0966
0971
0977
0982
0985
0990
0994
0999
1004
1009
1012
1016
1017
1021
1026
1029
1031
1034
1038
1041
1046
1051
1056
1061
1067
1073
1089
1106
1116
1123
1126
1129
1131
1135
1138
1143
1148
1150
1153
1155
1155
1155
1153
1152
1146
1143
1138
1131
1126
1119
1114
1104
1080
1060
1043
1024
1005
0987
0968
0954
0943
0932
0924
0917
0912
0907
0905
0902
0900
0898
0898
0897
0895
0893
0892
0890
0888
0888
0888
0888
0888
0888
0888
0890
0890
0890
0892
0892
0893
0895
0897
0898
0900
0902
0903
0907
0910
0912
0914
0915
0917
0919
0922
0922
0922
0922
0926
0931
0936
0939
0941
0939
0936
0932
0927
0924
0915
0909
0905
0909
0914
0917
0922
0927
0931
0932
0932
0929
0924
0919
0915
0910
0909
0905
0903
0900
0898
0895
0895
0895
0897
0898
0902
0903
0905
0909
0910
0912
0912
0912
0914
0914
0915
0915
0917
0917
0919
0919
0920
0922
0922
0922
0922
0922
0920
0920
0920
0922
0922
0922
0922
0920
0920
0922
0922
0924
0926
0927
0927
0929
0931
0932
0934
0937
0939
0941
0946
0949
0961
0987
0999
1004
1009
1012
1016
1017
1021
1022
1026
1029
1031
1034
1038
1039
1043
1046
1051
1055
1060
1065
1068
1073
1078
1082
1082
1080
1077
1072
1065
1060
1055
1050
1041
1031
1022
1016
1009
1002
0994
0987
0980
0977
0978
0985
0994
1000
1007
1012
1019
1026
1034
1041
1046
1051
1058
1068
1089
1131
1213
1311
1432
1571
1733
1906
2072
2185
2224
2186
2071
1845
1581
1315
1094
0988
0956
0973
0987
0994
0999
1000
1004
1005
1007
1007
1009
1012
1017
1022
1024
1022
1019
1014
1012
1009
1005
1004
1009
1016
1024
1027
1029
1031
1033
1034
1036
1038
1041
1044
1048
1051
1055
1058
1060
1063
1065
1067
1068
1070
1072
1075
1078
1084
1089
1094
1099
1104
1111
1118
1123
1128
1131
1135
1140
1143
1148
1152
1153
1157
1160
1167
1174
1180
1184
1187
1189
1189
1187
1187
1184
1179
1174
1165
1155
1136
1095
1068
1050
1038
1027
1021
1016
1011
1004
0995
0985
0973
0958
0931
0907
0892
0883
0875
0869
0864
0861
0856
0852
0849
0846
0844
0842
0839
0835
0832
0829
0829
0829
0830
0832
0832
0834
0834
0835
0837
0839
0839
0839
0839
0839
0837
0835
0834
0830
0825
0822
0817
0812
0815
0829
0847
0861
0880
0893
0897
0895
0895
0893
0893
0893
0893
0893
0892
0885
0876
0869
0863
0858
0849
0842
0839
0837
0841
0846
0852
0858
0859
0863
0866
0869
0873
0875
0876
0876
0875
0875
0873
0871
0868
0864
0861
0859
0856
0854
0851
0849
0849
0849
0852
0856
0859
0863
0864
0866
0869
0873
0878
0881
0883
0886
0888
0890
0892
0893
0895
0895
0893
0893
0895
0895
0895
0897
0898
0898
0902
0903
0907
0909
0912
0914
0915
0917
0917
0919
0922
0924
0927
0931
0932
0937
0941
0946
0951
0954
0960
0961
0965
0966
0971
0977
0983
0999
1029
1041
1048
1055
1060
1063
1065
1067
1068
1068
1068
1067
1063
1058
1053
1048
1043
1036
1021
1005
0990
0978
0966
0960
0954
0956
0960
0963
0965
0970
0975
0977
0975
0966
0960
0951
0941
0934
0931
0936
0944
0954
0961
0966
0975
0983
0992
0999
1012
1056
1160
1310
1500
1722
1950
2142
2253
2263
2200
2025
1787
1524
1282
1090
0965
0917
0903
0895
0888
0883
0880
0873
0866
0886
0902
0910
0917
0924
0929
0932
0934
0936
0937
0941
0944
0948
0951
0951
0949
0944
0939
0936
0932
0931
0929
0926
0924
0922
0922
0924
0927
0932
0939
0948
0954
0961
0968
0975
0982
0988
0995
1000
1007
1014
1024
1036
1046
1056
1072
1089
1101
1109
1119
1121
1114
1104
1094
1114
1133
1143
1152
1158
1162
1163
1165
1170
1177
1175
1158
1146
1138
1131
1124
1116
1111
1104
1097
1090
1082
1073
1063
1055
1046
1034
1011
0973
0939
0910
0900
0895
0892
0886
0885
0881
0880
0880
0878
0878
0878
0878
0878
0878
0878
0878
0878
0876
0880
0895
0900
0903
0907
0909
0912
0914
0915
0915
0917
0917
0917
0919
0920
0922
0926
0927
0931
0934
0937
0941
0943
0944
0948
0949
0953
0958
0963
0965
0966
0966
0966
0965
0965
0965
0965
0963
0960
0956
0953
0951
0951
0951
0949
0949
0951
0953
0956
0960
0963
0965
0965
0966
0968
0971
0973
0975
0977
0975
0971
0965
0961
0956
0953
0949
0946
0944
0943
0943
0941
0939
0937
0932
0929
0926
0922
0919
0915
0910
0905
0902
0897
0892
0886
0875
0861
0851
0851
0858
0869
0880
0885
0892
0897
0903
0909
0914
0919
0922
0926
0929
0932
0936
0939
0941
0946
0951
0960
0970
0990
1016
1027
1036
1041
1041
1033
1019
1009
1000
0994
0994
1004
1021
1075
1243
1581
2096
2730
3350
3665
3634
3170
2288
1352
0630
0360
0440
0620
0688
0710
0684
0647
0620
0635
0659
0674
0659
0643
0632
0625
0623
0632
0645
0667
0703
0737
0774
0815
0852
0912
0992
1107
1248
1401
1546
1668
1751
1779
1763
1719
1609
1462
1291
1126
0988
0888
0813
0788
0778
0769
0768
0778
0783
0788
0793
0796
0795
0790
0781
0773
0764
0751
0744
0749
0761
0781
0813
0839
0856
0866
0875
0885
0895
0876
0863
0856
0849
0844
0841
0842
0846
0849
0854
0856
0859
0863
0868
0873
0878
0883
0886
0888
0893
0900
0909
0944
1068
1269
1558
1940
2404
2895
3337
3600
3617
3435
2983
2434
1891
1466
1272
1243
1293
1364
1403
1415
1393
1332
1257
1253
1310
1429
1617
1852
2076
2259
2375
2417
2431
2412
2390
2372
2372
2394
2453
2540
2606
2632
2632
2606
2540
2426
2324
2241
2176
2123
2059
1965
1824
1666
1513
1359
1203
1016
0810
0632
0555
0530
0548
0569
0586
0587
0572
0530
0474
0392
0387
0450
0679
0943
1174
1355
1439
1469
1469
1442
1367
1162
0876
0621
0516
0611
0844
1128
1412
1668
1894
2074
2152
2149
2049
1926
1792
1634
1430
1097
0684
0336
0169
0146
0163
0283
0350
0293
0295
0361
0586
0839
0999
1017
0951
0779
0589
0406
0246
0166
0141
0159
0188
0212
0222
0229
0210
0190
0173
0173
0195
0210
0222
0231
0239
0244
0246
0249
0258
0283
0353
0501
0671
0832
0963
1009
1005
0968
0937
0886
0793
0637
0436
0322
0319
0424
0572
0735
0915
1092
1264
1439
1609
1712
1719
1651
1469
1248
0982
0694
0436
0224
0066
0000
0057
0159
0214
0232
0214
0178
0185
0288
0531
0824
1050
1136
1072
0902
0691
0502
0399
0384
0380
0377
0377
0380
0387
0404
0445
0523
0638
0796
0978
1153
1291
1383
1412
1406
1349
1247
1111
0954
0778
0611
0511
0509
0599
0749
0881
0975
1004
1016
1021
1021
1017
1012
0995
0917
0856
0839
0829
0817
0808
0796
0751
0655
0543
0484
0463
0474
0508
0545
0587
0603
0611
0618
0625
0633
0643
0657
0671
0681
0708
0751
0788
0808
0839
0914
1016
1107
1143
1158
1180
1238
1333
1422
1496
1527
1522
1461
1418
1401
1372
1303
1163
1085
1080
1138
1203
1245
1279
1289
1281
1267
1248
1216
1129
1009
0909
0871
0849
0824
0820
0847
0943
1065
1218
1412
1632
1865
2093
2302
2473
2582
2647
2689
2733
2773
2774
2737
2581
2326
1998
1617
1213
0864
0659
0587
0560
0535
0491
0465
0457
0474
0521
0577
0604
0611
0616
0618
0620
0623
0628
0632
0635
0638
0642
0647
0652
0654
0657
0657
0654
0649
0643
0628
0640
0745
0909
1053
1172
1223
1240
1226
1206
1180
1136
1031
0851
0677
0630
0630
0676
0728
0756
0766
0752
0732
0711
0681
0645
0587
0525
0523
0584
0734
0944
1201
1469
1694
1835
1869
1857
1772
1643
1580
1544
1491
1350
1138
0890
0688
0601
0567
0550
0538
0536
0535
0545
0604
0623
0628
0632
0637
0642
0647
0657
0683
0701
0710
0715
0720
0723
0725
0728
0732
0735
0737
0742
0747
0757
0771
0783
0793
0800
0802
0798
0793
0786
0779
0796
0817
0835
0849
0866
0890
0934
0973
0988
0990
0982
0960
0919
0893
0863
0832
0813
0802
0793
0790
0791
0795
0798
0800
0803
0805
0807
0810
0813
0819
0822
0829
0839
0859
0893
0937
0977
0995
1004
1007
1011
1014
1019
1026
1036
1050
1102
1218
1384
1597
1838
2078
2271
2380
2387
2319
2120
1850
1561
1296
1107
0961
0871
0864
0917
1043
1197
1366
1488
1563
1598
1598
1558
1503
1461
1422
1384
1371
1364
1371
1413
1486
1571
1615
1632
1653
1704
1784
1858
1880
1887
1875
1852
1850
1887
1969
2027
2050
2066
2083
2108
2154
2168
2152
2101
2018
1969
1954
1945
1938
1931
1909
1838
1758
1702
1648
1547
1408
1265
1162
1140
1133
1129
1124
1123
1118
1104
1157
1242
1282
1296
1277
1243
1221
1208
1192
1160
1104
1039
1000
0999
1029
1097
1169
1192
1201
1204
1204
1201
1194
1175
1126
1078
1061
1061
1080
1129
1194
1255
1296
1310
1301
1274
1225
1220
1247
1403
1641
1909
2040
2035
1877
1588
1321
1157
1090
1084
1116
1155
1157
1118
1060
1034
1017
1007
1016
1038
1085
1123
1136
1135
1119
1078
1014
0963
0919
0871
0847
0854
0914
0995
1082
1163
1233
1260
1259
1240
1231
1236
1257
1218
1158
1118
1097
1085
1078
1070
1061
1048
1005
0965
0965
0999
1033
1044
1043
1033
1000
0971
0963
0956
0951
0944
0924
0878
0864
0854
0847
0841
0827
0810
0781
0734
0684
0643
0620
0577
0526
0508
0499
0494
0492
0496
0506
0530
0570
0581
0589
0594
0596
0596
0594
0589
0581
0572
0559
0540
0555
0570
0582
0593
0601
0628
0669
0715
0747
0757
0757
0742
0727
0713
0700
0686
0674
0659
0652
0659
0676
0722
0790
0846
0868
0876
0880
0885
0892
0903
0939
0963
0970
0958
0934
0915
0902
0907
0958
0990
1004
0994
0980
0968
0961
0941
0903
0844
0759
0664
0628
0630
0652
0676
0715
0754
0791
0812
0832
0851
0863
0869
0875
0875
0871
0864
0856
0846
0863
0912
0988
1101
1245
1408
1590
1770
1945
2072
2118
2064
1887
1631
1361
1129
0973
0903
0878
0868
0864
0854
0859
0892
0912
0929
0926
0878
0837
0822
0822
0832
0846
0868
0886
0897
0902
0895
0883
0871
0859
0858
0869
0885
0909
0936
0963
0980
0992
0997
0992
0978
0958
0931
0914
0900
0888
0868
0868
0892
0912
0919
0924
0927
0929
0931
0929
0924
0917
0909
0895
0878
0888
0905
0924
0939
0953
0965
0987
1002
1005
1009
1007
0990
0965
0934
0919
0909
0902
0898
0902
0909
0919
0936
0956
0965
0971
0956
0927
0900
0864
0822
0769
0745
0732
0722
0739
0790
0837
0854
0868
0878
0888
0892
0886
0871
0849
0815
0790
0773
0773
0791
0805
0813
0820
0824
0824
0820
0813
0805
0788
0757
0705
0650
0637
0635
0635
0633
0633
0632
0633
0638
0647
0659
0679
0713
0735
0751
0759
0764
0769
0776
0774
0759
0735
0717
0703
0710
0747
0781
0810
0832
0851
0864
0878
0883
0876
0864
0847
0827
0819
0813
0810
0808
0808
0808
0810
0815
0820
0829
0841
0861
0885
0919
0939
0948
0953
0939
0915
0890
0864
0834
0798
0773
0757
0747
0771
0793
0808
0820
0827
0834
0841
0851
0864
0885
0909
0922
0931
0937
0939
0939
0936
0931
0926
0919
0909
0909
0929
0982
1034
1060
1073
1082
1085
1085
1080
1070
1036
0965
0915
0898
0898
0914
0936
0963
0997
1041
1116
1216
1304
1325
1333
1333
1315
1293
1269
1250
1206
1158
1099
1058
1046
1033
1021
0997
0982
0980
0978
0978
0977
0977
0977
0977
0980
0982
0985
0990
0997
1005
1022
1061
1089
1102
1111
1111
1104
1092
1072
1039
0983
0924
0869
0854
0851
0849
0847
0851
0863
0880
0905
0949
1019
1114
1243
1410
1605
1797
1940
1998
1999
1952
1862
1768
1644
1456
1235
1005
0820
0720
0710
0751
0790
0803
0803
0796
0786
0776
0790
0803
0813
0820
0817
0808
0800
0791
0785
0783
0788
0800
0817
0846
0869
0875
0876
0880
0883
0885
0883
0880
0875
0869
0863
0851
0866
0876
0880
0885
0890
0893
0897
0900
0902
0903
0907
0912
0917
0924
0932
0944
0966
0997
1014
1024
1038
1056
1065
1072
1078
1085
1089
1090
1092
1094
1092
1090
1087
1084
1080
1075
1070
1060
1060
1072
1087
1101
1089
1080
1075
1070
1063
1056
1050
1039
1019
0990
0975
0965
0958
0949
0941
0929
0931
0949
0966
0987
0997
1004
1009
1012
1014
1014
1011
1000
0988
0973
0949
0929
0914
0902
0893
0885
0880
0875
0869
0863
0859
0856
0861
0873
0892
0920
0963
0999
1031
1048
1060
1067
1068
1058
1044
1029
1009
1000
0997
0994
0990
0988
0990
0995
0999
1002
1005
1007
1007
1002
0994
0982
0960
0931
0919
0910
0903
0903
0915
0934
0961
1005
1038
1060
1068
1063
1051
1034
1002
0966
0937
0917
0905
0898
0910
0931
0943
0948
0954
0960
0965
0966
0971
0978
0982
0983
0987
0990
0995
1000
1016
1048
1063
1072
1077
1082
1085
1089
1090
1094
1095
1097
1097
1099
1102
1107
1118
1101
1072
1038
1017
1004
0995
0994
1002
1017
1041
1078
1094
1102
1107
1111
1116
1121
1128
1135
1140
1146
1153
1163
1180
1192
1197
1201
1206
1213
1194
1179
1170
1165
1158
1150
1143
1136
1128
1114
1107
1107
1109
1111
1114
1116
1114
1104
1089
1072
1051
1033
1005
0970
0943
0924
0915
0912
0909
0905
0903
0909
0924
0948
0978
1026
1082
1148
1240
1361
1517
1692
1877
2044
2139
2142
2057
1874
1621
1344
1123
0982
0939
0948
1024
1077
1072
0999
0903
0849
0830
0851
0886
0910
0922
0932
0912
0892
0875
0868
0875
0892
0910
0934
0965
0980
0988
0997
1002
1007
1009
1011
1011
1009
1004
0999
0994
0988
0983
0975
0968
0961
0958
0960
0965
0975
0988
1014
1033
1034
1036
1039
1041
1043
1039
1034
1026
1017
1007
0994
0983
0990
1005
1021
1038
1056
1080
1116
1153
1174
1187
1186
1158
1129
1099
1077
1051
1011
0988
0982
0975
0968
0965
0961
0956
0951
0948
0943
0937
0931
0924
0919
0905
0880
0858
0839
0822
0817
0815
0812
0808
0805
0808
0815
0817
0819
0819
0819
0817
0819
0820
0822
0824
0825
0827
0827
0829
0829
0830
0830
0830
0832
0834
0835
0839
0842
0849
0854
0861
0866
0873
0880
0886
0893
0900
0907
0912
0920
0927
0934
0939
0941
0941
0943
0944
0946
0948
0948
0951
0954
0953
0946
0936
0929
0922
0917
0912
0907
0900
0893
0885
0875
0866
0858
0849
0839
0827
0817
0815
0813
0813
0815
0813
0810
0813
0832
0844
0854
0863
0868
0871
0866
0858
0847
0837
0827
0817
0805
0796
0793
0795
0803
0815
0829
0847
0878
0903
0920
0936
0948
0954
0956
0949
0937
0926
0914
0897
0885
0883
0892
0905
0924
0949
0966
0980
0990
0997
0999
0994
0987
0982
0975
0968
0965
0966
0973
0985
1002
1031
1075
1107
1133
1163
1204
1257
1296
1323
1323
1294
1260
1226
1204
1174
1129
1075
1044
1029
1019
1048
1097
1136
1152
1162
1169
1169
1157
1133
1094
1056
1043
1034
1027
1024
1026
1033
1043
1058
1075
1053
1014
0980
0963
0951
0946
0954
0975
1007
1048
1082
1119
1148
1167
1186
1208
1276
1366
1493
1658
1843
2022
2173
2239
2234
2139
1952
1755
1578
1440
1328
1236
1163
1135
1101
1067
1036
1011
0990
0973
0960
0944
0926
0907
0929
0994
1084
1121
1143
1158
1131
1099
1077
1060
1046
1034
1024
1012
0999
0980
0948
0900
0822
0744
0711
0698
0688
0683
0681
0686
0700
0715
0725
0737
0747
0756
0768
0779
0793
0803
0812
0819
0825
0834
0842
0851
0859
0868
0878
0892
0903
0917
0931
0943
0954
0968
0983
1000
1014
1022
1031
1039
1050
1058
1058
1039
1017
1005
0997
0990
0983
0978
0973
0968
0963
0956
0949
0943
0937
0931
0926
0919
0910
0902
0885
0869
0864
0861
0859
0859
0858
0856
0856
0854
0854
0854
0854
0854
0856
0856
0858
0859
0861
0864
0868
0871
0876
0881
0888
0895
0903
0910
0917
0922
0927
0932
0936
0939
0941
0943
0944
0946
0948
0949
0953
0956
0960
0961
0963
0963
0963
0963
0963
0960
0956
0953
0949
0948
0948
0948
0946
0944
0943
0943
0943
0941
0939
0936
0932
0929
0929
0931
0932
0932
0934
0934
0934
0934
0932
0932
0931
0927
0926
0924
0926
0927
0929
0932
0936
0939
0944
0948
0953
0954
0956
0958
0958
0958
0960
0961
0963
0965
0966
0968
0970
0971
0971
0971
0971
0970
0968
0966
0966
0966
0968
0970
0971
0973
0973
0973
0973
0973
0973
0971
0971
0971
0973
0975
0977
0978
0980
0982
0983
0987
0990
0994
0997
1000
1002
1005
1007
1011
1014
1019
1022
1026
1031
1038
1046
1055
1061
1067
1067
1060
1050
1036
1022
1007
0992
0973
0954
0937
0929
0922
0915
0910
0902
0895
0892
0898
0914
0931
0939
0946
0951
0954
0960
0965
0971
0978
0985
0990
0994
0999
1004
1012
1022
1034
1065
1129
1238
1367
1503
1639
1767
1867
1903
1904
1867
1765
1595
1403
1218
1058
0926
0871
0830
0832
0914
1218
1785
2550
3347
3943
4095
3687
2822
1801
0888
0491
0436
0555
0689
0745
0761
0771
0776
0783
0791
0800
0808
0819
0829
0837
0846
0852
0849
0841
0830
0817
0805
0788
0773
0773
0790
0824
0922
1284
1734
2137
2433
2569
2613
2589
2521
2387
2159
1772
1281
0873
0727
0745
0994
1444
1904
2248
2457
2523
2547
2514
2411
2200
1889
1468
1026
0727
0667
0647
0662
0676
0684
0691
0694
0688
0672
0657
0647
0640
0635
0630
0625
0616
0608
0601
0598
0594
0589
0582
0576
0569
0560
0552
0543
0535
0526
0518
0514
0513
0516
0525
0540
0564
0594
0717
1121
1728
2443
3092
3444
3311
2681
1772
0846
0236
0081
0248
0472
0615
0662
0620
0570
0533
0511
0499
0487
0475
0467
0468
0484
0502
0514
0523
0533
0543
0555
0565
0576
0586
0594
0599
0603
0606
0608
0610
0611
0615
0616
0620
0625
0630
0635
0638
0642
0645
0647
0650
0650
0652
0652
0654
0655
0659
0662
0666
0669
0672
0676
0679
0683
0686
0689
0691
0693
0694
0696
0700
0705
0708
0713
0717
0722
0727
0730
0734
0735
0739
0742
0745
0751
0754
0757
0761
0764
0768
0771
0774
0776
0776
0778
0778
0779
0783
0785
0788
0793
0800
0808
0819
0827
0837
0846
0854
0861
0868
0875
0880
0885
0890
0893
0897
0900
0902
0903
0905
0905
0907
0909
0910
0915
0920
0920
0909
0895
0881
0868
0854
0846
0841
0835
0832
0827
0824
0822
0820
0820
0819
0819
0819
0820
0822
0827
0832
0839
0844
0851
0859
0869
0892
0910
0927
0944
0961
0980
1005
1046
1102
1194
1321
1488
1682
1877
2037
2084
2067
1931
1707
1459
1231
1051
0926
0852
0824
0824
0849
0864
0878
0888
0897
0898
0897
0895
0892
0888
0888
0885
0881
0876
0873
0876
0886
0900
0912
0920
0929
0941
0951
0960
0963
0961
0958
0954
0953
0953
0951
0948
0944
0941
0939
0939
0944
0951
0960
0965
0970
0977
0983
0992
0999
1004
1009
1014
1019
1026
1033
1039
1048
1055
1063
1072
1080
1090
1102
1116
1129
1143
1152
1160
1169
1177
1184
1186
1180
1174
1165
1158
1150
1143
1131
1116
1104
1094
1085
1078
1072
1065
1055
1048
1041
1036
1033
1026
1017
1005
0990
0971
0960
0944
0932
0924
0917
0910
0903
0897
0892
0892
0902
0912
0920
0926
0932
0937
0941
0943
0943
0941
0939
0936
0932
0927
0922
0914
0905
0905
0915
0931
0949
0973
0987
0995
1004
1009
1012
1009
0999
0990
0983
0978
0975
0971
0968
0966
0965
0963
0963
0963
0963
0963
0963
0963
0965
0965
0965
0966
0968
0973
0975
0968
0958
0954
0953
0951
0949
0946
0944
0941
0937
0936
0934
0932
0932
0932
0932
0932
0934
0934
0936
0936
0937
0937
0937
0936
0934
0932
0931
0929
0929
0929
0927
0927
0926
0926
0926
0924
0922
0920
0917
0915
0915
0917
0920
0926
0931
0934
0937
0944
0949
0954
0956
0956
0954
0954
0953
0951
0948
0941
0941
0949
0954
0956
0958
0960
0960
0961
0965
0966
0970
0973
0977
0982
0985
0990
0997
1002
1009
1019
1029
1036
1041
1043
1044
1044
1046
1046
1046
1046
1044
1034
1019
0994
0960
0926
0898
0886
0881
0875
0871
0868
0864
0861
0858
0854
0852
0849
0847
0844
0842
0839
0834
0830
0829
0829
0830
0830
0834
0835
0839
0844
0851
0858
0866
0880
0920
0992
1097
1240
1413
1614
1819
1999
2103
2112
2052
1860
1587
1291
1019
0812
0696
0681
0713
0802
0851
0866
0849
0832
0819
0812
0812
0813
0815
0815
0815
0815
0813
0812
0812
0812
0813
0817
0817
0819
0819
0819
0820
0824
0829
0834
0839
0844
0852
0863
0871
0878
0883
0886
0890
0893
0897
0902
0903
0905
0905
0907
0910
0912
0914
0915
0917
0917
0920
0929
0941
0960
0971
0983
0995
1005
1014
1022
1039
1067
1078
1085
1090
1094
1095
1094
1092
1085
1077
1068
1060
1055
1048
1043
1038
1033
1027
1022
1016
1011
1007
1004
1000
0999
0997
0994
0987
0970
0954
0943
0934
0927
0922
0920
0924
0929
0934
0939
0946
0951
0949
0936
0917
0907
0898
0890
0881
0876
0873
0873
0876
0881
0890
0898
0909
0919
0932
0946
0954
0958
0960
0963
0963
0965
0965
0966
0966
0968
0970
0970
0971
0971
0973
0973
0975
0975
0975
0977
0978
0978
0980
0980
0980
0978
0980
0980
0980
0980
0982
0982
0982
0983
0983
0983
0982
0982
0980
0980
0978
0975
0973
0970
0970
0970
0968
0968
0966
0965
0965
0965
0965
0965
0961
0956
0953
0951
0949
0949
0949
0949
0948
0946
0946
0944
0943
0939
0937
0946
0954
0963
0966
0965
0958
0953
0948
0944
0943
0943
0944
0946
0949
0953
0956
0960
0965
0968
0971
0973
0977
0980
0985
0988
0992
0994
0995
0995
0997
0999
1002
1005
1009
1012
1019
1024
1029
1034
1039
1046
1053
1067
1094
1099
1101
1101
1102
1101
1087
1080
1075
1070
1067
1061
1056
1050
1043
1034
1026
1019
1012
1005
0997
0990
0982
0975
0968
0965
0960
0956
0951
0948
0944
0939
0934
0927
0920
0919
0920
0924
0929
0937
0953
0980
1004
1024
1044
1070
1106
1179
1282
1425
1597
1782
1964
2113
2164
2149
2018
1794
1529
1281
1090
0975
0954
0949
0946
0944
0943
0943
0946
0954
0963
0970
0977
0987
0999
1007
1011
1009
1005
1000
0995
0990
0983
0977
0978
0987
0995
1002
1005
1009
1011
1012
1016
1019
1024
1027
1031
1033
1036
1038
1043
1048
1055
1065
1087
1106
1114
1119
1124
1128
1129
1133
1138
1143
1146
1152
1158
1165
1174
1191
1206
1223
1242
1262
1281
1293
1306
1315
1315
1308
1298
1293
1287
1284
1281
1276
1272
1267
1262
1257
1250
1242
1233
1216
1187
1169
1157
1150
1143
1135
1124
1114
1104
1095
1087
1080
1072
1063
1053
1044
1034
1022
1009
0997
0988
0983
0978
0973
0970
0968
0965
0965
0963
0961
0963
0966
0971
0977
0982
0985
0990
0995
1000
1004
1005
1004
0999
0994
0988
0983
0980
0977
0973
0970
0968
0968
0970
0970
0970
0966
0965
0963
0961
0960
0958
0954
0951
0949
0948
0948
0948
0946
0946
0944
0941
0939
0937
0936
0932
0929
0926
0922
0919
0917
0914
0912
0910
0907
0905
0903
0902
0900
0895
0890
0881
0861
0854
0852
0852
0849
0847
0846
0846
0851
0854
0856
0858
0859
0861
0864
0868
0871
0873
0875
0878
0880
0881
0881
0881
0881
0883
0883
0883
0885
0888
0890
0892
0893
0895
0897
0897
0895
0893
0892
0888
0886
0883
0878
0873
0873
0881
0897
0914
0934
0941
0944
0946
0948
0951
0954
0954
0951
0943
0934
0926
0919
0914
0907
0900
0893
0886
0881
0875
0866
0858
0849
0839
0829
0813
0798
0790
0790
0790
0791
0793
0795
0798
0810
0817
0822
0825
0829
0832
0835
0839
0844
0847
0852
0858
0864
0875
0919
0994
1111
1269
1457
1649
1821
1923
1957
1920
1802
1590
1345
1112
0919
0783
0739
0722
0749
0795
0851
0888
0912
0927
0927
0917
0905
0898
0893
0888
0883
0880
0876
0875
0875
0873
0875
0876
0880
0885
0892
0900
0907
0915
0926
0934
0944
0953
0960
0966
0973
0982
0990
0999
1002
1002
1000
0995
0990
0985
0980
0971
0965
0965
0975
0990
1009
1031
1055
1070
1082
1092
1102
1111
1116
1123
1129
1138
1148
1158
1169
1175
1179
1184
1187
1192
1194
1196
1196
1197
1197
1197
1196
1191
1186
1180
1174
1167
1150
1114
1085
1063
1033
1017
1007
0999
0992
0987
0982
0978
0975
0971
0968
0965
0963
0961
0960
0958
0954
0951
0948
0944
0943
0943
0941
0937
0936
0934
0934
0932
0929
0926
0920
0917
0915
0915
0919
0924
0927
0932
0937
0943
0948
0953
0958
0960
0960
0960
0960
0961
0963
0965
0965
0956
0953
0951
0949
0948
0946
0944
0944
0944
0946
0949
0951
0954
0958
0961
0965
0965
0965
0960
0951
0943
0934
0929
0924
0920
0915
0912
0909
0905
0903
0900
0898
0897
0895
0895
0895
0893
0892
0890
0890
0888
0886
0883
0881
0880
0878
0878
0878
0876
0875
0873
0873
0871
0871
0871
0869
0868
0864
0861
0859
0858
0856
0856
0856
0856
0856
0854
0854
0852
0851
0849
0846
0842
0841
0841
0847
0856
0866
0876
0883
0888
0893
0900
0905
0912
0919
0924
0927
0931
0934
0937
0939
0941
0943
0944
0948
0953
0958
0961
0963
0961
0954
0946
0934
0922
0909
0886
0868
0854
0842
0837
0832
0827
0824
0820
0817
0813
0810
0808
0807
0805
0805
0803
0803
0803
0802
0802
0798
0793
0791
0798
0813
0837
0875
0912
0951
1021
1109
1231
1400
1617
1857
2072
2181
2181
2074
1843
1544
1240
0997
0841
0783
0762
0764
0786
0795
0800
0803
0808
0810
0813
0815
0819
0822
0825
0829
0832
0834
0835
0839
0841
0841
0841
0841
0841
0842
0844
0846
0849
0851
0854
0856
0859
0863
0866
0866
0868
0869
0871
0876
0885
0902
0917
0924
0929
0934
0939
0944
0949
0953
0956
0961
0966
0975
0988
1014
1033
1044
1055
1063
1072
1084
1097
1107
1114
1121
1128
1133
1140
1143
1146
1150
1152
1153
1152
1148
1145
1141
1136
1129
1123
1118
1109
1102
1094
1085
1077
1067
1058
1050
1043
1038
1031
1024
1016
1000
0983
0965
0960
0956
0953
0949
0946
0944
0943
0941
0939
0939
0937
0936
0934
0934
0936
0936
0936
0937
0937
0939
0941
0944
0946
0948
0949
0951
0953
0956
0960
0961
0963
0963
0965
0965
0966
0968
