2528
2587
2646
2676
2693
2706
2714
2722
2731
2731
2731
2727
2714
2697
2684
2668
2651
2638
2621
2608
2596
2583
2566
2549
2528
2507
2486
2465
2440
2414
2389
2364
2343
2321
2300
2283
2267
2250
2237
2220
2212
2195
2182
2178
2174
2174
2178
2186
2199
2216
2229
2245
2267
2288
2313
2347
2389
2427
2461
2486
2511
2541
2570
2600
2625
2646
2668
2680
2693
2701
2710
2718
2727
2735
2744
2752
2756
2760
2760
2765
2765
2760
2756
2748
2739
2727
2718
2706
2693
2680
2672
2659
2655
2646
2642
2638
2634
2630
2625
2621
2617
2608
2604
2596
2592
2587
2587
2587
2587
2587
2587
2587
2587
2583
2579
2575
2570
2566
2558
2554
2549
2545
2549
2549
2554
2558
2554
2554
2554
2554
2554
2554
2554
2554
2554
2558
2562
2562
2566
2570
2570
2570
2570
2566
2558
2554
2549
2545
2537
2524
2507
2494
2490
2490
2490
2494
2490
2490
2486
2486
2486
2486
2486
2486
2494
2503
2511
2524
2532
2545
2554
2562
2570
2575
2583
2592
2600
2604
2608
2604
2604
2600
2592
2583
2570
2558
2541
2520
2494
2359
2110
1798
1507
1355
1300
1300
1388
1638
2005
2402
2782
3132
3444
3525
3546
3516
3335
3145
2946
2807
2744
2727
2714
2701
2684
2672
2663
2655
2651
2646
2642
2638
2638
2638
2638
2638
2642
2642
2638
2638
2634
2634
2634
2634
2634
2634
2638
2634
2634
2630
2625
2617
2613
2608
2600
2596
2583
2570
2532
2494
2457
2419
2393
2376
2359
2343
2330
2317
2300
2288
2271
2258
2241
2224
2212
2195
2182
2165
2148
2131
2119
2110
2106
2106
2106
2106
2115
2127
2140
2157
2174
2191
2212
2237
2275
2321
2372
2423
2473
2528
2579
2613
2638
2655
2663
2672
2684
2693
2701
2710
2714
2722
2727
2735
2739
2744
2744
2744
2744
2744
2744
2744
2744
2739
2739
2735
2731
2722
2718
2714
2706
2706
2701
2697
2689
2684
2680
2680
2676
2672
2672
2672
2672
2668
2668
2668
2663
2659
2655
2651
2646
2646
2642
2638
2638
2642
2638
2634
2625
2621
2608
2600
2587
2575
2562
2554
2541
2532
2524
2516
2507
2503
2494
2490
2482
2478
2469
2465
2461
2457
2448
2440
2435
2431
2423
2419
2406
2397
2381
2364
2338
2292
2191
2098
1984
1836
1730
1663
1604
1549
1524
1502
1490
1473
1460
1448
1439
1431
1431
1431
1435
1443
1452
1469
1486
1502
1524
1545
1570
1621
1675
1730
1777
1811
1844
1874
1899
1912
1916
1908
1895
1878
1849
1747
1524
1232
0941
0793
0747
0802
0966
1220
1528
1891
2267
2630
2912
3005
2972
2866
2651
2435
2309
2182
2051
1992
1971
1954
1941
1925
1916
1903
1891
1874
1857
1840
1827
1815
1806
1802
1794
1781
1773
1764
1760
1751
1739
1726
1722
1713
1713
1709
1705
1701
1697
1692
1688
1684
1675
1667
1659
1654
1650
1646
1638
1629
1621
1616
1608
1595
1583
1570
1557
1545
1540
1532
1524
1515
1507
1502
1502
1502
1502
1507
1511
1515
1519
1528
1536
1545
1557
1574
1587
1600
1625
1688
1768
1836
1887
1929
1963
1996
2026
2055
2093
2136
2186
2224
2262
2300
2326
2347
2368
2381
2393
2402
2414
2427
2440
2452
2465
2482
2499
2516
2532
2541
2549
2558
2562
2570
2583
2587
2592
2596
2596
2600
2600
2600
2600
2596
2592
2587
2587
2592
2592
2592
2592
2592
2592
2596
2596
2600
2600
2600
2604
2608
2617
2625
2630
2638
2642
2651
2659
2663
2668
2668
2672
2672
2672
2672
2672
2672
2672
2672
2672
2672
2672
2668
2668
2663
2655
2651
2646
2642
2638
2634
2630
2621
2617
2613
2608
2604
2596
2592
2587
2579
2570
2558
2541
2528
2499
2461
2431
2397
2368
2355
2347
2338
2334
2330
2326
2321
2321
2317
2317
2313
2313
2317
2321
2326
2330
2330
2334
2334
2334
2334
2334
2334
2334
2334
2334
2330
2326
2317
2309
2300
2292
2279
2267
2250
2229
2212
2060
1802
1448
1038
0667
0502
0540
0899
1616
2457
3170
3579
3639
3533
3229
2950
2727
2600
2478
2330
2254
2229
2207
2186
2174
2165
2157
2148
2136
2127
2115
2110
2106
2106
2102
2093
2085
2077
2064
2051
2034
2017
2005
1988
1971
1958
1941
1925
1912
1899
1891
1878
1865
1857
1844
1832
1819
1806
1794
1781
1773
1760
1743
1726
1701
1667
1629
1595
1562
1528
1502
1481
1464
1448
1435
1426
1414
1405
1397
1393
1388
1388
1393
1397
1405
1418
1431
1448
1469
1486
1507
1532
1595
1650
1697
1743
1785
1836
1887
1929
1958
1992
2026
2064
2102
2144
2191
2233
2279
2321
2347
2364
2381
2393
2402
2410
2419
2427
2440
2448
2457
2465
2473
2478
2482
2486
2490
2494
2503
2507
2516
2520
2528
2537
2537
2541
2545
2549
2549
2554
2558
2562
2562
2566
2566
2570
2575
2579
2579
2579
2575
2570
2570
2570
2570
2570
2566
2566
2566
2566
2566
2566
2562
2558
2554
2549
2549
2545
2541
2537
2532
2528
2524
2520
2516
2511
2503
2494
2486
2478
2469
2461
2457
2452
2452
2448
2448
2448
2448
2444
2435
2431
2423
2414
2402
2393
2381
2372
2364
2351
2338
2326
2313
2305
2292
2275
2258
2237
2216
2199
2186
2178
2174
2174
2169
2174
2178
2186
2195
2203
2212
2216
2220
2233
2237
2245
2245
2241
2229
2216
2203
2182
2161
2140
2115
2089
2064
2039
2017
1996
1963
1891
1751
1490
1160
0785
0434
0274
0308
0645
1334
2169
2934
3465
3558
3512
3178
2815
2503
2283
2203
2131
2089
2060
2034
2022
2009
2005
2001
2001
1996
1988
1984
1979
1971
1963
1954
1946
1937
1929
1925
1920
1920
1920
1916
1916
1912
1908
1899
1895
1887
1878
1865
1853
1844
1836
1827
1815
1806
1794
1781
1768
1751
1735
1713
1688
1667
1646
1629
1616
1608
1595
1587
1578
1574
1570
1562
1557
1549
1545
1536
1532
1532
1532
1528
1528
1532
1536
1545
1553
1566
1578
1595
1612
1629
1654
1697
1739
1764
1789
1827
1903
1967
2017
2077
2127
2169
2207
2237
2254
2262
2275
2283
2292
2296
2305
2309
2317
2321
2326
2330
2334
2334
2338
2343
2347
2351
2351
2355
2355
2355
2359
2359
2364
2364
2359
2359
2355
2355
2351
2351
2347
2343
2343
2343
2347
2351
2355
2359
2364
2368
2376
2381
2389
2393
2397
2402
2410
2414
2423
2431
2435
2444
2448
2452
2457
2461
2465
2465
2469
2469
2469
2469
2465
2465
2465
2465
2465
2465
2461
2461
2457
2457
2461
2461
2457
2457
2457
2461
2461
2465
2465
2465
2461
2461
2461
2461
2461
2457
2452
2448
2444
2440
2435
2431
2423
2410
2402
2385
2372
2355
2343
2330
2317
2309
2300
2296
2288
2279
2275
2267
2262
2262
2267
2271
2279
2292
2305
2317
2330
2343
2355
2364
2368
2368
2372
2376
2381
2385
2385
2389
2389
2389
2389
2381
2372
2355
2338
2300
2207
1992
1659
1245
0819
0498
0464
0620
1207
2017
2832
3457
3748
3782
3643
3373
3115
2883
2693
2532
2389
2313
2292
2283
2275
2271
2267
2267
2262
2262
2258
2258
2254
2250
2245
2245
2237
2233
2229
2224
2220
2216
2216
2207
2199
2186
2178
2165
2144
2123
2102
2081
2060
2039
2022
2009
1996
1988
1975
1967
1958
1950
1937
1929
1920
1908
1899
1887
1870
1849
1815
1777
1739
1705
1680
1654
1633
1616
1608
1604
1604
1600
1600
1595
1595
1587
1587
1587
1600
1621
1646
1680
1722
1760
1789
1819
1853
1882
1916
1950
1984
2017
2047
2089
2161
2207
2233
2254
2279
2300
2313
2326
2338
2347
2351
2355
2355
2355
2355
2355
2355
2355
2359
2364
2351
2334
2330
2326
2321
2313
2309
2305
2300
2296
2296
2292
2292
2292
2296
2300
2309
2313
2317
2321
2326
2330
2330
2330
2330
2326
2326
2330
2334
2343
2347
2351
2351
2355
2359
2359
2359
2364
2364
2364
2364
2376
2385
2381
2364
2343
2338
2334
2334
2330
2326
2321
2317
2313
2313
2309
2309
2305
2305
2305
2305
2309
2309
2313
2313
2313
2313
2313
2313
2313
2313
2313
2313
2313
2313
2313
2313
2309
2309
2309
2305
2305
2300
2300
2296
2292
2288
2279
2271
2267
2258
2250
2233
2216
2199
2191
2186
2186
2182
2178
2169
2165
2161
2169
2191
2212
2220
2233
2245
2262
2275
2288
2296
2305
2313
2321
2330
2343
2347
2355
2359
2364
2368
2372
2372
2372
2376
2376
2389
2376
2258
2055
1760
1363
0920
0531
0401
0455
0869
1616
2499
3322
3892
4095
3955
3605
3229
2912
2672
2469
2381
2364
2355
2347
2343
2338
2334
2330
2321
2313
2305
2300
2300
2300
2300
2292
2283
2262
2224
2220
2220
2216
2216
2216
2216
2212
2207
2207
2203
2203
2199
2195
2195
2191
2182
2169
2157
2140
2098
2055
2030
2017
2005
1996
1988
1979
1967
1958
1946
1933
1916
1891
1865
1832
1802
1781
1764
1747
1735
1726
1718
1713
1709
1709
1705
1701
1697
1692
1688
1680
1697
1726
1777
1836
1882
1937
1992
2051
2089
2106
2123
2140
2157
2174
2186
2207
2233
2258
2288
2334
2389
2410
2423
2435
2444
2452
2448
2444
2431
2423
2410
2406
2402
2393
2389
2381
2376
2372
2372
2368
2368
2364
2364
2364
2364
2359
2359
2355
2355
2355
2355
2351
2351
2355
2355
2355
2355
2359
2359
2364
2368
2368
2368
2368
2368
2368
2372
2376
2376
2381
2389
2397
2397
2389
2385
2381
2372
2368
2359
2347
2334
2372
2397
2414
2427
2440
2448
2452
2448
2440
2427
2419
2410
2393
2376
2372
2376
2385
2393
2402
2410
2410
2397
2381
2372
2359
2347
2338
2338
2347
2355
2359
2364
2368
2372
2376
2385
2389
2389
2393
2393
2389
2389
2385
2376
2364
2351
2338
2317
2283
2258
2241
2229
2220
2216
2216
2216
2216
2220
2224
2233
2245
2254
2275
2292
2309
2321
2338
2359
2364
2351
2343
2334
2326
2321
2321
2321
2326
2334
2343
2347
2355
2372
2385
2389
2385
2376
2364
2321
2174
1933
1591
1169
0730
0392
0291
0544
1169
2017
2879
3525
3753
3748
3503
3178
2896
2663
2507
2406
2334
2296
2275
2262
2250
2241
2229
2220
2216
2207
2199
2191
2174
2144
2110
2102
2098
2093
2093
2089
2081
2077
2072
2068
2060
2055
2047
2039
2034
2026
2022
2013
2005
1984
1963
1950
1937
1929
1920
1912
1903
1899
1891
1882
1874
1865
1853
1836
1815
1781
1751
1726
1705
1688
1671
1659
1642
1629
1616
1608
1604
1595
1591
1587
1583
1583
1583
1587
1591
1595
1604
1616
1629
1659
1726
1798
1870
1937
2005
2060
2098
2131
2157
2182
2207
2229
2250
2267
2283
2300
2321
2338
2355
2372
2385
2393
2402
2406
2410
2410
2419
2423
2423
2406
2397
2389
2385
2376
2372
2372
2368
2368
2368
2368
2368
2368
2372
2376
2376
2381
2385
2385
2389
2393
2397
2402
2406
2406
2410
2410
2414
2414
2414
2419
2419
2423
2423
2427
2431
2435
2440
2444
2444
2444
2444
2444
2444
2448
2448
2448
2444
2444
2444
2448
2448
2448
2448
2448
2448
2448
2444
2444
2440
2435
2431
2427
2423
2414
2410
2406
2402
2397
2397
2393
2385
2376
2368
2364
2364
2376
2389
2402
2414
2423
2435
2444
2452
2457
2457
2452
2444
2431
2419
2406
2389
2372
2355
2338
2321
2313
2305
2296
2292
2288
2283
2279
2279
2279
2283
2283
2288
2296
2300
2305
2309
2317
2326
2334
2338
2343
2351
2355
2359
2364
2372
2376
2381
2389
2402
2414
2414
2402
2376
2338
2283
2203
2072
1887
1621
1279
0911
0591
0426
0510
0907
1578
2393
3145
3647
3816
3698
3440
3191
2967
2744
2524
2351
2216
2161
2153
2144
2140
2136
2136
2136
2131
2131
2131
2123
2119
2119
2119
2119
2119
2115
2110
2106
2098
2089
2081
2064
2043
2022
2005
1996
1988
1984
1975
1971
1963
1958
1954
1950
1941
1937
1929
1920
1912
1903
1895
1878
1861
1844
1823
1806
1785
1768
1747
1730
1713
1701
1692
1684
1671
1650
1616
1595
1578
1570
1562
1553
1553
1557
1574
1591
1616
1654
1709
1743
1768
1794
1815
1836
1870
1920
1967
2001
2034
2077
2127
2169
2220
2258
2279
2292
2309
2321
2334
2343
2347
2355
2359
2368
2372
2376
2381
2385
2385
2389
2393
2393
2397
2397
2402
2402
2406
2406
2410
2410
2410
2410
2410
2410
2406
2406
2402
2397
2393
2393
2389
2389
2385
2376
2376
2372
2376
2381
2389
2393
2402
2406
2414
2423
2431
2440
2444
2448
2457
2461
2469
2473
2478
2482
2482
2482
2486
2486
2490
2490
2490
2490
2490
2494
2499
2499
2499
2499
2499
2499
2499
2499
2499
2499
2499
2499
2499
2503
2503
2503
2499
2499
2494
2494
2494
2490
2490
2486
2482
2478
2473
2461
2444
2444
2465
2494
2511
2532
2549
2562
2562
2554
2541
2520
2494
2457
2431
2414
2406
2397
2389
2381
2372
2364
2355
2347
2338
2321
2313
2313
2338
2364
2381
2393
2406
2419
2431
2435
2440
2440
2440
2440
2435
2431
2427
2419
2419
2435
2444
2452
2461
2465
2465
2461
2457
2444
2427
2368
2275
2131
1920
1612
1220
0831
0603
0607
0848
1439
2224
3010
3592
3786
3778
3541
3225
2946
2718
2532
2385
2267
2199
2174
2174
2203
2220
2241
2258
2258
2233
2216
2199
2191
2182
2174
2165
2157
2148
2140
2131
2127
2119
2110
2106
2098
2089
2081
2072
2064
2051
2043
2034
2026
2017
2005
1992
1979
1967
1954
1941
1925
1908
1891
1874
1857
1840
1827
1815
1802
1789
1777
1768
1760
1747
1726
1692
1654
1633
1621
1608
1600
1595
1591
1587
1591
1595
1600
1608
1616
1629
1650
1684
1713
1756
1802
1849
1899
1950
2005
2043
2068
2098
2131
2165
2199
2216
2237
2258
2288
2317
2343
2359
2372
2376
2364
2351
2338
2326
2313
2309
2317
2330
2343
2351
2364
2376
2385
2389
2385
2376
2368
2355
2351
2347
2338
2334
2326
2317
2309
2305
2305
2305
2309
2309
2317
2321
2330
2338
2343
2347
2351
2351
2355
2355
2359
2359
2359
2359
2364
2368
2372
2376
2381
2385
2389
2393
2397
2397
2402
2402
2406
2410
2414
2423
2427
2440
2448
2457
2457
2457
2448
2440
2431
2423
2419
2414
2410
2406
2402
2402
2397
2397
2397
2397
2397
2397
2397
2397
2397
2402
2402
2402
2397
2397
2397
2397
2393
2393
2393
2389
2385
2385
2385
2381
2381
2376
2372
2364
2359
2355
2347
2338
2330
2321
2309
2300
2288
2271
2245
2207
2191
2182
2174
2165
2169
2182
2203
2224
2262
2288
2296
2300
2309
2313
2317
2326
2330
2334
2338
2343
2347
2343
2343
2343
2338
2334
2330
2326
2321
2313
2305
2292
2229
2077
1853
1562
1198
0806
0489
0379
0574
1093
1853
2684
3389
3753
3791
3630
3267
2921
2651
2465
2334
2271
2245
2233
2224
2216
2207
2203
2195
2186
2178
2165
2144
2115
2089
2077
2068
2060
2051
2047
2047
2047
2055
2060
2068
2072
2081
2089
2093
2098
2093
2085
2072
2060
2039
2001
1967
1946
1933
1925
1916
1908
1903
1895
1887
1878
1874
1861
1849
1832
1811
1781
1743
1697
1680
1667
1654
1650
1642
1638
1629
1621
1616
1608
1600
1595
1595
1604
1621
1642
1675
1730
1760
1773
1789
1806
1823
1844
1874
1916
1950
1992
2051
2119
2182
2229
2267
2296
2330
2368
2381
2385
2393
2397
2402
2406
2406
2410
2410
2410
2410
2410
2410
2406
2406
2406
2402
2397
2393
2389
2385
2376
2372
2364
2359
2351
2343
2334
2326
2317
2305
2300
2292
2292
2292
2296
2305
2313
2321
2330
2338
2343
2347
2347
2351
2355
2359
2359
2364
2364
2368
2372
2372
2376
2376
2372
2372
2372
2376
2376
2376
2376
2376
2376
2376
2376
2381
2381
2376
2372
2372
2372
2372
2368
2368
2364
2364
2364
2359
2359
2355
2355
2351
2343
2338
2334
2334
2334
2338
2343
2351
2355
2364
2372
2381
2389
2389
2385
2372
2355
2334
2305
2296
2292
2288
2283
2283
2279
2279
2279
2279
2279
2275
2271
2271
2267
2262
2254
2245
2233
2216
2178
2157
2140
2127
2119
2115
2119
2131
2148
2182
2229
2254
2267
2275
2283
2288
2296
2300
2305
2313
2317
2317
2326
2326
2330
2334
2338
2347
2351
2351
2351
2347
2338
2330
2309
2245
2102
1861
1511
1080
0654
0375
0363
0553
1135
1941
2794
3474
3769
3786
3563
3221
2925
2693
2545
2440
2368
2283
2216
2195
2186
2178
2174
2169
2169
2165
2165
2161
2157
2148
2144
2140
2136
2131
2127
2127
2127
2127
2123
2119
2115
2110
2106
2102
2098
2093
2089
2085
2077
2077
2072
2068
2068
2064
2060
2055
2051
2047
2039
2026
1992
1958
1916
1865
1844
1836
1827
1819
1811
1802
1789
1781
1768
1756
1735
1697
1680
1675
1671
1667
1663
1663
1659
1659
1663
1671
1684
1701
1735
1798
1849
1887
1925
1967
2026
2085
2153
2199
2220
2237
2258
2279
2300
2334
2381
2423
2444
2457
2465
2473
2482
2490
2494
2494
2494
2490
2486
2482
2478
2473
2465
2457
2444
2435
2431
2423
2410
2402
2393
2385
2385
2389
2397
2406
2414
2419
2423
2431
2435
2440
2444
2444
2444
2448
2448
2452
2452
2452
2452
2452
2452
2452
2457
2457
2457
2452
2452
2452
2457
2457
2461
2461
2461
2461
2461
2465
2465
2465
2465
2465
2469
2473
2478
2478
2473
2473
2469
2473
2473
2473
2473
2469
2469
2465
2465
2465
2465
2465
2469
2473
2473
2478
2486
2494
2494
2465
2452
2444
2435
2431
2427
2419
2414
2410
2406
2406
2406
2406
2406
2410
2410
2410
2414
2414
2414
2414
2414
2414
2410
2406
2402
2397
2393
2389
2381
2364
2300
2245
2212
2199
2191
2178
2165
2165
2191
2216
2229
2250
2271
2288
2300
2309
2321
2334
2343
2347
2351
2351
2355
2359
2364
2368
2372
2372
2372
2376
2376
2376
2372
2364
2355
2343
2321
2258
2136
1941
1663
1291
0886
0544
0379
0485
0932
1675
2545
3322
3753
3803
3647
3309
3001
2752
2549
2410
2309
2250
2224
2216
2207
2199
2195
2191
2186
2178
2169
2165
2157
2148
2140
2136
2127
2123
2115
2106
2098
2093
2085
2081
2072
2068
2060
2055
2055
2051
2051
2047
2039
2034
2030
2026
2017
2005
1996
1988
1984
1975
1971
1958
1941
1916
1878
1849
1827
1811
1794
1773
1756
1739
1726
1709
1697
1680
1667
1654
1642
1621
1591
1583
1574
1566
1562
1562
1578
1600
1629
1680
1730
1789
1832
1857
1887
1912
1958
2013
2051
2072
2102
2136
2178
2220
2245
2258
2271
2283
2296
2313
2326
2334
2334
2338
2343
2343
2347
2347
2347
2351
2351
2351
2355
2355
2355
2351
2351
2347
2347
2347
2347
2343
2343
2343
2343
2343
2343
2343
2343
2343
2343
2343
2347
2347
2347
2347
2351
2351
2355
2359
2359
2364
2368
2368
2372
2376
2381
2385
2389
2393
2402
2406
2414
2419
2423
2423
2423
2423
2419
2414
2414
2410
2406
2397
2393
2385
2381
2381
2385
2385
2385
2385
2389
2397
2402
2402
2393
2381
2372
2364
2355
2343
2334
2330
2330
2338
2347
2359
2372
2385
2397
2402
2393
2376
2359
2351
2343
2334
2326
2317
2313
2309
2305
2305
2300
2300
2300
2305
2309
2313
2317
2321
2330
2334
2343
2343
2330
2313
2296
2275
2254
2224
2186
2131
2106
2089
2081
2072
2077
2081
2098
2115
2148
2216
2254
2275
2288
2300
2305
2309
2309
2305
2300
2292
2288
2279
2271
2258
2250
2250
2254
2271
2288
2305
2326
2343
2326
2292
2191
2001
1735
1401
0996
0595
0333
0320
0515
1110
1937
2803
3503
3816
3829
3575
3140
2739
2423
2262
2212
2186
2165
2153
2123
2068
2043
2034
2030
2022
2022
2022
2022
2017
2017
2013
2005
2001
1996
1992
1988
1984
1975
1971
1963
1954
1946
1933
1916
1903
1895
1887
1882
1874
1865
1861
1853
1849
1844
1836
1827
1819
1806
1798
1785
1773
1751
1735
1709
1663
1633
1629
1625
1621
1616
1616
1621
1629
1638
1646
1659
1654
1608
1583
1562
1545
1532
1519
1519
1524
1536
1549
1570
1612
1680
1743
1806
1861
1916
1967
2030
2098
2165
2220
2258
2288
2317
2347
2389
2419
2435
2448
2461
2469
2482
2494
2503
2511
2520
2524
2528
2532
2532
2532
2537
2537
2541
2541
2541
2541
2537
2537
2537
2532
2532
2528
2524
2520
2520
2516
2516
2511
2511
2511
2516
2524
2532
2541
2549
2558
2570
2587
2596
2604
2600
2596
2592
2587
2587
2583
2579
2575
2570
2566
2570
2575
2583
2587
2592
2600
2604
2608
2613
2617
2617
2613
2604
2596
2583
2570
2558
2545
2541
2532
2528
2524
2520
2516
2516
2511
2503
2503
2499
2499
2494
2494
2490
2486
2486
2486
2486
2486
2482
2478
2473
2473
2469
2469
2469
2469
2465
2465
2461
2457
2448
2440
2427
2427
2427
2431
2435
2440
2444
2448
2452
2440
2410
2364
2300
2267
2254
2241
2233
2229
2229
2229
2237
2245
2258
2271
2283
2292
2296
2305
2313
2321
2330
2338
2347
2351
2355
2359
2364
2359
2359
2355
2351
2347
2343
2338
2334
2326
2321
2313
2275
2161
1971
1701
1350
0941
0536
0261
0253
0468
1076
1895
2710
3330
3605
3626
3461
3157
2845
2583
2393
2305
2283
2271
2254
2233
2216
2182
2115
2026
1984
1954
1937
1941
1954
1967
1975
1979
1984
1988
1996
1996
2001
2005
2005
2001
1996
1988
1975
1963
1950
1937
1920
1891
1870
1857
1844
1836
1827
1823
1819
1811
1798
1785
1764
1747
1730
1713
1697
1675
1663
1654
1646
1633
1621
1604
1587
1566
1549
1536
1528
1519
1511
1507
1502
1498
1502
1502
1511
1519
1528
1540
1562
1604
1642
1680
1718
1760
1802
1844
1878
1929
1992
2064
2127
2191
2258
2313
2343
2364
2381
2389
2393
2397
2397
2402
2402
2402
2406
2406
2410
2414
2414
2419
2419
2419
2419
2419
2414
2414
2410
2410
2410
2410
2406
2406
2406
2406
2410
2410
2410
2410
2406
2406
2406
2406
2406
2406
2402
2406
2406
2410
2414
2419
2423
2423
2431
2448
2440
2431
2419
2414
2427
2452
2461
2469
2473
2482
2486
2490
2494
2499
2503
2503
2503
2499
2490
2486
2478
2469
2465
2461
2452
2448
2448
2440
2435
2431
2423
2419
2414
2410
2410
2410
2414
2419
2423
2423
2427
2431
2435
2444
2448
2448
2452
2452
2452
2457
2461
2465
2469
2469
2478
2486
2494
2503
2503
2482
2457
2431
2406
2376
2347
2330
2317
2305
2296
2288
2279
2275
2275
2283
2305
2321
2330
2338
2343
2351
2355
2359
2364
2368
2372
2376
2381
2389
2389
2393
2393
2393
2393
2393
2393
2397
2402
2406
2414
2444
2444
2410
2309
2115
1827
1443
1004
0599
0375
0388
0679
1346
2212
3026
3605
3774
3757
3508
3187
2904
2689
2541
2423
2334
2271
2241
2216
2199
2182
2165
2157
2153
2148
2144
2140
2136
2131
2131
2127
2119
2110
2106
2098
2093
2089
2085
2081
2077
2072
2068
2060
2051
2043
2030
2017
2005
1996
1988
1984
1975
1967
1958
1954
1941
1929
1916
1899
1882
1870
1853
1836
1806
1760
1739
1730
1726
1718
1713
1709
1705
1701
1697
1688
1684
1675
1671
1667
1654
1646
1638
1638
1650
1667
1688
1718
1760
1785
1815
1844
1887
1941
2009
2077
2144
2191
2216
2250
2288
2309
2326
2338
2351
2359
2368
2372
2381
2385
2393
2397
2402
2406
2406
2410
2414
2423
2427
2431
2431
2427
2414
2406
2393
2385
2376
2368
2359
2351
2347
2338
2334
2330
2330
2330
2334
2338
2347
2355
2364
2372
2381
2393
2406
2419
2431
2435
2444
2448
2452
2452
2457
2461
2465
2465
2469
2469
2469
2469
2469
2465
2465
2461
2461
2457
2452
2452
2448
2448
2448
2444
2444
2444
2440
2440
2440
2440
2440
2440
2440
2435
2435
2435
2435
2435
2435
2435
2431
2427
2423
2419
2419
2410
2406
2397
2393
2385
2381
2376
2372
2368
2368
2364
2355
2351
2347
2338
2330
2321
2317
2313
2309
2300
2296
2288
2283
2275
2271
2254
2220
2199
2174
2161
2148
2140
2127
2119
2115
2115
2119
2127
2136
2140
2144
2148
2157
2169
2178
2191
2195
2203
2212
2216
2229
2233
2237
2241
2241
2245
2245
2245
2241
2233
2224
2216
2207
2148
1975
1709
1325
0869
0434
0236
0274
0658
1401
2283
3090
3605
3753
3579
3238
2896
2625
2427
2292
2220
2191
2174
2165
2157
2148
2140
2127
2115
2106
2098
2089
2081
2072
2068
2060
2051
2047
2039
2034
2030
2026
2022
2022
2022
2022
2017
2009
2005
2001
1996
1992
1988
1979
1975
1967
1963
1958
1950
1937
1920
1908
1895
1882
1865
1844
1823
1798
1773
1751
1735
1718
1701
1688
1671
1659
1650
1633
1616
1591
1574
1570
1566
1566
1562
1557
1557
1574
1595
1621
1654
1692
1735
1773
1806
1832
1853
1878
1899
1941
1996
2043
2081
2115
2157
2207
2245
2279
2313
2343
2368
2397
2427
2452
2473
2494
2499
2490
2469
2444
2414
2372
2359
2359
2355
2351
2351
2364
2393
2414
2431
2444
2457
2465
2469
2478
2482
2486
2486
2490
2494
2503
2507
2503
2494
2482
2465
2440
2406
2385
2368
2351
2351
2376
2402
2419
2440
2469
2499
2524
2545
2566
2579
2579
2579
2579
2579
2579
2579
2570
2545
2532
2528
2520
2516
2511
2503
2499
2494
2490
2490
2490
2490
2490
2494
2494
2503
2503
2507
2507
2507
2511
2511
2516
2516
2511
2511
2516
2516
2520
2520
2524
2520
2516
2507
2499
2490
2486
2482
2473
2469
2461
2457
2452
2448
2444
2435
2427
2423
2414
2410
2393
2368
2343
2321
2300
2275
2254
2245
2237
2229
2220
2224
2237
2258
2279
2296
2317
2334
2351
2359
2368
2372
2381
2389
2389
2364
2347
2334
2326
2317
2313
2313
2317
2321
2330
2338
2347
2364
2376
2381
2376
2359
2326
2229
2039
1756
1405
1034
0709
0569
0603
0916
1528
2283
3010
3503
3685
3596
3364
3098
2853
2646
2490
2385
2317
2233
2182
2165
2157
2153
2148
2144
2140
2136
2131
2131
2127
2123
2119
2115
2115
2110
2106
2098
2093
2085
2077
2068
2060
2051
2043
2034
2022
2013
1996
1979
1967
1954
1941
1929
1916
1899
1887
1874
1870
1865
1861
1857
1849
1844
1832
1819
1802
1785
1764
1743
1718
1692
1667
1642
1616
1595
1578
1566
1557
1549
1540
1532
1532
1540
1553
1570
1587
1604
1625
1646
1667
1684
1705
1730
1768
1806
1853
1912
1963
2022
2081
2161
2220
2258
2288
2313
2330
2338
2343
2343
2347
2351
2355
2359
2364
2368
2368
2368
2372
2372
2372
2372
2368
2368
2368
2364
2368
2368
2368
2368
2372
2372
2372
2376
2376
2376
2376
2381
2381
2381
2381
2385
2385
2389
2389
2389
2389
2385
2385
2385
2385
2381
2381
2385
2385
2389
2393
2393
2397
2397
2397
2402
2402
2402
2406
2406
2406
2410
2410
2410
2414
2419
2419
2419
2419
2419
2419
2419
2419
2419
2414
2414
2410
2410
2410
2406
2406
2402
2402
2397
2397
2397
2397
2397
2397
2393
2393
2389
2385
2381
2381
2381
2376
2372
2372
2372
2372
2372
2372
2368
2364
2359
2355
2351
2347
2338
2334
2326
2317
2309
2300
2292
2279
2262
2241
2224
2212
2199
2186
2169
2157
2144
2136
2131
2136
2148
2165
2186
2216
2258
2288
2305
2321
2338
2347
2347
2343
2330
2321
2313
2305
2296
2288
2283
2279
2279
2288
2296
2305
2321
2343
2305
2245
2169
2005
1756
1401
0970
0553
0308
0312
0574
1228
2081
2904
3491
3664
3643
3351
3031
2807
2663
2592
2469
2334
2174
2115
2089
2068
2093
2115
2136
2148
2148
2140
2127
2119
2115
2110
2106
2102
2098
2093
2085
2077
2072
2064
2060
2055
2051
2043
2034
2026
2017
2009
1996
1988
1975
1963
1950
1937
1925
1916
1908
1895
1882
1870
1857
1849
1840
1832
1815
1794
1747
1697
1675
1659
1650
1638
1625
1612
1608
1604
1600
1600
1600
1595
1595
1595
1600
1600
1595
1591
1587
1587
1595
1616
1650
1701
1777
1844
1903
1963
2026
2081
2123
2165
2199
2224
2254
2288
2321
2355
2385
2410
2423
2435
2448
2457
2461
2465
2461
2452
2444
2435
2427
2423
2414
2410
2402
2397
2393
2393
2393
2393
2393
2393
2393
2397
2397
2402
2402
2402
2406
2406
2406
2410
2414
2414
2414
2414
2410
2410
2406
2406
2406
2406
2406
2410
2414
2419
2419
2423
2427
2427
2431
2431
2435
2435
2435
2435
2435
2440
2444
2444
2444
2448
2448
2452
2457
2461
2461
2457
2457
2461
2461
2461
2461
2461
2457
2457
2457
2457
2457
2457
2452
2452
2452
2448
2448
2444
2444
2440
2440
2435
2435
2435
2435
2435
2440
2440
2444
2444
2444
2440
2440
2440
2435
2427
2419
2410
2397
2389
2376
2364
2347
2330
2321
2313
2305
2296
2288
2279
2275
2262
2258
2250
2254
2262
2279
2300
2334
2376
2389
2397
2406
2410
2414
2414
2406
2397
2393
2389
2385
2381
2376
2372
2364
2359
2355
2351
2343
2338
2326
2275
2174
2009
1764
1435
1042
0679
0502
0519
0797
1410
2207
2984
3563
3761
3748
3491
3166
2879
2630
2414
2262
2212
2195
2191
2186
2178
2169
2157
2148
2136
2123
2115
2102
2093
2089
2085
2077
2072
2064
2060
2051
2047
2039
2030
2017
2009
2013
2022
2030
2039
2047
2051
2055
2051
2034
2013
1988
1946
1899
1874
1857
1840
1827
1815
1802
1789
1777
1764
1751
1735
1718
1705
1688
1675
1659
1642
1625
1608
1591
1578
1566
1549
1536
1532
1545
1562
1578
1587
1604
1621
1642
1667
1692
1718
1747
1764
1785
1861
1967
2022
2060
2085
2110
2131
2169
2220
2262
2296
2321
2334
2347
2351
2355
2364
2368
2372
2376
2381
2385
2385
2389
2389
2393
2397
2402
2402
2402
2397
2385
2372
2359
2347
2330
2313
2300
2296
2296
2292
2288
2275
2275
2288
2296
2300
2305
2305
2309
2313
2317
2326
2334
2338
2343
2347
2351
2351
2355
2355
2359
2368
2372
2376
2381
2389
2393
2397
2402
2402
2397
2397
2393
2389
2385
2381
2376
2372
2368
2359
2351
2334
2334
2359
2376
2385
2393
2402
2410
2423
2431
2440
2448
2452
2461
2469
2478
2482
2490
2499
2503
2507
2516
2520
2524
2524
2528
2532
2537
2545
2549
2554
2554
2558
2558
2562
2566
2566
2562
2558
2558
2554
2549
2549
2545
2541
2537
2528
2524
2516
2507
2486
2461
2435
2393
2338
2300
2279
2275
2283
2309
2326
2347
2368
2389
2414
2461
2503
2516
2524
2532
2541
2541
2532
2516
2499
2486
2473
2461
2448
2435
2427
2419
2410
2402
2381
2338
2271
2136
1916
1625
1270
0907
0675
0667
0878
1464
2258
3077
3660
3879
3791
3516
3183
2874
2638
2494
2423
2385
2368
2355
2343
2330
2321
2313
2305
2283
2258
2229
2216
2212
2207
2203
2203
2203
2199
2195
2186
2182
2178
2174
2174
2169
2165
2157
2148
2131
2093
2077
2064
2055
2051
2047
2039
2034
2030
2017
2009
1996
1979
1946
1912
1891
1874
1861
1849
1832
1815
1789
1751
1730
1718
1709
1701
1688
1680
1663
1650
1633
1616
1595
1574
1549
1528
1498
1486
1498
1528
1562
1600
1638
1688
1751
1823
1895
1954
2001
2051
2098
2148
2207
2229
2245
2254
2267
2275
2283
2288
2296
2305
2313
2321
2330
2338
2343
2347
2355
2359
2368
2376
2381
2385
2389
2393
2393
2393
2389
2385
2376
2372
2368
2368
2364
2359
2351
2347
2343
2338
2338
2334
2330
2330
2326
2321
2321
2321
2317
2313
2313
2309
2309
2309
2309
2309
2309
2309
2309
2309
2309
2296
2300
2330
2343
2351
2355
2364
2368
2372
2376
2381
2381
2381
2376
2376
2376
2372
2368
2364
2359
2359
2355
2351
2351
2351
2351
2351
2351
2351
2351
2351
2347
2347
2347
2347
2343
2343
2338
2338
2334
2330
2330
2326
2326
2326
2326
2326
2326
2326
2326
2326
2326
2330
2330
2330
2334
2334
2330
2330
2330
2330
2326
2317
2309
2305
2296
2283
2275
2258
2241
2224
2216
2212
2203
2195
2186
2182
2174
2169
2165
2165
2165
2169
2174
2178
2191
2199
2212
2220
2237
2254
2275
2296
2313
2321
2334
2343
2347
2351
2351
2351
2347
2343
2330
2317
2300
2224
2119
1954
1726
1414
1013
0612
0379
0396
0692
1380
2250
3073
3634
3769
3736
3449
3094
2752
2457
2254
2165
2148
2136
2127
2119
2110
2106
2102
2098
2098
2093
2093
2089
2089
2089
2089
2089
2089
2089
2089
2089
2089
2085
2085
2081
2077
2072
2064
2055
2047
2039
2026
2009
1988
1963
1941
1925
1912
1903
1895
1887
1878
1865
1857
1844
1832
1815
1802
1789
1777
1768
1756
1743
1726
1709
1692
1680
1659
1629
1608
1600
1595
1595
1591
1587
1583
1587
1612
1646
1675
1709
1743
1773
1798
1823
1849
1874
1895
1920
1963
2026
2077
2115
2157
2195
2233
2275
2300
2321
2338
2359
2385
2406
2414
2427
2435
2444
2448
2457
2461
2465
2465
2461
2461
2457
2448
2444
2435
2427
2419
2414
2410
2406
2397
2393
2389
2385
2385
2381
2376
2376
2376
2376
2381
2385
2389
2393
2397
2402
2406
2410
2410
2414
2414
2419
2419
2423
2427
2435
2440
2444
2452
2457
2461
2461
2461
2465
2465
2469
2473
2486
2499
2503
2494
2478
2457
2444
2427
2410
2397
2389
2389
2393
2397
2406
2410
2419
2423
2431
2440
2440
2440
2435
2435
2431
2427
2427
2423
2419
2414
2410
2406
2406
2406
2406
2406
2406
2410
2410
2410
2410
2410
2406
2402
2397
2393
2385
2381
2376
2372
2368
2368
2364
2359
2355
2351
2338
2330
2317
2305
2296
2288
2275
2267
2254
2245
2237
2224
2216
2207
2203
2207
2216
2224
2241
2258
2275
2305
2326
2334
2338
2338
2343
2347
2351
2355
2359
2355
2351
2343
2338
2330
2326
2317
2309
2300
2292
2283
2267
2212
2102
1920
1646
1274
0873
0540
0401
0565
1076
1853
2689
3389
3740
3769
3584
3233
2959
2756
2604
2490
2385
2275
2182
2148
2148
2191
2220
2245
2267
2279
2279
2271
2254
2241
2233
2229
2220
2216
2212
2203
2195
2186
2178
2169
2161
2153
2144
2140
2127
2110
2093
2081
2068
2060
2051
2043
2034
2026
2017
2009
2001
1996
1988
1975
1958
1933
1908
1874
1849
1827
1806
1781
1760
1735
1713
1692
1675
1663
1654
1646
1638
1633
1625
1621
1612
1608
1608
1616
1625
1642
1659
1688
1730
1764
1794
1827
1861
1895
1929
1975
2026
2077
2106
2140
2195
2245
2283
2317
2351
2385
2414
2431
2440
2448
2457
2461
2465
2461
2461
2457
2452
2448
2440
2431
2423
2414
2410
2414
2419
2423
2431
2435
2444
2448
2431
2414
2402
2389
2372
2359
2355
2364
2381
2402
2419
2444
2465
2469
2465
2457
2452
2444
2435
2431
2427
2431
2435
2440
2444
2452
2457
2461
2469
2473
2482
2486
2494
2503
2507
2516
2524
2532
2537
2528
2511
2494
2482
2469
2452
2444
2435
2427
2423
2414
2406
2397
2397
2397
2402
2406
2414
2419
2427
2444
2452
2444
2423
2402
2381
2359
2347
2338
2330
2321
2317
2309
2305
2300
2296
2296
2292
2292
2288
2283
2279
2279
2283
2288
2292
2300
2305
2317
2334
2343
2326
2296
2267
2233
2212
2191
2153
2102
2072
2055
2043
2039
2034
2043
2055
2077
2093
2106
2115
2123
2136
2144
2153
2161
2165
2165
2165
2165
2165
2161
2157
2153
2144
2136
2131
2123
2115
2102
2089
2077
2060
2034
1937
1735
1431
1030
0586
0198
0000
0109
0574
1325
2195
2972
3482
3651
3512
3221
2904
2625
2393
2229
2106
2005
1967
1954
1963
1975
1988
1996
2005
2009
2005
1996
1984
1979
1971
1963
1958
1958
1967
1975
1988
1996
2013
2026
2034
2026
2005
1984
1963
1933
1912
1891
1878
1865
1853
1844
1840
1832
1823
1811
1802
1794
1785
1777
1764
1756
1747
1735
1722
1705
1688
1667
1629
1604
1578
1545
1490
1435
1410
1405
1397
1393
1393
1397
1418
1435
1452
1464
1477
1494
1511
1532
1553
1587
1633
1671
1709
1747
1789
1840
1903
1950
1975
2005
2026
2064
2127
2182
2220
2262
2283
2300
2309
2317
2321
2330
2343
2351
2364
2372
2385
2397
2414
2431
2452
2473
2494
2511
2520
2524
2532
2541
2545
2549
2554
2558
2566
2575
2583
2592
2600
2604
2613
2621
2625
2634
2638
2642
2651
2659
2668
2676
2684
2689
2697
2701
2706
2706
2710
2710
2710
2714
2714
2714
2714
2714
2710
2706
2701
2697
2693
2689
2684
2680
2676
2672
2668
2668
2663
2663
2663
2659
2659
2655
2655
2651
2642
2638
2630
2625
2621
2617
2613
2608
2604
2596
2592
2587
2583
2579
2575
2570
2566
2562
2558
2554
2549
2545
2541
2537
2532
2524
2520
2516
2511
2507
2503
2494
2486
2478
2465
2448
2427
2402
2381
2364
2351
2338
2330
2317
2309
2300
2300
2300
2305
2317
2330
2347
2359
2372
2385
2402
2414
2427
2431
2435
2431
2431
2423
2419
2414
2406
2402
2397
2389
2381
2372
2364
2351
2343
2326
2258
2106
1891
1625
1300
0949
0629
0519
0574
0979
1730
2608
3356
3748
3799
3677
3364
3064
2811
2621
2473
2351
2267
2224
2216
2203
2191
2186
2186
2182
2182
2182
2178
2174
2169
2169
2165
2161
2153
2148
2144
2140
2136
2131
2127
2123
2115
2110
2098
2085
2072
2055
2043
2030
2022
2013
2005
1996
1992
1984
1971
1950
1920
1887
1861
1840
1827
1815
1802
1785
1773
1760
1743
1730
1722
1705
1692
1675
1663
1650
1638
1629
1616
1604
1595
1591
1591
1591
1595
1604
1616
1629
1646
1667
1701
1735
1768
1819
1891
1954
2005
2047
2089
2131
2169
2203
2229
2262
2292
2309
2317
2326
2334
2347
2355
2359
2368
2372
2372
2376
2376
2381
2381
2385
2385
2385
2389
2397
2402
2406
2406
2402
2393
2385
2376
2368
2359
2351
2343
2334
2330
2330
2330
2330
2330
2334
2334
2338
2343
2347
2351
2355
2359
2368
2381
2393
2402
2402
2389
2372
2355
2347
2343
2334
2330
2321
2313
2309
2305
2300
2296
2296
2292
2288
2288
2283
2279
2279
2275
2275
2275
2271
2271
2271
2271
2275
2275
2275
2275
2275
2271
2271
2267
2267
2262
2262
2267
2271
2275
2279
2283
2283
2283
2283
2283
2283
2279
2279
2279
2283
2288
2296
2305
2313
2317
2326
2330
2334
2334
2330
2326
2317
2305
2296
2283
2271
2258
2245
2233
2207
2178
2165
2157
2148
2136
2127
2115
2110
2110
2119
2136
2161
2191
2237
2271
2288
2300
2313
2321
2330
2338
2343
2347
2351
2351
2351
2351
2347
2347
2343
2338
2334
2326
2317
2313
2292
2245
2174
2039
1819
1490
1059
0629
0379
0379
0650
1312
2186
3048
3668
3900
3769
3427
3064
2777
2570
2448
2385
2330
2258
2220
2212
2203
2195
2186
2178
2174
2169
2161
2153
2144
2140
2131
2131
2127
2127
2123
2119
2110
2106
2098
2089
2085
2077
2068
2060
2055
2051
2047
2039
2034
2026
2017
2009
2001
1992
1979
1963
1950
1937
1929
1920
1912
1899
1887
1865
1836
1806
1777
1747
1726
1701
1671
1646
1629
1612
1595
1587
1578
1574
1578
1587
1600
1616
1633
1654
1684
1713
1730
1747
1773
1806
1849
1895
1937
1971
2005
2039
2077
2131
2199
2241
2267
2288
2305
2317
2330
2347
2364
2385
2414
2435
2457
2469
2482
2482
2469
2452
2440
2427
2419
2406
2397
2389
2381
2372
2368
2359
2355
2351
2347
2343
2338
2338
2334
2330
2330
2326
2326
2326
2330
2334
2343
2351
2359
2368
2376
2381
2385
2389
2393
2397
2402
2406
2410
2414
2419
2423
2427
2431
2431
2431
2431
2431
2431
2431
2435
2435
2435
2444
2452
2457
2457
2444
2431
2423
2406
2397
2410
2431
2444
2457
2465
2473
2478
2482
2478
2469
2465
2457
2448
2444
2440
2435
2427
2423
2419
2414
2406
2402
2397
2393
2393
2393
2389
2389
2389
2393
2389
2389
2381
2376
2372
2376
2385
2397
2406
2419
2427
2427
2419
2402
2389
2376
2364
2347
2334
2317
2305
2288
2267
2241
2216
2182
2144
2136
2131
2123
2127
2153
2191
2237
2283
2326
2347
2359
2368
2372
2364
2355
2347
2334
2326
2321
2321
2321
2326
2330
2334
2338
2347
2347
2343
2334
2317
2292
2245
2157
2001
1773
1448
1038
0629
0401
0413
0713
1414
2313
3183
3786
4002
3833
3423
3001
2676
2469
2359
2288
2250
2233
2216
2212
2203
2195
2186
2178
2174
2165
2161
2153
2148
2144
2140
2136
2131
2123
2119
2115
2106
2102
2093
2089
2085
2081
2072
2064
2055
2047
2039
2030
2026
2013
2001
1979
1946
1916
1903
1899
1891
1887
1878
1865
1857
1849
1836
1819
1794
1747
1705
1680
1663
1650
1638
1629
1625
1621
1616
1616
1612
1612
1608
1608
1604
1604
1604
1604
1612
1621
1633
1650
1671
1713
1751
1802
1874
1937
1979
2022
2055
2098
2140
2174
2203
2229
2262
2288
2313
2338
2355
2372
2385
2389
2397
2402
2410
2414
2419
2423
2423
2423
2419
2423
2423
2423
2427
2427
2435
2431
2410
2402
2393
2385
2381
2372
2372
2368
2368
2368
2368
2368
2372
2381
2389
2397
2406
2414
2431
2448
2435
2414
2402
2389
2381
2372
2368
2372
2381
2393
2406
2419
2427
2431
2440
2448
2457
2461
2469
2473
2473
2473
2469
2465
2461
2457
2448
2444
2435
2431
2427
2423
2414
2410
2406
2406
2406
2406
2410
2414
2419
2423
2423
2427
2431
2435
2440
2444
2444
2440
2431
2423
2410
2402
2393
2385
2376
2368
2364
2359
2359
2359
2359
2364
2368
2372
2381
2385
2393
2397
2402
2410
2427
2435
2423
2389
2355
2317
2283
2258
2245
2237
2224
2216
2216
2207
2207
2216
2229
2245
2262
2275
2283
2292
2300
2313
2321
2330
2338
2343
2351
2364
2368
2376
2376
2376
2376
2376
2372
2372
2368
2364
2355
2347
2338
2334
2326
2267
2123
1891
1557
1139
0709
0396
0371
0544
1152
2001
2879
3567
3833
3833
3579
3216
2900
2651
2469
2364
2330
2309
2288
2271
2254
2237
2224
2216
2191
2165
2144
2131
2123
2115
2106
2098
2089
2085
2077
2072
2064
2055
2051
2047
2047
2043
2043
2043
2043
2039
2034
2030
2022
2013
2001
1988
1975
1958
1941
1920
1899
1874
1849
1827
1802
1781
1756
1730
1709
1688
1675
1659
1638
1612
1583
1574
1566
1557
1553
1545
1540
1540
1536
1536
1536
1540
1545
1553
1562
1574
1587
1604
1625
1654
1718
1756
1802
1865
1929
1996
2064
2136
2182
2207
2229
2262
2296
2321
2347
2368
2381
2389
2393
2397
2402
2410
2423
2427
2423
2423
2419
2419
2414
2414
2410
2410
2402
2397
2397
2397
2397
2402
2402
2397
2393
2389
2381
2372
2368
2368
2368
2368
2368
2372
2381
2389
2389
2393
2389
2389
2381
2376
2364
2359
2385
2393
2402
2410
2419
2423
2431
2435
2444
2448
2452
2457
2457
2457
2457
2457
2457
2461
2461
2465
2465
2465
2465
2469
2469
2469
2469
2469
2469
2465
2465
2461
2461
2457
2457
2452
2452
2448
2448
2444
2444
2444
2444
2444
2444
2444
2444
2448
2448
2448
2448
2448
2448
2444
2444
2440
2440
2440
2435
2435
2435
2431
2427
2423
2419
2410
2402
2385
2368
2347
2321
2296
2275
2258
2241
2224
2216
2212
2212
2216
2224
2241
2254
2267
2283
2309
2330
2343
2351
2359
2364
2368
2376
2381
2385
2385
2385
2385
2385
2385
2385
2376
2372
2359
2351
2334
2321
2288
2229
2165
2047
1849
1545
1160
0764
0485
0464
0641
1266
2127
2980
3601
3791
3774
3499
3200
2942
2731
2579
2490
2402
2317
2254
2212
2165
2148
2140
2131
2127
2123
2123
2123
2123
2123
2123
2123
2119
2119
2119
2119
2119
2119
2115
2115
2115
2110
2106
2102
2093
2089
2077
2039
1992
1967
1954
1941
1933
1929
1920
1912
1903
1899
1895
1891
1887
1882
1874
1870
1865
1857
1849
1832
1811
1785
1756
1713
1663
1629
1612
1600
1591
1583
1578
1578
1574
1574
1574
1583
1591
1604
1616
1642
1705
1777
1853
1916
1967
2009
2047
2085
2119
2153
2186
2229
2262
2283
2305
2321
2338
2351
2355
2359
2364
2372
2376
2381
2385
2389
2393
2397
2397
2402
2397
2397
2393
2389
2389
2385
2381
2381
2376
2376
2372
2372
2368
2368
2364
2355
2343
2326
2321
2330
2343
2351
2359
2368
2376
2385
2385
2385
2385
2385
2381
2376
2368
2359
2355
2359
2368
2372
2372
2376
2376
2385
2389
2397
2402
2406
2410
2410
2410
2410
2406
2406
2402
2402
2397
2397
2402
2402
2406
2410
2410
2410
2410
2406
2406
2402
2397
2393
2389
2385
2381
2381
2381
2376
2372
2368
2368
2368
2372
2376
2385
2389
2393
2402
2410
2419
2423
2414
2402
2385
2372
2355
2338
2334
2334
2347
2355
2364
2376
2389
2397
2393
2372
2343
2313
2296
2283
2267
2250
2233
2224
2216
2216
2216
2216
2216
2224
2233
2245
2258
2267
2275
2279
2288
2292
2300
2305
2313
2317
2326
2330
2338
2338
2338
2338
2334
2334
2330
2330
2326
2321
2317
2313
2309
2275
2140
1916
1625
1262
0873
0523
0358
0485
0966
1756
2668
3470
3871
3913
3727
3343
2959
2630
2406
2300
2275
2254
2245
2233
2224
2216
2212
2207
2203
2203
2199
2195
2191
2191
2186
2182
2174
2165
2157
2144
2136
2127
2119
2115
2106
2098
2089
2077
2068
2055
2047
2039
2034
2026
2022
2013
2009
2001
1988
1971
1950
1929
1908
1887
1861
1840
1823
1806
1794
1785
1781
1773
1760
1747
1730
1718
1701
1688
1667
1650
1638
1633
1633
1629
1629
1621
1616
1616
1629
1646
1663
1684
1705
1730
1768
1823
1870
1925
1992
2051
2098
2131
2174
2203
2216
2233
2250
2262
2279
2296
2326
2355
2372
2385
2397
2406
2410
2406
2397
2393
2389
2385
2385
2381
2372
2368
2368
2368
2368
2364
2364
2364
2364
2364
2368
2368
2372
2368
2368
2368
2368
2368
2364
2364
2359
2355
2355
2351
2351
2347
2347
2347
2338
2334
2334
2347
2368
2385
2393
2406
2414
2423
2427
2435
2440
2444
2448
2448
2452
2457
2461
2465
2465
2465
2461
2452
2448
2444
2440
2435
2431
2431
2427
2427
2427
2427
2423
2423
2423
2419
2419
2414
2414
2410
2410
2410
2406
2406
2402
2402
2402
2402
2397
2393
2385
2376
2372
2368
2368
2364
2364
2364
2368
2376
2381
2385
2393
2397
2402
2406
2410
2419
2427
2431
2431
2419
2402
2381
2351
2305
2267
2233
2207
2191
2186
2178
2174
2165
2161
2161
2182
2207
2241
2283
2309
2317
2321
2330
2334
2338
2343
2343
2347
2351
2351
2355
2359
2359
2359
2359
2359
2364
2364
2368
2368
2381
2402
2372
2283
2098
1798
1384
0916
0498
0329
0379
0785
1570
2494
3322
3845
3989
3812
3449
3086
2798
2596
2444
2338
2245
2216
2212
2212
2212
2212
2212
2207
2203
2199
2195
2186
2178
2169
2161
2153
2148
2144
2140
2136
2131
2127
2123
2115
2110
2102
2098
2089
2081
2077
2072
2072
2072
2072
2068
2068
2064
2060
2051
2030
1988
1946
1903
1865
1840
1823
1815
1806
1802
1794
1781
1768
1751
1739
1722
1709
1692
1675
1667
1659
1654
1650
1650
1646
1642
1633
1629
1629
1638
1650
1671
1697
1730
1785
1823
1853
1891
1933
1979
2026
2060
2098
2140
2182
2220
2262
2309
2326
2338
2347
2355
2359
2364
2368
2368
2372
2376
2381
2385
2385
2385
2385
2385
2385
2385
2381
2381
2376
2376
2376
2381
2385
2376
2368
2355
2351
2347
2338
2334
2326
2321
2313
2309
2309
2309
2313
2317
2321
2326
2334
2343
2351
2359
2364
2368
2372
2376
2381
2389
2397
2406
2410
2414
2414
2414
2414
2414
2410
2406
2402
2397
2397
2393
2389
2385
2376
2372
2372
2376
2389
2397
2402
2406
2410
2419
2423
2423
2419
2410
2397
2389
2389
2385
2381
2376
2372
2364
2359
2355
2355
2351
2347
2347
2347
2347
2347
2343
2343
2343
2347
2347
2351
2351
2351
2351
2351
2351
2351
2351
2355
2355
2355
2355
2359
2368
2372
2368
2351
2326
2309
2296
2283
2271
2254
2237
2220
2212
2203
2186
2174
2157
2153
2161
2178
2203
2220
2237
2254
2271
2288
2305
2317
2321
2321
2321
2326
2330
2334
2334
2338
2338
2338
2338
2338
2334
2326
2313
2296
2271
2216
2115
1946
1692
1355
0958
0578
0379
0401
0696
1359
2203
3031
3630
3871
3774
3474
3132
2807
2570
2473
2444
2406
2368
2292
2224
2212
2207
2199
2195
2191
2191
2191
2191
2186
2186
2182
2178
2174
2174
2174
2169
2161
2153
2144
2136
2127
2119
2102
2085
2068
2060
2055
2051
2043
2030
2022
2030
2039
2055
2068
2068
2034
2001
1963
1929
1887
1819
1777
1756
1743
1730
1722
1713
1701
1692
1684
1680
1671
1663
1646
1625
1608
1604
1600
1595
1591
1587
1583
1587
1591
1608
1625
1650
1688
1730
1773
1815
1861
1916
1984
2055
2115
2165
2216
2262
2296
2334
2355
2372
2385
2393
2393
2393
2397
2397
2402
2402
2397
2397
2402
2410
2414
2419
2423
2427
2431
2431
2431
2427
2419
2410
2402
2402
2397
2393
2393
2389
2385
2381
2381
2381
2381
2376
2372
2372
2372
2372
2372
2372
2372
2376
2381
2381
2385
2389
2393
2393
2397
2402
2406
2410
2414
2419
2427
2435
2444
2457
2469
2478
2486
2486
2486
2482
2478
2469
2461
2452
2444
2435
2431
2427
2423
2419
2414
2410
2406
2402
2397
2393
2389
2385
2385
2389
2389
2389
2393
2397
2402
2402
2406
2406
2406
2410
2414
2419
2419
2419
2423
2431
2427
2406
2385
2372
2359
2351
2347
2351
2355
2359
2359
2364
2376
2372
2343
2317
2300
2279
2262
2245
2233
2224
2216
2207
2195
2191
2186
2182
2182
2178
2165
2169
2203
2220
2237
2254
2262
2271
2275
2275
2275
2275
2275
2271
2267
2258
2296
2326
2343
2355
2368
2368
2364
2351
2343
2321
2262
2127
1933
1675
1342
0945
0561
0341
0346
0595
1207
2022
2841
3470
3731
3744
3550
3225
2908
2642
2457
2359
2321
2292
2267
2241
2207
2157
2119
2102
2089
2081
2089
2102
2110
2119
2123
2127
2136
2136
2136
2136
2136
2136
2131
2127
2123
2119
2110
2106
2098
2093
2085
2077
2068
2055
2030
1992
1967
1950
1941
1937
1929
1920
1912
1899
1887
1874
1857
1836
1802
1781
1764
1743
1722
1701
1680
1663
1654
1646
1638
1633
1629
1629
1629
1629
1633
1638
1646
1654
1663
1675
1692
1718
1747
1798
1870
1920
1950
1975
1996
2017
2047
2085
2119
2144
2169
2195
2224
2275
2338
2364
2376
2385
2393
2397
2402
2402
2402
2402
2402
2402
2397
2393
2389
2385
2381
2381
2381
2376
2376
2376
2376
2376
2376
2372
2372
2368
2364
2359
2359
2359
2359
2364
2364
2368
2372
2376
2381
2385
2385
2389
2389
2393
2397
2402
2402
2406
2410
2414
2419
2423
2423
2427
2431
2435
2440
2444
2444
2444
2444
2444
2444
2448
2448
2448
2444
2444
2448
2448
2448
2448
2448
2444
2444
2444
2440
2440
2440
2440
2435
2435
2435
2435
2435
2435
2431
2431
2427
2423
2423
2419
2414
2410
2406
2402
2406
2406
2410
2410
2406
2406
2406
2406
2406
2402
2397
2393
2389
2389
2389
2389
2385
2381
2381
2376
2372
2368
2364
2347
2334
2317
2305
2292
2283
2271
2258
2250
2250
2254
2267
2283
2296
2300
2305
2313
2317
2326
2330
2334
2343
2351
2359
2364
2368
2368
2372
2372
2372
2376
2381
2385
2397
2414
2419
2414
2402
2381
2309
2207
2039
1802
1490
1118
0734
0455
0434
0603
1190
2030
2912
3605
3883
3892
3651
3254
2874
2579
2389
2296
2271
2254
2245
2241
2229
2224
2220
2220
2216
2216
2216
2212
2212
2212
2207
2203
2199
2191
2186
2182
2174
2169
2161
2144
2127
2110
2089
2081
2068
2060
2055
2047
2043
2039
2030
2022
2013
2009
2001
1992
1979
1963
1946
1925
1903
1882
1861
1840
1819
1798
1785
1777
1764
1747
1726
1701
1671
1646
1616
1600
1587
1578
1570
1562
1553
1557
1570
1591
1612
1638
1659
1684
1722
1781
1823
1849
1878
1908
1954
2009
2051
2102
2144
2178
2207
2229
2241
2254
2271
2292
2309
2326
2338
2351
2364
2372
2376
2381
2381
2385
2389
2393
2397
2402
2406
2410
2414
2423
2427
2410
2385
2364
2343
2326
2317
2313
2313
2309
2305
2305
2305
2305
2305
2305
2309
2317
2326
2338
2347
2355
2359
2368
2381
2389
2393
2402
2406
2410
2419
2423
2427
2431
2435
2440
2444
2457
2465
2465
2461
2448
2435
2423
2410
2393
2381
2364
2355
2347
2338
2334
2326
2321
2317
2321
2330
2347
2359
2381
2393
2406
2414
2431
2448
2452
2435
2423
2419
2410
2402
2397
2393
2393
2389
2385
2381
2376
2372
2372
2372
2368
2364
2355
2351
2351
2355
2359
2364
2368
2372
2376
2385
2389
2385
2372
2351
2321
2283
2237
2216
2199
2182
2169
2161
2157
2157
2161
2169
2182
2195
2207
2220
2250
2279
2305
2334
2368
2376
2385
2389
2397
2397
2385
2372
2359
2355
2359
2372
2385
2393
2402
2402
2389
2364
2292
2195
2043
1844
1578
1236
0856
0523
0379
0540
1038
1815
2701
3470
3917
4002
3782
3419
3048
2727
2478
2305
2216
2191
2216
2258
2292
2305
2313
2275
2229
2191
2157
2144
2140
2136
2131
2127
2123
2123
2123
2119
2119
2119
2119
2119
2119
2119
2119
2115
2115
2110
2110
2106
2102
2093
2089
2072
2013
1963
1929
1912
1903
1895
1891
1887
1878
1874
1865
1857
1840
1823
1802
1781
1756
1739
1722
1705
1692
1675
1663
1646
1633
1621
1608
1595
1591
1595
1608
1629
1646
1667
1692
1718
1743
1768
1802
1836
1878
1925
1975
2043
2127
2191
2224
2258
2288
2313
2330
2347
2364
2376
2389
2397
2410
2423
2431
2440
2444
2444
2444
2444
2440
2440
2435
2431
2427
2423
2419
2414
2410
2402
2393
2385
2381
2381
2381
2381
2376
2372
2368
2364
2364
2364
2364
2364
2368
2368
2368
2372
2372
2376
2372
2372
2368
2368
2368
2364
2364
2359
2355
2347
2343
2338
2330
2326
2317
2313
