1510
1426
1341
1264
1226
1204
1187
1177
1170
1170
1173
1177
1182
1189
1199
1206
1216
1221
1226
1230
1235
1242
1247
1252
1257
1259
1262
1264
1264
1264
1264
1262
1262
1262
1264
1264
1269
1274
1283
1291
1298
1303
1303
1303
1305
1307
1310
1312
1320
1327
1332
1339
1339
1334
1324
1310
1295
1276
1254
1230
1206
1185
1165
1153
1139
1127
1115
1112
1120
1136
1158
1180
1192
1202
1214
1223
1235
1245
1254
1264
1271
1281
1288
1295
1303
1312
1324
1346
1365
1385
1401
1409
1416
1421
1428
1433
1438
1440
1445
1447
1447
1445
1442
1438
1433
1430
1426
1421
1416
1413
1409
1406
1404
1397
1389
1389
1404
1435
1524
1657
1842
2078
2343
2613
2861
3066
3201
3244
3208
3100
2876
2608
2329
2054
1809
1604
1447
1360
1310
1281
1262
1245
1230
1218
1206
1199
1189
1182
1175
1173
1175
1180
1192
1204
1216
1228
1242
1259
1276
1295
1317
1336
1356
1375
1392
1406
1421
1433
1442
1454
1471
1486
1505
1522
1541
1565
1594
1630
1662
1690
1722
1751
1782
1813
1837
1859
1878
1898
1917
1934
1943
1951
1955
1963
1970
1977
1984
1989
1992
1992
1992
1989
1987
1982
1975
1965
1955
1943
1934
1924
1910
1888
1866
1849
1833
1816
1799
1784
1782
1792
1806
1816
1821
1828
1833
1840
1849
1859
1869
1876
1883
1888
1890
1893
1895
1900
1905
1910
1915
1917
1919
1924
1929
1934
1941
1946
1951
1958
1963
1972
1980
1992
2004
2025
2047
2064
2071
2073
2078
2081
2083
2086
2088
2088
2086
2083
2081
2081
2078
2081
2081
2081
2081
2083
2086
2090
2093
2098
2100
2102
2107
2110
2114
2119
2126
2134
2143
2153
2163
2172
2189
2208
2218
2223
2225
2228
2230
2235
2240
2245
2249
2254
2261
2269
2278
2285
2293
2300
2307
2317
2326
2331
2326
2317
2305
2293
2283
2273
2264
2254
2242
2235
2228
2225
2225
2228
2230
2237
2247
2257
2271
2285
2317
2391
2543
2724
2926
3133
3343
3555
3750
3861
3899
3851
3709
3487
3244
3008
2782
2562
2358
2179
2088
2064
2045
2035
2028
2025
2025
2028
2035
2042
2052
2064
2076
2083
2090
2098
2102
2110
2117
2124
2134
2141
2146
2151
2155
2160
2165
2170
2177
2187
2194
2204
2216
2228
2240
2249
2254
2259
2259
2257
2252
2247
2240
2230
2218
2204
2182
2136
2100
2078
2066
2054
2047
2037
2028
2016
2006
1996
1987
1975
1963
1943
1924
1905
1888
1869
1828
1763
1693
1630
1575
1515
1454
1387
1334
1300
1267
1233
1214
1204
1197
1192
1187
1180
1173
1165
1161
1156
1151
1146
1141
1134
1127
1112
1074
1038
1009
0987
0968
0939
0910
0881
0852
0823
0802
0780
0737
0672
0607
0549
0498
0443
0390
0327
0255
0178
0108
0060
0038
0021
0007
0000
0014
0043
0091
0156
0202
0231
0262
0293
0332
0378
0414
0448
0481
0527
0575
0621
0657
0679
0691
0698
0708
0715
0727
0739
0751
0768
0790
0823
0879
0910
0949
1004
1059
1120
1156
1173
1187
1199
1214
1226
1240
1254
1269
1283
1305
1329
1358
1401
1459
1503
1536
1565
1594
1628
1652
1671
1686
1698
1703
1707
1712
1717
1719
1724
1731
1736
1719
1690
1674
1657
1642
1633
1628
1630
1638
1654
1683
1772
1895
2061
2281
2562
2878
3182
3427
3545
3586
3528
3353
3047
2671
2288
1951
1712
1585
1522
1469
1399
1346
1317
1298
1291
1298
1312
1329
1348
1368
1387
1411
1433
1450
1464
1476
1488
1495
1503
1512
1519
1529
1539
1548
1558
1568
1580
1594
1609
1623
1635
1650
1666
1688
1717
1753
1799
1840
1883
1915
1934
1955
1977
2004
2033
2059
2081
2102
2129
2153
2172
2187
2201
2216
2228
2242
2252
2266
2281
2305
2338
2360
2375
2384
2391
2399
2404
2404
2396
2377
2355
2324
2278
2240
2206
2179
2151
2119
2102
2090
2081
2073
2069
2064
2061
2059
2059
2059
2061
2066
2069
2071
2076
2081
2083
2086
2086
2088
2088
2093
2098
2098
2093
2078
2066
2059
2054
2049
2042
2037
2035
2033
2030
2028
2028
2028
2033
2047
2054
2059
2064
2066
2069
2073
2078
2081
2083
2083
2083
2083
2083
2083
2081
2078
2071
2061
2049
2037
2025
2013
2006
1999
1994
1992
1992
1999
2006
2018
2030
2042
2057
2086
2119
2158
2184
2206
2223
2235
2237
2232
2225
2213
2199
2179
2155
2129
2088
2052
2028
2011
2001
1992
1987
1982
1977
1977
1982
1987
1992
1996
2001
2006
2016
2025
2040
2054
2066
2073
2076
2076
2073
2071
2066
2054
2040
2021
2001
1982
1963
1946
1931
1919
1912
1905
1898
1895
1893
1898
1902
1910
1912
1915
1917
1924
1936
1963
2016
2095
2216
2389
2620
2905
3223
3540
3825
3998
4056
3991
3789
3403
2938
2476
2078
1796
1681
1638
1635
1650
1664
1676
1669
1628
1601
1580
1563
1568
1592
1621
1635
1647
1657
1669
1681
1690
1695
1693
1683
1674
1666
1669
1674
1681
1693
1703
1710
1710
1710
1710
1715
1724
1736
1748
1758
1763
1768
1775
1787
1804
1821
1849
1881
1907
1936
1965
1989
2013
2035
2049
2052
2049
2049
2049
2049
2054
2054
2052
2047
2040
2033
2021
2004
1984
1963
1939
1917
1902
1890
1881
1869
1857
1842
1823
1806
1789
1777
1768
1756
1743
1731
1722
1724
1734
1748
1768
1782
1796
1809
1816
1821
1828
1837
1845
1847
1847
1842
1835
1830
1823
1816
1813
1809
1804
1801
1801
1801
1804
1809
1811
1813
1813
1816
1821
1828
1833
1813
1816
1816
1818
1818
1818
1818
1818
1821
1821
1823
1823
1823
1823
1823
1825
1825
1823
1821
1818
1816
1816
1818
1818
1818
1816
1816
1816
1818
1818
1818
1816
1816
1813
1811
1809
1806
1801
1796
1794
1794
1794
1792
1794
1794
1799
1804
1809
1813
1816
1818
1821
1823
1823
1825
1825
1828
1830
1833
1840
1845
1852
1859
1869
1876
1886
1890
1895
1900
1902
1907
1912
1919
1927
1934
1943
1955
1968
1977
1982
1980
1970
1955
1941
1927
1917
1905
1890
1876
1864
1852
1842
1835
1825
1818
1809
1792
1768
1753
1743
1736
1727
1722
1731
1760
1833
1934
2073
2254
2471
2726
3013
3316
3608
3846
3938
3916
3726
3367
2917
2449
2049
1772
1640
1599
1577
1565
1556
1546
1539
1532
1527
1522
1517
1515
1512
1510
1510
1505
1503
1503
1500
1493
1488
1491
1512
1539
1556
1570
1585
1594
1604
1611
1616
1621
1625
1628
1633
1635
1640
1642
1647
1652
1659
1666
1678
1690
1710
1739
1768
1801
1830
1864
1890
1917
1943
1970
1987
1996
2004
2008
2013
2018
2023
2023
2021
2013
2001
1987
1975
1960
1943
1924
1900
1876
1852
1833
1813
1796
1782
1775
1770
1768
1765
1763
1760
1758
1756
1751
1748
1746
1743
1739
1729
1727
1729
1734
1736
1741
1741
1741
1739
1731
1727
1719
1715
1703
1695
1698
1710
1719
1729
1741
1765
1789
1806
1816
1830
1842
1852
1854
1852
1842
1830
1821
1813
1806
1796
1787
1777
1770
1763
1760
1760
1760
1763
1765
1772
1777
1784
1789
1792
1794
1796
1801
1806
1813
1816
1823
1830
1835
1837
1840
1837
1837
1835
1833
1830
1825
1821
1816
1816
1813
1813
1813
1806
1799
1792
1792
1801
1816
1830
1842
1852
1864
1876
1886
1893
1900
1907
1912
1919
1927
1934
1941
1946
1951
1955
1960
1965
1970
1975
1980
1984
1987
1984
1977
1965
1953
1941
1934
1924
1915
1905
1895
1888
1883
1878
1876
1876
1876
1878
1883
1888
1898
1907
1919
1965
2071
2223
2425
2681
2970
3249
3487
3656
3719
3711
3603
3345
2958
2509
2093
1806
1715
1690
1674
1664
1652
1642
1633
1623
1616
1609
1601
1594
1587
1582
1577
1570
1568
1565
1568
1570
1575
1582
1589
1599
1609
1621
1645
1662
1674
1681
1683
1683
1686
1688
1690
1695
1700
1703
1705
1707
1712
1717
1724
1734
1756
1799
1818
1833
1849
1866
1886
1917
1960
1982
1996
2006
2011
2013
2008
1999
1987
1977
1970
1960
1953
1946
1939
1934
1927
1922
1915
1907
1900
1893
1883
1869
1852
1840
1828
1818
1811
1801
1794
1789
1787
1784
1784
1784
1782
1780
1777
1775
1772
1770
1768
1760
1760
1770
1775
1777
1777
1780
1780
1780
1780
1780
1782
1784
1784
1787
1787
1789
1792
1794
1796
1801
1801
1804
1806
1811
1821
1830
1835
1830
1818
1809
1801
1796
1789
1784
1780
1775
1775
1777
1782
1787
1792
1799
1811
1816
1816
1809
1801
1794
1796
1809
1813
1816
1818
1821
1821
1823
1823
1825
1825
1825
1825
1825
1823
1823
1823
1823
1821
1818
1816
1816
1816
1816
1813
1813
1818
1823
1825
1830
1833
1840
1847
1857
1866
1878
1888
1898
1902
1907
1912
1917
1922
1929
1934
1939
1943
1951
1965
1994
2008
2018
2023
2028
2025
2023
2013
2001
1958
1898
1864
1845
1833
1821
1813
1804
1792
1777
1777
1794
1809
1816
1821
1830
1837
1845
1857
1902
1975
2093
2269
2514
2813
3138
3466
3760
3976
4063
3986
3738
3348
2878
2411
2028
1765
1650
1606
1587
1568
1534
1500
1481
1503
1539
1568
1585
1597
1582
1568
1558
1551
1546
1551
1558
1568
1577
1587
1594
1594
1592
1585
1577
1570
1597
1621
1635
1645
1652
1654
1657
1659
1662
1664
1669
1671
1678
1688
1703
1731
1772
1809
1840
1859
1869
1878
1895
1912
1929
1941
1953
1963
1970
1977
1989
2004
2006
2008
2011
2011
2013
2006
1994
1980
1963
1941
1917
1895
1871
1852
1837
1828
1818
1813
1801
1789
1777
1768
1763
1758
1756
1753
1751
1751
1748
1748
1746
1743
1741
1741
1741
1743
1746
1748
1751
1751
1756
1756
1756
1753
1748
1743
1736
1731
1741
1756
1763
1768
1770
1775
1780
1784
1792
1796
1801
1806
1809
1813
1816
1818
1823
1828
1835
1840
1845
1847
1845
1840
1835
1830
1825
1821
1816
1813
1809
1804
1799
1799
1796
1799
1799
1801
1806
1809
1813
1816
1818
1823
1828
1835
1842
1849
1859
1869
1878
1881
1878
1871
1862
1847
1828
1816
1806
1796
1792
1804
1823
1833
1840
1845
1849
1854
1859
1866
1871
1876
1881
1883
1888
1893
1895
1900
1902
1910
1919
1929
1936
1943
1951
1955
1963
1970
1980
1984
1989
1994
2001
2011
2023
2023
1999
1963
1919
1898
1888
1881
1874
1866
1859
1852
1842
1828
1813
1799
1787
1777
1768
1760
1765
1777
1813
1862
1927
2008
2126
2295
2529
2815
3138
3461
3750
3957
4044
3981
3750
3369
2907
2447
2064
1806
1666
1609
1570
1529
1491
1466
1452
1452
1471
1500
1532
1548
1558
1565
1570
1572
1575
1577
1582
1585
1585
1585
1585
1582
1580
1577
1575
1572
1570
1568
1565
1570
1577
1587
1601
1623
1650
1686
1719
1734
1743
1748
1758
1768
1777
1789
1801
1816
1823
1835
1878
1936
1968
1987
1999
2011
2018
2025
2035
2047
2045
2025
2013
2006
1996
1987
1977
1968
1953
1927
1886
1854
1833
1811
1789
1768
1751
1746
1741
1739
1736
1736
1734
1734
1734
1734
1734
1731
1731
1731
1731
1734
1734
1731
1729
1727
1727
1727
1727
1724
1722
1717
1715
1710
1707
1703
1695
1690
1683
1681
1683
1690
1698
1705
1712
1719
1729
1741
1753
1768
1780
1789
1796
1801
1809
1816
1816
1818
1816
1816
1813
1809
1804
1796
1792
1787
1784
1780
1777
1775
1772
1772
1772
1775
1777
1780
1782
1787
1789
1794
1796
1801
1804
1809
1816
1821
1828
1833
1833
1833
1830
1830
1828
1825
1825
1821
1818
1816
1813
1813
1813
1816
1816
1816
1816
1818
1823
1828
1835
1840
1859
1888
1905
1919
1919
1907
1898
1890
1886
1888
1898
1912
1927
1951
1980
2018
2061
2083
2098
2107
2107
2095
2076
2045
2004
1975
1958
1941
1922
1890
1859
1849
1842
1837
1835
1835
1840
1852
1864
1881
1907
1929
1951
1972
2001
2071
2196
2384
2632
2929
3251
3560
3805
3921
3921
3803
3538
3182
2765
2336
1965
1717
1633
1635
1686
1715
1693
1633
1541
1486
1469
1491
1524
1570
1609
1628
1642
1654
1664
1669
1671
1674
1676
1678
1681
1681
1683
1683
1683
1683
1686
1688
1690
1690
1690
1693
1693
1695
1695
1700
1703
1707
1717
1741
1765
1789
1813
1828
1842
1854
1871
1895
1910
1919
1929
1939
1948
1958
1965
1975
1982
1992
2001
2008
2011
2008
2006
1999
1992
1965
1900
1837
1818
1806
1789
1777
1758
1734
1712
1700
1693
1688
1683
1681
1676
1671
1664
1657
1652
1645
1635
1623
1601
1565
1546
1536
1529
1522
1515
1512
1512
1519
1527
1539
1551
1570
1572
1560
1553
1548
1544
1539
1536
1536
1536
1536
1536
1536
1539
1544
1551
1517
1459
1394
1363
1346
1334
1327
1320
1312
1305
1295
1291
1283
1276
1269
1259
1250
1240
1233
1226
1218
1209
1194
1177
1158
1139
1120
1103
1086
1071
1059
1050
1043
1035
1030
1026
1026
1026
1033
1043
1052
1064
1079
1098
1120
1136
1153
1187
1242
1293
1329
1363
1406
1459
1510
1563
1616
1664
1698
1722
1763
1818
1862
1878
1890
1888
1864
1847
1833
1821
1816
1821
1835
1859
1934
2025
2117
2158
2182
2199
2196
2165
2122
2064
2033
2018
2006
1994
1984
1972
1953
1883
1799
1741
1674
1628
1599
1601
1664
1796
1972
2175
2375
2553
2712
2854
2933
2931
2832
2608
2314
1996
1705
1457
1254
1093
0985
0937
0915
0903
0896
0886
0874
0859
0845
0821
0790
0787
0816
0843
0869
0893
0915
0927
0934
0939
0946
0956
0965
0973
0982
0997
1023
1079
1117
1139
1161
1182
1247
1329
1416
1474
1536
1604
1722
1869
2018
2139
2230
2317
2370
2459
2541
2591
2644
2695
2770
2866
2974
3068
3155
3215
3276
3312
3316
3321
3324
3326
3314
3292
3266
3235
3203
3179
3162
3145
3124
3102
3088
3076
3066
3059
3049
3039
3030
3018
3008
2994
2979
2965
2945
2931
2917
2902
2885
2861
2823
2787
2753
2717
2678
2637
2599
2584
2577
2572
2570
2565
2560
2550
2541
2529
2514
2490
2447
2406
2365
2324
2285
2261
2245
2228
2211
2192
2172
2155
2134
2112
2088
2066
2049
2030
2013
1992
1968
1934
1900
1876
1857
1837
1823
1816
1809
1804
1799
1796
1792
1787
1782
1777
1772
1770
1765
1760
1756
1751
1743
1739
1734
1729
1724
1722
1717
1717
1715
1710
1707
1705
1703
1700
1698
1693
1688
1683
1681
1678
1676
1674
1669
1664
1662
1657
1652
1645
1635
1623
1616
1613
1618
1625
1635
1647
1657
1669
1678
1693
1705
1719
1734
1751
1768
1787
1813
1833
1833
1818
1799
1770
1731
1703
1662
1611
1585
1572
1558
1551
1544
1539
1536
1536
1536
1539
1544
1551
1560
1577
1597
1669
1799
1965
2163
2387
2637
2900
3153
3357
3451
3485
3432
3271
2974
2587
2170
1787
1498
1322
1259
1238
1216
1218
1252
1310
1373
1399
1411
1421
1428
1433
1440
1447
1452
1457
1462
1466
1469
1471
1469
1469
1469
1469
1474
1479
1483
1488
1493
1495
1500
1505
1510
1517
1524
1532
1539
1548
1558
1572
1587
1604
1618
1630
1640
1652
1669
1703
1770
1816
1837
1859
1883
1907
1931
1946
1963
1977
1992
2001
2004
2001
1992
1977
1963
1948
1934
1917
1895
1878
1864
1849
1840
1828
1818
1811
1801
1792
1782
1775
1768
1763
1753
1741
1727
1715
1710
1710
1715
1722
1731
1741
1758
1772
1777
1772
1763
1760
1756
1753
1751
1746
1743
1736
1734
1731
1734
1736
1741
1746
1751
1753
1756
1758
1758
1758
1756
1753
1753
1751
1751
1753
1756
1758
1763
1765
1768
1765
1763
1758
1753
1746
1743
1743
1746
1746
1746
1748
1751
1756
1760
1763
1765
1765
1765
1763
1763
1763
1763
1763
1765
1770
1772
1777
1780
1780
1780
1777
1775
1772
1768
1763
1756
1748
1743
1739
1736
1731
1727
1722
1717
1712
1710
1707
1703
1698
1693
1688
1686
1683
1686
1688
1690
1693
1698
1703
1712
1722
1731
1743
1751
1760
1775
1789
1804
1816
1828
1837
1845
1852
1862
1869
1874
1871
1859
1840
1818
1801
1787
1772
1756
1741
1727
1715
1707
1700
1698
1695
1698
1700
1707
1717
1731
1748
1770
1845
1982
2179
2435
2736
3073
3413
3716
3916
3986
3936
3777
3420
2965
2478
2040
1722
1621
1597
1580
1565
1553
1546
1544
1541
1541
1544
1551
1556
1568
1582
1594
1601
1606
1611
1616
1621
1625
1630
1633
1633
1635
1638
1642
1647
1652
1654
1657
1659
1662
1666
1671
1676
1681
1686
1693
1707
1724
1743
1760
1780
1799
1816
1835
1854
1874
1898
1919
1939
1951
1963
1975
1984
1994
2001
2006
2013
2018
2023
2025
2023
2018
2008
1999
1989
1977
1965
1951
1934
1915
1898
1871
1842
1818
1806
1792
1782
1777
1772
1770
1765
1763
1758
1756
1753
1751
1751
1748
1746
1743
1743
1743
1743
1746
1748
1751
1751
1753
1753
1756
1756
1758
1758
1760
1760
1763
1765
1765
1765
1768
1768
1768
1768
1768
1770
1772
1772
1775
1777
1780
1784
1789
1794
1799
1801
1806
1809
1813
1821
1828
1837
1845
1849
1854
1857
1857
1857
1854
1847
1837
1825
1816
1811
1804
1794
1782
1770
1760
1758
1758
1763
1768
1775
1780
1782
1789
1794
1801
1804
1809
1811
1811
1811
1809
1806
1799
1794
1789
1784
1775
1768
1765
1770
1784
1804
1835
1890
1910
1919
1929
1936
1943
1948
1953
1958
1963
1965
1968
1970
1970
1970
1972
1972
1977
1984
1989
1992
1984
1965
1946
1931
1919
1905
1893
1881
1871
1864
1854
1847
1840
1830
1816
1806
1806
1818
1840
1876
1927
1999
2088
2211
2377
2591
2847
3133
3420
3680
3866
3890
3827
3553
3150
2690
2257
1915
1695
1650
1635
1628
1623
1616
1611
1609
1606
1604
1601
1597
1589
1582
1572
1570
1577
1594
1609
1616
1623
1628
1633
1638
1645
1650
1654
1659
1664
1669
1671
1676
1678
1683
1688
1693
1700
1707
1715
1722
1731
1743
1758
1768
1777
1782
1789
1799
1813
1837
1886
1922
1946
1965
1975
1982
1987
1992
1996
2001
2006
2008
2011
2008
2001
1992
1977
1963
1941
1902
1857
1823
1799
1780
1770
1763
1758
1753
1748
1743
1739
1736
1729
1724
1715
1705
1695
1688
1683
1678
1676
1671
1666
1662
1657
1652
1650
1645
1642
1642
1642
1642
1645
1647
1650
1654
1657
1662
1664
1669
1674
1678
1681
1683
1686
1686
1688
1693
1695
1698
1700
1700
1703
1707
1710
1712
1712
1712
1712
1710
1710
1710
1710
1707
1707
1707
1707
1712
1715
1717
1722
1724
1727
1729
1734
1736
1741
1743
1746
1751
1756
1763
1770
1777
1782
1784
1789
1792
1794
1799
1801
1804
1806
1816
1823
1823
1821
1816
1813
1806
1801
1801
1806
1813
1816
1818
1823
1825
1833
1837
1845
1852
1859
1869
1878
1886
1893
1898
1905
1912
1919
1927
1931
1936
1936
1936
1934
1931
1924
1915
1905
1895
1878
1847
1830
1818
1809
1801
1796
1796
1799
1806
1813
1818
1825
1833
1842
1849
1854
1866
1907
1996
2136
2334
2579
2861
3148
3418
3646
3808
3849
3820
3632
3300
2888
2457
2090
1845
1734
1688
1664
1640
1616
1599
1589
1585
1582
1580
1577
1580
1580
1582
1589
1597
1606
1618
1628
1638
1645
1650
1654
1659
1669
1676
1686
1690
1695
1700
1703
1707
1712
1719
1734
1760
1770
1775
1780
1782
1784
1794
1804
1818
1835
1859
1878
1898
1919
1946
1982
2008
2030
2049
2064
2076
2098
2122
2131
2136
2143
2146
2146
2129
2105
2088
2073
2061
2047
2037
2028
2013
1984
1934
1895
1876
1859
1849
1840
1821
1787
1760
1743
1734
1727
1722
1715
1707
1695
1690
1698
1712
1736
1768
1780
1789
1794
1796
1799
1799
1799
1799
1799
1799
1799
1799
1799
1794
1784
1775
1756
1722
1700
1683
1676
1683
1698
1712
1729
1743
1758
1775
1794
1806
1813
1816
1818
1821
1821
1821
1818
1816
1813
1809
1806
1806
1804
1801
1799
1796
1794
1792
1789
1787
1787
1787
1787
1789
1792
1794
1796
1799
1799
1801
1801
1801
1801
1801
1804
1806
1811
1813
1809
1796
1789
1782
1775
1768
1768
1768
1772
1777
1780
1782
1787
1789
1796
1801
1809
1813
1818
1825
1840
1866
1883
1893
1898
1900
1905
1910
1915
1922
1927
1931
1936
1946
1968
1996
2006
2011
2016
2018
2016
2011
1999
1984
1948
1919
1902
1890
1878
1866
1857
1849
1845
1837
1830
1823
1816
1806
1794
1784
1782
1787
1796
1821
1888
1994
2146
2348
2599
2880
3177
3456
3687
3846
3904
3832
3620
3276
2844
2391
2004
1746
1676
1654
1642
1630
1618
1606
1592
1580
1568
1551
1532
1519
1515
1539
1560
1575
1589
1601
1611
1618
1625
1635
1645
1657
1666
1674
1676
1678
1683
1686
1690
1693
1695
1700
1703
1707
1710
1712
1717
1719
1727
1743
1763
1782
1813
1854
1905
1951
1982
1999
2013
2023
2030
2047
2073
2090
2100
2107
2110
2112
2110
2102
2093
2083
2069
2049
2035
2023
2013
2004
1996
1989
1982
1972
1953
1915
1883
1866
1849
1837
1825
1813
1794
1768
1758
1751
1743
1739
1734
1731
1731
1729
1729
1727
1729
1729
1731
1734
1736
1739
1741
1743
1746
1748
1751
1753
1758
1758
1758
1751
1739
1729
1722
1715
1707
1700
1695
1695
1700
1710
1722
1731
1736
1743
1751
1760
1768
1777
1782
1787
1789
1789
1789
1789
1789
1784
1780
1775
1772
1770
1768
1765
1763
1758
1753
1751
1746
1743
1741
1739
1739
1739
1741
1746
1751
1758
1763
1770
1775
1780
1784
1792
1799
1804
1809
1811
1811
1811
1809
1804
1799
1792
1784
1780
1775
1770
1765
1758
1753
1751
1748
1748
1753
1758
1765
1772
1777
1784
1792
1801
1811
1818
1823
1830
1835
1842
1852
1864
1876
1886
1893
1902
1917
1917
1898
1878
1859
1840
1825
1804
1763
1731
1710
1695
1690
1688
1686
1683
1681
1681
1678
1678
1678
1681
1683
1688
1698
1710
1756
1842
1982
2184
2437
2729
3042
3353
3630
3832
3909
3832
3591
3196
2705
2223
1849
1674
1609
1587
1560
1510
1452
1416
1416
1445
1469
1488
1503
1503
1503
1500
1498
1498
1498
1498
1498
1500
1505
1510
1517
1522
1527
1532
1536
1544
1548
1551
1556
1560
1565
1572
1582
1594
1606
1633
1683
1719
1746
1768
1792
1821
1837
1847
1854
1862
1871
1878
1886
1895
1905
1917
1931
1946
1960
1992
2025
2040
2052
2059
2064
2066
2064
2057
2047
2035
2016
1987
1963
1939
1912
1890
1869
1854
1835
1818
1789
1758
1746
1736
1731
1727
1724
1724
1729
1734
1736
1739
1741
1746
1751
1753
1756
1758
1758
1756
1756
1756
1756
1753
1751
1748
1746
1746
1746
1746
1746
1746
1746
1746
1748
1753
1760
1768
1780
1804
1823
1840
1852
1859
1859
1845
1828
1816
1804
1792
1782
1784
1796
1813
1825
1833
1840
1847
1854
1862
1866
1871
1876
1878
1883
1888
1890
1893
1893
1890
1890
1888
1888
1890
1890
1890
1890
1888
1888
1888
1886
1886
1883
1883
1883
1886
1886
1886
1888
1890
1893
1895
1900
1905
1910
1915
1919
1927
1934
1946
1955
1968
1977
1987
1994
2004
2011
2018
2023
2033
2042
2049
2052
2052
2045
2035
2023
2008
1992
1963
1936
1917
1902
1893
1883
1874
1864
1854
1847
1840
1835
1825
1816
1809
1801
1801
1804
1811
1821
1859
1941
2064
2232
2447
2700
2970
3220
3439
3618
3697
3683
3524
3186
2746
2295
1924
1695
1645
1638
1630
1623
1618
1613
1609
1604
1601
1601
1599
1599
1604
1606
1611
1616
1621
1628
1633
1638
1642
1647
1652
1657
1664
1669
1676
1683
1693
1700
1710
1719
1727
1736
1751
1765
1780
1794
1806
1816
1823
1830
1837
1847
1854
1862
1866
1876
1886
1900
1922
1941
1960
1977
1992
2006
2021
2037
2049
2061
2071
2081
2083
2081
2071
2059
2045
2023
1989
1965
1946
1922
1893
1862
1830
1804
1780
1760
1743
1731
1719
1715
1710
1705
1703
1698
1695
1693
1690
1690
1688
1688
1690
1690
1693
1693
1695
1695
1695
1698
1698
1698
1698
1700
1703
1705
1707
1710
1712
1712
1715
1717
1717
1719
1722
1722
1724
1729
1731
1736
1739
1743
1748
1753
1758
1768
1777
1787
1796
1801
1801
1796
1789
1780
1770
1760
1753
1743
1734
1722
1715
1710
1712
1719
1727
1736
1741
1748
1758
1770
1780
1787
1787
1784
1780
1775
1770
1763
1746
1748
1770
1780
1787
1792
1796
1799
1801
1806
1813
1818
1825
1833
1842
1849
1859
1869
1888
1905
1917
1922
1927
1929
1931
1936
1941
1943
1936
1917
1893
1871
1847
1825
1816
1816
1811
1809
1806
1804
1801
1799
1799
1799
1801
1806
1813
1823
1837
1866
1924
2023
2160
2326
2531
2767
3023
3276
3487
3593
3593
3490
3244
2914
2541
2179
1890
1703
1650
1638
1630
1621
1606
1592
1575
1560
1539
1522
1512
1519
1534
1548
1556
1563
1568
1572
1580
1587
1594
1604
1613
1623
1633
1642
1650
1657
1664
1671
1681
1688
1698
1707
1715
1719
1724
1731
1739
1748
1770
1816
1854
1876
1900
1922
1934
1943
1951
1958
1968
1975
1982
1992
1999
2006
2013
2021
2028
2035
2042
2047
2049
2052
2049
2047
2040
2030
2021
2006
1984
1943
1907
1881
1862
1845
1833
1823
1816
1809
1804
1799
1796
1794
1792
1792
1792
1792
1796
1801
1806
1811
1813
1816
1818
1825
1830
1833
1835
1833
1830
1825
1821
1816
1811
1804
1794
1787
1777
1770
1763
1758
1748
1743
1739
1741
1748
1760
1777
1796
1825
1847
1857
1864
1869
1874
1878
1881
1883
1886
1886
1888
1890
1893
1893
1893
1890
1890
1888
1890
1890
1893
1893
1893
1895
1898
1900
1902
1900
1893
1883
1874
1869
1862
1857
1849
1842
1837
1833
1830
1830
1830
1830
1828
1828
1830
1830
1833
1833
1830
1828
1828
1835
1847
1869
1905
1929
1941
1951
1960
1970
1980
1987
1999
1996
1970
1953
1941
1929
1917
1900
1886
1871
1854
1835
1816
1806
1796
1789
1780
1768
1760
1765
1780
1789
1799
1809
1816
1823
1830
1842
1869
1912
1980
2081
2232
2435
2676
2938
3201
3437
3620
3678
3654
3483
3182
2811
2440
2119
1886
1748
1669
1628
1599
1575
1548
1517
1493
1488
1483
1479
1481
1500
1517
1532
1546
1560
1572
1585
1594
1606
1616
1623
1630
1635
1640
1645
1650
1654
1659
1659
1657
1654
1650
1647
1640
1630
1659
1688
1712
1729
1741
1760
1794
1821
1835
1847
1859
1871
1883
1907
1946
1963
1972
1980
1984
1987
1987
1987
1987
1987
1987
1987
1984
1982
1980
1975
1972
1968
1965
1960
1955
1948
1943
1936
1927
1917
1902
1874
1823
1777
1729
1710
1698
1690
1683
1678
1674
1674
1674
1676
1678
1686
1690
1698
1707
1719
1739
1751
1756
1756
1758
1763
1760
1741
1715
1681
1659
1645
1628
1613
1599
1585
1577
1585
1597
1609
1618
1633
1650
1669
1686
1703
1715
1727
1734
1741
1753
1772
1784
1794
1796
1789
1782
1777
1768
1756
1743
1736
1729
1722
1717
1715
1712
1717
1724
1734
1741
1748
1753
1763
1772
1780
1787
1792
1792
1794
1796
1799
1804
1804
1804
1804
1804
1804
1804
1804
1804
1801
1804
1804
1806
1809
1809
1809
1811
1816
1818
1823
1830
1837
1857
1898
1922
1939
1948
1951
1946
1936
1924
1902
1866
1840
1818
1801
1780
1758
1751
1746
1741
1739
1736
1736
1741
1746
1753
1760
1770
1787
1801
1816
1857
1936
2061
2237
2466
2743
3049
3350
3603
3750
3762
3675
3410
3025
2572
2129
1770
1536
1488
1495
1585
1630
1625
1572
1491
1469
1466
1466
1464
1464
1466
1466
1466
1466
1469
1474
1479
1488
1505
1522
1532
1536
1541
1546
1556
1568
1580
1589
1597
1604
1611
1618
1623
1628
1630
1635
1645
1654
1676
1698
1729
1765
1787
1799
1811
1818
1828
1840
1857
1881
1917
1965
2001
2023
2035
2035
2037
2037
2040
2040
2030
2016
2004
1994
1982
1972
1963
1951
1931
1907
1888
1874
1862
1852
1840
1828
1809
1770
1748
1739
1729
1724
1722
1719
1724
1729
1734
1739
1741
1741
1743
1748
1751
1756
1758
1760
1760
1763
1763
1763
1758
1756
1751
1746
1743
1743
1741
1739
1736
1729
1727
1724
1734
1748
1763
1772
1782
1792
1801
1809
1809
1806
1804
1801
1796
1794
1784
1787
1811
1823
1835
1845
1852
1857
1859
1862
1862
1864
1866
1866
1869
1869
1866
1859
1854
1847
1840
1833
1825
1816
1811
1804
1801
1801
1806
1811
1816
1821
1825
1830
1837
1842
1847
1849
1852
1854
1857
1859
1859
1862
1864
1866
1869
1874
1881
1890
1902
1919
1953
2011
2047
2071
2081
2073
2054
2030
2001
1975
1939
1893
1859
1840
1823
1811
1792
1772
1758
1748
1739
1734
1734
1743
1758
1772
1796
1816
1837
1869
1910
1977
2095
2276
2526
2835
3177
3509
3786
3940
3952
3849
3565
3184
2748
2314
1941
1683
1582
1548
1568
1589
1606
1606
1589
1582
1575
1570
1565
1563
1563
1565
1570
1575
1585
1592
1601
1613
1623
1633
1640
1647
1654
1657
1662
1666
1671
1674
1678
1681
1686
1688
1695
1700
1707
1712
1717
1724
1734
1758
1811
1852
1883
1893
1900
1905
1912
1922
1939
1955
1980
2008
2033
2047
2059
2066
2071
2071
2069
2064
2059
2054
2052
2045
2037
2028
2016
1996
1972
1934
1905
1878
1857
1845
1837
1830
1825
1821
1816
1806
1792
1780
1768
1756
1743
1736
1734
1739
1746
1753
1758
1760
1763
1765
1765
1768
1770
1772
1775
1775
1775
1772
1772
1770
1768
1765
1763
1760
1760
1760
1765
1770
1775
1780
1782
1784
1789
1794
1799
1804
1809
1816
1828
1840
1852
1859
1862
1862
1864
1864
1866
1866
1864
1862
1859
1857
1854
1854
1852
1849
1847
1849
1849
1854
1857
1857
1859
1859
1862
1862
1864
1866
1866
1869
1874
1878
1883
1886
1890
1898
1905
1917
1931
1951
1980
1984
1987
1992
1994
1996
1989
1972
1953
1943
1936
1929
1922
1912
1905
1900
1893
1888
1883
1876
1871
1864
1859
1852
1837
1825
1813
1804
1794
1784
1772
1763
1765
1782
1816
1905
2037
2218
2437
2693
2967
3244
3495
3651
3707
3644
3454
3080
2623
2170
1811
1616
1548
1560
1570
1572
1572
1575
1577
1580
1585
1592
1597
1606
1616
1625
1630
1635
1640
1645
1650
1654
1657
1659
1662
1664
1664
1664
1662
1662
1659
1657
1654
1652
1647
1650
1662
1678
1690
1698
1707
1717
1729
1739
1751
1768
1787
1818
1849
1878
1900
1929
1963
1987
2006
2021
2033
2040
2045
2049
2054
2059
2066
2071
2071
2057
2040
2023
2008
1994
1977
1963
1951
1936
1922
1907
1890
1876
1857
1818
1768
1748
1743
1736
1731
1729
1727
1724
1722
1719
1719
1717
1717
1717
1717
1717
1717
1717
1719
1719
1717
1717
1717
1717
1717
1715
1715
1715
1715
1715
1712
1710
1705
1700
1700
1710
1724
1734
1746
1756
1768
1782
1801
1823
1837
1845
1847
1852
1854
1854
1852
1845
1835
1825
1818
1813
1806
1799
1794
1789
1787
1789
1792
1796
1801
1806
1811
1816
1823
1830
1835
1840
1842
1847
1849
1854
1857
1859
1862
1862
1864
1869
1874
1878
1886
1890
1895
1902
1907
1915
1919
1924
1934
1946
1953
1951
1946
1934
1922
1905
1878
1859
1837
1816
1794
1784
1777
1770
1765
1760
1760
1758
1760
1760
1763
1768
1775
1787
1823
1888
1992
2141
2338
2582
2859
3148
3420
3639
3755
3760
3659
3401
3039
2628
2225
1898
1695
1630
1616
1604
1594
1587
1582
1580
1580
1577
1577
1577
1575
1575
1572
1568
1560
1558
1563
1570
1575
1582
1585
1587
1589
1592
1594
1597
1599
1599
1601
1601
1601
1604
1606
1613
1621
1630
1642
1662
1678
1693
1717
1763
1796
1816
1825
1837
1847
1854
1864
1878
1898
1917
1931
1943
1960
1980
2013
2045
2052
2059
2064
2066
2064
2057
2047
2033
2013
1982
1955
1931
1912
1893
1876
1862
1847
1837
1830
1828
1823
1818
1813
1821
1835
1845
1849
1845
1833
1828
1823
1823
1821
1821
1816
1816
1811
1806
1806
1804
1801
1796
1792
1784
1763
1743
1741
1736
1748
1756
1760
1765
1770
1777
1784
1792
1801
1809
1816
1823
1825
1828
1828
1830
1833
1835
1837
1840
1840
1840
1837
1837
1835
1833
1833
1830
1825
1823
1821
1821
1823
1825
1830
1833
1833
1835
1835
1840
1842
1845
1847
1847
1845
1845
1847
1847
1849
1849
1849
1849
1852
1852
1857
1859
1864
1866
1871
1874
1878
1883
1888
1893
1898
1902
1910
1917
1922
1931
1939
1948
1960
1975
1996
2008
2004
1992
1982
1970
1955
1941
1917
1878
1842
1816
1801
1787
1777
1768
1758
1746
1734
1736
1753
1770
1787
1799
1811
1840
1893
1984
2119
2302
2538
2823
3136
3434
3671
3772
3769
3649
3406
3092
2753
2413
2105
1859
1693
1592
1551
1539
1532
1527
1524
1517
1512
1507
1500
1495
1486
1474
1464
1464
1474
1486
1498
1510
1522
1532
1541
1556
1572
1587
1597
1604
1611
1621
1630
1645
1662
1659
1640
1625
1613
1604
1601
1604
1613
1623
1642
1676
1705
1727
1748
1772
1809
1830
1842
1852
1864
1874
1888
1915
1953
1975
1989
1996
2006
2011
2018
2025
2035
2040
2030
2011
1958
1905
1866
1833
1809
1784
1751
1717
1703
1698
1693
1688
1686
1686
1683
1683
1683
1683
1686
1688
1690
1693
1695
1693
1686
1676
1671
1666
1659
1654
1650
1647
1647
1650
1654
1657
1662
1664
1669
1674
1681
1683
1688
1693
1695
1700
1705
1712
1724
1739
1753
1765
1780
1794
1806
1813
1813
1809
1801
1794
1787
1780
1768
1756
1753
1760
1772
1784
1794
1806
1816
1830
1842
1859
1874
1888
1902
1915
1929
1936
1929
1915
1902
1893
1878
1864
1852
1840
1830
1821
1816
1811
1813
1818
1830
1845
1859
1881
1900
1915
1927
1939
1951
1960
1972
1984
1994
2004
2013
2023
2030
2035
2040
2045
2049
2054
2057
2059
2059
2052
2042
2028
2013
1980
1931
1907
1893
1881
1876
1871
1869
1864
1859
1854
1854
1854
1857
1864
1874
1890
1948
2047
2194
2394
2642
2929
3232
3531
3803
4008
4095
4020
3760
3348
2852
2365
1972
1722
1642
1623
1609
1597
1587
1580
1575
1572
1575
1575
1580
1582
1587
1594
1601
1606
1613
1618
1623
1630
1640
1650
1657
1659
1657
1654
1652
1650
1645
1638
1630
1630
1640
1654
1669
1683
1698
1707
1715
1734
1768
1804
1837
1862
1871
1878
1888
1900
1915
1943
1989
2016
2028
2037
2045
2049
2054
2054
2059
2061
2066
2071
2076
2083
2093
2105
2122
2124
2100
2066
2023
1989
1965
1946
1929
1915
1893
1866
1847
1833
1823
1816
1813
1806
1801
1799
1796
1794
1789
1782
1775
1770
1770
1775
1780
1782
1787
1794
1806
1806
1792
1780
1770
1760
1751
1746
1748
1756
1760
1765
1768
1772
1777
1782
1789
1794
1796
1799
1804
1806
1811
1816
1816
1818
1818
1821
1823
1825
1830
1833
1833
1835
1837
1840
1842
1845
1845
1845
1845
1845
1845
1842
1840
1835
1833
1830
1830
1830
1828
1825
1823
1823
1821
1821
1818
1816
1813
1809
1806
1806
1804
1801
1799
1796
1796
1799
1801
1801
1804
1806
1809
1813
1818
1825
1830
1837
1845
1857
1881
1902
1919
1931
1939
1946
1953
1960
1965
1970
1968
1963
1951
1936
1922
1905
1876
1852
1830
1816
1806
1796
1787
1777
1770
1760
1751
1734
1707
1693
1683
1674
1669
1669
1678
1703
1760
1857
2013
2220
2471
2755
3059
3360
3622
3774
3784
3671
3367
2948
2483
2066
1763
1589
1529
1517
1510
1505
1500
1495
1493
1488
1486
1483
1481
1479
1479
1481
1481
1481
1483
1486
1491
1495
1498
1503
1507
1515
1522
1544
1589
1604
1611
1616
1618
1623
1628
1633
1638
1645
1650
1654
1662
1669
1676
1686
1703
1734
1760
1784
1811
1842
1878
1893
1902
1912
1922
1929
1934
1939
1943
1948
1951
1951
1951
1951
1951
1948
1946
1946
1943
1941
1939
1934
1931
1924
1917
1900
1881
1857
1828
1796
1768
1729
1688
1664
1652
1642
1642
1654
1671
1683
1700
1712
1719
1715
1705
1693
1666
1645
1640
1635
1640
1666
1678
1683
1688
1688
1690
1690
1693
1693
1698
1700
1705
1710
1715
1719
1724
1729
1734
1739
1743
1751
1758
1765
1782
1801
1813
1816
1818
1821
1825
1828
1830
1835
1837
1840
1840
1842
1842
1842
1842
1845
1845
1845
1845
1847
1852
1857
1862
1862
1854
1847
1840
1835
1830
1825
1823
1818
1816
1816
1816
1821
1828
1835
1845
1852
1857
1864
1869
1874
1881
1888
1895
1900
1905
1912
1922
1934
1960
2001
2021
2035
2033
2011
1992
1977
1960
1943
1924
1888
1840
1813
1796
1782
1772
1765
1758
1751
1746
1741
1741
1746
1758
1772
1801
1847
1931
2049
2206
2411
2654
2924
3191
3432
3613
3656
3630
3442
3119
2719
2310
1951
1693
1592
1565
1548
1534
1524
1517
1515
1515
1515
1519
1524
1529
1539
1548
1558
1568
1577
1589
1599
1604
1611
1613
1618
1621
1623
1623
1625
1625
1628
1630
1633
1635
1638
1642
1647
1652
1657
1664
1669
1678
1693
1710
1722
1734
1746
1770
1811
1842
1859
1876
1895
1915
1953
1994
2008
2018
2025
2030
2033
2033
2028
2016
2004
1992
1980
1965
1951
1936
1924
1915
1905
1895
1883
1871
1859
1849
1842
1830
1811
1775
1758
1753
1748
1746
1743
1741
1739
1734
1729
1724
1719
1715
1712
1707
1705
1703
1698
1688
1678
1671
1671
1674
1683
1690
1698
1703
1707
1715
1722
1727
1731
1736
1741
1743
1751
1756
1760
1763
1765
1770
1777
1784
1792
1799
1806
1813
1818
1828
1840
1845
1845
1837
1830
1821
1813
1801
1792
1801
1816
1830
1847
1859
1869
1881
1893
1890
1866
1823
1792
1782
1775
1772
1768
1768
1770
1775
1782
1794
1809
1833
1862
1881
1895
1907
1917
1922
1927
1931
1941
1955
1934
1915
1900
1893
1900
1917
1929
1936
1943
1948
1951
1951
1946
1936
1924
1915
1900
1886
1869
1857
1849
1845
1837
1828
1813
1782
1756
1736
1722
1722
1727
1739
1770
1835
1939
2078
2254
2461
2700
2967
3254
3538
3777
3890
3880
3726
3398
2977
2541
2175
1915
1763
1676
1625
1587
1556
1536
1527
1519
1512
1507
1505
1507
1517
1529
1541
1548
1556
1563
1570
1577
1585
1589
1594
1597
1597
1599
1599
1601
1601
1604
1604
1609
1613
1616
1616
1611
1606
1599
1621
1654
1693
1731
1770
1801
1823
1849
1864
1874
1881
1888
1895
1902
1910
1917
1929
1943
1968
1984
1999
2008
2013
2021
2028
2030
2033
2030
2025
2018
2006
1994
1982
1958
1936
1917
1888
1845
1801
1768
1756
1753
1748
1743
1741
1739
1739
1736
1736
1736
1736
1734
1734
1734
1731
1731
1731
1731
1731
1731
1731
1729
1729
1729
1729
1731
1731
1734
1734
1734
1734
1736
1736
1736
1739
1741
1743
1748
1751
1756
1758
1760
1765
1775
1784
1794
1801
1811
1816
1823
1830
1835
1840
1842
1842
1845
1845
1847
1847
1849
1852
1857
1866
1866
1852
1842
1835
1828
1823
1823
1823
1828
1830
1835
1840
1845
1847
1847
1842
1835
1828
1818
1816
1823
1842
1859
1871
1886
1898
1907
1919
1929
1936
1943
1951
1955
1960
1965
1970
1972
1977
1984
1989
1994
1994
1987
1975
1960
1934
1886
1862
1847
1837
1830
1825
1821
1816
1816
1813
1811
1809
1804
1799
1789
1792
1816
1876
1958
2069
2223
2437
2709
3011
3316
3601
3832
3943
3938
3793
3471
3042
2567
2129
1794
1589
1548
1536
1551
1570
1585
1563
1527
1500
1488
1479
1507
1529
1544
1553
1558
1563
1565
1570
1572
1577
1582
1585
1589
1597
1609
1609
1599
1589
1577
1580
1606
1628
1645
1664
1686
1705
1722
1734
1748
1760
1770
1775
1780
1784
1789
1799
1813
1830
1857
1895
1943
1972
1992
2004
2018
2030
2037
2047
2054
2059
2061
2061
2061
2059
2054
2047
2037
2021
1977
1941
1924
1912
1900
1893
1888
1881
1866
1847
1828
1813
1796
1775
1753
1734
1712
1695
1683
1674
1669
1671
1678
1683
1690
1700
1705
1705
1705
1703
1700
1700
1698
1705
1715
1724
1729
1734
1739
1743
1748
1751
1753
1756
1756
1753
1753
1753
1751
1746
1741
1736
1731
1727
1717
1719
1746
1763
1777
1789
1799
1809
1816
1818
1823
1830
1835
1837
1837
1833
1825
1816
1801
1775
1760
1748
1743
1751
1768
1780
1792
1804
1811
1816
1818
1825
1835
1833
1821
1816
1809
1801
1796
1792
1794
1796
1804
1811
1816
1823
1830
1840
1852
1866
1886
1919
1948
1955
1963
1965
1965
1958
1943
1922
1878
1842
1823
1811
1799
1792
1784
1768
1731
1700
1681
1671
1666
1666
1664
1664
1662
1676
1719
1780
1864
1987
2155
2379
2652
2945
3230
3480
3663
3743
3680
3454
3085
2628
2165
1799
1585
1546
1536
1529
1527
1527
1524
1519
1517
1539
1551
1556
1558
1563
1565
1565
1565
1568
1570
1575
1580
1585
1587
1589
1589
1592
1594
1599
1604
1609
1618
1628
1638
1645
1652
1659
1666
1674
1681
1690
1700
1712
1724
1739
1756
1777
1794
1804
1818
1852
1890
1934
1963
1977
1987
1996
2006
2013
2021
2028
2035
2040
2047
2049
2049
2047
2040
2030
2018
1996
1953
1922
1902
1888
1876
1866
1849
1816
1792
1784
1777
1775
1772
1772
1772
1768
1763
1756
1751
1746
1741
1736
1731
1724
1717
1712
1707
1700
1690
1678
1671
1666
1671
1681
1693
1705
1717
1727
1739
1751
1763
1772
1780
1782
1784
1789
1792
1794
1794
1794
1794
1796
1799
1801
1801
1804
1806
1811
1816
1821
1828
1833
1837
1842
1852
1859
1866
1866
1864
1859
1854
1849
1847
1845
1840
1835
1833
1833
1835
1837
1842
1845
1847
1852
1854
1859
1864
1866
1871
1874
1878
1881
1886
1888
1888
1890
1895
1900
1917
1960
1989
2011
2018
2006
1980
1955
1929
1905
1883
1847
1809
1792
1782
1775
1768
1763
1760
1760
1760
1763
1765
1768
1775
1782
1794
1816
1857
1941
2066
2242
2471
2741
3042
3343
3606
3769
3786
3711
3439
3047
2611
2208
1907
1731
1666
1652
1642
1633
1623
1618
1613
1611
1609
1609
1611
1613
1613
1616
1618
1618
1618
1618
1621
1621
1623
1623
1623
1625
1625
1628
1630
1635
1640
1645
1650
1657
1666
1678
1703
1717
1724
1731
1736
1741
1751
1765
1784
1804
1821
1842
1864
1881
1900
1917
1936
1955
1972
1987
1994
2004
2021
2057
2093
2117
2114
2086
2061
2042
2025
2016
2006
1999
1989
1982
1975
1963
1953
1941
1919
1876
1852
1840
1833
1825
1821
1816
1811
1804
1799
1792
1784
1775
1758
1746
1746
1758
1770
1777
1784
1792
1796
1801
1804
1806
1809
1811
1811
1809
1806
1804
1801
1799
1799
1796
1794
1789
1782
1780
1784
1794
1811
1830
1857
1862
1864
1866
1869
1871
1874
1876
1881
1886
1888
1893
1895
1895
1898
1902
1905
1907
1902
1893
1881
1869
1862
1852
1845
1835
1825
1821
1818
1823
1828
1833
1837
1845
1849
1857
1866
1874
1881
1886
1895
1905
1919
1927
1919
1905
1895
1886
1878
1874
1874
1881
1890
1905
1931
1977
2004
2021
2033
2040
2033
2021
2004
1989
1970
1953
1941
1929
1912
1890
1866
1847
1835
1823
1816
1813
1809
1804
1794
1789
1796
1813
1859
1924
2033
2189
2401
2666
2972
3295
3603
3854
4001
4008
3902
3601
3167
2690
2257
1943
1775
1712
1686
1645
1606
1570
1570
1604
1630
1657
1669
1666
1659
1654
1650
1645
1652
1662
1674
1688
1686
1662
1645
1630
1618
1609
1606
1611
1621
1633
1645
1657
1666
1681
1695
1712
1729
1743
1756
1768
1777
1787
1796
1801
1806
1809
1813
1818
1825
1845
1888
1931
1965
1994
2011
2023
2033
2040
2045
2052
2059
2066
2071
2081
2088
2093
2093
2088
2076
2061
2035
1989
1960
1941
1919
1893
1871
1854
1840
1828
1818
1813
1809
1796
1777
1763
1753
1746
1741
1736
1736
1739
1743
1753
1760
1770
1784
1794
1782
1760
1746
1734
1722
1715
1712
1710
1710
1707
1705
1703
1700
1700
1712
1729
1753
1782
1792
1796
1799
1801
1806
1809
1811
1813
1813
1813
1813
1816
1816
1816
1816
1816
1816
1816
1816
1818
1821
1825
1828
1830
1833
1835
1837
1840
1842
1847
1849
1854
1859
1864
1866
1869
1869
1864
1859
1854
1847
1840
1833
1825
1816
1809
1804
1806
1811
1816
1825
1842
1876
1900
1912
1922
1934
1946
1958
1970
1980
1994
2004
2013
2023
2040
2057
2045
2008
1948
1915
1888
1866
1840
1818
1804
1794
1796
1804
1811
1818
1816
1801
1789
1780
1770
1768
1772
1787
1813
1883
2006
2172
2379
2625
2902
3201
3497
3752
3904
3921
3849
3586
3189
2712
2232
1840
1594
1534
1544
1599
1628
1611
1560
1474
1447
1438
1433
1433
1442
1464
1479
1493
1505
1515
1527
1541
1563
1575
1585
1589
1594
1597
1599
1597
1592
1589
1585
1580
1570
1575
1599
1618
1635
1652
1671
1690
1705
1715
1727
1736
1743
1748
1753
1758
1763
1777
1806
1842
1886
1939
1984
2013
2033
2045
2052
2057
2061
2064
2066
2066
2059
2052
2040
2023
1987
1951
1915
1883
1852
1837
1833
1828
1825
1821
1818
1816
1811
1806
1801
1796
1789
1780
1760
1717
1695
1683
1674
1666
1664
1664
1669
1678
1690
1703
1712
1724
1736
1748
1756
1760
1763
1765
1770
1772
1775
1777
1780
1780
1775
1765
1756
1746
1739
1731
1722
1712
1705
1703
1707
1715
1724
1734
1746
1763
1789
1813
1830
1845
1862
1871
1871
1864
1852
1842
1828
1816
1804
1789
1775
1753
1756
1782
1799
1813
1825
1835
1840
1845
1847
1849
1852
1852
1852
1852
1852
1852
1852
1857
1862
1866
1869
1871
1876
1881
1888
1898
1905
1912
1922
1934
1946
1953
1953
1951
1941
1931
1917
1898
1862
1837
1816
1789
1763
1731
1707
1700
1695
1688
1686
1695
1712
1731
1756
1792
1833
1890
1992
2131
2319
2565
2856
3157
3432
3639
3702
3675
3485
3129
2671
2211
1833
1587
1503
1479
1462
1457
1454
1462
1471
1488
1519
1558
1568
1572
1577
1580
1582
1580
1580
1580
1580
1580
1580
1580
1582
1582
1585
1587
1587
1589
1592
1597
1601
1606
1609
1616
1628
1642
1659
1676
1693
1710
1727
1743
1760
1772
1784
1796
1804
1813
1818
1830
1840
1854
1874
1900
1927
1948
1963
1977
1992
2006
2018
2028
2037
2047
2052
2052
2047
2040
2028
2013
1994
1963
1929
1900
1876
1849
1825
1816
1811
1806
1801
1796
1792
1787
1782
1775
1770
1763
1758
1753
1748
1743
1736
1722
1707
1703
1698
1690
1681
1674
1681
1698
1705
1712
1719
1727
1734
1739
1746
1756
1763
1770
1777
1780
1782
1782
1782
1784
1787
1792
1794
1796
1799
1801
1804
1809
1811
1813
1813
1816
1816
1816
1821
1821
1823
1821
1821
1823
1825
1828
1830
1833
1833
1835
1837
1840
1842
1845
1845
1845
1842
1842
1842
1845
1847
1849
1852
1857
1862
1871
1878
1886
1893
1900
1905
1915
1927
1936
1946
1948
1948
1943
1936
1927
1915
1900
1881
1847
1825
1816
1813
1806
1801
1796
1792
1789
1787
1787
1789
1794
1801
1813
1825
1845
1883
1955
2073
2232
2444
2707
3011
3314
3577
3711
3755
3692
3497
3167
2770
2370
2025
1777
1674
1645
1628
1613
1599
1587
1577
1570
1563
1556
1546
1541
1536
1534
1532
1532
1534
1539
1546
1556
1565
1577
1587
1601
1616
1628
1633
1638
1640
1642
1645
1647
1650
1654
1657
1662
1666
1671
1681
1693
1707
1734
1777
1796
1806
1813
1816
1823
1830
1837
1849
1862
1876
1893
1922
1951
1982
2001
2018
2030
2040
2049
2054
2054
2049
2042
2030
2018
2004
1989
1968
1941
1917
1893
1866
1840
1823
1816
1806
1796
1787
1777
1765
1751
1736
1748
1758
1763
1768
1772
1775
1772
1770
1763
1758
1753
1751
1748
1743
1739
1734
1734
1734
1736
1736
1734
1734
1734
1734
1736
1739
1741
1741
1741
1741
1743
1746
1748
1748
1746
1743
1739
1736
1734
1729
1731
1743
1753
1758
1763
1768
1775
1782
1789
1799
1804
1811
1816
1821
1823
1825
1823
1821
1818
1816
1816
1813
1811
1806
1804
1801
1799
1796
1796
1794
1796
1799
1801
1809
1816
1821
1828
1835
1845
1864
1886
1912
1927
1936
1946
1953
1960
1963
1965
1963
1958
1953
1943
1936
1927
1917
1902
1886
1866
1847
1835
1823
1816
1809
1801
1796
1792
1792
1792
1792
1792
1794
1796
1801
1809
1816
1842
1924
2057
2245
2483
2762
3073
3394
3685
3875
3897
3815
3538
3165
2758
2387
2093
1886
1758
1686
1638
1609
1592
1582
1575
1568
1565
1560
1558
1553
1551
1546
1544
1544
1553
1568
1582
1592
1601
1609
1618
1623
1628
1633
1635
1638
1638
1638
1640
1640
1642
1645
1647
1654
1662
1669
1676
1686
1695
1710
1727
1748
1772
1806
1825
1840
1854
1866
1883
1907
1929
1953
1977
2004
2023
2040
2052
2059
2061
2064
2066
2069
2071
2071
2069
2057
2040
2023
2001
1982
1963
1934
1886
1857
1842
1830
1821
1818
1818
1821
1821
1823
1825
1830
1837
1842
1835
1821
1809
1789
1782
1777
1772
1770
1768
1763
1760
1760
1760
1760
1763
1765
1770
1777
1756
1734
1719
1710
1710
1717
1727
1739
1756
1782
1794
1801
1809
1813
1816
1816
1818
1818
1818
1818
1818
1818
1818
1818
1816
1816
1816
1816
1816
1816
1816
1816
1816
1816
1821
1823
1828
1830
1833
1837
1842
1847
1852
1854
1852
1845
1835
1823
1813
1794
1784
1792
1804
1811
1816
1818
1821
1823
1828
1830
1835
1840
1845
1852
1862
1881
1905
1922
1934
1943
1953
1960
1968
1975
1987
2004
2013
2018
2025
2030
2016
1970
1912
1876
1847
1828
1816
1804
1792
1777
1770
1780
1794
1801
1809
1813
1816
1821
1825
1830
1835
1842
1854
1895
1970
2086
2247
2452
2700
2982
3276
3543
3748
3813
3796
3630
3328
2960
2582
2249
1996
1823
1698
1599
1551
1534
1548
1568
1582
1580
1548
1529
1515
1503
1493
1491
1495
1500
1510
1517
1522
1529
1536
1546
1553
1560
1565
1570
1572
1577
1585
1589
1597
1604
1613
1625
1640
1652
1664
1681
1693
1700
1705
1712
1717
1727
1736
1748
1765
1789
1811
1830
1852
1874
1905
1941
1965
1980
1994
2006
2021
2035
2052
2059
2054
2037
2016
1982
1955
1934
1910
1888
1866
1845
1835
1830
1825
1823
1821
1816
1816
1811
1806
1804
1801
1796
1794
1789
1784
1777
1763
1751
1748
1751
1756
1763
1770
1768
1746
1729
1715
1705
1703
1700
1700
1698
1698
1698
1712
1719
1727
1729
1731
1736
1739
1743
1748
1756
1763
1777
1775
1741
1722
1707
1695
1686
1681
1683
1688
1700
1715
1765
1830
1849
1857
1864
1849
1835
1828
1821
1816
1816
1818
1823
1828
1835
1842
1857
1854
1833
1816
1804
1789
1784
1782
1780
1777
1772
1775
1799
1816
1833
1845
1854
1862
1866
1869
1871
1871
1874
1874
1876
1876
1876
1878
1878
1881
1883
1883
1883
1886
1888
1890
1895
1898
1905
1917
1951
1989
2021
2035
2045
2049
2049
2037
2021
1999
1970
1951
1924
1893
1862
1823
1799
1784
1775
1768
1760
1758
1751
1743
1739
1746
1763
1811
1878
1999
2187
2444
2762
3112
3459
3764
3989
4085
4020
3793
3427
2972
2502
2107
1845
1756
1724
1703
1683
1618
1529
1476
1457
1450
1457
1474
1486
1503
1519
1536
1553
1570
1587
1601
1613
1623
1630
1635
1638
1635
1628
1621
1611
1601
1589
1577
1572
1570
1565
1560
1580
1611
1645
1681
1715
1741
1760
1792
1811
1821
1830
1840
1849
1857
1864
1874
1883
1900
1915
1929
1951
1987
2030
2047
2049
2052
2052
2054
2054
2049
2042
2030
2018
2004
1989
1972
1960
1946
1922
1881
1857
1847
1837
1833
1825
1818
1811
1804
1796
1789
1780
1768
1756
1746
1739
1734
1729
1724
1719
1717
1712
1710
1710
1710
1712
1717
1724
1731
1739
1751
1760
1758
1746
1729
1719
1710
1698
1690
1688
1693
1703
1719
1734
1746
1758
1772
1787
1796
1801
1806
1809
1813
1816
1818
1821
1825
1825
1828
1830
1833
1837
1842
1845
1845
1845
1845
1847
1849
1854
1857
1857
1854
1852
1847
1845
1842
1840
1837
1835
1833
1830
1828
1828
1825
1825
1823
1823
1825
1825
1828
1830
1833
1835
1837
1840
1842
1845
1847
1852
1857
1866
1902
1934
1951
1963
1975
1984
1996
2011
2011
1984
1946
1895
1866
1847
1833
1821
1811
1796
1782
1772
1780
1792
1801
1809
1813
1816
1823
1828
1835
1847
1862
1922
2028
2189
2408
2676
2970
3256
3502
3680
3719
3692
3512
3206
2818
2428
2107
1888
1780
1727
1686
1642
1616
1601
1594
1587
1582
1577
1572
1568
1558
1553
1568
1594
1609
1618
1628
1633
1635
1638
1640
1647
1652
1659
1662
1666
1669
1671
1674
1678
1683
1688
1693
1700
1707
1717
1724
1731
1736
1741
1748
1758
1775
1801
1830
1864
1895
1919
1939
1953
1965
1977
1987
1992
1994
1999
2004
2006
2008
2011
2013
2013
2011
2011
2006
2001
1994
1987
1980
1972
1958
1934
1915
1900
1886
1871
1852
1830
1799
1751
1724
1712
1703
1695
1690
1688
1690
1693
1698
1700
1705
1707
1712
1717
1722
1724
1727
1727
1722
1719
1715
1710
1698
1688
1698
1717
1727
1734
1739
1743
1748
1753
1758
1763
1770
1775
1782
1787
1789
1792
1794
1796
1801
1804
1809
1816
1818
1823
1828
1830
1830
1830
1828
1825
1821
1818
1816
1816
1813
1811
1809
1806
1804
1799
1796
1794
1794
1794
1794
1796
1799
1799
1799
1799
1796
1796
1792
1796
1821
1849
1878
1910
1939
1965
1975
1980
1984
1989
1984
1946
1902
1862
1835
1816
1799
1787
1780
1772
1763
1765
