1662
1428
1190
1003
0929
0929
1031
1190
1368
1480
1554
1559
1503
1344
1106
0817
0499
0200
0093
0037
0000
0060
0247
0522
0859
1195
1489
1741
1886
2035
2175
2269
2344
2428
2507
2572
2633
2694
2745
2796
2838
2876
2908
2927
2946
2960
2974
2983
2993
2993
2993
2983
2969
2951
2932
2913
2899
2880
2862
2843
2824
2806
2787
2773
2754
2745
2731
2726
2722
2717
2712
2708
2703
2698
2689
2675
2661
2647
2642
2656
2684
2722
2768
2820
2894
2955
3016
3053
3077
3100
3119
3133
3142
3142
3137
3128
3109
3091
3063
3035
3002
2951
2899
2848
2796
2740
2675
2610
2549
2479
2395
2315
2241
2180
2124
2077
2054
2040
2026
2012
2003
1993
1984
1979
1975
1970
1965
1965
1970
1970
1979
1984
1993
2003
2012
2026
2035
2049
2063
2082
2096
2115
2133
2157
2199
2250
2287
2320
2353
2381
2409
2432
2456
2479
2507
2535
2563
2596
2624
2652
2684
2712
2736
2764
2787
2810
2834
2848
2866
2885
2899
2913
2932
2946
2965
2983
3002
3021
3039
3058
3077
3095
3119
3137
3161
3179
3203
3221
3245
3268
3287
3310
3333
3357
3380
3403
3422
3441
3459
3478
3492
3511
3525
3534
3544
3553
3562
3572
3576
3586
3590
3595
3600
3604
3604
3604
3604
3604
3604
3604
3604
3600
3600
3595
3590
3586
3581
3576
3567
3562
3558
3553
3548
3544
3539
3539
3539
3534
3534
3534
3530
3530
3530
3534
3539
3544
3548
3558
3572
3586
3600
3609
3623
3637
3684
3819
3940
4020
4043
4071
4095
4015
3768
3445
3072
2708
2376
2101
2007
1970
1947
2021
2250
2526
2810
3067
3282
3417
3520
3590
3623
3623
3623
3623
3618
3618
3614
3614
3609
3604
3595
3581
3567
3548
3534
3525
3516
3506
3501
3497
3492
3492
3487
3487
3487
3487
3492
3492
3492
3492
3497
3497
3497
3492
3492
3492
3497
3497
3501
3501
3511
3516
3525
3530
3539
3548
3553
3567
3576
3590
3609
3623
3646
3684
3730
3772
3796
3819
3833
3847
3861
3870
3880
3889
3894
3898
3903
3908
3903
3894
3875
3856
3828
3800
3768
3726
3642
3567
3501
3431
3361
3291
3221
3165
3119
3077
3053
3030
3011
3002
2993
2983
2979
2969
2960
2955
2951
2946
2946
2946
2946
2946
2951
2951
2955
2960
2969
2979
2988
3002
3016
3030
3044
3058
3072
3086
3100
3109
3119
3128
3137
3147
3151
3161
3170
3175
3184
3189
3193
3198
3203
3207
3207
3212
3217
3217
3221
3221
3226
3231
3231
3231
3231
3231
3231
3231
3231
3231
3231
3235
3235
3235
3235
3240
3240
3235
3235
3235
3235
3235
3235
3240
3240
3240
3240
3240
3240
3235
3235
3240
3240
3240
3240
3240
3245
3245
3245
3245
3245
3240
3235
3235
3226
3221
3217
3207
3198
3193
3184
3175
3165
3156
3147
3142
3133
3128
3119
3114
3109
3105
3100
3100
3095
3095
3095
3095
3095
3095
3095
3095
3095
3100
3100
3100
3105
3109
3114
3123
3133
3147
3161
3179
3198
3217
3235
3301
3441
3562
3646
3684
3716
3712
3623
3371
3016
2577
2096
1652
1382
1288
1372
1615
2026
2451
2801
3030
3123
3207
3235
3249
3263
3277
3282
3291
3301
3305
3310
3310
3315
3315
3315
3310
3305
3296
3291
3282
3277
3273
3273
3273
3273
3273
3273
3273
3273
3273
3273
3273
3273
3273
3268
3268
3263
3263
3259
3254
3249
3245
3240
3235
3235
3231
3226
3226
3221
3217
3217
3217
3217
3217
3221
3226
3235
3245
3254
3263
3277
3287
3296
3305
3315
3319
3324
3333
3343
3347
3352
3347
3338
3319
3291
3259
3226
3179
3105
3039
2979
2908
2834
2754
2684
2628
2568
2512
2484
2470
2451
2442
2428
2418
2409
2400
2390
2386
2381
2376
2372
2372
2372
2372
2372
2376
2386
2390
2400
2414
2423
2437
2446
2460
2470
2484
2498
2507
2521
2530
2544
2558
2568
2582
2591
2605
2614
2628
2638
2647
2656
2666
2675
2684
2694
2698
2703
2712
2717
2722
2726
2736
2740
2745
2754
2759
2764
2773
2778
2787
2792
2801
2806
2815
2824
2834
2843
2852
2857
2866
2871
2880
2885
2894
2899
2904
2908
2918
2927
2932
2941
2946
2951
2955
2955
2960
2965
2969
2974
2979
2983
2988
2993
2993
2997
2997
2997
2997
2997
2997
2997
2997
2993
2993
2988
2988
2983
2979
2979
2974
2969
2969
2965
2965
2965
2965
2965
2969
2969
2969
2974
2974
2979
2983
2993
2997
3007
3016
3021
3025
3030
3035
3039
3039
3049
3058
3067
3081
3100
3119
3142
3161
3184
3212
3245
3305
3403
3445
3478
3511
3506
3436
3245
2974
2624
2231
1853
1606
1526
1606
1844
2287
2764
3165
3380
3441
3483
3506
3520
3516
3492
3459
3422
3385
3343
3296
3254
3217
3189
3170
3161
3151
3142
3137
3133
3133
3133
3128
3128
3128
3128
3128
3128
3128
3123
3123
3119
3114
3109
3105
3100
3095
3086
3077
3063
3053
3039
3025
3016
3007
2997
2988
2979
2974
2969
2965
2965
2965
2965
2969
2974
2979
2988
2993
3002
3007
3016
3021
3025
3030
3035
3035
3035
3030
3025
3021
3016
3007
2997
2983
2969
2955
2937
2904
2829
2768
2712
2652
2586
2530
2479
2437
2404
2390
2381
2367
2362
2353
2348
2344
2339
2339
2339
2334
2339
2339
2339
2344
2353
2358
2367
2376
2386
2400
2409
2418
2428
2432
2442
2451
2456
2465
2474
2484
2493
2502
2512
2521
2530
2535
2544
2554
2563
2568
2577
2586
2591
2600
2605
2610
2614
2619
2624
2628
2633
2638
2642
2647
2652
2656
2661
2666
2670
2675
2680
2684
2689
2694
2698
2703
2712
2717
2722
2726
2731
2736
2740
2745
2754
2759
2768
2778
2787
2801
2810
2824
2843
2862
2876
2894
2904
2913
2922
2932
2946
2955
2965
2974
2983
2988
2997
3002
3007
3011
3016
3021
3025
3025
3025
3025
3025
3025
3021
3021
3021
3016
3016
3021
3021
3021
3025
3025
3025
3025
3025
3025
3021
3021
3016
3016
3011
3011
3011
3011
3007
3007
3007
3007
3002
3002
3002
3002
3002
3002
3002
3007
3007
3011
3016
3016
3021
3025
3030
3035
3039
3039
3044
3044
3049
3053
3053
3063
3067
3072
3081
3095
3109
3119
3142
3212
3287
3385
3483
3530
3562
3558
3483
3282
2946
2507
1998
1503
1204
1101
1204
1526
2054
2586
3007
3221
3291
3329
3357
3375
3389
3389
3394
3394
3394
3394
3394
3394
3399
3399
3399
3394
3394
3389
3385
3380
3375
3375
3375
3371
3371
3371
3371
3371
3371
3371
3371
3366
3366
3366
3366
3366
3366
3366
3371
3371
3371
3371
3371
3375
3375
3380
3389
3394
3403
3413
3422
3431
3441
3450
3464
3473
3487
3516
3548
3581
3604
3614
3623
3632
3637
3642
3646
3651
3660
3660
3660
3656
3646
3628
3604
3576
3544
3492
3450
3408
3343
3263
3198
3128
3058
2988
2918
2852
2796
2754
2708
2675
2647
2628
2610
2596
2582
2577
2568
2563
2558
2549
2544
2540
2535
2535
2535
2535
2540
2549
2558
2568
2577
2586
2600
2610
2619
2624
2633
2638
2647
2656
2661
2666
2670
2670
2675
2675
2675
2675
2680
2680
2684
2684
2689
2689
2689
2689
2684
2684
2684
2684
2689
2689
2689
2689
2694
2694
2689
2689
2689
2689
2684
2684
2684
2684
2684
2684
2684
2684
2684
2680
2680
2675
2670
2670
2670
2666
2666
2666
2666
2666
2666
2666
2666
2661
2661
2661
2661
2661
2661
2666
2666
2666
2666
2666
2666
2666
2666
2666
2670
2670
2675
2680
2680
2684
2684
2684
2684
2684
2684
2684
2684
2684
2689
2689
2689
2689
2689
2689
2689
2689
2689
2684
2684
2689
2689
2689
2694
2694
2694
2694
2694
2694
2694
2694
2698
2703
2703
2712
2717
2717
2722
2722
2722
2722
2717
2717
2712
2712
2712
2712
2712
2712
2717
2717
2717
2717
2717
2722
2726
2731
2736
2745
2754
2764
2773
2778
2787
2796
2806
2815
2824
2829
2834
2838
2838
2843
2843
2848
2852
2857
2871
2890
2932
2983
3058
3151
3259
3352
3422
3459
3427
3343
3123
2787
2344
1830
1330
0938
0812
0835
1101
1554
2049
2460
2740
2904
2983
3063
3142
3175
3179
3189
3193
3198
3203
3203
3207
3207
3207
3203
3203
3198
3193
3193
3189
3184
3184
3184
3179
3179
3179
3184
3184
3184
3189
3189
3189
3184
3179
3179
3175
3170
3165
3165
3165
3165
3165
3170
3175
3179
3184
3189
3193
3203
3212
3217
3231
3259
3291
3319
3343
3371
3403
3441
3483
3506
3534
3553
3567
3576
3581
3586
3586
3586
3590
3595
3595
3595
3586
3567
3534
3497
3445
3399
3333
3268
3207
3147
3086
3025
2960
2904
2848
2787
2740
2703
2652
2633
2619
2610
2600
2591
2582
2577
2572
2568
2568
2568
2568
2572
2572
2577
2577
2582
2591
2596
2605
2610
2619
2628
2638
2642
2647
2652
2656
2656
2661
2666
2670
2675
2680
2684
2689
2689
2694
2694
2694
2694
2694
2698
2698
2698
2703
2703
2703
2703
2703
2703
2703
2698
2698
2698
2698
2703
2703
2703
2708
2708
2708
2708
2708
2708
2708
2708
2708
2708
2708
2708
2708
2708
2708
2708
2708
2708
2708
2708
2708
2708
2708
2712
2712
2717
2717
2722
2722
2722
2722
2726
2726
2726
2731
2731
2731
2736
2736
2736
2736
2731
2731
2731
2731
2731
2731
2731
2731
2731
2731
2731
2726
2726
2726
2722
2726
2726
2726
2726
2726
2731
2731
2726
2726
2726
2726
2726
2726
2726
2726
2726
2726
2726
2726
2722
2722
2722
2722
2717
2717
2722
2722
2722
2722
2717
2717
2717
2717
2717
2717
2717
2717
2722
2722
2726
2726
2726
2722
2722
2717
2712
2712
2708
2708
2708
2703
2703
2703
2703
2703
2703
2708
2712
2722
2726
2736
2745
2759
2768
2782
2792
2806
2815
2820
2824
2829
2829
2834
2834
2838
2843
2852
2862
2876
2899
2922
2974
3049
3147
3254
3385
3436
3464
3478
3408
3221
2927
2540
2068
1578
1157
0905
0877
0994
1349
1793
2208
2521
2722
2857
2941
3030
3114
3156
3179
3193
3203
3207
3212
3207
3198
3189
3175
3161
3151
3147
3137
3133
3133
3128
3128
3128
3128
3133
3133
3133
3133
3133
3133
3133
3133
3133
3128
3128
3123
3119
3114
3109
3105
3105
3100
3100
3105
3109
3109
3114
3123
3128
3137
3142
3156
3189
3221
3254
3287
3319
3352
3380
3413
3450
3487
3506
3520
3530
3539
3548
3548
3553
3553
3548
3544
3530
3520
3506
3483
3441
3408
3361
3305
3249
3184
3114
3049
2979
2913
2857
2792
2740
2698
2652
2614
2586
2568
2558
2549
2544
2540
2535
2535
2530
2530
2530
2530
2530
2535
2540
2540
2544
2549
2554
2563
2568
2577
2586
2596
2605
2614
2624
2628
2633
2642
2647
2652
2656
2666
2670
2675
2680
2684
2689
2694
2694
2698
2698
2698
2703
2703
2703
2708
2708
2712
2712
2712
2712
2712
2712
2712
2712
2712
2712
2717
2717
2717
2717
2717
2717
2717
2717
2717
2717
2722
2722
2726
2731
2731
2736
2740
2740
2740
2740
2740
2745
2745
2745
2750
2750
2754
2754
2759
2759
2759
2764
2764
2768
2768
2773
2773
2778
2782
2782
2782
2782
2782
2778
2778
2778
2778
2778
2782
2782
2787
2792
2792
2796
2796
2801
2806
2806
2810
2820
2824
2829
2834
2838
2843
2843
2848
2848
2852
2857
2862
2866
2871
2876
2880
2885
2885
2890
2890
2890
2890
2894
2894
2894
2899
2899
2904
2904
2904
2904
2904
2904
2899
2899
2904
2904
2904
2904
2904
2904
2904
2904
2899
2894
2890
2885
2885
2876
2862
2852
2843
2834
2829
2824
2820
2815
2815
2820
2824
2829
2838
2848
2857
2866
2876
2880
2885
2890
2894
2899
2904
2904
2908
2913
2918
2922
2927
2932
2941
2955
2993
3063
3142
3217
3338
3459
3511
3539
3558
3492
3310
3021
2642
2185
1713
1302
1064
1036
1148
1480
1891
2283
2582
2787
2927
3039
3119
3156
3161
3170
3179
3189
3198
3203
3207
3207
3207
3203
3198
3193
3189
3184
3179
3175
3175
3170
3170
3165
3165
3161
3161
3156
3156
3156
3156
3156
3156
3156
3161
3161
3161
3165
3170
3175
3179
3184
3193
3198
3207
3217
3221
3231
3249
3273
3287
3305
3319
3333
3352
3371
3389
3413
3436
3464
3492
3525
3544
3558
3572
3581
3590
3600
3604
3609
3604
3604
3595
3590
3581
3567
3548
3516
3450
3389
3329
3259
3193
3128
3067
3002
2941
2885
2820
2773
2731
2680
2656
2647
2638
2628
2619
2610
2605
2600
2596
2596
2596
2596
2596
2600
2600
2600
2600
2605
2610
2614
2619
2624
2628
2638
2647
2652
2661
2666
2675
2689
2703
2722
2736
2750
2759
2773
2782
2787
2787
2787
2787
2787
2787
2787
2787
2787
2787
2787
2787
2782
2782
2778
2778
2778
2778
2778
2778
2782
2782
2782
2787
2787
2787
2787
2787
2792
2792
2796
2801
2801
2806
2810
2815
2815
2820
2820
2820
2820
2820
2820
2824
2824
2824
2829
2829
2829
2829
2829
2829
2834
2834
2834
2838
2838
2838
2843
2843
2848
2848
2848
2848
2848
2852
2852
2852
2862
2866
2876
2890
2899
2904
2904
2904
2904
2904
2904
2908
2908
2913
2913
2913
2913
2913
2908
2904
2904
2904
2899
2894
2894
2890
2890
2890
2890
2890
2885
2885
2880
2880
2876
2876
2871
2871
2866
2866
2862
2862
2857
2857
2852
2848
2848
2843
2838
2834
2829
2824
2820
2815
2810
2806
2801
2792
2787
2787
2782
2782
2787
2792
2801
2810
2815
2824
2829
2834
2838
2843
2848
2852
2857
2862
2866
2866
2866
2871
2871
2871
2876
2880
2890
2899
2918
2955
3035
3119
3207
3287
3333
3333
3287
3161
2908
2563
2138
1690
1293
1055
1031
1172
1545
2021
2488
2876
3123
3212
3249
3268
3268
3249
3221
3198
3175
3156
3128
3105
3081
3067
3058
3049
3044
3039
3030
3025
3016
3011
3011
3007
3007
3007
3007
3007
3007
3007
3007
3007
3007
3007
3002
2997
2993
2983
2969
2955
2941
2937
2927
2918
2913
2908
2904
2904
2904
2899
2904
2904
2913
2927
2946
2965
2983
3011
3044
3072
3095
3119
3142
3161
3170
3175
3175
3175
3175
3179
3184
3184
3179
3156
3133
3095
3049
3007
2960
2913
2876
2820
2754
2689
2628
2563
2498
2437
2372
2315
2273
2236
2213
2203
2194
2185
2180
2175
2171
2171
2171
2171
2175
2180
2189
2194
2203
2213
2222
2231
2241
2250
2264
2278
2292
2306
2315
2325
2334
2344
2353
2362
2372
2381
2395
2404
2418
2432
2446
2465
2484
2498
2516
2535
2549
2554
2563
2568
2572
2577
2582
2582
2586
2591
2591
2596
2600
2600
2605
2610
2614
2614
2619
2624
2624
2628
2633
2638
2638
2642
2647
2652
2661
2666
2670
2675
2684
2694
2703
2712
2726
2736
2745
2754
2768
2778
2787
2796
2806
2810
2820
2820
2824
2829
2834
2838
2843
2848
2848
2852
2852
2857
2866
2871
2876
2885
2890
2899
2904
2908
2918
2927
2937
2946
2955
2965
2974
2988
2997
3011
3025
3039
3044
3053
3058
3067
3072
3077
3081
3086
3086
3091
3095
3095
3095
3100
3100
3100
3100
3105
3105
3109
3114
3114
3119
3119
3123
3123
3128
3128
3133
3133
3137
3137
3137
3133
3133
3128
3123
3119
3114
3109
3109
3105
3105
3109
3109
3109
3119
3123
3133
3137
3147
3151
3156
3161
3165
3165
3165
3170
3170
3175
3175
3175
3175
3175
3179
3184
3189
3198
3203
3212
3235
3263
3324
3413
3525
3651
3707
3740
3758
3698
3506
3203
2796
2306
1797
1372
1172
1167
1372
1797
2278
2712
3016
3189
3277
3329
3361
3389
3399
3403
3408
3417
3422
3427
3427
3427
3427
3427
3422
3417
3417
3413
3413
3408
3403
3399
3399
3394
3389
3389
3385
3380
3380
3375
3375
3375
3375
3375
3375
3375
3380
3385
3389
3389
3394
3399
3403
3408
3413
3422
3427
3431
3441
3445
3450
3459
3487
3516
3539
3562
3581
3600
3618
3637
3660
3679
3698
3712
3726
3740
3749
3758
3758
3758
3754
3749
3740
3726
3712
3693
3651
3609
3553
3487
3422
3352
3282
3207
3128
3058
2993
2927
2880
2838
2792
2754
2726
2708
2694
2684
2680
2680
2675
2670
2666
2661
2661
2656
2656
2652
2652
2652
2652
2652
2647
2647
2647
2647
2647
2652
2652
2656
2661
2666
2666
2670
2675
2680
2684
2689
2689
2694
2698
2698
2703
2708
2708
2712
2717
2717
2717
2722
2722
2722
2722
2722
2726
2726
2726
2726
2726
2726
2726
2726
2722
2722
2722
2722
2722
2722
2722
2722
2726
2726
2726
2726
2726
2731
2736
2736
2740
2745
2745
2745
2740
2740
2736
2731
2731
2726
2726
2722
2722
2722
2722
2722
2722
2722
2722
2722
2717
2717
2717
2717
2717
2717
2717
2717
2717
2717
2717
2717
2712
2712
2712
2712
2712
2708
2708
2708
2708
2708
2703
2703
2703
2703
2703
2703
2708
2708
2712
2712
2717
2722
2722
2722
2726
2731
2731
2736
2740
2745
2750
2754
2759
2764
2764
2768
2773
2773
2773
2778
2778
2778
2778
2778
2778
2782
2787
2792
2796
2801
2806
2806
2806
2810
2810
2810
2806
2806
2806
2801
2801
2801
2796
2796
2796
2801
2801
2806
2810
2820
2824
2829
2834
2838
2843
2848
2857
2862
2866
2876
2880
2885
2890
2899
2904
2913
2922
2932
2937
2941
2951
2969
3011
3081
3179
3301
3441
3511
3567
3600
3548
3389
3095
2703
2231
1722
1270
0966
0910
0971
1298
1736
2171
2512
2731
2871
2946
3021
3100
3170
3217
3221
3226
3226
3226
3203
3165
3156
3147
3137
3128
3123
3114
3114
3109
3105
3105
3105
3105
3105
3105
3105
3109
3105
3105
3105
3105
3105
3100
3095
3091
3086
3081
3077
3072
3072
3067
3067
3067
3067
3077
3086
3091
3105
3114
3123
3133
3151
3198
3235
3277
3315
3357
3394
3422
3450
3483
3511
3539
3562
3576
3586
3595
3604
3609
3614
3618
3614
3604
3586
3567
3534
3487
3450
3399
3333
3268
3203
3133
3058
2988
2918
2862
2796
2750
2717
2670
2642
2614
2596
2586
2577
2572
2568
2563
2563
2558
2554
2554
2554
2554
2554
2554
2558
2558
2563
2568
2572
2582
2591
2605
2614
2628
2638
2647
2656
2666
2675
2684
2689
2698
2703
2708
2717
2722
2726
2726
2731
2731
2731
2736
2736
2731
2731
2731
2731
2731
2731
2726
2726
2726
2726
2726
2726
2722
2722
2722
2722
2717
2717
2717
2717
2717
2717
2717
2717
2717
2722
2722
2722
2722
2726
2726
2726
2731
2731
2731
2731
2731
2731
2731
2736
2736
2736
2736
2736
2736
2740
2740
2740
2740
2736
2736
2736
2736
2736
2736
2736
2736
2736
2736
2736
2736
2736
2736
2736
2736
2736
2736
2740
2740
2745
2745
2750
2750
2754
2754
2754
2754
2759
2759
2759
2764
2764
2768
2768
2773
2773
2778
2782
2787
2792
2796
2801
2810
2815
2820
2824
2829
2834
2838
2838
2843
2843
2848
2848
2848
2848
2852
2852
2852
2852
2857
2857
2862
2866
2871
2876
2880
2880
2885
2880
2876
2871
2866
2862
2852
2848
2838
2834
2829
2824
2824
2824
2824
2824
2829
2829
2838
2852
2866
2880
2890
2899
2904
2913
2918
2927
2932
2937
2941
2946
2946
2946
2951
2951
2960
2983
3035
3119
3221
3343
3469
3530
3567
3586
3525
3329
3021
2624
2152
1662
1232
0957
0910
0985
1298
1704
2101
2404
2619
2764
2876
2974
3077
3184
3207
3212
3217
3217
3217
3217
3221
3221
3217
3212
3207
3203
3198
3198
3193
3193
3189
3189
3184
3184
3179
3175
3175
3170
3170
3170
3170
3170
3170
3175
3175
3175
3179
3179
3179
3184
3184
3189
3198
3203
3207
3212
3221
3231
3235
3249
3273
3301
3329
3352
3380
3408
3436
3459
3487
3511
3544
3572
3590
3609
3623
3632
3642
3651
3656
3656
3651
3646
3642
3628
3618
3600
3567
3506
3450
3389
3324
3254
3184
3119
3049
2983
2927
2871
2820
2778
2736
2698
2666
2642
2624
2614
2610
2605
2600
2591
2586
2586
2582
2582
2586
2586
2591
2591
2596
2600
2605
2614
2619
2628
2633
2642
2652
2656
2666
2670
2680
2680
2684
2684
2684
2684
2689
2684
2684
2684
2684
2689
2689
2689
2694
2694
2698
2703
2703
2708
2712
2717
2717
2722
2722
2722
2722
2717
2717
2712
2703
2698
2694
2689
2680
2675
2675
2670
2666
2666
2661
2661
2661
2666
2670
2675
2675
2680
2684
2684
2684
2684
2689
2689
2689
2689
2689
2689
2694
2694
2694
2694
2694
2698
2698
2698
2698
2698
2703
2703
2703
2708
2712
2717
2717
2722
2726
2731
2736
2740
2745
2754
2759
2768
2773
2782
2787
2796
2801
2806
2810
2815
2820
2820
2824
2829
2834
2834
2838
2838
2843
2848
2852
2852
2857
2862
2866
2871
2871
2876
2876
2880
2880
2885
2890
2894
2899
2904
2904
2913
2918
2922
2927
2932
2941
2946
2951
2960
2960
2965
2965
2965
2965
2969
2969
2969
2969
2974
2974
2974
2979
2988
2997
3007
3016
3025
3035
3044
3053
3067
3077
3091
3100
3105
3114
3119
3123
3128
3133
3137
3142
3151
3161
3165
3175
3184
3207
3249
3315
3413
3530
3660
3716
3763
3758
3656
3427
3086
2661
2171
1694
1326
1200
1214
1466
1881
2348
2759
3049
3231
3338
3380
3389
3399
3399
3403
3408
3413
3413
3399
3380
3352
3324
3273
3226
3189
3156
3133
3119
3105
3100
3091
3086
3086
3081
3081
3081
3086
3091
3095
3095
3100
3105
3109
3114
3119
3123
3128
3133
3137
3142
3147
3151
3151
3151
3156
3156
3161
3165
3170
3175
3184
3193
3198
3207
3221
3235
3254
3282
3315
3338
3357
3371
3385
3394
3408
3413
3422
3427
3427
3422
3413
3403
3385
3366
3338
3287
3245
3198
3133
3072
3002
2927
2857
2787
2717
2652
2586
2530
2488
2442
2409
2381
2362
2353
2344
2339
2334
2334
2334
2334
2334
2334
2334
2339
2339
2348
2358
2367
2376
2386
2395
2404
2409
2418
2423
2428
2437
2442
2446
2451
2456
2460
2465
2470
2474
2479
2484
2484
2488
2493
2502
2507
2512
2521
2526
2535
2544
2549
2558
2563
2568
2572
2582
2586
2591
2596
2596
2600
2600
2600
2600
2600
2600
2600
2605
2605
2605
2610
2610
2614
2614
2619
2619
2624
2628
2628
2633
2633
2638
2642
2647
2652
2656
2661
2666
2670
2675
2680
2684
2684
2689
2694
2698
2703
2703
2708
2708
2712
2712
2717
2722
2722
2726
2726
2726
2731
2736
2736
2740
2740
2745
2750
2754
2764
2768
2773
2778
2782
2787
2792
2796
2796
2801
2801
2806
2806
2810
2810
2815
2815
2820
2824
2824
2824
2824
2829
2829
2829
2829
2829
2829
2829
2829
2829
2824
2824
2824
2824
2829
2824
2824
2824
2820
2820
2820
2820
2820
2820
2820
2820
2820
2824
2829
2838
2843
2857
2862
2866
2871
2880
2890
2899
2904
2918
2922
2932
2937
2941
2941
2946
2946
2951
2960
2965
2974
2988
3002
3021
3053
3119
3203
3310
3427
3478
3511
3534
3483
3324
3063
2726
2320
1900
1545
1377
1382
1582
1993
2493
2955
3296
3427
3473
3501
3506
3497
3473
3450
3422
3394
3371
3347
3333
3319
3315
3310
3305
3301
3296
3296
3296
3301
3301
3305
3305
3310
3315
3319
3324
3333
3338
3343
3343
3347
3352
3357
3361
3366
3371
3371
3375
3380
3385
3389
3399
3403
3413
3417
3427
3431
3441
3445
3455
3469
3487
3506
3530
3548
3567
3590
3609
3632
3656
3679
3698
3716
3730
3735
3744
3749
3754
3763
3772
3772
3768
3749
3721
3693
3646
3614
3567
3506
3450
3385
3319
3249
3184
3119
3058
2993
2941
2908
2876
2843
2829
2820
2815
2810
2801
2796
2792
2787
2787
2787
2787
2787
2787
2787
2787
2792
2792
2796
2796
2796
2801
2801
2796
2796
2801
2801
2801
2801
2806
2806
2806
2810
2810
2815
2815
2820
2820
2824
2829
2829
2834
2834
2834
2834
2834
2834
2829
2824
2820
2815
2815
2810
2810
2806
2806
2806
2806
2806
2806
2806
2806
2806
2806
2806
2806
2801
2796
2792
2792
2787
2782
2782
2778
2778
2773
2768
2750
2736
2726
2726
2726
2722
2722
2717
2712
2712
2712
2712
2712
2712
2712
2712
2712
2712
2717
2717
2717
2717
2712
2712
2712
2708
2708
2703
2703
2703
2698
2694
2694
2689
2694
2694
2694
2698
2698
2698
2703
2703
2703
2708
2708
2708
2708
2708
2712
2712
2708
2712
2712
2717
2717
2717
2717
2722
2722
2722
2726
2726
2731
2731
2736
2740
2740
2740
2740
2745
2745
2750
2750
2750
2750
2750
2750
2750
2750
2764
2773
2782
2787
2792
2792
2787
2787
2787
2782
2782
2782
2778
2778
2778
2778
2778
2782
2782
2792
2796
2806
2815
2824
2829
2838
2843
2848
2857
2862
2871
2880
2885
2894
2899
2904
2904
2904
2908
2908
2908
2913
2918
2922
2951
3016
3095
3179
3310
3431
3473
3497
3478
3329
3049
2661
2175
1643
1157
0835
0784
0873
1242
1732
2208
2582
2796
2904
2974
3021
3086
3105
3114
3123
3137
3147
3156
3156
3156
3156
3156
3151
3147
3142
3142
3137
3137
3137
3133
3137
3137
3142
3142
3142
3147
3151
3151
3147
3147
3142
3142
3137
3133
3133
3128
3128
3128
3128
3128
3133
3133
3137
3142
3151
3156
3165
3179
3198
3217
3235
3259
3287
3315
3343
3375
3403
3431
3464
3497
3516
3530
3544
3553
3562
3572
3576
3581
3581
3576
3572
3562
3548
3534
3520
3492
3436
3389
3333
3263
3198
3128
3053
2983
2918
2852
2796
2754
2703
2670
2647
2628
2614
2610
2605
2605
2605
2605
2605
2605
2605
2605
2610
2610
2614
2614
2619
2619
2624
2624
2628
2633
2638
2642
2647
2656
2661
2670
2675
2684
2689
2698
2703
2712
2717
2722
2726
2731
2731
2736
2740
2740
2745
2745
2745
2740
2740
2736
2736
2736
2736
2731
2731
2731
2731
2731
2736
2736
2736
2736
2736
2740
2740
2745
2745
2750
2750
2750
2750
2750
2750
2750
2750
2750
2745
2745
2745
2745
2745
2745
2745
2745
2745
2745
2745
2745
2750
2750
2754
2754
2754
2759
2759
2759
2759
2759
2759
2759
2759
2759
2759
2759
2759
2759
2759
2764
2759
2759
2759
2759
2764
2764
2764
2764
2764
2764
2764
2764
2768
2764
2764
2764
2768
2768
2768
2773
2773
2773
2778
2782
2787
2787
2792
2792
2796
2796
2801
2801
2801
2801
2801
2801
2801
2801
2801
2801
2796
2796
2796
2796
2796
2796
2796
2796
2801
2801
2801
2806
2810
2815
2820
2820
2824
2824
2824
2824
2824
2820
2820
2820
2815
2815
2815
2815
2820
2824
2834
2843
2852
2862
2866
2876
2880
2885
2894
2899
2904
2908
2913
2918
2922
2927
2932
2937
2937
2941
2941
2946
2951
2960
2988
3044
3123
3226
3347
3483
3544
3586
3581
3469
3226
2871
2414
1886
1368
0947
0765
0761
0975
1382
1844
2255
2549
2726
2848
2922
3011
3091
3133
3161
3179
3193
3193
3179
3156
3137
3128
3119
3109
3100
3091
3086
3081
3081
3077
3077
3077
3077
3077
3081
3081
3086
3086
3086
3086
3091
3091
3091
3095
3095
3100
3105
3109
3114
3119
3123
3133
3137
3142
3151
3156
3175
3193
3212
3226
3240
3263
3296
3333
3366
3389
3422
3455
3483
3511
3534
3562
3586
3600
3614
3623
3637
3646
3651
3656
3651
3646
3632
3623
3604
3586
3553
3497
3450
3389
3315
3240
3165
3095
3030
2965
2904
2848
2810
2768
2731
2698
2670
2652
2638
2633
2624
2624
2614
2614
2610
2605
2605
2605
2605
2605
2605
2605
2610
2614
2619
2624
2628
2633
2642
2652
2661
2670
2680
2684
2694
2708
2722
2736
2750
2759
2768
2773
2778
2782
2782
2787
2792
2796
2796
2801
2801
2801
2801
2796
2796
2792
2787
2782
2778
2773
2764
2759
2754
2750
2745
2745
2745
2745
2745
2745
2750
2754
2759
2759
2764
2764
2768
2768
2768
2768
2768
2768
2768
2764
2764
2759
2754
2750
2745
2740
2740
2736
2736
2731
2731
2726
2726
2726
2722
2722
2722
2722
2722
2722
2717
2717
2722
2722
2722
2722
2722
2722
2722
2722
2722
2722
2722
2722
2722
2722
2726
2726
2726
2726
2726
2731
2731
2731
2736
2736
2740
2740
2745
2745
2745
2745
2745
2745
2745
2745
2745
2750
2750
2750
2754
2759
2759
2764
2768
2768
2773
2778
2782
2782
2787
2792
2792
2796
2796
2796
2796
2796
2796
2801
2801
2801
2806
2806
2810
2815
2820
2824
2829
2838
2843
2848
2852
2848
2843
2834
2824
2815
2806
2801
2792
2787
2782
2782
2782
2792
2801
2820
2834
2848
2862
2871
2876
2885
2890
2894
2904
2904
2908
2918
2922
2927
2927
2927
2927
2927
2932
2941
2965
3025
3091
3161
3273
3394
3520
3567
3595
3576
3427
3156
2782
2315
1807
1326
0971
0817
0901
1186
1596
2026
2386
2638
2796
2913
2997
3091
3179
3217
3226
3240
3249
3254
3259
3263
3263
3263
3259
3254
3254
3249
3249
3245
3245
3240
3235
3235
3235
3235
3235
3235
3240
3240
3240
3235
3235
3240
3240
3240
3245
3245
3249
3254
3254
3259
3263
3268
3273
3277
3282
3291
3301
3324
3352
3371
3394
3417
3441
3469
3497
3525
3548
3572
3595
3618
3642
3660
3684
3693
3702
3712
3721
3730
3735
3740
3740
3730
3712
3688
3656
3614
3576
3525
3464
3403
3338
3273
3203
3137
3072
3011
2946
2894
2852
2810
2778
2745
2717
2689
2675
2661
2656
2647
2642
2638
2633
2628
2628
2624
2628
2633
2633
2638
2642
2647
2652
2656
2661
2666
2670
2675
2680
2684
2694
2698
2703
2708
2712
2717
2722
2722
2726
2726
2726
2722
2722
2722
2722
2717
2717
2717
2717
2712
2712
2708
2708
2708
2708
2712
2712
2712
2712
2708
2708
2703
2703
2698
2698
2694
2694
2689
2689
2684
2680
2680
2680
2675
2675
2675
2675
2670
2670
2670
2675
2675
2675
2680
2680
2684
2684
2684
2684
2684
2684
2689
2689
2689
2689
2689
2689
2684
2684
2684
2684
2684
2680
2680
2680
2680
2675
2675
2675
2675
2675
2675
2675
2680
2680
2684
2684
2689
2694
2698
2703
2708
2712
2712
2717
2717
2722
2726
2736
2740
2745
2750
2754
2759
2764
2768
2773
2773
2778
2778
2782
2782
2787
2787
2792
2792
2792
2792
2796
2796
2801
2801
2806
2806
2810
2810
2815
2815
2820
2820
2820
2820
2824
2824
2829
2834
2838
2838
2848
2848
2852
2852
2852
2848
2848
2848
2843
2843
2843
2843
2843
2848
2848
2852
2857
2866
2876
2890
2904
2913
2927
2932
2941
2951
2960
2965
2974
2979
2988
2993
2997
3007
3016
3016
3021
3021
3025
3030
3053
3109
3179
3254
3371
3492
3600
3642
3642
3600
3487
3221
2857
2409
1919
1470
1148
1031
1143
1456
1895
2362
2754
3016
3175
3259
3329
3366
3361
3357
3357
3361
3366
3366
3357
3338
3324
3310
3301
3287
3282
3273
3273
3268
3263
3263
3263
3268
3277
3282
3296
3305
3319
3329
3338
3347
3352
3361
3366
3371
3371
3375
3375
3380
3375
3375
3375
3375
3375
3375
3375
3375
3375
3380
3380
3385
3394
3399
3408
3417
3431
3455
3483
3516
3548
3567
3586
3600
3614
3628
3642
3646
3651
3651
3651
3642
3632
3623
3609
3595
3572
3525
3483
3422
3352
3277
3203
3123
3049
2979
2908
2838
2773
2712
2656
2610
2577
2540
2516
2498
2484
2470
2460
2451
2442
2432
2428
2423
2414
2409
2409
2404
2400
2400
2400
2400
2404
2409
2414
2423
2432
2437
2451
2456
2465
2474
2479
2484
2488
2498
2502
2507
2516
2521
2530
2540
2554
2563
2572
2577
2582
2586
2591
2596
2600
2600
2596
2600
2600
2600
2605
2605
2605
2605
2610
2610
2614
2614
2614
2614
2619
2619
2619
2619
2624
2624
2624
2628
2628
2628
2628
2633
2633
2638
2638
2638
2638
2638
2638
2638
2638
2638
2633
2633
2633
2633
2633
2633
2633
2633
2633
2633
2633
2633
2638
2638
2642
2642
2638
2638
2638
2638
2638
2638
2638
2638
2638
2642
2647
2652
2656
2661
2666
2670
2675
2680
2684
2684
2689
2689
2689
2694
2694
2694
2694
2698
2698
2694
2698
2694
2694
2694
2698
2698
2703
2708
2708
2712
2717
2717
2722
2722
2726
2726
2731
2736
2740
2740
2740
2740
2740
2740
2740
2740
2736
2731
2726
2722
2717
2712
2712
2712
2717
2717
2722
2726
2736
2740
2754
2764
2778
2796
2810
2824
2834
2843
2852
2866
2876
2885
2894
2904
2908
2918
2927
2932
2941
2941
2941
2937
2937
2941
2960
3011
3077
3156
3249
3324
3371
3399
3361
3235
2988
2642
2231
1793
1400
1143
1106
1209
1578
2068
2577
3007
3301
3408
3445
3455
3436
3408
3366
3305
3254
3212
3170
3147
3137
3128
3119
3109
3100
3091
3086
3081
3077
3077
3081
3086
3095
3105
3114
3133
3147
3156
3170
3184
3193
3198
3207
3212
3212
3212
3212
3217
3217
3217
3212
3212
3212
3217
3217
3221
3231
3235
3240
3245
3254
3268
3287
3305
3324
3343
3357
3380
3408
3436
3469
3506
3553
3586
3609
3623
3632
3642
3651
3656
3651
3646
3637
3623
3609
3586
3562
3516
3473
3422
3357
3291
3231
3156
3095
3039
2974
2922
2885
2838
2820
2810
2796
2787
2782
2773
2768
2773
2778
2778
2782
2787
2792
2801
2806
2810
2815
2820
2820
2824
2829
2829
2829
2829
2829
2829
2829
2834
2834
2834
2838
2843
2852
2857
2866
2871
2876
2880
2880
2885
2890
2894
2894
2894
2899
2899
2899
2904
2904
2904
2904
2904
2904
2904
2904
2904
2904
2904
2904
2904
2904
2904
2904
2899
2894
2890
2885
2885
2885
2880
2876
2876
2871
2866
2866
2866
2866
2866
2862
2866
2871
2871
2876
2876
2880
2885
2885
2885
2885
2885
2880
2880
2880
2876
2871
2866
2862
2857
2848
2843
2838
2829
2824
2820
2820
2820
2815
2815
2815
2815
2815
2815
2815
2815
2815
2815
2815
2815
2815
2815
2815
2815
2815
2820
2820
2820
2820
2824
2824
2829
2829
2834
2834
2834
2829
2829
2824
2820
2820
2815
2815
2815
2815
2815
2815
2815
2815
2815
2820
2815
2815
2815
2815
2815
2815
2815
2815
2815
2815
2815
2820
2820
2820
2820
2824
2824
2829
2829
2829
2834
2834
2834
2834
2834
2829
2824
2820
2820
2820
2820
2820
2820
2824
2824
2829
2838
2848
2857
2871
2880
2885
2890
2899
2904
2904
2908
2913
2918
2918
2922
2927
2927
2932
2932
2932
2932
2932
2932
2937
2946
2955
2993
3067
3170
3287
3413
3469
3506
3501
3380
3133
2759
2273
1736
1242
0873
0733
0854
1200
1690
2199
2605
2866
2974
3016
3053
3095
3133
3147
3151
3156
3156
3156
3151
3151
3147
3142
3137
3128
3128
3128
3123
3123
3123
3119
3119
3123
3123
3123
3128
3133
3137
3142
3147
3147
3151
3151
3151
3147
3147
3142
3137
3133
3133
3128
3128
3128
3133
3137
3142
3151
3161
3170
3179
3193
3212
3259
3296
3324
3352
3380
3408
3441
3469
3497
3520
3544
3562
3576
3590
3604
3614
3618
3618
3614
3609
3595
3581
3562
3539
3501
3459
3403
3338
3273
3207
3133
3063
2993
2922
2866
2806
2759
2726
2670
2647
2638
2624
2614
2605
2596
2586
2582
2582
2577
2577
2577
2577
2577
2577
2582
2582
2586
2591
2596
2600
2610
2619
2624
2633
2638
2647
2652
2661
2666
2675
2680
2689
2694
2703
2708
2712
2717
2717
2722
2726
2726
2731
2731
2736
2736
2740
2740
2740
2740
2745
2740
2740
2740
2740
2740
2740
2740
2745
2750
2750
2754
2754
2759
2759
2764
2764
2764
2768
2768
2768
2768
2768
2768
2768
2764
2764
2759
2754
2754
2750
2745
2745
2740
2740
2740
2736
2736
2736
2740
2740
2745
2750
2754
2754
2759
2759
2759
2759
2759
2759
2759
2754
2750
2750
2750
2750
2745
2745
2740
2736
2736
2736
2736
2736
2736
2736
2740
2740
2745
2745
2750
2754
2754
2759
2764
2764
2768
2773
2773
2778
2782
2782
2787
2787
2792
2792
2792
2792
2796
2796
2801
2810
2815
2815
2815
2815
2815
2815
2815
2815
2810
2810
2810
2810
2815
2820
2820
2824
2829
2829
2834
2838
2838
2843
2848
2848
2852
2857
2857
2862
2862
2862
2857
2848
2843
2834
2834
2829
2820
2815
2815
2810
2815
2815
2824
2829
2838
2848
2857
2866
2871
2880
2885
2894
2899
2904
2904
2908
2908
2913
2913
2918
2918
2918
2918
2918
2918
2922
2932
2965
3011
3091
3175
3310
3441
3501
3544
3544
3427
3184
2815
2344
1816
1312
0915
0765
0779
1022
1442
1914
2315
2605
2768
2852
2918
2997
3086
3142
3165
3179
3184
3179
3161
3137
3128
3119
3109
3100
3100
3100
3100
3100
3100
3100
3100
3100
3100
3100
3100
3100
3105
3105
3109
3109
3109
3109
3114
3114
3114
3114
3114
3114
3119
3123
3128
3133
3137
3147
3151
3161
3165
3179
3203
3231
3254
3277
3305
3333
3361
3389
3417
3445
3473
3501
3530
3562
3590
3614
3628
3642
3651
3656
3660
3665
3660
3651
3637
3623
3604
3581
3534
3492
3436
3366
3296
3221
3147
3077
3002
2927
2876
2834
2787
2745
2708
2675
2647
2633
2624
2614
2610
2600
2596
2591
2586
2586
2586
2586
2586
2586
2591
2596
2600
2600
2610
2614
2619
2628
2633
2642
2647
2656
2661
2670
2675
2684
2689
2698
2708
2722
2731
2745
2754
2759
2764
2764
2768
2768
2768
2764
2764
2764
2764
2764
2759
2754
2750
2745
2745
2740
2736
2736
2731
2731
2726
2726
2726
2726
2731
2731
2736
2740
2740
2745
2745
2745
2750
2750
2750
2754
2754
2750
2750
2745
2740
2736
2731
2731
2726
2726
2722
2722
2722
2717
2717
2717
2717
2717
2712
2712
2712
2708
2708
2708
2708
2708
2708
2708
2708
2708
2703
2703
2708
2708
2708
2712
2712
2712
2708
2708
2708
2708
2703
2703
2703
2708
2712
2717
2722
2726
2731
2736
2740
2740
2745
2750
2754
2759
2759
2764
2768
2768
2773
2773
2778
2778
2778
2778
2782
2787
2787
2792
2792
2796
2796
2801
2801
2806
2806
2810
2810
2810
2815
2815
2820
2820
2820
2824
2829
2834
2834
2838
2843
2843
2843
2843
2838
2838
2838
2838
2838
2838
2834
2834
2834
2834
2838
2848
2852
2862
2866
2876
2880
2885
2894
2899
2904
2904
2913
2918
2922
2927
2937
2941
2946
2951
2951
2951
2951
2955
2965
2979
3021
3095
3193
3305
3427
3548
3586
3595
3562
3389
3091
2698
2227
1722
1270
0966
0910
0971
1288
1708
2129
2465
2684
2834
2913
2997
3081
3156
3203
3221
3226
3231
3235
3231
3231
3231
3231
3226
3221
3221
3217
3217
3212
3212
3207
3207
3207
3207
3207
3207
3212
3212
3217
3217
3217
3217
3217
3217
3217
3212
3212
3212
3212
3207
3207
3207
3207
3212
3217
3221
3226
3235
3245
3254
3263
3287
3319
3338
3366
3399
3436
3478
3511
3539
3567
3604
3632
3660
3684
3693
3698
3702
3702
3707
3712
3716
3712
3698
3679
3651
3614
3558
3520
3469
3403
3338
3268
3198
3128
3063
2997
2937
2880
2834
2796
2750
2717
2698
2680
2666
2661
2652
2647
2642
2638
2633
2628
2624
2624
2624
2624
2624
2624
2624
2628
2633
2638
2642
2647
2652
2656
2661
2666
2675
2680
2684
2689
2698
2698
2703
2708
2712
2717
2722
2726
2726
2731
2731
2731
2736
2736
2736
2740
2740
2740
2745
2745
2745
2745
2745
2740
2740
2736
2736
2731
2731
2731
2726
2726
2722
2722
2722
2717
2717
2717
2717
2717
2717
2717
2722
2722
2722
2722
2726
2726
2726
2722
2717
2717
2717
2717
2712
2708
2708
2703
2703
2703
2703
2698
2698
2698
2703
2703
2703
2708
2703
2703
2703
2703
2703
2698
2698
2698
2698
2703
2703
2703
2708
2708
2708
2712
2712
2717
2717
2722
2726
2731
2736
2740
2745
2745
2750
2750
2750
2754
2754
2759
2764
2768
2773
2773
2782
2787
2792
2796
2801
2806
2806
2810
2815
2820
2824
2824
2829
2834
2834
2838
2838
2838
2838
2843
2843
2848
2848
2848
2848
2848
2852
2857
2862
2866
2871
2876
2880
2880
2885
2885
2885
2880
2880
2880
2876
2876
2871
2876
2880
2885
2894
2904
2913
2922
2932
2941
2951
2955
2965
2969
2979
2988
2993
2997
3002
3007
3011
3016
3021
3021
3021
3016
3021
3025
3044
3095
3161
3231
3352
3478
3581
3623
3623
3576
3445
3170
2782
2315
1825
1391
1115
1073
1167
1498
1947
2404
2782
3039
3175
3249
3282
3301
3315
3329
3343
3352
3357
3352
3333
3315
3296
3277
3259
3240
3231
3217
3207
3198
3189
3189
3189
3193
3198
3203
3207
3207
3212
3212
3212
3217
3212
3212
3212
3212
3207
3207
3203
3203
3198
3193
3193
3189
3189
3189
3189
3193
3198
3207
3212
3221
3231
3235
3249
3273
3301
3324
3347
3375
3403
3427
3445
3469
3483
3492
3506
3516
3525
3530
3530
3534
3530
3525
3516
3506
3492
3473
3436
3366
3305
3235
3165
3095
3030
2965
2899
2829
2764
2703
2652
2614
2577
2563
2554
2544
2540
2530
2526
2526
2521
2521
2521
2521
2526
2526
2530
2540
2544
2549
2554
2554
2558
2558
2558
2558
2558
2558
2558
2563
2563
2568
2572
2577
2582
2591
2596
2605
2610
2619
2628
2633
2642
2647
2652
2661
2666
2670
2675
2680
2684
2689
2694
2694
2689
2689
2689
2689
2689
2684
2684
2689
2689
2689
2689
2694
2694
2694
2694
2698
2698
2698
2698
2698
2698
2698
2698
2698
2694
2689
2689
2684
2684
2689
2689
2689
2689
2689
2689
2689
2689
2689
2689
2689
2684
2684
2684
2684
2684
2680
2680
2680
2680
2675
2675
2670
2670
2670
2670
2670
2670
2670
2670
2670
2670
2675
2675
2680
2680
2684
2689
2689
2694
2698
2708
2712
2712
2717
2722
2722
2726
2726
2731
2731
2736
2736
2740
2740
2740
2740
2740
2745
2745
2750
2750
2754
2754
2759
2759
2764
2764
2764
2764
2764
2764
2764
2764
2764
2768
2768
2768
2768
2764
2759
2750
2750
2745
2745
2740
2740
2740
2740
2740
2740
2745
2750
2759
2773
2782
2792
2801
2810
2824
2838
2848
2862
2871
2880
2885
2894
2899
2904
2904
2913
2918
2927
2932
2941
2946
2955
2979
3021
3100
3179
3263
3338
3385
3385
3357
3273
3067
2778
2409
1998
1596
1284
1195
1223
1494
1933
2423
2862
3161
3282
3329
3352
3347
3329
3296
3263
3217
3179
3165
3151
3142
3133
3128
3123
3119
3109
3105
3105
3105
3105
3109
3114
3119
3128
3133
3142
3151
3161
3170
3179
3189
3193
3198
3207
3207
3212
3212
3217
3217
3221
3221
3226
3231
3235
3240
3245
3249
3259
3263
3277
3291
3310
3324
3338
3352
3366
3385
3413
3441
3473
3501
3530
3553
3572
3586
3595
3604
3614
3623
3628
3628
3623
3618
3609
3595
3581
3548
3492
3436
3375
3310
3240
3170
3100
3035
2969
2908
2857
2806
2768
2736
2722
2717
2708
2703
2698
2689
2689
2684
2684
2689
2694
2698
2698
2703
2708
2717
2717
2722
2726
2731
2731
2736
2736
2740
2745
2750
2754
2759
2764
2768
2768
2778
2787
2796
2806
2815
2824
2829
2838
2843
2848
2852
2857
2866
2866
2871
2876
2876
2880
2880
2880
2880
2880
2880
2880
2876
2876
2876
2876
2876
2871
2871
2871
2871
2871
2866
2866
2866
2866
2866
2862
2862
2857
2857
2857
2857
2857
2857
2857
2857
2857
2857
2857
2862
2862
2866
2866
2871
2871
2876
2876
2876
2876
2876
2876
2876
2876
2876
2876
2880
2880
2876
2876
2871
2871
2871
2871
2871
2871
2866
2866
2871
2871
2871
2871
2871
2871
2866
2866
2866
2866
2866
2866
2862
2862
2857
2852
2852
2848
2848
2848
2848
2848
2848
2848
2848
2848
2848
2848
2848
2848
2848
2848
2852
2852
2852
2852
2852
2857
2857
2857
2857
2862
2862
2862
2866
2866
2866
2866
2866
2871
2871
2871
2871
2871
2876
2880
2885
2885
2890
2894
2899
2899
2894
2894
2890
2890
2885
2880
2880
2880
2880
2880
2880
2885
2890
2894
2899
2899
2904
2908
2918
2927
2932
2937
2941
2946
2946
2951
2951
2951
2951
2951
2955
2955
2960
2960
2969
2983
3002
3049
3114
3221
3338
3469
3530
3572
3562
3450
3212
2862
2409
1895
1386
0980
0826
0835
1087
1526
2012
2432
2722
2890
2974
3044
3114
3184
3217
3226
3231
3235
3240
3240
3235
3235
3235
3231
3226
3217
3212
3207
3203
3198
3193
3189
3189
3189
3184
3184
3179
3179
3179
3179
3175
3170
3165
3161
3151
3147
3137
3128
3119
3114
3105
3095
3086
3081
3072
3072
3081
3091
3109
3128
3147
3175
3212
3245
3277
3305
3333
3361
3389
3417
3445
3478
3516
3534
3548
3567
3576
3590
3595
3600
3600
3600
3595
3586
3572
3558
3539
3501
3436
3380
3319
3249
3175
3100
3030
2960
2904
2852
2796
2750
2712
2661
2638
2624
2610
2600
2591
2586
2582
2572
2572
2572
2568
2568
2568
2568
2568
2568
2572
2572
2572
2572
2577
2577
2582
2582
2586
2596
2610
2624
2638
2647
2656
2661
2670
2675
2680
2684
2694
2698
2703
2708
2712
2712
2717
2717
2717
2717
2722
2722
2722
2722
2722
2726
2726
2726
2726
2726
2722
2726
2726
2726
2731
2731
2731
2731
2731
2731
2736
2736
2736
2736
2740
2740
2740
2740
2745
2745
2750
2750
2750
2754
2754
2759
2764
2764
2768
2773
2773
2773
2778
2778
2778
2778
2773
2773
2768
2768
2768
2764
2764
2764
2764
2764
2764
2764
2764
2764
2764
2764
2764
2764
2759
2759
2759
2759
2759
2759
2759
2759
2759
2759
2759
2759
2759
2759
2759
2759
2759
2759
2759
2759
2759
2764
2768
2773
2778
2782
2787
2796
2801
2806
2810
2815
2820
2824
2824
2824
2820
2820
2820
2815
2810
2806
2801
2796
2792
2792
2787
2787
2782
2782
2782
2782
2782
2782
2782
2782
2782
2787
2787
2792
2796
2801
2806
2810
2815
2820
2820
2820
2820
2820
2820
2820
2820
2820
2820
2820
2820
2820
2820
2824
2829
2838
2848
2857
2866
2871
2880
2885
2890
2894
2899
2899
2904
2904
2904
2904
2908
2908
2908
2913
2918
2922
2927
2937
2955
2988
3044
3133
3249
3361
3478
3520
3539
3516
3371
3109
2740
2278
1774
1298
0938
0784
0868
1162
1592
2040
2414
2670
2829
2922
3016
3105
3142
3151
3165
3179
3193
3198
3203
3207
3203
3203
3198
3193
3189
3184
3179
3179
3175
3170
3170
3170
3165
3165
3165
3165
3165
3170
3170
3170
3170
3170
3165
3165
3161
3161
3156
3156
3151
3151
3151
3151
3147
3147
3147
3147
3151
3165
3189
3207
3231
3259
3282
3305
3324
3352
3394
3427
3459
3487
3516
3544
3558
3572
3586
3600
3604
3614
3614
3609
3609
3600
3590
3581
3562
3530
3469
3417
3361
3301
3240
3175
3105
3035
2969
2904
2848
2792
2731
2684
2656
2628
2596
2582
2577
2568
2558
2549
2544
2535
2530
2526
2526
2521
2521
2521
2521
2526
2526
2530
2540
2544
2549
2558
2568
2572
2577
2586
2591
2596
2600
2605
2614
2619
2628
2638
2647
2656
2666
2675
2684
2694
2698
2703
2712
2712
2717
2722
2722
2722
2722
2722
2717
2717
2717
2717
2717
2717
2717
2717
2722
2722
2722
2726
2726
2731
2736
2736
2740
2745
2745
2745
2750
2754
2754
2759
2759
2759
2764
2768
2768
2773
2773
2778
2778
2782
2782
2787
2787
2787
2787
2787
2782
2782
2782
2782
2782
2778
2778
2773
2773
2773
2773
2773
2773
2773
2778
2778
2782
2782
2782
2782
2782
2787
2787
2787
2787
2792
2792
2792
2796
2796
2796
2796
2796
2796
2796
2796
2801
2801
2801
2806
2806
2806
2806
2806
2806
2810
2810
2810
2810
2815
2815
2815
2820
2824
2824
2829
2829
2834
2838
2838
2843
2848
2852
2852
2857
2862
2862
2862
2866
2871
2871
2876
2880
2885
2885
2894
2899
2904
2904
2908
2913
2918
2922
2922
2918
2918
2913
2908
2908
2904
2904
2904
2904
2899
2899
2899
2904
2908
2918
2922
2932
2937
2941
2946
2951
2955
2960
2965
2969
2974
2979
2979
2979
2983
2983
2988
2988
2988
2993
2997
3007
3025
3067
3142
3245
3361
3478
3572
3609
3604
3534
3352
3030
2614
2119
1610
1172
0933
0905
1045
1400
1830
2222
2521
2712
2843
2922
3007
3091
3161
3207
3221
3226
3231
3226
3226
3221
3221
3221
3212
3207
3203
3198
3193
3189
3184
3179
3179
3175
3170
3170
3165
3165
3165
3165
3165
3161
3161
3156
3156
3151
3147
3147
3147
3142
3142
3142
3142
3147
3151
3156
3161
3170
3184
3193
3207
3221
3254
3287
3315
3352
3389
3422
3450
3473
3501
3525
3548
3572
3595
3614
3628
3642
3651
3660
3670
3674
3674
3670
3656
3642
3623
3595
3544
3501
3441
3375
3310
3235
3165
3091
3016
2946
2890
2824
2778
2745
2703
2675
2652
2633
2619
2605
2596
2591
2586
2577
2572
2568
2563
2558
2558
2558
2558
2563
2563
2568
2572
2577
2582
2586
2591
2600
2610
2619
2628
2638
2647
2656
2661
2675
2684
2694
2703
2717
2726
2731
2736
2740
2745
2745
2745
2750
2750
2750
2750
2750
2750
2750
2750
2750
2750
2750
2750
2754
2754
2754
2754
2754
2754
2754
2754
2754
2754
2754
2754
2754
2754
2754
2754
2750
2750
2750
2754
2754
2754
2754
2759
2759
2759
2759
2759
2764
2764
2764
2764
2768
2768
2768
2768
2768
2768
2768
2764
2764
2764
2764
2764
2759
2759
2759
2759
2759
2759
2759
2759
2759
2759
2759
2759
2754
2754
2754
2754
2750
2750
2745
2745
2745
2750
2754
2754
2759
2764
2764
2768
2768
2773
2773
2773
2773
2778
2778
2782
2787
2792
2792
2796
2801
2806
2806
2806
2810
2810
2815
2815
2820
2820
2824
2824
2829
2834
2834
2834
2838
2838
2843
2843
2848
2848
2848
2848
2852
2852
2857
2857
2862
2866
2871
2880
2885
2890
2890
2890
2890
2885
2885
2880
2876
2876
2871
2866
2866
2862
2866
2866
2871
2876
2885
2890
2894
2899
2904
2904
2908
2913
2918
2922
2932
2937
2937
2941
2951
2955
2965
2974
2979
2979
2983
2993
3002
3039
3109
3217
3338
3459
3558
3595
3595
3530
3357
3039
2619
2119
1610
1167
0924
0896
1045
1419
1877
2301
2624
2834
2969
3049
3123
3193
3221
3235
3245
3259
3263
3268
3268
3268
3263
3259
3249
3240
3235
3231
3226
3221
3217
3217
3217
3217
3221
3221
3221
3226
3231
3231
3235
3235
3240
3245
3245
3245
3240
3240
3235
3226
3217
3212
3203
3198
3193
3189
3184
3179
3179
3179
3184
3189
3198
3207
3217
3226
3240
3254
3287
3319
3352
3389
3427
3469
3492
3506
3520
3530
3539
3544
3548
3548
3544
3544
3534
3520
3511
3492
3459
3399
3338
3273
3203
3128
3053
2979
2904
2843
2787
2731
2680
2642
2600
2582
2572
2563
2554
2549
2544
2540
2535
2530
2530
2530
2530
2530
2530
2535
2535
2535
2535
2535
2535
2535
2540
2540
2544
2549
2554
2558
2563
2568
2577
2582
2591
2600
2610
2619
2624
2633
2642
2652
2661
2670
2675
2680
2684
2689
2689
2689
2689
2689
2684
2684
2684
2684
2684
2684
2689
2689
2689
2694
2694
2698
2698
2703
2703
2703
2703
2703
2703
2698
2698
2703
2703
2708
2708
2712
2717
2722
2722
2726
2726
2731
2731
2736
2736
2740
2740
2740
2740
2740
2740
2740
2740
2740
2745
2745
2745
2745
2750
2750
2754
2759
2764
2764
2764
2768
2768
2768
2768
2773
2773
2778
2778
2778
2778
2782
2782
2787
2792
2796
2801
2801
2806
2810
2810
2815
2820
2824
2829
2829
2834
2838
2848
2848
2857
2862
2866
2871
2871
2876
2876
2880
2880
2885
2890
2894
2894
2899
2899
2904
2904
2904
2904
2908
2908
2913
2913
2913
2913
2918
2913
2913
2913
2908
2908
2904
2904
2904
2904
2904
2904
2908
2913
2918
2927
2937
2946
2955
2965
2974
2979
2988
2997
3002
3007
3011
3016
3016
3016
3021
3021
3021
3025
3021
3021
3021
3025
3030
3049
3105
3170
3240
3361
3473
3516
3544
3534
3422
3193
2871
2456
1989
1540
1195
1092
1115
1386
1830
2329
2778
3095
3277
3347
3366
3380
3380
3375
3352
3324
3301
3268
3235
3207
3189
3170
3147
3128
3109
3091
3077
3067
3063
3053
3049
3049
3049
3049
3049
3053
3058
3067
3072
3077
3081
3086
3091
3091
3091
3091
3086
3081
3077
3067
3058
3049
3039
3030
3021
3011
3002
2993
2983
2974
2974
2974
2988
3002
3021
3044
3063
3095
3123
3147
3175
3203
3235
3263
3282
3291
3305
3315
3319
3324
3329
3324
3319
3305
3291
3273
3245
3198
3156
3100
3030
2960
2894
2829
2764
2703
2638
2586
2544
2493
2470
2456
2442
2437
2428
2423
2414
2409
2409
2409
2409
2409
2414
2418
2423
2432
2437
2442
2451
2456
2460
2470
2479
2484
2493
2502
2512
2521
2530
2540
2549
2554
2563
2568
2577
2586
2600
2614
2628
2647
2661
2680
2698
2717
2740
2754
2768
2778
2782
2782
2787
2787
2787
2782
2782
2782
2782
2782
2782
2787
2792
2796
2806
2815
2824
2834
2838
2848
2852
2862
2862
2866
2871
2871
2876
2876
2880
2885
2890
2894
2894
2899
2904
2904
2908
2913
2918
2922
2927
2932
2937
2941
2941
2946
2951
2955
2960
2965
2969
2974
2979
2988
2993
2997
3002
3007
3007
3011
3016
3016
3021
3025
3025
3030
3030
3035
3035
3035
3035
3039
3039
3044
3049
3049
3053
3058
3063
3067
3067
3072
3077
3081
3086
3086
3091
3095
3095
3100
3100
3100
3100
3100
3100
3105
3105
3105
3105
3105
3109
3109
3109
3109
3109
3109
3109
3109
3109
3105
3105
3105
3105
3100
3100
3105
3105
3105
3105
3105
3105
3105
3105
3100
3095
3095
3091
3086
3077
3072
3067
3063
3063
3058
3058
3063
3067
3072
3081
3086
3091
3095
3100
3105
3109
3114
3119
3123
3128
3133
3133
3133
3133
3133
3133
3137
3142
3151
3161
3170
3193
3221
3282
3375
3497
3623
3684
3726
3716
3609
3375
3025
2582
2063
1554
1143
0985
0989
1237
1676
2166
2591
2885
3035
3109
3161
3212
3263
3296
3305
3315
3319
3324
3319
3310
3296
3282
3273
3263
3259
3249
3245
3226
3221
3212
3193
3142
3063
3002
