1904
2034
2159
2273
2362
2412
2352
2272
2230
2192
2160
2134
2107
2079
2047
2009
1973
1938
1905
1851
1811
1799
1807
1834
1880
1937
2000
2040
2052
2034
1982
1899
1792
1658
1507
1364
1246
1179
1154
1154
1174
1205
1243
1268
1285
1291
1288
1281
1259
1212
1165
1120
1098
1086
1078
1074
1084
1101
1113
1125
1134
1140
1140
1139
1135
1130
1105
1062
1013
0982
0947
0914
0882
0850
0801
0747
0718
0694
0668
0640
0612
0564
0513
0482
0452
0425
0404
0380
0364
0353
0346
0347
0354
0365
0371
0377
0381
0386
0390
0394
0399
0404
0409
0414
0422
0439
0474
0512
0545
0577
0606
0625
0637
0652
0667
0686
0705
0712
0718
0723
0710
0689
0664
0643
0628
0612
0598
0585
0585
0599
0620
0651
0684
0711
0729
0743
0758
0778
0805
0835
0860
0877
0891
0904
0919
0944
0967
0981
0993
1003
1007
1010
1013
1015
1017
1019
1022
1023
1025
1025
1026
1027
1026
1026
1026
1026
1025
1026
1027
1027
1021
1010
0998
0979
0957
0941
0932
0923
0915
0909
0903
0897
0888
0874
0873
0886
0919
1007
1140
1321
1555
1839
2156
2494
2835
3168
3473
3730
3930
4058
4095
4091
4032
3936
3817
3681
3525
3358
3202
3076
2977
2890
2812
2737
2661
2588
2517
2452
2395
2340
2287
2238
2191
2163
2117
2071
2026
1982
1940
1895
1849
1799
1748
1699
1652
1623
1591
1565
1524
1483
1436
1405
1372
1337
1301
1266
1233
1202
1188
1179
1174
1170
1169
1170
1174
1180
1189
1220
1265
1332
1421
1521
1614
1682
1704
1696
1668
1587
1471
1326
1158
0992
0850
0752
0711
0696
0696
0711
0734
0765
0786
0799
0806
0807
0801
0791
0776
0752
0730
0704
0674
0639
0601
0565
0530
0499
0476
0458
0442
0435
0432
0428
0425
0422
0419
0416
0415
0413
0413
0413
0412
0413
0413
0416
0419
0423
0426
0430
0435
0438
0442
0445
0449
0453
0458
0464
0470
0475
0479
0482
0485
0488
0491
0493
0496
0500
0508
0519
0531
0546
0564
0578
0597
0621
0643
0667
0694
0720
0739
0748
0757
0766
0775
0783
0788
0793
0798
0804
0809
0816
0823
0830
0840
0850
0861
0871
0883
0895
0906
0916
0924
0931
0936
0942
0947
0951
0954
0956
0958
0962
0966
0972
0980
0990
1008
1037
1085
1128
1173
1198
1217
1230
1230
1214
1190
1154
1131
1118
1110
1103
1097
1091
1086
1075
1061
1048
1038
1029
1025
1032
1045
1060
1078
1101
1113
1121
1128
1134
1139
1142
1146
1148
1150
1151
1152
1153
1154
1154
1154
1155
1156
1157
1157
1156
1155
1153
1150
1145
1140
1136
1129
1116
1110
1112
1119
1140
1183
1234
1287
1342
1394
1446
1469
1483
1493
1478
1453
1425
1398
1373
1357
1347
1337
1327
1309
1281
1246
1211
1175
1141
1110
1079
1062
1051
1045
1045
1055
1067
1074
1081
1087
1092
1096
1098
1098
1095
1091
1087
1083
1078
1074
1070
1066
1061
1056
1051
1047
1043
1038
1031
1017
0989
0970
0956
0945
0938
0931
0928
0934
0948
0968
0999
1028
1050
1061
1067
1071
1067
1055
1041
1024
1007
0996
0989
0982
0977
0971
0966
0960
0947
0924
0899
0874
0849
0823
0796
0767
0743
0725
0709
0694
0678
0666
0654
0645
0645
0654
0682
0740
0826
0941
1077
1215
1330
1376
1369
1281
1109
0899
0701
0549
0462
0438
0434
0430
0428
0433
0445
0462
0491
0522
0555
0584
0605
0614
0618
0620
0621
0623
0623
0623
0623
0623
0622
0621
0620
0619
0619
0618
0619
0620
0621
0621
0622
0624
0626
0628
0630
0632
0637
0646
0668
0686
0702
0716
0729
0742
0752
0761
0768
0773
0776
0778
0780
0782
0783
0784
0785
0786
0788
0789
0790
0790
0789
0789
0787
0785
0783
0780
0775
0771
0766
0760
0748
0736
0725
0707
0680
0653
0626
0597
0571
0549
0525
0499
0471
0448
0432
0417
0402
0388
0371
0363
0359
0355
0352
0349
0347
0344
0340
0336
0333
0329
0325
0319
0311
0298
0286
0277
0273
0270
0267
0265
0262
0261
0258
0256
0253
0250
0248
0244
0239
0233
0224
0193
0167
0140
0112
0082
0047
0021
0009
0003
0000
0000
0001
0005
0012
0021
0037
0061
0096
0152
0223
0302
0375
0441
0502
0559
0612
0661
0682
0689
0678
0657
0630
0596
0577
0566
0561
0561
0562
0566
0574
0587
0603
0626
0640
0648
0651
0651
0650
0655
0687
0749
0826
0913
1015
1136
1271
1410
1544
1666
1769
1851
1920
1982
2040
2095
2142
2186
2230
2274
2320
2352
2393
2427
2458
2486
2504
2516
2525
2533
2541
2549
2562
2574
2586
2597
2610
2622
2630
2636
2642
2648
2655
2657
2661
2671
2685
2700
2722
2751
2777
2794
2803
2806
2805
2806
2808
2817
2852
2916
3015
3141
3283
3422
3533
3560
3550
3442
3266
3059
2868
2716
2617
2552
2527
2513
2504
2514
2546
2588
2634
2679
2723
2752
2777
2793
2802
2809
2812
2814
2814
2814
2816
2818
2818
2813
2807
2800
2790
2782
2775
2770
2766
2762
2757
2753
2751
2750
2750
2750
2750
2750
2750
2748
2745
2738
2722
2702
2682
2663
2645
2633
2621
2611
2603
2595
2588
2578
2567
2547
2524
2504
2482
2461
2445
2426
2404
2384
2367
2352
2339
2325
2304
2276
2249
2220
2188
2159
2134
2108
2081
2052
2023
1983
1952
1938
1932
1931
1927
1916
1900
1879
1856
1827
1798
1755
1694
1609
1523
1457
1400
1362
1314
1273
1235
1196
1167
1153
1140
1128
1115
1103
1092
1087
1079
1060
1023
0982
0944
0906
0870
0835
0803
0779
0759
0735
0723
0713
0700
0685
0666
0643
0617
0596
0581
0568
0558
0552
0549
0547
0544
0544
0544
0545
0547
0548
0546
0542
0539
0536
0532
0528
0524
0521
0515
0505
0488
0470
0447
0423
0399
0390
0385
0384
0386
0387
0389
0393
0401
0411
0418
0426
0431
0435
0439
0444
0452
0461
0469
0477
0484
0493
0500
0515
0531
0546
0560
0575
0591
0607
0619
0631
0641
0646
0648
0648
0645
0643
0645
0649
0653
0661
0671
0685
0703
0724
0747
0770
0787
0800
0810
0823
0834
0842
0850
0861
0871
0878
0881
0884
0888
0892
0897
0904
0910
0915
0922
0930
0937
0944
0952
0958
0960
0959
0957
0956
0958
0960
0961
0958
0958
0960
0969
0980
0988
0995
1002
1012
1024
1036
1044
1049
1054
1062
1071
1080
1088
1091
1094
1096
1098
1100
1102
1104
1104
1106
1109
1109
1106
1103
1100
1094
1087
1083
1082
1082
1084
1088
1089
1089
1101
1141
1216
1306
1415
1532
1640
1717
1730
1701
1575
1391
1184
0994
0849
0756
0728
0719
0710
0711
0731
0761
0804
0850
0897
0942
0984
1007
1017
1025
1032
1038
1041
1043
1045
1048
1054
1061
1065
1066
1067
1070
1074
1077
1077
1075
1073
1073
1074
1071
1067
1065
1065
1067
1071
1070
1064
1059
1057
1056
1051
1042
1030
1019
1012
1009
1009
1009
1009
1011
1016
1018
1020
1022
1023
1023
1019
1015
1010
1006
1003
1000
0994
0989
0983
0979
0974
0967
0962
0960
0958
0958
0957
0955
0952
0949
0948
0946
0942
0938
0934
0930
0930
0932
0936
0939
0944
0949
0953
0955
0958
0959
0961
0964
0966
0966
0965
0967
0971
0976
0980
0980
0977
0974
0972
0972
0973
0974
0972
0969
0969
0972
0975
0976
0977
0979
0980
0983
0987
0992
0999
1006
1015
1023
1029
1035
1042
1046
1050
1055
1062
1073
1089
1102
1116
1128
1135
1141
1147
1152
1154
1155
1159
1163
1169
1176
1183
1189
1194
1198
1203
1207
1209
1211
1213
1214
1217
1220
1224
1227
1228
1228
1227
1227
1227
1226
1225
1225
1226
1226
1226
1227
1229
1233
1237
1239
1241
1242
1247
1253
1259
1261
1262
1263
1264
1266
1265
1263
1258
1253
1248
1243
1239
1234
1229
1225
1220
1218
1215
1213
1210
1205
1196
1182
1170
1164
1158
1154
1147
1142
1138
1136
1136
1136
1134
1132
1131
1132
1132
1134
1135
1135
1135
1137
1139
1140
1140
1140
1145
1154
1213
1295
1404
1528
1647
1730
1761
1730
1634
1459
1250
1049
0887
0780
0740
0727
0720
0718
0728
0754
0793
0850
0895
0930
0965
0982
0995
1003
1007
1010
1012
1011
1008
1007
1006
1005
1006
1012
1019
1024
1032
1041
1048
1053
1056
1059
1062
1064
1065
1065
1063
1063
1063
1065
1065
1062
1059
1055
1052
1049
1045
1038
1031
1026
1025
1024
1024
1023
1021
1021
1023
1025
1027
1028
1028
1027
1026
1023
1022
1019
1016
1012
1006
1001
0995
0990
0985
0980
0975
0971
0969
0969
0971
0973
0973
0973
0979
0991
1008
1034
1054
1073
1092
1113
1129
1135
1137
1137
1140
1145
1152
1158
1165
1171
1175
1177
1179
1180
1180
1181
1182
1181
1178
1176
1172
1169
1166
1163
1158
1154
1152
1152
1151
1152
1155
1160
1167
1171
1175
1177
1179
1180
1181
1184
1187
1188
1188
1190
1191
1193
1197
1214
1235
1254
1270
1286
1304
1317
1328
1336
1344
1350
1357
1362
1365
1367
1369
1372
1372
1374
1375
1376
1376
1374
1373
1372
1371
1369
1368
1369
1369
1368
1368
1366
1366
1366
1366
1366
1366
1364
1363
1361
1359
1357
1356
1355
1355
1355
1357
1359
1361
1363
1366
1368
1369
1372
1374
1384
1424
1485
1549
1578
1590
1598
1600
1595
1583
1565
1535
1484
1419
1371
1353
1346
1345
1348
1349
1347
1342
1337
1332
1328
1318
1297
1276
1250
1218
1189
1168
1154
1149
1147
1145
1143
1140
1140
1143
1146
1148
1151
1153
1154
1158
1163
1178
1212
1273
1353
1444
1539
1629
1705
1728
1741
1736
1664
1571
1472
1375
1277
1163
1030
0888
0774
0736
0738
0788
0849
0895
0908
0923
0942
0958
0989
1066
1140
1180
1192
1173
1120
1053
0992
0935
0909
0896
0887
0881
0880
0882
0886
0887
0885
0881
0877
0876
0875
0874
0874
0876
0881
0887
0892
0894
0899
0905
0912
0918
0925
0932
0937
0942
0946
0947
0949
0951
0953
0955
0958
0961
0966
0970
0974
0976
0977
0975
0973
0969
0961
0952
0939
0926
0910
0914
0940
0992
1048
1070
1079
1084
1089
1087
1078
1048
1001
0936
0856
0823
0808
0803
0803
0807
0816
0827
0836
0846
0858
0871
0882
0892
0898
0905
0913
0918
0923
0928
0933
0940
0948
0956
0962
0970
0980
0988
0997
1005
1015
1023
1029
1034
1038
1039
1040
1040
1039
1039
1038
1037
1037
1037
1036
1034
1032
1030
1028
1027
1027
1029
1030
1031
1032
1034
1036
1037
1038
1041
1044
1046
1048
1051
1053
1056
1058
1060
1062
1065
1067
1071
1074
1078
1081
1084
1087
1089
1092
1095
1098
1100
1102
1105
1108
1110
1112
1115
1117
1120
1122
1124
1126
1127
1130
1134
1140
1151
1171
1192
1220
1250
1275
1301
1324
1338
1339
1340
1341
1341
1339
1337
1333
1328
1324
1319
1315
1313
1311
1311
1311
1311
1312
1313
1314
1316
1318
1320
1322
1325
1327
1328
1331
1333
1335
1335
1336
1335
1334
1332
1330
1328
1326
1322
1318
1315
1312
1308
1305
1301
1298
1295
1293
1291
1289
1288
1287
1287
1288
1289
1290
1291
1292
1293
1294
1294
1295
1297
1301
1306
1322
1359
1422
1504
1611
1735
1858
1941
1970
1935
1828
1634
1418
1219
1067
0970
0935
0919
0914
0921
0938
0964
1003
1046
1086
1120
1154
1179
1196
1207
1216
1219
1223
1226
1229
1232
1234
1235
1236
1235
1235
1235
1234
1232
1229
1226
1222
1219
1213
1208
1203
1198
1196
1194
1191
1188
1186
1183
1181
1179
1176
1176
1174
1174
1173
1172
1171
1170
1168
1167
1165
1162
1158
1155
1153
1151
1150
1151
1155
1163
1173
1182
1192
1202
1219
1229
1228
1227
1227
1228
1229
1229
1230
1228
1223
1218
1213
1208
1205
1202
1198
1196
1192
1187
1181
1175
1170
1165
1159
1154
1150
1146
1142
1139
1136
1134
1132
1131
1127
1123
1119
1113
1108
1101
1095
1089
1083
1075
1067
1062
1059
1055
1052
1049
1046
1045
1042
1041
1040
1039
1038
1037
1034
1032
1030
1028
1025
1023
1022
1020
1019
1017
1016
1014
1013
1011
1009
1007
1006
1004
1003
1002
1001
1001
1000
0998
0997
0995
0994
0992
0990
0988
0986
0984
0982
0980
0980
0978
0977
0975
0973
0971
0969
0968
0966
0965
0964
0963
0963
0963
0963
0964
0964
0965
0966
0966
0967
0968
0970
0971
0973
0975
0978
0980
0983
0986
0989
0993
0995
0998
1000
1002
1005
1009
1012
1015
1019
1022
1024
1026
1027
1029
1030
1032
1033
1035
1037
1039
1041
1043
1045
1045
1046
1046
1046
1045
1045
1045
1045
1045
1044
1044
1044
1044
1043
1043
1043
1044
1044
1045
1045
1047
1050
1053
1057
1061
1066
1073
1082
1089
1094
1098
1101
1104
1106
1108
1110
1112
1114
1117
1119
1120
1121
1121
1119
1117
1114
1110
1108
1105
1102
1099
1097
1095
1093
1091
1089
1086
1083
1080
1077
1075
1074
1074
1075
1077
1079
1081
1084
1087
1090
1095
1105
1127
1167
1229
1313
1415
1525
1633
1717
1736
1719
1614
1446
1250
1064
0920
0830
0798
0785
0784
0793
0807
0829
0853
0875
0911
0950
0993
1035
1077
1105
1126
1138
1146
1153
1158
1164
1170
1175
1180
1187
1194
1201
1209
1218
1229
1241
1248
1254
1259
1263
1267
1271
1275
1279
1283
1285
1288
1290
1292
1294
1296
1298
1300
1303
1306
1307
1310
1313
1316
1318
1321
1323
1325
1327
1328
1331
1333
1335
1337
1339
1340
1341
1342
1343
1345
1346
1348
1349
1350
1351
1352
1353
1353
1354
1355
1356
1357
1359
1360
1362
1365
1367
1369
1372
1374
1377
1380
1384
1389
1393
1398
1406
1414
1416
1417
1417
1418
1419
1419
1420
1420
1420
1420
1420
1419
1419
1418
1417
1416
1415
1414
1412
1409
1407
1404
1400
1394
1388
1381
1374
1368
1361
1355
1349
1343
1339
1336
1333
1330
1328
1325
1322
1319
1315
1311
1307
1304
1299
1294
1289
1285
1281
1277
1272
1267
1263
1259
1255
1251
1246
1242
1238
1233
1228
1224
1220
1218
1215
1213
1211
1210
1209
1209
1209
1209
1209
1209
1210
1210
1210
1210
1211
1211
1211
1211
1212
1212
1213
1214
1214
1214
1215
1215
1215
1215
1215
1214
1214
1213
1213
1212
1211
1211
1209
1208
1205
1203
1201
1198
1190
1182
1176
1172
1169
1167
1165
1163
1161
1159
1157
1155
1154
1153
1153
1153
1154
1154
1154
1156
1158
1161
1166
1171
1195
1254
1340
1447
1567
1688
1786
1834
1806
1693
1510
1294
1092
0940
0847
0811
0798
0792
0791
0797
0807
0835
0879
0928
0973
1013
1040
1053
1058
1061
1064
1066
1067
1068
1069
1069
1069
1069
1068
1068
1067
1067
1067
1067
1067
1068
1069
1071
1072
1074
1075
1077
1078
1080
1082
1085
1088
1090
1093
1096
1098
1100
1102
1103
1104
1106
1108
1110
1113
1117
1121
1125
1129
1132
1134
1137
1139
1140
1143
1145
1146
1146
1145
1143
1140
1137
1134
1132
1129
1126
1123
1120
1119
1118
1118
1119
1121
1124
1127
1130
1132
1136
1140
1145
1149
1154
1164
1178
1187
1192
1195
1197
1198
1199
1201
1202
1203
1203
1202
1200
1198
1195
1190
1183
1176
1170
1159
1146
1135
1122
1111
1104
1093
1087
1082
1079
1076
1073
1069
1067
1065
1062
1059
1057
1054
1052
1050
1048
1045
1043
1041
1038
1035
1032
1029
1027
1024
1023
1021
1020
1019
1019
1018
1018
1017
1016
1016
1015
1015
1014
1013
1012
1010
1009
1008
1006
1005
1003
1002
1001
1000
0997
0994
0991
0988
0985
0982
0980
0980
0978
0978
0977
0977
0977
0977
0976
0975
0974
0973
0971
0969
0968
0967
0966
0966
0966
0967
0968
0969
0971
0973
0975
0977
0979
0980
0981
0982
0984
0985
0986
0988
0989
0991
0993
0994
0996
0997
0998
0998
0998
0998
0998
0997
0997
0997
0998
0999
1000
1001
1002
1003
1004
1005
1005
1006
1006
1007
1007
1008
1009
1011
1012
1013
1014
1016
1017
1017
1017
1018
1018
1019
1020
1022
1023
1028
1037
1046
1052
1055
1057
1060
1062
1064
1066
1067
1069
1070
1072
1073
1074
1075
1076
1077
1078
1079
1080
1080
1079
1077
1075
1073
1071
1069
1067
1066
1065
1063
1061
1060
1059
1059
1059
1060
1061
1062
1064
1066
1068
1079
1108
1155
1228
1325
1444
1574
1698
1788
1815
1755
1613
1417
1208
1019
0873
0784
0748
0737
0742
0760
0789
0825
0864
0902
0939
0974
1006
1034
1059
1074
1083
1086
1089
1090
1092
1094
1095
1097
1098
1099
1099
1100
1100
1100
1100
1100
1100
1100
1100
1100
1101
1102
1103
1103
1104
1104
1104
1105
1106
1107
1109
1111
1114
1123
1132
1140
1147
1151
1152
1153
1153
1153
1153
1153
1153
1153
1152
1150
1149
1147
1146
1144
1143
1142
1140
1140
1139
1139
1138
1138
1139
1139
1140
1140
1141
1142
1143
1144
1145
1146
1148
1150
1152
1155
1162
1169
1175
1180
1186
1191
1197
1202
1208
1213
1218
1222
1227
1231
1235
1239
1242
1244
1246
1246
1246
1246
1246
1246
1246
1246
1246
1246
1245
1245
1244
1242
1241
1239
1237
1235
1234
1233
1232
1230
1229
1228
1227
1226
1225
1225
1226
1226
1226
1227
1228
1229
1230
1231
1232
1233
1234
1235
1236
1237
1239
1241
1241
1241
1239
1235
1231
1225
1219
1214
1211
1210
1209
1208
1208
1207
1207
1207
1207
1207
1207
1207
1207
1207
1206
1206
1206
1206
1207
1207
1207
1207
1208
1208
1208
1209
1210
1210
1212
1213
1216
1218
1222
1232
1240
1246
1251
1255
1257
1259
1260
1260
1261
1262
1263
1263
1263
1263
1263
1262
1261
1259
1258
1256
1255
1253
1251
1249
1243
1238
1233
1227
1220
1215
1209
1205
1201
1198
1197
1197
1198
1199
1203
1209
1219
1235
1250
1264
1278
1289
1300
1312
1326
1340
1368
1415
1487
1582
1689
1799
1887
1932
1908
1807
1645
1452
1269
1131
1047
1022
1012
1019
1037
1062
1086
1115
1146
1179
1211
1241
1268
1289
1297
1300
1298
1294
1291
1289
1288
1286
1285
1283
1281
1278
1276
1273
1271
1268
1263
1259
1254
1250
1246
1241
1238
1234
1230
1226
1222
1219
1216
1213
1210
1207
1204
1200
1197
1194
1190
1187
1184
1180
1175
1170
1166
1164
1162
1161
1160
1159
1157
1156
1154
1153
1151
1148
1143
1135
1128
1122
1118
1115
1110
1106
1101
1097
1093
1090
1089
1087
1086
1086
1088
1089
1092
1095
1102
1114
1125
1132
1140
1144
1147
1150
1152
1154
1154
1154
1154
1152
1150
1147
1144
1141
1137
1133
1129
1125
1120
1113
1104
1095
1087
1077
1067
1063
1060
1057
1055
1053
1051
1050
1050
1049
1050
1050
1051
1052
1053
1054
1055
1056
1057
1058
1060
1062
1065
1066
1066
1065
1063
1061
1058
1056
1059
1065
1074
1089
1103
1116
1126
1134
1142
1150
1158
1166
1172
1176
1177
1178
1178
1176
1171
1166
1156
1141
1133
1128
1125
1125
1129
1133
1136
1139
1142
1145
1147
1147
1146
1144
1142
1140
1137
1132
1127
1122
1117
1110
1095
1085
1079
1075
1074
1073
1073
1072
1072
1073
1073
1072
1072
1071
1071
1070
1069
1069
1068
1068
1068
1067
1067
1067
1067
1067
1066
1065
1065
1064
1064
1064
1065
1066
1067
1070
1072
1074
1076
1079
1081
1084
1088
1091
1094
1096
1098
1101
1103
1105
1106
1108
1110
1110
1112
1113
1117
1123
1129
1132
1135
1137
1139
1140
1140
1140
1138
1136
1133
1130
1124
1110
1103
1100
1097
1095
1093
1093
1093
1093
1093
1093
1094
1095
1096
1096
1094
1091
1089
1085
1083
1085
1089
1104
1137
1188
1262
1359
1477
1602
1712
1769
1767
1701
1546
1342
1138
0967
0848
0779
0757
0747
0746
0753
0774
0795
0821
0849
0881
0910
0939
0968
0994
1007
1016
1020
1023
1027
1032
1037
1042
1046
1050
1054
1058
1062
1066
1068
1070
1072
1073
1074
1074
1075
1076
1077
1078
1079
1080
1081
1081
1082
1082
1082
1084
1086
1089
1094
1100
1103
1105
1107
1109
1110
1111
1111
1112
1113
1114
1114
1115
1116
1117
1119
1120
1121
1122
1123
1124
1126
1127
1129
1132
1134
1138
1140
1142
1144
1147
1150
1153
1156
1160
1164
1169
1176
1185
1194
1203
1213
1221
1231
1241
1253
1265
1277
1285
1293
1302
1312
1318
1322
1325
1327
1328
1329
1330
1329
1328
1326
1322
1318
1314
1309
1303
1296
1291
1287
1285
1282
1280
1278
1275
1273
1270
1268
1266
1264
1262
1260
1258
1256
1254
1253
1254
1256
1259
1262
1264
1265
1267
1268
1270
1271
1272
1273
1274
1275
1276
1277
1279
1280
1281
1282
1283
1284
1284
1284
1284
1284
1283
1282
1281
1280
1279
1277
1276
1274
1272
1270
1268
1265
1263
1262
1260
1258
1256
1255
1253
1252
1250
1249
1248
1247
1246
1245
1243
1242
1241
1239
1236
1233
1230
1228
1225
1222
1219
1217
1215
1213
1211
1209
1207
1206
1204
1203
1202
1201
1199
1198
1198
1198
1197
1196
1195
1193
1191
1189
1186
1180
1175
1169
1166
1164
1162
1160
1158
1156
1155
1154
1153
1153
1152
1151
1151
1152
1152
1152
1153
1154
1155
1157
1162
1167
1173
1201
1259
1341
1448
1571
1694
1790
1830
1793
1675
1490
1281
1084
0926
0820
0762
0740
0733
0740
0761
0790
0823
0855
0887
0915
0946
0977
1003
1016
1021
1023
1024
1025
1026
1027
1028
1028
1028
1027
1025
1023
1022
1019
1017
1014
1012
1010
1007
1005
1003
1001
1000
0999
0997
0997
0996
0995
0995
0994
0994
0993
0992
0992
0992
0992
0992
0993
0993
0993
0993
0993
0993
0994
0994
0995
0996
0997
0998
0999
0999
0999
0997
0996
0994
0991
0989
0987
0985
0983
0980
0978
0974
0971
0968
0965
0964
0963
0963
0963
0964
0966
0968
0971
0974
0980
0991
1001
1013
1024
1032
1041
1048
1055
1061
1067
1069
1071
1074
1075
1077
1079
1080
1081
1082
1082
1082
1081
1080
1078
1076
1074
1071
1069
1067
1065
1063
1060
1057
1054
1052
1051
1052
1053
1055
1057
1060
1063
1067
1071
1074
1077
1078
1080
1081
1081
1081
1081
1080
1078
1075
1073
1071
1070
1069
1069
1069
1069
1069
1068
1068
1068
1067
1067
1067
1067
1066
1066
1066
1066
1066
1066
1066
1066
1066
1066
1066
1065
1065
1065
1065
1065
1065
1065
1065
1066
1066
1066
1066
1066
1065
1064
1063
1063
1063
1062
1063
1063
1063
1062
1062
1061
1060
1059
1058
1058
1058
1058
1058
1058
1058
1057
1056
1055
1054
1053
1053
1053
1054
1056
1058
1061
1064
1066
1068
1070
1074
1077
1080
1083
1085
1086
1088
1089
1092
1094
1098
1102
1107
1110
1113
1116
1118
1121
1122
1123
1123
1123
1124
1123
1123
1123
1124
1123
1115
1108
1101
1096
1092
1089
1085
1083
1085
1089
1091
1092
1094
1095
1096
1098
1100
1101
1101
1102
1105
1108
1121
1148
1192
1257
1345
1454
1573
1685
1766
1792
1746
1625
1446
1243
1055
0908
0813
0762
0750
0745
0753
0777
0805
0838
0880
0926
0971
1010
1043
1058
1070
1083
1092
1097
1103
1109
1111
1112
1114
1115
1116
1118
1120
1121
1122
1123
1123
1123
1124
1124
1125
1125
1126
1127
1128
1130
1131
1132
1134
1136
1138
1140
1141
1144
1148
1153
1156
1158
1160
1162
1164
1166
1167
1167
1168
1168
1168
1168
1168
1168
1167
1167
1166
1166
1167
1167
1168
1169
1171
1172
1174
1176
1177
1180
1188
1193
1195
1196
1198
1199
1200
1202
1203
1204
1205
1206
1208
1210
1214
1219
1227
1236
1250
1261
1266
1271
1274
1275
1275
1274
1274
1273
1273
1273
1273
1272
1272
1271
1271
1269
1267
1264
1262
1259
1255
1251
1246
1242
1239
1235
1233
1231
1229
1227
1225
1224
1222
1221
1220
1219
1219
1219
1219
1218
1217
1217
1216
1215
1213
1212
1211
1210
1209
1208
1207
1207
1207
1206
1205
1204
1203
1202
1202
1201
1200
1199
1199
1198
1198
1199
1199
1198
1198
1198
1196
1195
1193
1191
1189
1187
1186
1185
1185
1184
1183
1182
1181
1179
1178
1176
1176
1174
1173
1172
1172
1171
1171
1171
1170
1170
1169
1168
1167
1166
1165
1164
1164
1164
1165
1166
1168
1169
1170
1171
1172
1172
1172
1172
1172
1173
1173
1174
1174
1174
1173
1173
1172
1172
1172
1172
1172
1172
1172
1173
1175
1176
1176
1178
1179
1180
1182
1184
1185
1187
1190
1194
1198
1200
1203
1205
1207
1209
1212
1214
1216
1217
1218
1219
1220
1219
1219
1216
1212
1208
1203
1197
1186
1177
1171
1167
1163
1160
1157
1154
1152
1150
1148
1146
1144
1142
1140
1137
1135
1134
1135
1137
1140
1146
1164
1199
1256
1334
1435
1550
1670
1772
1815
1807
1723
1558
1353
1154
0999
0893
0832
0811
0804
0803
0809
0828
0860
0898
0935
0970
1001
1030
1057
1082
1098
1106
1109
1110
1112
1113
1114
1115
1116
1117
1118
1118
1118
1118
1119
1119
1119
1120
1120
1120
1120
1121
1121
1122
1122
1123
1124
1124
1125
1125
1126
1127
1128
1129
1130
1132
1132
1133
1135
1136
1137
1139
1140
1140
1140
1141
1143
1144
1146
1148
1149
1150
1150
1149
1148
1146
1143
1140
1138
1134
1132
1128
1125
1122
1120
1118
1116
1114
1113
1111
1110
1110
1110
1110
1111
1114
1118
1122
1127
1133
1140
1146
1154
1162
1166
1168
1169
1171
1172
1173
1174
1174
1175
1175
1175
1174
1172
1169
1167
1164
1161
1158
1155
1154
1153
1151
1150
1148
1147
1146
1144
1143
1142
1141
1140
1140
1140
1139
1139
1139
1139
1139
1139
1139
1139
1140
1140
1140
1140
1140
1141
1141
1141
1141
1140
1140
1140
1140
1140
1140
1140
1140
1140
1140
1140
1140
1140
1140
1140
1140
1145
1150
1152
1154
1154
1156
1157
1159
1160
1161
1162
1163
1164
1164
1165
1165
1166
1166
1166
1166
1166
1167
1167
1168
1168
1169
1169
1169
1170
1170
1170
1170
1170
1171
1172
1172
1172
1168
1163
1158
1155
1153
1150
1147
1144
1142
1140
1140
1140
1140
1140
1140
1140
1141
1141
1141
1141
1141
1141
1141
1141
1141
1141
1141
1141
1141
1142
1144
1145
1147
1149
1152
1154
1159
1174
1181
1186
1190
1192
1193
1193
1191
1187
1183
1177
1167
1158
1147
1132
1122
1116
1112
1110
1110
1110
1110
1110
1110
1109
1109
1109
1109
1110
1110
1111
1114
1121
1141
1180
1241
1329
1442
1570
1695
1790
1827
1780
1649
1457
1244
1051
0904
0813
0775
0762
0769
0779
0794
0823
0857
0894
0930
0966
1005
1041
1070
1086
1093
1097
1100
1102
1105
1109
1111
1114
1116
1117
1118
1120
1121
1121
1122
1124
1125
1127
1128
1129
1130
1130
1130
1130
1130
1130
1130
1130
1130
1130
1131
1131
1132
1132
1133
1134
1135
1136
1137
1139
1140
1140
1141
1142
1143
1144
1146
1147
1148
1150
1152
1154
1155
1156
1157
1157
1157
1156
1155
1154
1152
1149
1147
1145
1142
1139
1135
1133
1133
1135
1139
1142
1150
1162
1174
1185
1197
1209
1216
1219
1222
1225
1227
1228
1229
1230
1231
1232
1234
1236
1237
1237
1236
1233
1230
1227
1224
1221
1218
1214
1210
1206
1202
1197
1190
1183
1176
1172
1169
1166
1164
1161
1159
1157
1156
1154
1151
1145
1139
1132
1128
1123
1117
1114
1112
1110
1109
1108
1106
1104
1103
1101
1100
1097
1094
1089
1084
1078
1074
1071
1068
1066
1063
1060
1058
1055
1052
1047
1045
1042
1041
1040
1039
1038
1037
1037
1036
1036
1036
1036
1036
1036
1036
1037
1038
1040
1041
1042
1043
1045
1046
1048
1050
1052
1054
1056
1058
1060
1061
1063
1064
1065
1065
1065
1064
1063
1061
1058
1056
1053
1049
1045
1042
1038
1035
1032
1030
1030
1034
1039
1042
1045
1046
1048
1050
1052
1053
1055
1056
1057
1059
1061
1069
1093
1131
1185
1263
1368
1490
1616
1725
1777
1771
1692
1527
1322
1116
0947
0840
0784
0762
0741
0715
0718
0764
0906
1086
1247
1350
1369
1321
1239
1157
1093
1055
1043
1048
1057
1067
1070
1071
1073
1074
1074
1075
1075
1076
1077
1078
1079
1080
1080
1081
1081
1082
1083
1084
1084
1085
1086
1087
1088
1088
1089
1089
1089
1090
1091
1092
1093
1094
1094
1095
1096
1097
1098
1100
1101
1103
1105
1111
1116
1120
1123
1124
1126
1126
1127
1128
1128
1129
1130
1131
1132
1132
1132
1133
1134
1135
1136
1137
1138
1140
1143
1147
1151
1154
1157
1161
1166
1172
1177
1184
1193
1201
1210
1217
1222
1227
1230
1232
1234
1235
1237
1238
1238
1238
1238
1238
1237
1235
1234
1232
1229
1227
1225
1222
1219
1217
1214
1211
1209
1207
1205
1203
1202
1201
1200
1200
1199
1198
1198
1197
1196
1194
1193
1192
1192
1191
1190
1190
1189
1188
1187
1186
1185
1183
1181
1179
1177
1176
1174
1173
1171
1169
1167
1165
1162
1158
1154
1150
1145
1141
1139
1137
1134
1133
1132
1131
1129
1128
1127
1126
1125
1124
1123
1122
1120
1118
1112
1106
1103
1101
1099
1098
1096
1095
1094
1093
1092
1091
1091
1091
1091
1092
1093
1094
1095
1097
1098
1099
1101
1102
1102
1103
1104
1105
1107
1109
1110
1112
1113
1115
1116
1118
1120
1121
1122
1122
1124
1125
1127
1131
1133
1134
1132
1129
1125
1120
1112
1106
1099
1092
1089
1089
1088
1087
1086
1085
1084
1083
1083
1083
1083
1083
1083
1084
1085
1086
1087
1089
1089
1091
1100
1120
1154
1207
1283
1378
1488
1600
1693
1740
1715
1610
1438
1238
1046
0895
0800
0748
0726
0719
0725
0742
0772
0808
0852
0895
0930
0957
0979
1001
1016
1028
1035
1041
1046
1050
1053
1056
1059
1061
1063
1064
1066
1067
1067
1068
1070
1072
1075
1079
1084
1093
1110
1123
1135
1144
1151
1156
1160
1163
1166
1167
1167
1166
1164
1162
1161
1160
1163
1171
1181
1195
1206
1219
1231
1244
1251
1254
1257
1259
1260
1261
1262
1262
1263
1262
1262
1261
1259
1257
1255
1253
1250
1246
1238
1228
1221
1217
1214
1211
1208
1206
1205
1204
1203
1203
1202
1201
1200
1200
1201
1204
1207
1210
1212
1214
1217
1219
1220
1221
1221
1221
1219
1219
1217
1215
1213
1211
1208
1205
1202
1199
1197
1194
1190
1186
1182
1178
1175
1170
1167
1165
1162
1160
1158
1156
1154
1154
1152
1150
1148
1146
1144
1141
1139
1137
1134
1132
1131
1130
1129
1128
1127
1126
1124
1123
1122
1120
1119
1117
1115
1113
1111
1110
1106
1099
1092
1089
1085
1082
1080
1078
1076
1074
1072
1070
1068
1067
1064
1062
1060
1057
1055
1053
1050
1048
1045
1044
1042
1040
1037
1034
1031
1029
1028
1028
1030
1033
1036
1040
1044
1050
1056
1062
1065
1066
1067
1068
1069
1070
1072
1073
1074
1075
1077
1078
1079
1080
1081
1082
1084
1085
1086
1087
1088
1088
1089
1089
1089
1090
1090
1091
1091
1091
1092
1092
1092
1092
1093
1093
1093
1093
1093
1093
1093
1094
1095
1096
1097
1099
1100
1101
1103
1104
1106
1108
1110
1113
1117
1121
1123
1126
1128
1130
1131
1132
1134
1135
1136
1138
1139
1140
1140
1140
1141
1141
1142
1142
1142
1142
1143
1144
1145
1142
1137
1130
1117
1110
1108
1105
1103
1102
1101
1100
1100
1101
1102
1103
1104
1106
1108
1110
1114
1118
1124
1140
1181
1241
1322
1422
1537
1649
1733
1763
1718
1597
1418
1219
1033
0889
0797
0753
0739
0741
0751
0774
0807
0850
0896
0938
0971
0997
1012
1027
1042
1050
1056
1061
1066
1068
1070
1072
1073
1074
1076
1077
1079
1081
1082
1084
1086
1088
1089
1091
1094
1097
1100
1102
1105
1106
1108
1110
1111
1114
1117
1120
1124
1127
1131
1133
1137
1140
1144
1148
1150
1152
1154
1155
1156
1158
1159
1160
1160
1160
1160
1159
1157
1155
1154
1152
1149
1147
1145
1143
1142
1141
1140
1138
1135
1133
1132
1130
1128
1127
1126
1126
1127
1128
1129
1130
1132
1134
1136
1139
1142
1145
1152
1165
1177
1184
1190
1195
1198
1199
1200
1201
1202
1202
1202
1202
1202
1202
1202
1202
1201
1201
1201
1200
1200
1201
1201
1201
1201
1201
1202
1203
1204
1206
1207
1209
1211
1214
1219
1225
1229
1233
1237
1241
1244
1248
1253
1258
1263
1267
1272
1278
1284
1288
1294
1300
1306
1313
1320
1327
1329
1331
1332
1334
1336
1338
1339
1340
1341
1342
1343
1344
1344
1344
1343
1341
1340
1339
1338
1337
1337
1336
1335
1334
1333
1332
1331
1330
1328
1326
1324
1321
1319
1316
1312
1309
1306
1305
1302
1300
1297
1294
1292
1289
1287
1285
1285
1283
1281
1278
1275
1271
1266
1262
1255
1245
1232
1220
1211
1204
1198
1193
1189
1186
1184
1182
1180
1178
1177
1176
1176
1176
1176
1176
1177
1177
1179
1181
1183
1186
1197
1225
1273
1345
1440
1554
1675
1784
1839
1836
1768
1611
1407
1199
1026
0906
0840
0822
0815
0823
0844
0871
0903
0937
0971
1001
1029
1056
1084
1103
1121
1133
1139
1141
1142
1143
1144
1145
1146
1147
1148
1148
1149
1149
1148
1147
1145
1143
1141
1140
1138
1135
1133
1132
1130
1129
1128
1126
1124
1123
1121
1120
1119
1118
1117
1116
1116
1115
1115
1115
1115
1114
1113
1113
1112
1112
1111
1111
1111
1111
1111
1111
1110
1110
1110
1108
1107
1105
1103
1101
1100
1099
1098
1097
1097
1096
1095
1095
1093
1090
1088
1087
1087
1089
1093
1099
1107
1116
1126
1135
1143
1151
1157
1161
1162
1163
1163
1164
1164
1165
1165
1165
1164
1162
1161
1159
1157
1155
1153
1151
1151
1152
1154
1155
1157
1159
1162
1164
1164
1163
1160
1158
1156
1155
1154
1153
1151
1149
1147
1145
1144
1143
1142
1141
1141
1141
1141
1140
1140
1140
1139
1137
1136
1134
1132
1132
1130
1128
1126
1124
1122
1119
1113
1108
1104
1099
1095
1092
1089
1087
1083
1079
1075
1073
1071
1069
1068
1067
1067
1065
1064
1063
1062
1061
1059
1058
1057
1056
1056
1055
1053
1052
1050
1048
1046
1044
1041
1038
1035
1033
1032
1031
1030
1029
1028
1027
1026
1025
1024
1023
1022
1021
1019
1017
1016
1014
1013
1011
1009
1007
1005
1003
1001
1000
0998
0997
0997
0998
0998
0999
1000
1001
1001
1002
1004
1004
1005
1006
1007
1008
1009
1010
1011
1012
1013
1014
1016
1016
1017
1017
1018
1019
1021
1023
1024
1028
1033
1037
1042
1046
1051
1056
1060
1065
1068
1072
1076
1079
1083
1085
1086
1087
1088
1088
1088
1089
1089
1089
1089
1089
1087
1084
1082
1081
1080
1078
1076
1074
1073
1072
1072
1072
1072
1072
1073
1074
1075
1077
1079
1088
1111
1152
1215
1302
1412
1533
1651
1740
1775
1735
1619
1440
1234
1042
0891
0792
0751
0736
0735
0741
0758
0794
0838
0882
0922
0958
0988
1015
1038
1045
1050
1055
1058
1062
1066
1070
1078
1082
1085
1088
1089
1091
1093
1095
1096
1098
1099
1101
1103
1106
1109
1111
1113
1115
1118
1120
1124
1130
1136
1140
1144
1149
1154
1158
1160
1162
1164
1166
1168
1169
1170
1171
1172
1172
1173
1173
1173
1173
1173
1172
1172
1171
1171
1170
1169
1168
1166
1165
1163
1161
1160
1157
1154
1153
1151
1150
1149
1148
1147
1145
1144
1143
1143
1143
1146
1149
1153
1157
1166
1173
1179
1186
1195
1201
1206
1210
1211
1211
1212
1212
1212
1213
1213
1212
1209
1205
1201
1198
1192
1186
1181
1176
1173
1169
1166
1162
1157
1154
1152
1150
1149
1147
1146
1144
1143
1142
1140
1140
1138
1137
1136
1134
1133
1132
1131
1128
1126
1125
1122
1120
1118
1115
1112
1109
1106
1103
1100
1096
1093
1090
1089
1088
1087
1085
1084
1083
1083
1082
1082
1081
1081
1080
1080
1080
1080
1079
1079
1078
1078
1078
1078
1079
1079
1079
1079
1080
1081
1082
1083
1083
1084
1085
1086
1086
1087
1088
1089
1089
1090
1092
1095
1098
1101
1103
1106
1108
1110
1112
1115
1119
1125
1130
1132
1136
1138
1140
1141
1142
1145
1148
1151
1156
1175
1202
1235
1267
1298
1325
1350
1365
1374
1381
1381
1372
1361
1351
1349
1347
1345
1344
1348
1354
1359
1362
1366
1368
1369
1369
1367
1363
1359
1353
1345
1340
1336
1332
1332
1344
1374
1423
1490
1573
1667
1757
1829
1862
1835
1742
1590
1403
1217
1061
0952
0895
0876
0871
0878
0890
0904
0929
0958
0997
1035
1067
1091
1114
1138
1163
1188
1210
1221
1229
1234
1236
1234
1228
1219
1206
1198
1197
1195
1193
1192
1191
1189
1188
1186
1184
1183
1181
1179
1177
1176
1174
1168
1163
1158
1154
1150
1146
1142
1140
1138
1137
1135
1135
1134
1133
1133
1132
1132
1132
1131
1129
1128
1125
1122
1119
1117
1113
1109
1104
1101
1099
1098
1097
1096
1095
1094
1093
1092
1092
1092
1091
1092
1093
1094
1096
1098
1101
1104
1107
1112
1118
1123
1130
1137
1146
1155
1164
1171
1175
1177
1179
1181
1181
1182
1183
1183
1183
1184
1184
1184
1185
1185
1185
1185
1185
1184
1184
1184
1183
1182
1182
1181
1180
1179
1178
1177
1176
1176
1175
1174
1174
1173
1172
1171
1170
1169
1168
1167
1166
1166
1165
1165
1164
1164
1164
1164
1164
1164
1164
1164
1164
1164
1164
1164
1164
1164
1165
1165
1165
1166
1166
1167
1167
1168
1168
1168
1168
1168
1168
1168
1167
1167
1167
1168
1169
1169
1170
1170
1171
1172
1172
1174
1175
1176
1176
1178
1180
1181
1183
1184
1185
1187
1188
1189
1190
1191
1192
1193
1194
1195
1196
1197
1197
1198
1198
1199
1200
1201
1202
1204
1208
1211
1207
1200
1193
1183
1174
1170
1168
1166
1165
1163
1162
1161
1160
1159
1157
1156
1155
1154
1154
1153
1153
1152
1150
1147
1140
1139
1142
1154
1190
1247
1330
1437
1557
1676
1770
1817
1791
1687
1515
1308
1111
0957
0856
0812
0797
0802
0814
0843
0875
0908
0938
0966
0991
1014
1039
1065
1082
1096
1106
1110
1111
1112
1112
1113
1113
1114
1114
1114
1115
1115
1115
1115
1115
1114
1113
1112
1111
1110
1110
1109
1107
1107
1106
1106
1106
1106
1106
1105
1105
1105
1105
1105
1105
1105
1105
1105
1106
1107
1108
1110
1110
1110
1112
1113
1113
1112
1109
1105
1100
1095
1091
1088
1084
1081
1078
1076
1074
1073
1072
1070
1069
1068
1067
1067
1067
1067
1067
1067
1068
1070
1072
1076
1079
1084
1093
1100
1107
1111
1119
1130
1135
1139
1142
1146
1148
1149
1149
1147
1145
1143
1141
1140
1140
1138
1137
1136
1136
1135
1135
1134
1134
1133
1133
1132
1132
1131
1130
1128
1127
1126
1125
1124
1124
1123
1123
1122
1122
1121
1120
1119
1117
1116
1114
1113
1111
1110
1110
1109
1108
1107
1106
1106
1105
1104
1103
1102
1101
1100
1099
1098
1097
1096
1095
1094
1093
1092
1091
1091
1090
1089
1089
1089
1089
1089
1089
1089
1089
1089
1089
1088
1087
1086
1084
1083
1082
1081
1080
1078
1076
1074
1072
1071
1069
1067
1067
1065
1063
1062
1062
1061
1061
1060
1060
1059
1059
1058
1057
1055
1054
1052
1051
1051
1051
1051
1051
1051
1052
1052
1052
1053
1052
1052
1051
1050
1050
1051
1053
1056
1058
1060
1062
1064
1066
1067
1069
1071
1074
1076
1079
1082
1086
1089
1093
1097
1101
1105
1108
1110
1113
1116
1119
1121
1124
1127
1129
1132
1137
1141
1147
1151
1154
1158
1161
1164
1166
1167
1167
1168
1169
1170
1172
1173
1173
1172
1170
1166
1161
1154
1140
1134
1131
1128
1126
1125
1124
1123
1123
1124
1124
1126
1127
1129
1132
1135
1142
1152
1177
1219
1283
1369
1478
1599
1716
1802
1830
1780
1649
1459
1246
1056
0912
0823
0778
0759
0752
0758
0774
0808
0850
0892
0929
0960
0989
1017
1043
1063
1075
1085
1089
1093
1098
1103
1106
1109
1110
1111
1112
1113
1115
1116
1117
1118
1118
1119
1119
1120
1120
1121
1121
1122
1123
1124
1126
1127
1128
1130
1131
1132
1132
1132
1133
1134
1134
1135
1136
1136
1137
1138
1138
1138
1138
1137
1136
1135
1133
1132
1131
1129
1127
1125
1124
1123
1121
1119
1117
1115
1114
1112
1112
1112
1112
1112
1112
1113
1114
1115
1117
1118
1120
1122
1125
1132
1140
1148
1160
1170
1176
1181
1187
1192
1197
1201
1205
1207
1208
1210
1211
1212
1213
1214
1215
1215
1214
1211
1209
1206
1203
1201
1199
1198
1196
1194
1193
1192
1191
1190
1190
1189
1188
1187
1187
1186
1185
1184
1182
1181
1179
1177
1176
1175
1173
1171
1169
1167
1165
1162
1160
1158
1157
1157
1158
1159
1160
1161
1162
1164
1167
1169
1169
1169
1168
1166
1165
1165
1164
1163
1162
1160
1159
1158
1157
1155
1154
1154
1152
1150
1148
1146
1144
1143
1143
1143
1142
1142
1143
1143
1143
1144
1144
1143
1143
1143
1143
1143
1144
1144
1144
1144
1144
1144
1145
1145
1144
1144
1144
1144
1145
1145
1145
1146
1147
1148
1150
1151
1153
1154
1155
1158
1162
1165
1168
1170
1173
1176
1182
1191
1196
1197
1198
1198
1200
1201
1202
1202
1203
1203
1202
1202
1201
1200
1198
1196
1194
1192
1189
1185
1180
1176
1171
1167
1163
1159
1156
1154
1153
1152
1150
1149
1147
1146
1146
1147
1151
1155
1164
1191
1239
1307
1400
1512
1633
1742
1808
1811
1756
1609
1415
1213
1044
0926
0859
0823
0797
0788
0792
0804
0839
0884
0931
0974
1010
1040
1063
1081
1094
1101
1106
1110
1112
1114
1116
1118
1120
1122
1125
1128
1132
1134
1135
1136
1137
1138
1139
1140
1140
1141
1141
1142
1142
1142
1142
1142
1142
1142
1142
1142
1143
1143
1144
1144
1145
1145
1146
1147
1148
1148
1149
1150
1152
1154
1156
1157
1156
1154
1152
1149
1146
1143
1140
1136
1133
1130
1126
1122
1119
1117
1115
1113
1111
1110
1109
1109
1108
1108
1108
1109
1110
1110
1112
1115
1118
1121
1125
1132
1138
1143
1150
1156
1161
1165
1167
1170
1173
1174
1174
1172
1168
1164
1161
1159
1158
1156
1154
1153
1151
1150
1149
1148
1147
1146
1145
1144
1144
1144
1143
1142
1141
1140
1139
1138
1137
1136
1135
1133
1132
1131
1130
1129
1128
1126
1125
1123
1122
1121
1121
1120
1120
1120
1120
1120
1120
1121
1121
1121
1121
1121
1121
1121
1122
1122
1122
1122
1122
1122
1123
1124
1125
1126
1126
1127
1129
1130
1132
1132
1133
1134
1135
1136
1138
1140
1140
1142
1143
1144
1145
1146
1147
1147
1147
1147
1148
1148
1149
1150
1151
1151
1152
1153
1153
1153
1152
1151
1149
1146
1144
1142
1140
1135
1131
1128
1125
1124
1123
1121
1120
1119
1117
1116
1115
1115
1115
1115
1115
1116
1117
1118
1120
1122
1126
1129
1142
1175
1223
1293
1382
1486
1594
1693
1754
1756
1703
1560
1363
1154
0979
0859
0810
0793
0791
0797
0812
0832
0864
0904
0945
0979
1001
1022
1043
1066
1081
1094
1104
1110
1114
1116
1117
1118
1119
1119
1120
1120
1120
1120
1120
1120
1120
1120
1120
1120
1119
1118
1118
1118
1120
1122
1123
1124
1124
1126
1127
1129
1130
1131
1132
1132
1132
1133
1133
1133
1133
1133
1134
1137
1139
1140
1140
1140
1140
1140
1140
1139
1138
1137
1136
1134
1133
1131
1128
1125
1122
1120
1118
1115
1113
1111
1110
1108
1108
1108
1109
1110
1111
1113
1116
1121
1130
1137
1146
1159
1168
1174
1177
1178
1179
1179
1179
1179
1179
1180
1180
1180
1181
1181
1181
1181
1181
1180
1180
1179
1179
1179
1178
1178
1177
1177
1176
1176
1175
1175
1174
1174
1174
1173
1173
1173
1172
1172
1172
1171
1171
1170
1170
1169
1169
1169
1170
1170
1170
1170
1170
1170
1170
1169
1168
1168
1167
1166
1166
1165
1164
1164
1163
1163
1162
1161
1159
1158
1156
1154
1153
1151
1149
1147
1145
1142
1140
1138
1135
1132
1131
1129
1127
1124
1118
1110
1109
1108
1107
1106
1105
1105
1105
1105
1106
1107
1108
1109
1109
1110
1110
1110
1111
1111
1110
1110
1110
1110
1109
1107
1106
1105
1103
1102
1101
1101
1099
1098
1096
1095
1094
1094
1094
1094
1094
1095
1095
1096
1097
1097
1098
1098
1098
1098
1099
1100
1101
1102
1103
1105
1107
1109
1111
1114
1116
1117
1118
1119
1120
1121
1122
1123
1125
1126
1128
1129
1131
1132
1132
1131
1130
1130
1129
1128
1126
1125
1123
1121
1120
1118
1117
1114
1108
1102
1096
1093
1090
1088
1086
1084
1083
1082
1082
1082
1083
1083
1085
1087
1089
1093
1109
1144
1198
1273
1372
1488
1605
1700
1751
1732
1635
1471
1273
1077
0912
0798
0736
0718
0712
0722
0754
0792
0829
0871
0914
0956
0995
1031
1062
1084
1092
1099
1103
1106
1108
1109
1110
1111
1113
1114
1116
1117
1119
1120
1121
1122
1124
1126
1129
1131
1133
1137
1140
1147
1153
1157
1161
1164
1167
1171
1175
1178
1183
1189
1197
1198
1198
1199
1199
1199
1199
1199
1199
1200
1200
1200
1200
1200
1199
1199
1198
1198
1197
1196
1194
1193
1191
1190
1188
1186
1183
1178
1175
1173
1172
1171
1170
1169
1168
1168
1168
1168
1169
1171
1173
1176
1180
1188
1196
1204
1213
1220
1230
1243
1256
1264
1271
1274
1275
1276
1277
1278
1279
1279
1280
1280
1280
1280
1280
1280
1280
1280
1280
1280
1280
1280
1281
1281
1282
1282
1282
1282
1282
1281
1281
1281
1281
1282
1283
1285
1287
1286
1284
1283
1282
1282
1281
1280
1279
1278
1277
1275
1275
1274
1273
1273
1273
1272
1272
1272
1271
1270
1268
1267
1265
1264
1263
1262
1261
1260
1259
1258
1257
1256
1254
1251
1246
1241
1235
1231
1229
1227
1225
1223
1221
1219
1217
1215
1213
1211
1210
1209
1208
1207
1205
1204
1203
1201
1200
1198
1198
1197
1195
1194
1193
1192
1190
1189
1186
1182
1178
1175
1172
1170
1168
1167
1167
1166
1166
1165
1165
1165
1165
1165
1164
1163
1162
1162
1161
1161
1160
1160
1159
1159
1159
1158
1158
1157
1155
1154
1153
1151
1149
1146
1144
1141
1138
1133
1127
1121
1114
1111
1110
1107
1105
1103
1101
1100
1100
1100
1100
1101
1102
1103
1106
1109
1112
1127
1160
1216
1296
1399
1520
1643
1747
1787
1777
1685
1512
1300
1095
0928
0817
0759
0737
0729
0734
0748
0780
0819
0863
0906
0940
0967
0991
1005
1016
1023
1029
1036
1041
1045
1049
1053
1056
1058
1059
1061
1062
1063
1065
1066
1067
1068
1070
1071
1073
1074
1075
1076
1076
1077
1078
1079
1080
1081
1082
1083
1084
1085
1085
1086
1086
1087
1087
1087
1087
1087
1087
1087
1088
1088
1087
1087
1087
1086
1086
1085
1084
1083
1081
1080
1078
1077
1075
1073
1069
1059
1055
1052
1050
1049
1047
1046
1045
1046
1048
1050
1052
1054
1056
1059
1062
1065
1067
1071
1076
1087
1102
1110
1114
1117
1119
1120
1122
1123
1124
1125
1126
1126
1127
1127
1127
1127
1126
1125
1122
1120
1118
1117
1116
1115
1114
1112
1112
1111
1110
1110
1110
1110
1109
1109
1109
1109
1108
1107
1107
1106
1105
1105
1104
1104
1103
1103
1102
1102
1102
1102
1102
1101
1101
1099
1098
1097
1097
1097
1098
1099
1100
1101
1102
1104
1106
1107
1105
1102
1098
1096
1094
1093
1092
1090
1089
1088
1087
1086
1085
1084
1083
1082
1081
1080
1079
1079
1079
1078
1078
1077
1077
1076
1076
1075
1074
1073
1073
1072
1071
1070
1070
1069
1068
1068
1067
1067
1067
1067
1067
1067
1067
1067
1066
1065
1064
1063
1061
1060
1059
1058
1056
1055
1053
1052
1049
1046
1042
1035
1027
1023
1022
1019
1016
1014
1012
1011
1011
1010
1011
1011
1012
1014
1015
1017
1019
1021
1024
1028
1033
1041
1065
1109
1175
1263
1371
1487
1595
1657
1659
1605
1462
1276
1080
0910
0790
0721
0687
0676
0679
0690
0718
0758
0804
0848
0884
0911
0932
0954
0968
0980
0991
1001
1010
1018
1023
1028
1031
1033
1035
1036
1037
1038
1039
1041
1042
1043
1045
1046
1048
1050
1053
1056
1059
1061
1063
1065
1066
1067
1067
1067
1068
1069
1070
1071
1073
1073
1074
1074
1074
1074
1073
1072
1071
1070
1068
1067
1067
1066
1064
1063
1061
1059
1056
1053
1051
1048
1045
1042
1040
1037
1035
1032
1030
1029
1029
1031
1034
1039
1043
1046
1051
1057
1061
1065
1067
1071
1074
1078
1081
1085
1088
1092
1097
1106
1110
1112
1113
1114
1115
1116
1116
1117
1117
1117
1117
1116
1116
1115
1114
1113
1112
1111
1110
1110
1109
1108
1107
1105
1104
1105
1107
1110
1113
1119
1128
1137
1144
1151
1157
1162
1168
1173
1177
1183
1188
1193
1197
1200
1202
1203
1204
1205
1206
1206
1206
1207
1207
1207
1208
1208
1209
1210
1211
1212
1213
1215
1216
1217
1218
1219
1219
1220
1221
1221
1222
1223
1224
1225
1226
1227
1228
1229
1230
1231
1232
1232
1232
1232
1232
1233
1233
1234
1234
1235
1236
1238
1240
1241
1241
1240
1237
1235
1233
1232
1230
1228
1225
1224
1222
1221
1220
1219
1217
1216
1215
1214
1213
1211
1210
1208
1207
1206
1206
1207
1208
1210
1212
1215
1218
1220
1225
1230
1234
1238
1241
1245
1248
1251
1253
1254
1255
1255
1255
1255
1256
1256
1256
1257
1257
1257
1257
1255
1254
1252
1250
1247
1245
1241
1238
1234
1230
1224
1218
1212
1207
1202
1199
1196
1194
1191
1189
1186
1184
1181
1179
1177
1177
1179
1183
1190
1212
1251
1310
1392
1495
1611
1724
1807
1836
1787
1661
1480
1277
1091
0955
0874
0843
0831
0830
0835
0849
0872
0906
0944
0980
1012
1038
1059
1073
1086
1095
1105
1111
1117
1122
1126
1128
1131
1132
1135
1138
1141
1145
1148
1150
1152
1153
1154
1155
1155
1155
1155
1155
1155
1154
1154
1154
1152
1151
1149
1146
1143
1142
1144
1145
1146
1147
1147
1148
1148
1148
1149
1149
1150
1150
1150
1151
1151
1151
1150
1150
1150
1149
1147
1146
1145
1144
1143
1141
1140
1139
1137
1135
1133
1128
1122
1121
1120
1120
1119
1119
1118
1118
1121
1126
1132
1137
1143
1149
1158
1173
1181
1186
1190
1192
1193
1194
1193
1191
1189
1186
1184
1181
1179
1177
1176
1174
1172
1170
1168
1165
1163
1161
1159
1156
1154
1152
1150
1149
1148
1147
1146
1144
1142
1141
1141
1142
1145
1147
1148
1149
1151
1152
1154
1154
1153
1151
1148
1146
1145
1143
1142
1141
1140
1140
1140
1140
1140
1139
1139
1138
1137
1136
1135
1134
1133
1132
1130
1129
1128
1126
1125
1123
1121
1118
1115
1113
1111
1111
1111
1111
1111
1112
1113
1114
1116
1118
1119
1119
1118
1115
1111
1109
1107
1104
1102
1099
1097
1094
1091
1089
1088
1086
1085
1083
1081
1079
1078
1077
1076
1075
1074
1074
1074
1075
1076
1077
1079
1080
1081
1083
1084
1086
1087
1089
1091
1093
1096
1098
1100
1101
1102
1103
1104
1105
1106
1108
1109
1110
1110
1110
1108
1104
1099
1095
1090
1086
1081
1076
1072
1070
1068
1066
1065
1063
1062
1061
1061
1061
1061
1061
1062
1063
1065
1068
1071
1085
1112
1160
1234
1331
1448
1574
1691
1762
1765
1714
1568
1369
1160
0984
0865
0795
0765
0755
0754
0760
0775
0808
0849
0892
0931
0965
0997
1024
1049
1064
1075
1084
1092
1097
1100
1103
1106
1110
1113
1117
1119
1121
1123
1125
1127
1128
1130
1130
1131
1132
1132
1132
1132
1133
1133
1134
1135
1137
1138
1139
1141
1144
1148
1151
1154
1156
1159
1162
1164
1166
1167
1167
1168
1168
1168
1168
1168
1167
1167
1167
1167
1166
1162
1157
1155
1154
1152
1150
1148
1147
1145
1143
1142
1142
1142
1143
1143
1144
1145
1146
1148
1149
1151
1152
1154
1156
1162
1168
1172
1176
1182
1190
1198
1206
1213
1218
1222
1225
1228
1230
1232
1233
1232
1229
1226
1224
1222
1221
1219
1219
1217
1215
1213
1211
1209
1207
1205
1203
1202
1201
1199
1199
1198
1198
1197
1195
1194
1193
1191
1190
1189
1188
1187
1186
1186
1185
1185
1185
1184
1184
1183
1183
1182
1182
1181
1180
1180
1179
1178
1177
1176
1175
1174
1173
1171
1170
1168
1167
1166
1165
1164
1163
1162
1161
1160
1159
1158
1157
1156
1156
1155
1155
1155
1155
1155
1155
1154
1154
1154
1154
1153
1152
1151
1150
1150
1150
1149
1149
1148
1148
1147
1147
1146
1144
1143
1141
1140
1140
1139
1138
1138
1138
1139
1140
1140
1142
1143
1145
1147
1148
1151
1153
1154
1156
1157
1158
1159
1161
1162
1163
1164
1165
1166
1166
1167
1167
1167
1166
1165
1163
1161
1158
1154
1147
1140
1132
1121
1110
1103
1099
1095
1093
1091
1090
1089
1089
1088
1088
1088
1088
1088
1089
1089
1091
1093
1101
1125
1164
1225
1311
1415
1531
1638
1717
1741
1694
1574
1401
1206
1024
0885
0797
0745
0722
0715
0719
0732
0763
0802
0840
0875
0907
0933
0955
0977
0992
1010
1021
1023
1024
1025
1026
1027
1028
1029
1030
1032
1033
1035
1036
1040
1045
1046
1048
1048
1049
1051
1052
1052
1052
1052
1051
1049
1046
1044
1052
1059
1062
1064
1066
1067
1069
1071
1073
1075
1077
1078
1081
1084
1088
1092
1095
1098
1101
1105
1107
1109
1110
1110
1111
1112
1113
1114
1113
1110
1108
1107
1105
1104
1102
1101
1100
1100
1099
1099
1100
1102
1104
1107
1110
1111
1114
1118
1122
1127
1130
1132
1135
1138
1142
1151
1160
1166
1169
1172
1174
1176
1176
1176
1176
1174
1172
1169
1167
1164
1161
1158
1155
1154
1153
1153
1152
1152
1151
1151
1151
1151
1150
1150
1150
1150
1151
1152
1154
1155
1158
1160
1162
1165
1170
1174
1175
1176
1176
1176
1176
1176
1177
1177
1177
1178
1178
1178
1178
1176
1175
1173
1170
1167
1165
1162
1161
1159
