2484
2545
2611
2684
2752
2776
2764
2742
2712
2658
2596
2539
2480
2397
2302
2219
2166
2149
2148
2164
2206
2270
2293
2295
2284
2255
2165
2044
1913
1776
1630
1485
1365
1283
1243
1221
1208
1195
1182
1158
1124
1106
1098
1092
1088
1082
1076
1070
1061
1049
1025
0990
0962
0930
0865
0790
0714
0687
0678
0672
0670
0669
0671
0678
0691
0734
0792
0829
0859
0883
0904
0930
0966
1002
1043
1094
1117
1124
1129
1126
1105
1083
1058
1043
1030
1018
1012
1019
1037
1064
1101
1126
1146
1165
1188
1219
1254
1289
1325
1357
1385
1417
1452
1489
1529
1564
1596
1628
1681
1742
1804
1861
1901
1948
1992
2035
2083
2113
2130
2141
2149
2156
2161
2166
2176
2191
2205
2225
2251
2278
2311
2342
2364
2379
2399
2426
2455
2489
2530
2568
2626
2678
2735
2775
2822
2868
2913
2956
2995
3035
3075
3113
3149
3184
3216
3249
3273
3287
3302
3317
3330
3342
3352
3364
3376
3386
3397
3409
3419
3430
3443
3457
3472
3489
3509
3531
3551
3577
3612
3633
3644
3652
3658
3660
3659
3655
3647
3639
3629
3619
3604
3591
3582
3573
3565
3558
3551
3547
3550
3558
3570
3584
3606
3626
3655
3685
3712
3740
3765
3784
3803
3820
3833
3847
3860
3871
3880
3891
3902
3912
3925
3940
3955
3969
3986
4006
4032
4045
4051
4056
4060
4063
4065
4067
4070
4071
4073
4076
4079
4080
4083
4083
4084
4084
4084
4084
4084
4085
4086
4089
4090
4092
4093
4095
4095
4093
4090
4086
4082
4075
4069
4059
4045
4029
4010
3987
3963
3942
3919
3898
3879
3859
3840
3820
3800
3780
3759
3737
3716
3696
3678
3664
3650
3636
3612
3579
3544
3506
3464
3426
3366
3305
3246
3186
3125
3068
3033
3006
2988
2985
2997
3028
3083
3153
3222
3259
3272
3249
3182
3062
2911
2745
2570
2397
2231
2077
1944
1837
1745
1655
1559
1452
1323
1175
1019
0868
0728
0601
0484
0379
0295
0224
0158
0116
0081
0056
0035
0022
0011
0004
0000
0000
0004
0014
0028
0054
0094
0132
0169
0227
0282
0342
0403
0461
0496
0532
0567
0598
0634
0652
0663
0669
0674
0675
0672
0667
0658
0647
0629
0604
0599
0595
0590
0588
0594
0611
0636
0676
0718
0761
0802
0843
0882
0923
0966
1009
1055
1099
1144
1182
1232
1283
1337
1370
1397
1417
1430
1437
1444
1449
1450
1448
1438
1424
1401
1366
1336
1305
1272
1242
1215
1182
1157
1145
1138
1130
1123
1117
1110
1101
1088
1076
1064
1045
1015
0982
0943
0897
0856
0830
0814
0796
0774
0756
0743
0730
0719
0712
0708
0701
0687
0652
0631
0623
0617
0614
0610
0607
0604
0602
0599
0598
0597
0597
0596
0594
0591
0589
0582
0585
0604
0617
0628
0637
0647
0656
0665
0676
0687
0696
0707
0714
0723
0739
0767
0785
0799
0801
0784
0771
0759
0751
0749
0749
0748
0745
0743
0744
0757
0771
0789
0809
0837
0869
0895
0925
0959
0994
1029
1068
1096
1112
1124
1132
1138
1144
1150
1156
1163
1174
1186
1204
1228
1245
1266
1299
1339
1379
1423
1468
1511
1557
1604
1651
1695
1741
1770
1786
1797
1799
1802
1803
1803
1804
1804
1805
1805
1806
1808
1809
1812
1816
1821
1828
1836
1856
1891
1919
1951
1970
1978
1984
1989
1993
1999
2005
2010
2016
2024
2037
2061
2079
2098
2117
2133
2155
2184
2218
2250
2272
2289
2308
2332
2362
2386
2404
2421
2463
2517
2590
2682
2791
2916
3056
3204
3347
3465
3524
3520
3439
3256
3018
2792
2629
2560
2557
2609
2695
2769
2797
2806
2811
2815
2819
2826
2835
2846
2862
2885
2905
2924
2943
2960
2975
2984
2996
3009
3022
3033
3044
3055
3063
3072
3079
3085
3091
3096
3100
3106
3111
3117
3122
3126
3130
3133
3136
3138
3139
3140
3143
3145
3148
3151
3155
3157
3159
3162
3165
3169
3172
3176
3180
3188
3195
3203
3210
3216
3223
3231
3240
3252
3264
3276
3289
3307
3330
3343
3349
3353
3357
3362
3364
3364
3362
3359
3355
3347
3340
3332
3322
3309
3296
3280
3259
3232
3212
3193
3175
3155
3126
3095
3072
3055
3035
3010
2979
2956
2938
2919
2899
2880
2856
2837
2824
2813
2805
2797
2789
2783
2777
2772
2766
2760
2753
2752
2733
2725
2718
2706
2691
2679
2676
2668
2649
2631
2617
2604
2588
2573
2572
2577
2571
2562
2552
2546
2539
2529
2515
2502
2482
2460
2448
2436
2423
2418
2417
2411
2397
2377
2361
2349
2336
2321
2311
2304
2296
2290
2285
2276
2261
2248
2246
2248
2241
2226
2212
2203
2191
2179
2170
2168
2168
2166
2165
2163
2161
2156
2157
2161
2162
2162
2165
2172
2185
2189
2188
2186
2189
2185
2176
2166
2163
2161
2156
2148
2138
2130
2124
2125
2128
2132
2136
2141
2149
2157
2159
2157
2155
2155
2158
2158
2153
2145
2135
2125
2121
2118
2110
2098
2088
2079
2075
2071
2068
2070
2073
2072
2069
2062
2057
2049
2041
2033
2028
2024
2021
2011
2001
1996
1996
1995
1990
1992
1999
2003
1997
1982
1971
1965
1955
1933
1917
1911
1906
1904
1912
1950
2006
2078
2175
2310
2471
2626
2744
2810
2818
2783
2643
2430
2184
1978
1845
1785
1764
1778
1839
1917
1957
1976
1991
2002
2004
1991
1976
1971
1964
1953
1952
1961
1968
1970
1969
1972
1978
1979
1975
1970
1968
1969
1973
1979
1988
1997
2005
2010
2009
2008
2008
2008
2006
2008
2019
2035
2046
2053
2061
2066
2070
2072
2077
2082
2085
2084
2086
2105
2146
2177
2198
2213
2229
2238
2239
2235
2230
2225
2224
2229
2241
2256
2277
2304
2322
2332
2338
2346
2351
2351
2346
2345
2345
2344
2341
2336
2329
2319
2312
2310
2308
2297
2271
2249
2231
2210
2184
2153
2129
2110
2096
2082
2065
2046
2030
2012
1997
1990
1989
1985
1973
1959
1951
1949
1946
1941
1941
1949
1959
1970
1976
1982
1995
2009
2025
2033
2046
2058
2065
2071
2075
2078
2082
2084
2085
2090
2096
2103
2110
2118
2124
2128
2131
2135
2139
2143
2148
2152
2156
2159
2162
2162
2161
2158
2157
2157
2157
2159
2162
2164
2166
2168
2171
2175
2178
2182
2185
2190
2195
2199
2205
2211
2216
2222
2226
2231
2235
2238
2242
2244
2246
2250
2252
2255
2256
2256
2257
2258
2259
2261
2262
2263
2263
2263
2263
2264
2266
2269
2271
2276
2282
2288
2295
2302
2309
2315
2319
2323
2329
2335
2341
2346
2351
2356
2362
2365
2368
2369
2370
2371
2373
2376
2378
2378
2376
2373
2371
2368
2366
2366
2365
2364
2363
2362
2362
2361
2357
2355
2351
2346
2342
2337
2332
2325
2312
2297
2286
2278
2270
2264
2259
2255
2251
2251
2252
2252
2250
2248
2244
2241
2239
2239
2242
2245
2249
2253
2261
2269
2312
2398
2510
2638
2773
2910
3031
3108
3131
3093
2986
2780
2544
2315
2142
2092
2073
2104
2163
2195
2203
2209
2182
2150
2123
2113
2108
2103
2101
2101
2102
2102
2102
2103
2105
2110
2117
2123
2128
2132
2137
2142
2144
2145
2148
2151
2153
2155
2155
2156
2157
2157
2157
2158
2158
2158
2157
2156
2152
2148
2143
2141
2139
2141
2143
2148
2152
2157
2161
2162
2164
2165
2166
2169
2173
2178
2183
2189
2195
2198
2199
2199
2201
2205
2213
2228
2256
2288
2309
2325
2338
2345
2348
2349
2350
2353
2358
2361
2361
2356
2345
2331
2315
2290
2271
2248
2215
2185
2163
2138
2113
2089
2064
2050
2042
2035
2026
2016
2004
1992
1982
1975
1970
1966
1963
1959
1956
1951
1945
1942
1939
1939
1938
1936
1936
1933
1932
1931
1931
1931
1930
1930
1929
1926
1925
1924
1922
1921
1919
1918
1917
1916
1913
1912
1911
1910
1908
1906
1904
1903
1902
1902
1902
1902
1903
1903
1903
1903
1902
1902
1902
1901
1899
1897
1896
1895
1892
1891
1890
1889
1888
1884
1881
1876
1870
1866
1864
1864
1868
1873
1882
1890
1897
1903
1909
1913
1918
1922
1925
1930
1933
1937
1941
1944
1948
1951
1955
1958
1963
1968
1973
1979
1985
1991
1996
2001
2004
2009
2012
2017
2022
2029
2037
2046
2057
2069
2082
2093
2105
2118
2129
2138
2148
2157
2166
2173
2182
2192
2199
2204
2208
2212
2216
2219
2224
2228
2230
2232
2233
2233
2233
2233
2232
2232
2232
2231
2231
2230
2228
2224
2221
2218
2215
2212
2211
2210
2211
2211
2211
2211
2210
2209
2205
2202
2199
2198
2198
2199
2202
2205
2210
2216
2223
2232
2243
2292
2381
2496
2632
2776
2915
3031
3091
3112
3075
2960
2755
2508
2277
2118
2072
2077
2149
2225
2253
2256
2244
2236
2229
2223
2221
2224
2231
2238
2239
2241
2242
2244
2246
2249
2250
2251
2250
2250
2249
2249
2249
2251
2252
2255
2257
2259
2262
2263
2264
2265
2266
2268
2269
2271
2273
2276
2278
2279
2282
2283
2283
2283
2283
2283
2283
2283
2284
2285
2288
2290
2293
2297
2301
2303
2305
2309
2312
2316
2321
2326
2332
2341
2349
2357
2363
2369
2375
2379
2384
2389
2393
2399
2404
2408
2408
2404
2399
2391
2382
2370
2352
2336
2322
2298
2264
2237
2221
2206
2192
2176
2156
2133
2116
2103
2090
2073
2059
2051
2045
2039
2035
2030
2025
2022
2018
2017
2015
2015
2017
2019
2023
2028
2032
2037
2042
2048
2051
2056
2058
2062
2064
2066
2069
2072
2073
2076
2077
2079
2081
2082
2082
2083
2082
2082
2081
2081
2081
2079
2079
2079
2079
2081
2082
2082
2082
2082
2083
2083
2084
2085
2086
2088
2089
2090
2091
2092
2093
2095
2096
2098
2099
2102
2103
2105
2106
2108
2109
2109
2108
2108
2106
2105
2105
2105
2105
2105
2106
2108
2108
2108
2108
2106
2106
2106
2105
2105
2106
2106
2108
2108
2109
2110
2110
2109
2109
2108
2106
2105
2104
2102
2099
2097
2096
2095
2093
2093
2093
2097
2102
2108
2115
2122
2129
2137
2151
2164
2170
2169
2169
2169
2170
2171
2172
2172
2172
2173
2173
2172
2172
2171
2169
2166
2165
2163
2159
2156
2152
2149
2144
2138
2126
2117
2111
2108
2105
2104
2102
2101
2098
2097
2095
2092
2089
2088
2088
2089
2090
2092
2095
2098
2103
2108
2113
2119
2128
2170
2239
2330
2441
2569
2706
2842
2960
3040
3050
3008
2849
2616
2362
2148
2030
1991
2018
2066
2093
2101
2106
2084
2072
2068
2063
2061
2058
2056
2055
2052
2050
2048
2046
2046
2046
2046
2045
2043
2042
2041
2041
2041
2043
2045
2048
2050
2052
2055
2056
2057
2059
2061
2064
2066
2071
2077
2085
2092
2099
2105
2112
2119
2128
2139
2150
2162
2171
2182
2193
2204
2216
2228
2239
2250
2262
2273
2286
2299
2313
2329
2345
2359
2373
2385
2396
2405
2413
2419
2425
2431
2436
2442
2448
2452
2457
2463
2468
2472
2475
2475
2472
2469
2463
2453
2437
2409
2389
2373
2357
2336
2310
2285
2261
2244
2236
2228
2217
2205
2193
2182
2173
2169
2166
2165
2165
2164
2163
2162
2161
2159
2158
2156
2155
2153
2155
2156
2158
2161
2164
2166
2170
2173
2176
2177
2179
2182
2184
2188
2191
2195
2198
2202
2205
2209
2210
2211
2211
2211
2211
2211
2210
2210
2209
2209
2208
2208
2209
2209
2208
2204
2199
2195
2190
2186
2184
2182
2179
2177
2176
2175
2172
2171
2169
2168
2166
2165
2163
2161
2159
2158
2157
2156
2155
2152
2151
2150
2148
2145
2143
2141
2138
2136
2135
2135
2136
2137
2139
2143
2145
2150
2153
2157
2161
2164
2166
2170
2173
2178
2183
2188
2191
2196
2201
2205
2210
2216
2225
2233
2237
2238
2239
2241
2242
2243
2245
2246
2248
2248
2246
2244
2241
2237
2232
2228
2223
2216
2210
2201
2191
2179
2165
2158
2155
2153
2152
2152
2151
2150
2149
2148
2145
2142
2138
2135
2131
2128
2124
2121
2115
2108
2103
2101
2101
2102
2106
2112
2136
2183
2252
2344
2460
2599
2750
2891
2998
3042
2996
2849
2626
2379
2164
2015
1965
1949
1965
1995
2025
2042
2049
2055
2058
2061
2064
2066
2069
2071
2073
2075
2076
2078
2079
2082
2083
2085
2088
2091
2095
2098
2102
2105
2110
2116
2123
2131
2138
2145
2152
2158
2164
2168
2172
2175
2177
2179
2182
2185
2188
2190
2192
2196
2199
2204
2210
2216
2224
2231
2241
2251
2263
2272
2282
2295
2311
2323
2332
2339
2345
2353
2363
2372
2383
2395
2409
2424
2441
2455
2469
2483
2491
2497
2502
2504
2505
2504
2499
2491
2478
2456
2432
2410
2391
2377
2358
2332
2301
2275
2256
2242
2228
2213
2201
2184
2163
2144
2130
2117
2103
2089
2073
2065
2059
2056
2052
2049
2045
2041
2036
2031
2028
2024
2021
2017
2013
2011
2009
2008
2008
2008
2009
2010
2010
2011
2012
2013
2015
2016
2017
2018
2018
2018
2019
2018
2018
2018
2017
2016
2015
2015
2013
2012
2012
2010
2009
2008
2005
2004
2003
2002
2001
1999
1999
2001
2002
2002
2003
2003
2004
2004
2005
2005
2005
2004
2004
2003
2002
2001
1999
1998
1997
1995
1993
1991
1989
1986
1983
1977
1972
1970
1970
1971
1975
1976
1977
1978
1979
1981
1983
1984
1986
1989
1992
1996
1998
2002
2005
2008
2011
2015
2019
2030
2038
2039
2041
2043
2044
2046
2048
2049
2050
2051
2051
2051
2051
2049
2048
2044
2042
2038
2035
2031
2028
2021
2008
2001
1997
1993
1991
1990
1989
1990
1993
1997
2002
2005
2010
2016
2021
2022
2022
2018
2013
2009
2003
1993
1989
1992
2003
2031
2078
2148
2238
2348
2468
2596
2722
2826
2878
2876
2804
2643
2435
2218
2033
1913
1891
1899
1962
2023
2051
2062
2068
2071
2075
2079
2084
2091
2098
2104
2109
2115
2119
2124
2129
2132
2136
2138
2142
2144
2148
2151
2156
2162
2166
2173
2181
2186
2191
2196
2201
2206
2211
2216
2221
2225
2231
2237
2244
2252
2259
2269
2281
2292
2303
2315
2330
2350
2365
2376
2386
2395
2403
2415
2429
2445
2457
2466
2475
2486
2498
2509
2518
2529
2537
2544
2552
2564
2579
2595
2603
2609
2613
2617
2619
2620
2622
2620
2618
2615
2610
2604
2596
2585
2563
2540
2522
2505
2489
2475
2458
2438
2416
2396
2381
2365
2351
2341
2333
2329
2323
2318
2313
2310
2306
2303
2298
2293
2286
2278
2269
2258
2248
2236
2223
2210
2198
2191
2186
2182
2177
2173
2170
2166
2165
2163
2162
2161
2159
2159
2159
2158
2158
2157
2157
2156
2155
2153
2153
2153
2153
2155
2156
2157
2158
2161
2162
2163
2164
2164
2164
2163
2162
2161
2161
2159
2157
2153
2150
2139
2110
2078
2056
2041
2021
1991
1963
1944
1938
1935
1931
1930
1929
1929
1933
1942
1953
1968
1989
2004
2011
2015
2018
2021
2023
2024
2026
2028
2030
2031
2033
2036
2037
2039
2041
2044
2046
2050
2053
2057
2063
2070
2077
2085
2092
2099
2109
2118
2131
2144
2157
2169
2175
2179
2184
2188
2191
2195
2198
2201
2204
2206
2208
2210
2210
2209
2206
2204
2201
2197
2192
2188
2183
2178
2172
2168
2163
2155
2145
2136
2129
2124
2121
2118
2116
2113
2112
2110
2109
2108
2108
2106
2106
2106
2106
2108
2109
2111
2115
2121
2129
2138
2175
2232
2315
2426
2566
2725
2886
3032
3142
3171
3157
3051
2869
2645
2425
2255
2177
2152
2172
2209
2243
2256
2262
2266
2270
2272
2272
2272
2272
2269
2265
2259
2252
2246
2239
2236
2232
2229
2225
2223
2219
2216
2211
2208
2205
2202
2198
2196
2193
2192
2191
2190
2188
2186
2184
2182
2181
2178
2176
2173
2170
2168
2165
2163
2162
2161
2161
2161
2162
2165
2166
2171
2176
2182
2188
2197
2217
2237
2251
2263
2272
2283
2293
2301
2308
2313
2319
2328
2336
2345
2353
2359
2366
2373
2379
2384
2386
2386
2384
2381
2376
2370
2362
2349
2325
2303
2281
2258
2235
2209
2184
2161
2136
2112
2088
2071
2059
2050
2043
2036
2029
2024
2022
2018
2015
2012
2010
2008
2006
2005
2004
2004
2005
2006
2009
2012
2017
2022
2026
2031
2037
2043
2049
2057
2066
2076
2084
2092
2101
2108
2115
2119
2122
2124
2126
2128
2129
2130
2131
2133
2136
2137
2139
2141
2141
2141
2141
2139
2138
2136
2133
2131
2130
2128
2126
2124
2123
2123
2123
2122
2122
2123
2123
2123
2123
2123
2123
2123
2122
2121
2119
2119
2119
2119
2119
2119
2119
2121
2121
2122
2121
2119
2117
2116
2115
2119
2130
2143
2155
2162
2166
2173
2178
2183
2188
2190
2193
2196
2199
2202
2205
2209
2213
2217
2221
2224
2228
2230
2233
2235
2237
2238
2241
2243
2246
2250
2253
2257
2261
2264
2268
2271
2273
2275
2275
2275
2273
2273
2272
2273
2273
2275
2276
2277
2279
2282
2282
2279
2273
2266
2259
2252
2248
2243
2238
2233
2230
2228
2226
2224
2223
2222
2219
2217
2213
2212
2210
2208
2205
2203
2201
2198
2196
2193
2190
2184
2169
2162
2166
2178
2210
2271
2357
2470
2605
2753
2897
3020
3089
3112
3078
2972
2779
2548
2326
2163
2105
2085
2108
2129
2144
2153
2153
2150
2146
2144
2143
2142
2142
2142
2142
2141
2138
2137
2135
2135
2135
2136
2137
2138
2141
2143
2145
2149
2150
2152
2155
2156
2158
2159
2162
2163
2165
2166
2168
2170
2172
2175
2178
2181
2184
2186
2189
2192
2195
2197
2199
2202
2204
2208
2211
2216
2222
2228
2238
2249
2261
2270
2281
2290
2298
2306
2315
2322
2329
2337
2343
2350
2357
2364
2375
2384
2390
2392
2395
2396
2398
2403
2401
2383
2358
2323
2284
2251
2204
2161
2109
2051
1995
1941
1888
1835
1783
1750
1713
1690
1682
1675
1672
1679
1696
1713
1735
1751
1765
1778
1790
1803
1811
1818
1824
1829
1835
1842
1849
1856
1864
1873
1883
1892
1901
1908
1913
1918
1922
1926
1931
1935
1939
1945
1951
1957
1962
1965
1969
1972
1975
1977
1979
1982
1984
1986
1989
1991
1992
1995
1996
1997
1999
2001
2003
2005
2008
2012
2023
2033
2045
2049
2052
2055
2057
2059
2062
2064
2065
2066
2068
2069
2069
2069
2069
2069
2069
2069
2070
2071
2073
2075
2076
2078
2079
2082
2083
2084
2084
2085
2086
2089
2092
2097
2102
2108
2113
2118
2123
2126
2129
2131
2132
2133
2135
2136
2136
2137
2138
2139
2142
2144
2146
2149
2150
2152
2156
2159
2163
2166
2171
2177
2185
2195
2203
2206
2210
2212
2215
2216
2218
2219
2222
2223
2224
2224
2224
2224
2224
2222
2219
2216
2212
2208
2204
2201
2198
2195
2192
2190
2186
2183
2179
2177
2176
2175
2173
2173
2175
2177
2179
2183
2185
2189
2192
2196
2201
2204
2206
2209
2213
2219
2242
2285
2355
2453
2573
2708
2848
2982
3088
3116
3098
2982
2789
2564
2353
2195
2126
2103
2117
2164
2218
2268
2284
2288
2290
2292
2281
2273
2270
2268
2265
2264
2263
2263
2262
2262
2261
2261
2262
2264
2266
2269
2271
2273
2277
2279
2283
2285
2289
2291
2295
2298
2302
2304
2308
2310
2312
2315
2318
2322
2325
2330
2336
2342
2348
2353
2359
2364
2369
2373
2378
2382
2386
2391
2396
2401
2405
2410
2416
2423
2433
2443
2453
2465
2477
2491
2505
2517
2528
2536
2544
2549
2553
2558
2562
2565
2570
2572
2573
2571
2568
2560
2552
2542
2522
2504
2482
2453
2426
2401
2375
2348
2321
2295
2276
2264
2252
2241
2228
2212
2195
2189
2188
2185
2184
2183
2181
2179
2178
2178
2177
2177
2176
2176
2176
2177
2178
2178
2179
2181
2179
2179
2179
2178
2177
2176
2175
2173
2172
2171
2170
2170
2169
2168
2166
2166
2165
2165
2164
2162
2159
2156
2153
2151
2149
2145
2142
2137
2132
2129
2124
2119
2111
2102
2096
2091
2089
2085
2082
2078
2073
2069
2063
2056
2049
2039
2030
2021
2013
2008
2004
2001
1998
1995
1993
1991
1989
1985
1982
1978
1976
1972
1969
1965
1961
1950
1943
1941
1939
1938
1935
1932
1932
1936
1941
1943
1944
1945
1946
1948
1949
1950
1951
1951
1951
1951
1951
1951
1951
1950
1950
1951
1952
1955
1956
1958
1959
1962
1963
1965
1966
1968
1968
1968
1969
1970
1972
1975
1976
1978
1981
1982
1984
1985
1986
1985
1984
1983
1982
1981
1979
1978
1977
1977
1976
1976
1977
1977
1977
1977
1976
1971
1969
1976
1989
1997
2003
2008
2012
2017
2022
2025
2029
2031
2035
2041
2051
2077
2132
2211
2317
2444
2580
2726
2865
2966
2988
2971
2865
2680
2458
2243
2081
2017
1995
2013
2071
2129
2144
2146
2149
2148
2139
2135
2131
2129
2128
2126
2126
2129
2133
2139
2145
2152
2157
2162
2166
2171
2176
2181
2184
2188
2190
2193
2196
2198
2201
2203
2205
2209
2211
2213
2217
2221
2224
2226
2230
2233
2237
2243
2252
2264
2278
2286
2292
2297
2302
2306
2311
2315
2319
2325
2332
2344
2356
2369
2382
2393
2404
2415
2424
2435
2448
2465
2475
2482
2488
2493
2497
2499
2502
2503
2503
2502
2500
2497
2493
2489
2483
2476
2464
2441
2421
2402
2383
2368
2355
2344
2332
2319
2303
2285
2266
2249
2235
2219
2205
2197
2191
2185
2181
2177
2173
2171
2171
2171
2172
2173
2176
2178
2182
2184
2186
2189
2191
2193
2195
2197
2198
2201
2202
2204
2206
2209
2210
2210
2210
2209
2208
2206
2204
2201
2198
2196
2193
2191
2190
2190
2190
2190
2190
2189
2188
2185
2184
2183
2183
2184
2186
2189
2192
2196
2199
2203
2206
2210
2212
2215
2217
2219
2222
2223
2224
2225
2226
2228
2229
2230
2231
2233
2236
2238
2239
2241
2243
2245
2246
2248
2249
2249
2249
2249
2249
2249
2249
2250
2250
2252
2253
2255
2256
2257
2258
2259
2259
2258
2258
2257
2256
2256
2256
2257
2257
2258
2259
2262
2263
2263
2264
2264
2263
2262
2261
2259
2259
2258
2258
2258
2258
2258
2258
2258
2258
2258
2256
2255
2252
2250
2248
2246
2244
2242
2241
2238
2236
2233
2225
2216
2209
2202
2195
2184
2170
2151
2130
2111
2091
2079
2072
2066
2062
2057
2051
2045
2041
2035
2029
2022
2015
2008
2003
1999
1997
1995
1991
1986
1982
1979
1979
1984
1993
2006
2050
2121
2212
2329
2462
2603
2731
2815
2823
2778
2628
2412
2179
1979
1832
1772
1751
1770
1803
1829
1841
1849
1853
1856
1856
1855
1853
1852
1849
1849
1852
1853
1853
1853
1855
1857
1859
1863
1868
1872
1878
1883
1888
1892
1899
1906
1913
1921
1926
1931
1937
1941
1945
1948
1950
1952
1955
1957
1959
1962
1964
1968
1970
1973
1977
1983
1991
2010
2028
2039
2049
2056
2064
2070
2076
2084
2092
2103
2116
2131
2148
2164
2176
2188
2199
2213
2226
2241
2256
2272
2283
2290
2297
2302
2305
2306
2306
2303
2299
2293
2286
2277
2258
2242
2219
2193
2169
2141
2119
2106
2097
2086
2077
2070
2064
2058
2052
2046
2039
2033
2028
2022
2017
2011
2006
2004
2003
2004
2008
2012
2018
2024
2030
2036
2043
2050
2056
2063
2069
2075
2079
2083
2085
2088
2089
2091
2092
2093
2095
2096
2097
2098
2098
2099
2101
2101
2101
2101
2101
2101
2101
2101
2102
2103
2103
2104
2105
2108
2109
2111
2112
2113
2113
2115
2116
2117
2117
2118
2118
2118
2119
2121
2121
2122
2122
2121
2121
2119
2119
2119
2118
2117
2116
2115
2115
2113
2113
2115
2115
2113
2113
2112
2112
2112
2112
2112
2112
2112
2112
2113
2113
2115
2116
2116
2117
2118
2118
2119
2121
2122
2122
2123
2124
2124
2125
2126
2126
2125
2125
2125
2125
2125
2125
2126
2126
2126
2126
2128
2129
2130
2131
2133
2136
2137
2141
2143
2145
2150
2158
2168
2173
2175
2176
2177
2178
2179
2181
2181
2172
2164
2157
2152
2146
2142
2137
2132
2128
2123
2119
2116
2113
2111
2109
2108
2105
2103
2099
2098
2096
2095
2092
2091
2090
2090
2090
2090
2091
2092
2092
2092
2093
2095
2096
2098
2102
2105
2125
2179
2258
2368
2504
2653
2804
2940
3039
3057
3037
2904
2699
2462
2244
2097
2048
2031
2063
2081
2088
2091
2096
2099
2103
2105
2108
2110
2113
2116
2118
2121
2121
2121
2121
2121
2121
2122
2122
2123
2125
2129
2132
2136
2141
2145
2150
2155
2158
2163
2166
2170
2175
2182
2190
2198
2206
2213
2218
2223
2228
2231
2235
2238
2242
2245
2248
2252
2256
2261
2265
2270
2276
2283
2290
2297
2304
2311
2321
2332
2344
2352
2361
2371
2384
2403
2419
2432
2446
2458
2465
2470
2475
2479
2482
2483
2483
2482
2479
2475
2471
2466
2460
2452
2442
2432
2421
2401
2371
2343
2317
2296
2270
2248
2233
2223
2212
2205
2199
2195
2189
2184
2177
2171
2165
2161
2157
2152
2149
2146
2144
2143
2143
2144
2146
2150
2152
2155
2156
2157
2158
2161
2162
2163
2165
2166
2166
2168
2169
2170
2170
2170
2170
2171
2172
2173
2173
2175
2175
2176
2177
2178
2178
2177
2176
2175
2173
2173
2173
2172
2172
2172
2172
2172
2171
2170
2168
2165
2162
2159
2156
2152
2149
2145
2143
2142
2141
2141
2139
2139
2139
2138
2137
2136
2135
2133
2131
2129
2128
2126
2125
2125
2124
2124
2124
2125
2125
2125
2125
2124
2124
2123
2122
2121
2119
2118
2117
2115
2113
2112
2111
2111
2112
2112
2112
2113
2115
2116
2117
2117
2118
2118
2119
2121
2122
2124
2126
2130
2135
2141
2146
2151
2157
2162
2166
2169
2172
2176
2179
2182
2185
2186
2189
2190
2191
2190
2189
2186
2183
2179
2173
2169
2165
2159
2152
2144
2137
2130
2123
2117
2113
2110
2106
2103
2099
2096
2093
2091
2089
2086
2084
2082
2081
2078
2075
2069
2063
2061
2064
2071
2083
2119
2175
2256
2363
2486
2616
2738
2842
2890
2888
2820
2675
2485
2285
2106
1982
1942
1943
1989
2046
2076
2079
2083
2085
2088
2089
2089
2090
2090
2090
2090
2091
2091
2090
2090
2091
2092
2095
2097
2098
2101
2103
2105
2108
2110
2113
2116
2121
2125
2132
2138
2145
2152
2157
2162
2165
2168
2171
2175
2178
2181
2183
2185
2189
2192
2197
2199
2203
2206
2210
2216
2225
2243
2258
2270
2279
2289
2297
2306
2316
2328
2338
2351
2363
2376
2388
2399
2406
2411
2416
2419
2423
2425
2426
2428
2428
2428
2428
2425
2423
2421
2416
2411
2406
2393
2370
2350
2329
2305
2282
2257
2233
2212
2190
2175
2166
2163
2157
2151
2146
2143
2138
2132
2128
2124
2122
2121
2119
2118
2116
2115
2115
2115
2118
2124
2131
2138
2143
2149
2156
2162
2165
2165
2163
2161
2157
2155
2155
2153
2153
2152
2152
2151
2151
2151
2151
2151
2151
2151
2151
2151
2151
2151
2151
2150
2150
2149
2149
2148
2146
2144
2142
2139
2137
2133
2130
2124
2119
2113
2110
2108
2108
2106
2106
2106
2105
2104
2102
2101
2103
2106
2110
2113
2118
2117
2109
2101
2096
2093
2090
2085
2082
2078
2075
2073
2072
2071
2072
2072
2075
2077
2081
2083
2086
2089
2091
2092
2093
2096
2097
2099
2103
2105
2109
2112
2115
2118
2122
2124
2126
2129
2132
2136
2139
2143
2145
2145
2144
2142
2138
2135
2130
2125
2118
2111
2104
2097
2090
2083
2076
2069
2062
2056
2049
2043
2037
2031
2025
2019
2015
2009
2004
1997
1991
1986
1982
1978
1976
1972
1970
1968
1965
1964
1964
1965
1968
1971
1976
1982
1995
2018
2059
2121
2201
2303
2421
2545
2658
2731
2740
2713
2599
2423
2213
2019
1878
1824
1819
1849
1899
1950
1966
1970
1971
1972
1973
1973
1975
1976
1978
1979
1982
1984
1986
1989
1992
1997
2008
2017
2028
2035
2041
2046
2052
2058
2064
2070
2075
2078
2083
2086
2091
2095
2098
2103
2108
2113
2122
2130
2138
2149
2156
2163
2169
2175
2181
2185
2190
2196
2205
2216
2226
2238
2250
2259
2270
2279
2286
2295
2303
2311
2323
2338
2356
2372
2390
2408
2425
2442
2455
2460
2465
2469
2472
2475
2475
2475
2471
2468
2463
2457
2452
2445
2437
2430
2423
2415
2398
2373
2350
2326
2305
2282
2259
2243
2228
2213
2198
2182
2175
2172
2169
2166
2164
2162
2159
2158
2158
2157
2157
2157
2158
2159
2161
2162
2164
2165
2166
2166
2166
2168
2168
2166
2166
2166
2166
2166
2166
2166
2165
2165
2165
2164
2164
2163
2163
2162
2159
2157
2155
2153
2151
2149
2148
2145
2143
2142
2142
2141
2139
2138
2136
2135
2132
2131
2129
2126
2124
2122
2121
2119
2118
2116
2115
2112
2111
2110
2109
2106
2105
2104
2103
2102
2102
2101
2101
2099
2098
2098
2098
2098
2098
2099
2099
2099
2099
2101
2101
2101
2101
2101
2101
2101
2099
2099
2099
2098
2098
2098
2099
2099
2101
2101
2102
2102
2103
2104
2104
2105
2108
2110
2112
2115
2117
2121
2123
2126
2129
2131
2135
2138
2142
2145
2149
2151
2153
2156
2158
2159
2161
2161
2161
2159
2158
2156
2153
2151
2149
2145
2142
2139
2137
2135
2132
2130
2126
2122
2118
2113
2110
2106
2103
2099
2096
2092
2090
2086
2084
2081
2077
2073
2071
2070
2071
2075
2079
2086
2096
2115
2151
2211
2292
2397
2522
2660
2800
2917
2976
2972
2893
2722
2497
2275
2099
2019
1992
2008
2035
2063
2076
2081
2084
2088
2091
2093
2095
2096
2097
2097
2096
2093
2090
2086
2082
2076
2070
2064
2056
2049
2042
2037
2033
2030
2026
2024
2022
2019
2018
2016
2016
2016
2018
2022
2026
2031
2037
2042
2048
2055
2061
2068
2072
2077
2083
2091
2103
2116
2128
2142
2157
2171
2181
2188
2192
2196
2201
2205
2210
2216
2223
2233
2251
2269
2283
2295
2305
2316
2321
2324
2329
2332
2336
2338
2339
2339
2339
2338
2337
2336
2332
2328
2322
2316
2308
2291
2276
2257
2232
2206
2178
2161
2150
2142
2133
2124
2117
2108
2098
2090
2084
2079
2077
2073
2072
2071
2070
2069
2069
2070
2073
2077
2081
2083
2085
2086
2089
2090
2092
2095
2097
2098
2099
2101
2102
2103
2104
2104
2105
2108
2110
2112
2116
2118
2122
2124
2125
2128
2130
2131
2131
2132
2132
2133
2135
2136
2137
2138
2141
2142
2143
2144
2144
2144
2145
2145
2144
2144
2144
2145
2145
2146
2146
2148
2149
2149
2149
2148
2148
2146
2146
2145
2145
2145
2145
2145
2145
2146
2148
2150
2151
2153
2155
2157
2158
2161
2162
2163
2165
2168
2171
2175
2178
2182
2185
2188
2191
2193
2195
2196
2196
2196
2196
2196
2197
2197
2198
2199
2201
2202
2204
2206
2208
2210
2212
2216
2218
2221
2223
2226
2229
2232
2235
2237
2239
2242
2244
2246
2249
2251
2252
2255
2256
2257
2258
2258
2257
2255
2252
2250
2248
2245
2242
2237
2233
2230
2226
2223
2217
2211
2205
2201
2199
2198
2198
2198
2198
2197
2196
2195
2193
2192
2192
2192
2192
2192
2195
2196
2199
2203
2209
2216
2228
2259
2325
2417
2531
2669
2820
2969
3091
3142
3133
3035
2838
2591
2348
2165
2093
2088
2126
2164
2169
2173
2176
2179
2182
2184
2185
2186
2188
2189
2189
2190
2191
2191
2193
2196
2197
2199
2202
2203
2205
2206
2208
2209
2211
2215
2218
2222
2224
2228
2231
2235
2237
2239
2242
2244
2246
2250
2255
2264
2275
2286
2296
2304
2311
2319
2330
2338
2346
2353
2361
2366
2372
2377
2381
2385
2392
2403
2413
2425
2439
2456
2472
2484
2492
2500
2509
2517
2525
2535
2545
2553
2559
2564
2568
2572
2576
2577
2578
2575
2570
2563
2549
2530
2500
2460
2435
2404
2379
2358
2336
2313
2290
2271
2257
2246
2232
2212
2190
2168
2157
2152
2149
2145
2142
2139
2137
2136
2135
2133
2133
2132
2132
2132
2133
2132
2132
2132
2131
2131
2130
2130
2131
2131
2132
2132
2133
2135
2136
2137
2138
2139
2139
2139
2138
2137
2136
2133
2131
2128
2125
2123
2121
2119
2118
2118
2117
2116
2115
2115
2113
2113
2112
2112
2111
2111
2111
2112
2112
2113
2113
2113
2113
2113
2112
2112
2112
2112
2112
2113
2115
2116
2118
2119
2121
2123
2124
2125
2126
2126
2128
2129
2133
2139
2143
2144
2142
2138
2135
2133
2132
2132
2132
2131
2130
2129
2126
2125
2123
2121
2118
2117
2116
2116
2115
2115
2115
2113
2112
2111
2108
2105
2103
2101
2101
2101
2103
2104
2106
2108
2110
2112
2115
2117
2118
2119
2119
2119
2118
2115
2112
2109
2105
2102
2098
2095
2091
2088
2084
2081
2077
2072
2068
2063
2059
2056
2053
2049
2044
2036
2019
1999
1991
1985
1981
1976
1972
1970
1968
1966
1966
1968
1970
1971
1975
1979
1984
1990
1997
2011
2022
2030
2038
2046
2056
2066
2084
2111
2165
2236
2336
2464
2613
2772
2920
3028
3075
3037
2916
2717
2478
2249
2090
2023
2016
2046
2102
2138
2151
2151
2139
2132
2126
2123
2119
2117
2117
2117
2121
2123
2125
2129
2131
2135
2138
2141
2144
2146
2150
2152
2156
2158
2162
2164
2166
2170
2173
2177
2182
2186
2191
2195
2198
2202
2206
2210
2215
2218
2223
2228
2233
2239
2244
2249
2255
2262
2270
2279
2286
2295
2304
2313
2323
2335
2345
2357
2369
2382
2391
2398
2405
2412
2417
2422
2426
2432
2439
2450
2460
2470
2477
2483
2486
2486
2483
2477
2470
2460
2445
2431
2412
2389
2364
2342
2322
2301
2278
2257
2237
2216
2195
2172
2153
2138
2121
2105
2091
2081
2071
2069
2066
2064
2062
2061
2059
2059
2058
2057
2057
2056
2055
2055
2056
2056
2056
2056
2056
2056
2057
2058
2059
2059
2059
2059
2059
2059
2059
2059
2059
2059
2059
2059
2061
2062
2062
2063
2063
2064
2064
2064
2064
2064
2064
2064
2068
2070
2073
2073
2071
2069
2066
2065
2064
2063
2062
2061
2059
2059
2058
2058
2058
2058
2058
2058
2059
2059
2061
2061
2062
2063
2065
2065
2061
2056
2052
2051
2050
2048
2046
2045
2044
2043
2043
2043
2044
2044
2045
2046
2046
2048
2046
2046
2045
2044
2043
2042
2041
2039
2037
2036
2035
2033
2031
2030
2028
2025
2022
2018
2016
2013
2011
2010
2009
2010
2010
2012
2013
2016
2017
2018
2019
2021
2021
2022
2023
2024
2025
2026
2029
2030
2031
2032
2032
2032
2032
2032
2031
2030
2028
2026
2025
2023
2022
2019
2018
2016
2015
2013
2012
2011
2010
2009
2008
2006
2005
2005
2004
2002
2001
1999
1998
1997
1997
1997
1997
1996
1996
1996
1995
1991
1984
1984
1993
2016
2055
2111
2184
2279
2391
2512
2638
2762
2862
2898
2884
2771
2564
2317
2095
1935
1863
1858
1902
1972
2015
2029
2029
2016
2009
2003
1998
1995
1996
1998
2003
2009
2015
2019
2028
2035
2037
2038
2039
2041
2042
2042
2042
2042
2041
2039
2038
2037
2036
2033
2032
2032
2036
2043
2050
2057
2065
2075
2083
2092
2101
2108
2115
2121
2128
2135
2141
2148
2155
2164
2172
2182
2192
2203
2215
2225
2236
2245
2255
2263
2272
2281
2288
2295
2301
2306
2312
2318
2324
2330
2337
2348
2356
2361
2365
2369
2372
2376
2378
2378
2377
2371
2363
2355
2344
2329
2315
2303
2289
2271
2253
2235
2217
2202
2183
2161
2139
2124
2112
2109
2106
2104
2103
2101
2098
2097
2095
2092
2090
2089
2089
2089
2090
2092
2096
2098
2102
2105
2108
2110
2112
2115
2117
2118
2119
2122
2123
2126
2129
2130
2132
2135
2137
2139
2141
2143
2143
2144
2145
2148
2149
2149
2149
2149
2149
2149
2149
2149
2149
2149
2148
2149
2149
2149
2149
2149
2148
2148
2148
2148
2148
2149
2149
2149
2150
2150
2150
2150
2149
2149
2149
2148
2148
2148
2148
2148
2149
2151
2152
2153
2155
2156
2158
2162
2164
2166
2169
2172
2177
2182
2186
2192
2197
2202
2206
2211
2215
2218
2221
2223
2225
2228
2230
2232
2233
2236
2238
2241
2243
2245
2248
2250
2252
2255
2257
2261
2265
2272
2281
2289
2297
2305
2313
2323
2337
2344
2343
2343
2343
2343
2343
2343
2343
2343
2342
2338
2333
2328
2322
2315
2306
2298
2290
2283
2277
2275
2272
2271
2270
2270
2269
2268
2266
2264
2263
2261
2259
2258
2257
2257
2256
2255
2253
2251
2249
2244
2233
2232
2244
2275
2329
2405
2506
2625
2751
2872
2973
3029
3029
2975
2835
2633
2417
2223
2093
2052
2051
2088
2152
2217
2241
2245
2246
2249
2251
2252
2253
2255
2256
2256
2257
2257
2257
2256
2255
2255
2255
2255
2255
2255
2255
2255
2255
2255
2253
2253
2252
2250
2249
2246
2245
2243
2242
2241
2241
2239
2238
2237
2236
2235
2231
2228
2223
2221
2221
2223
2229
2236
2243
2251
2262
2273
2283
2291
2301
2309
2316
2324
2331
2339
2346
2355
2364
2373
2384
2395
2404
2411
2418
2422
2424
2428
2430
2432
2433
2435
2433
2432
2430
2425
2419
2411
2402
2388
2361
2341
2313
2282
2252
2222
2195
2173
2155
2137
2122
2109
2098
2088
2077
2070
2064
2061
2058
2057
2056
2055
2053
2052
2052
2052
2052
2052
2052
2053
2055
2056
2058
2059
2061
2062
2063
2064
2065
2066
2068
2069
2070
2071
2073
2076
2077
2078
2079
2081
2083
2084
2085
2086
2086
2086
2088
2088
2089
2090
2091
2091
2092
2093
2096
2096
2096
2095
2093
2092
2090
2089
2086
2084
2082
2079
2078
2077
2076
2075
2075
2075
2073
2073
2073
2073
2075
2076
2077
2077
2077
2077
2078
2078
2079
2079
2079
2079
2081
2081
2082
2083
2082
2078
2072
2066
2062
2057
2053
2049
2043
2039
2036
2033
2032
2032
2032
2032
2033
2035
2037
2038
2039
2041
2041
2042
2043
2044
2046
2050
2053
2057
2058
2057
2055
2053
2052
2049
2046
2044
2048
2056
2066
2079
2096
2105
2111
2115
2117
2121
2123
2125
2128
2130
2133
2136
2139
2142
2145
2148
2150
2153
2158
2162
2163
2162
2156
2151
2145
2143
2141
2137
2135
2131
2129
2126
2125
2124
2124
2125
2124
2124
2124
2124
2126
2128
2129
2130
2130
2131
2132
2133
2136
2141
2149
2175
2232
2319
2437
2582
2737
2888
3011
3080
3084
3025
2860
2635
2396
2196
2090
2053
2071
2102
2121
2126
2131
2133
2130
2125
2122
2118
2116
2115
2113
2113
2115
2116
2118
2119
2122
2123
2125
2128
2131
2133
2136
2138
2141
2144
2148
2151
2155
2158
2164
2169
2175
2182
2188
2192
2198
2205
2213
2226
2238
2250
2259
2266
2273
2282
2289
2296
2302
2306
2312
2317
2324
2330
2338
2348
2357
2371
2384
2397
2410
2425
2442
2457
2470
2482
2493
2502
2506
2510
2513
2516
2518
2519
2520
2522
2522
2522
2519
2516
2511
2505
2497
2485
2464
2449
2429
2405
2383
2356
2332
2315
2297
2279
2261
2241
2225
2213
2203
2192
2183
2175
2166
2158
2153
2149
2146
2144
2142
2141
2139
2139
2139
2139
2142
2144
2146
2149
2151
2152
2153
2155
2156
2158
2159
2161
2161
2162
2163
2163
2163
2164
2163
2162
2159
2158
2155
2152
2150
2148
2144
2143
2141
2139
2137
2135
2131
2126
2121
2116
2111
2106
2103
2099
2096
2095
2092
2091
2089
2088
2085
2083
2081
2078
2075
2072
2070
2066
2064
2062
2059
2057
2056
2053
2051
2049
2046
2043
2041
2038
2035
2032
2029
2026
2025
2024
2023
2022
2021
2019
2019
2018
2018
2016
2013
2011
2010
2012
2016
2019
2023
2024
2025
2026
2028
2029
2030
2030
2030
2030
2030
2030
2029
2029
2028
2026
2026
2025
2025
2024
2024
2024
2023
2024
2024
2025
2026
2028
2030
2032
2035
2037
2039
2041
2043
2045
2046
2049
2051
2053
2056
2057
2059
2061
2062
2063
2064
2064
2064
2064
2063
2063
2062
2062
2061
2059
2058
2058
2057
2057
2056
2056
2055
2055
2053
2053
2053
2052
2053
2053
2055
2057
2058
2059
2062
2064
2066
2069
2072
2076
2099
2141
2202
2291
2405
2540
2689
2833
2955
3012
3011
2944
2790
2580
2357
2166
2036
1992
1995
2028
2064
2083
2088
2092
2096
2099
2103
2105
2108
2110
2111
2113
2115
2116
2116
2117
2118
2119
2119
2121
2122
2124
2125
2128
2130
2132
2135
2137
2139
2143
2146
2151
2156
2159
2163
2166
2169
2171
2175
2178
2181
2184
2186
2190
2192
2196
2199
2202
2204
2208
2211
2216
2225
2243
2259
2271
2281
2290
2298
2305
2313
2319
2326
2335
2343
2352
2364
2378
2392
2404
2412
2418
2423
2428
2431
2433
2436
2437
2439
2443
2450
2449
2438
2421
2397
2377
2363
2344
2321
2293
2276
2264
2252
2239
2225
2209
2193
2173
2150
2130
2117
2111
2109
2108
2106
2105
2104
2103
2102
2101
2101
2099
2098
2098
2099
2101
2102
2103
2104
2105
2106
2109
2110
2111
2112
2113
2113
2115
2117
2118
2121
2122
2123
2125
2129
2131
2133
2136
2137
2137
2138
2137
2137
2137
2137
2137
2137
2139
2145
2144
2132
2126
2122
2117
2115
2112
2112
2115
2117
2121
2124
2126
2130
2133
2137
2139
2141
2139
2136
2132
2128
2124
2121
2117
2113
2110
2108
2106
2105
2104
2103
2103
2102
2102
2102
2102
2102
2102
2102
2102
2103
2105
2106
2109
2111
2113
2116
2118
2119
2122
2123
2123
2124
2125
2128
2130
2132
2135
2137
2139
2142
2144
2145
2148
2149
2150
2151
2151
2152
2155
2158
2162
2165
2168
2170
2173
2177
2181
2184
2185
2188
2189
2191
2193
2197
2199
2203
2205
2208
2209
2210
2210
2208
2205
2202
2197
2192
2188
2182
2177
2171
2159
2152
2150
2150
2149
2148
2146
2145
2146
2149
2152
2155
2157
2159
2162
2164
2164
2163
2159
2153
2148
2141
2130
2124
2126
2135
2158
2210
2295
2412
2558
2720
2878
3005
3068
3066
3002
2837
2613
2383
2183
2044
1988
1984
2022
2078
2113
2125
2126
2117
2108
2097
2098
2115
2136
2153
2156
2157
2158
2158
2158
2156
2152
2149
2146
2144
2143
2141
2138
2137
2136
2136
2136
2137
2139
2143
2148
2151
2155
2158
2163
2169
2175
2181
2186
2192
2197
2202
2206
2211
2215
2218
2221
2223
2228
2232
2239
2248
2257
2276
2299
2315
2324
2336
2348
2363
2378
2389
2396
2399
2403
2405
2408
2410
2413
2416
2418
2421
2423
2426
2431
2436
2439
2439
2437
2432
2424
2411
2389
2366
2343
2323
2308
2290
2266
2238
2211
2185
2163
2139
2118
2091
2071
2062
2055
2049
2044
2039
2036
2032
2030
2029
2026
2025
2023
2022
2022
2021
2019
2019
2018
2018
2018
2018
2018
2019
2021
2021
2022
2022
2024
2025
2026
2029
2030
2031
2033
2035
2036
2036
2036
2036
2036
2036
2037
2038
2038
2039
2039
2039
2038
2038
2036
2033
2030
2026
2024
2021
2017
2013
2011
2010
2011
2016
2023
2030
2036
2039
2043
2046
2050
2052
2055
2056
2058
2059
2061
2063
2065
2068
2069
2071
2073
2076
2078
2079
2082
2083
2085
2089
2092
2098
2103
2109
2113
2118
2123
2128
2133
2139
2145
2151
2157
2164
2169
2173
2178
2183
2186
2191
2196
2201
2205
2210
2216
2222
2229
2236
2243
2249
2256
2263
2269
2275
2279
2284
2289
2292
2297
2301
2306
2316
2331
2346
2357
2364
2371
2377
2385
2392
2399
2405
2411
2417
2423
2426
2428
2426
2424
2419
2415
2409
2404
2397
2391
2384
2377
2371
2363
2353
2341
2329
2319
2315
2311
2309
2306
2304
2302
2299
2296
2292
2288
2283
2278
2275
2270
2266
2259
2253
2246
2243
2242
2243
2245
2251
2259
2286
2331
2396
2482
2588
2709
2839
2972
3092
3168
3173
3122
2951
2697
2428
2208
2102
2066
2084
2139
2189
2206
2211
2203
2186
2170
2153
2146
2145
2145
2146
2146
2145
2145
2144
2144
2144
2144
2145
2145
2146
2146
2148
2148
2149
2149
2149
2149
2148
2148
2149
2149
2150
2151
2152
2152
2153
2155
2156
2158
2159
2162
2163
2166
2171
2179
2186
2193
2199
2205
2211
2216
2222
2228
2232
2237
2241
2246
2252
2261
2271
2282
2295
2309
2325
2337
2346
2358
2371
2385
2393
2398
2403
2408
2410
2411
2411
2409
2404
2399
2393
2386
2377
2365
2351
2337
2323
2304
2278
2256
2226
2193
2165
2133
2109
2093
2077
2059
2046
2037
2029
2022
2017
2011
2008
2003
2001
1997
1995
1991
1989
1988
1986
1985
1985
1985
1985
1988
1990
1993
1997
2002
2005
2010
2013
2017
2019
2022
2024
2026
2029
2031
2033
2036
2038
2041
2043
2044
2046
2048
2050
2051
2053
2056
2057
2058
2059
2062
2063
2064
2065
2066
2068
2069
2070
2071
2072
2072
2072
2072
2072
2072
2072
2072
2072
2072
2072
2072
2072
2072
2072
2072
2071
2071
2070
2069
2069
2066
2065
2064
2062
2061
2059
2058
2057
2055
2053
2052
2051
2050
2049
2048
2046
2044
2043
2043
2042
2042
2043
2044
2045
2046
2048
2049
2049
2049
2050
2051
2051
2051
2051
2051
2051
2053
2055
2057
2058
2059
2061
2062
2063
2064
2064
2064
2065
2066
2068
2071
2075
2078
2083
2089
2093
2098
2103
2106
2109
2111
2112
2115
2116
2117
2119
2122
2123
2124
2126
2128
2129
2129
2128
2128
2126
2125
2124
2124
2125
2125
2128
2129
2130
2132
2133
2133
2135
2135
2135
2135
2136
2137
2139
2142
2145
2149
2153
2157
2161
2163
2168
2173
2183
2223
2284
2366
2473
2604
2748
2889
3002
3053
3051
2982
2831
2629
2406
2210
2093
2055
2065
2101
2159
2197
2215
2221
2226
2231
2235
2238
2242
2244
2246
2248
2248
2249
2250
2251
2252
2255
2257
2259
2262
2263
2265
2266
2266
2268
2268
2269
2269
2269
2269
2269
2269
2270
2270
2271
2272
2273
2275
2276
2278
2279
2281
2283
2284
2286
2289
2291
2295
2297
2301
2304
2308
2312
2316
2322
2326
2332
2338
2344
2349
2353
2358
2362
2365
2369
2372
2376
2379
2384
2389
2393
2398
2402
2403
2403
2402
2399
2397
2392
2388
2382
2375
2361
2349
2338
2325
2310
2297
2279
2257
2236
2219
2202
2185
2168
2150
2139
2131
2125
2121
2118
2116
2116
2115
2113
2113
2113
2112
2112
2111
2111
2111
2111
2111
2112
2113
2113
2115
2116
2117
2119
2121
2122
2123
2124
2125
2126
2129
2130
2132
2133
2136
2138
2141
2143
2144
2145
2145
2144
2144
2142
2139
2137
2135
2132
2131
2130
2129
2128
2126
2125
2123
2121
2118
2115
2111
2109
2105
2103
2101
2098
2097
2095
2093
2091
2089
2085
2082
2077
2073
2069
2065
2062
2059
2057
2056
2055
2053
2052
2051
2050
2049
2046
2045
2043
2042
2041
2041
2041
2041
2039
2039
2039
2039
2041
2041
2042
2042
2043
2045
2048
2051
2053
2056
2058
2061
2063
2064
2066
2069
2071
2075
2079
2084
2089
2092
2096
2098
2099
2101
2101
2101
2099
2099
2099
2101
2103
2104
2104
2102
2099
2096
2093
2090
2086
2084
2084
2090
2098
2108
2116
2128
2137
2143
2146
2150
2152
2155
2156
2157
2158
2161
2163
2165
2169
2175
2182
2197
2226
2276
2333
2406
2496
2600
2702
2773
2798
2776
2711
2578
2410
2236
2089
1989
1963
1969
2023
2079
2123
2149
2159
2164
2166
2168
2170
2171
2172
2173
2175
2177
2181
2183
2185
2186
2188
2189
2190
2192
2195
2196
2198
2202
2205
2209
2213
2217
2219
2222
2224
2226
2229
2230
2231
2232
2233
2236
2238
2241
2244
2246
2250
2253
2258
2263
2269
2275
2281
2286
2296
2305
2313
2321
2325
2330
2335
2341
2348
2353
2362
2369
2377
2390
2406
2417
2422
2425
2429
2431
2432
2435
2435
2436
2436
2435
2433
2431
2428
2423
2418
2408
2390
2375
2357
2336
2315
2292
2271
2249
2226
2209
2195
2184
2175
2166
2159
2151
2143
2135
2126
2118
2110
2101
2091
2086
2084
2082
2079
2078
2076
2076
2075
2075
2075
2076
2076
2077
2079
2082
2084
2086
2090
2095
2104
2111
2116
2119
2123
2122
2116
2106
2096
2082
2069
2063
2059
2056
2053
2051
2049
2046
2044
2042
2039
2037
2036
2032
2028
2018
2005
1999
1995
1992
1989
1986
1984
1981
1978
1976
1973
1970
1966
1961
1949
1942
1938
1935
1932
1931
1935
1941
1948
1950
1952
1953
1956
1957
1958
1959
1961
1962
1963
1965
1966
1969
1970
1972
1973
1976
1978
1981
1982
1984
1986
1989
1991
1993
1997
1999
2002
2004
2008
2010
2011
2013
2015
2015
2016
2017
2018
2021
2023
2031
2044
2055
2063
2070
2075
2077
2079
2081
2083
2083
2084
2084
2085
2085
2084
2083
2082
2079
2077
2075
2073
2070
2066
2064
2063
2065
2069
2073
2078
2082
2086
2090
2093
2098
2102
2104
2108
2110
2113
2117
2119
2123
2125
2130
2137
2162
2203
2265
2349
2450
2558
2660
2746
2806
2829
2824
2776
2670
2516
2345
2193
2092
2059
2059
2092
2132
2166
2184
2193
2199
2206
2215
2219
2223
2225
2229
2231
2233
2236
2239
2242
2246
2253
2266
2277
2283
2286
2289
2291
2293
2296
2298
2301
2303
2305
2309
2312
2316
2319
2324
2329
2335
2343
2350
2357
2364
2371
2377
2382
2385
2390
2399
2417
2428
2433
2439
2445
2451
2463
2479
2489
2493
2497
2503
2508
2516
2529
2550
2566
2578
2588
2597
2605
2619
2626
2631
2635
2638
2640
2642
2642
2642
2639
2636
2631
2626
2619
2609
2589
2572
2558
2546
2535
2522
2508
2492
2480
2471
2456
2436
2417
2397
2378
2356
2348
2345
2343
2341
2338
2336
2335
2333
2332
2332
2332
2332
2332
2333
2335
2335
2335
2335
2335
2333
2332
2332
2331
2331
2330
2329
2328
2328
2328
2326
2326
2325
2324
2322
2321
2319
2317
2313
2309
2305
2304
2308
2312
2317
2321
2325
2329
2331
2328
2322
2313
2304
2292
2282
2275
2270
2268
2264
2262
2259
2257
2253
2251
2249
2246
2243
2241
2238
2237
2235
2232
2231
2229
2225
2222
2217
2213
2210
2205
2203
2199
2196
2192
2190
2186
2184
2179
2176
2171
2166
2163
2159
2155
2151
2148
2144
2139
2136
2131
2124
2117
2110
2105
2101
2097
2095
2093
2092
2091
2091
2090
2090
2090
2089
2089
2089
2089
2089
2089
2089
2089
2089
2088
2088
2088
2086
2085
2085
2083
2082
2079
2076
2072
2070
2063
2045
2030
2017
2005
1995
1983
1973
1964
1955
1945
1936
1924
1910
1897
1885
1875
1869
1865
1863
1861
1859
1858
1856
1853
1851
1848
1844
1839
1833
1829
1822
1810
1802
1801
1804
1811
1830
1873
1939
2029
2144
2275
2417
2555
2663
2703
2695
2605
2433
2208
1983
1805
1718
1690
1704
1744
1804
1817
1818
1819
1813
1808
1803
1801
1806
1818
1824
1828
1831
1832
1833
1836
1838
1841
1843
1845
1848
1849
1850
1851
1853
1856
1859
1865
1876
1886
1897
1908
1918
1929
1939
1945
1949
1952
1956
1958
1961
1964
1966
1970
1972
1976
1982
1990
2005
2022
2035
2046
2057
2069
2078
2088
2096
2103
2110
2119
2133
2149
2165
2181
2197
2221
2246
2266
2279
2284
2285
2285
2286
2288
2289
2289
2289
2288
2284
2279
2273
2266
2257
2243
2228
2212
2196
2176
2158
2139
2121
2103
2086
2069
2050
2042
2037
2032
2029
2025
2023
2019
2017
2015
2012
2011
2010
2010
2010
2010
2011
2011
2011
2011
2011
2010
2009
2008
2005
2004
2003
2003
2002
2003
2003
2004
2005
2006
2009
2010
2012
2013
2016
2018
2021
2023
2025
2028
2029
2030
2032
2033
2035
2037
2038
2039
2042
2044
2046
2048
2048
2048
2048
2045
2044
2041
2038
2035
2032
2030
2030
2029
2029
2029
2030
2030
2030
2030
2029
2028
2025
2023
2019
2016
2013
2010
2008
2004
2002
1998
1996
1992
1986
1982
1978
1976
1976
1979
1984
1989
1992
1995
1997
1999
2002
2005
2008
2009
2011
2013
2016
2018
2021
2022
2023
2023
2024
2024
2025
2028
2030
2033
2038
2043
2052
2073
2098
2111
2119
2126
2132
2137
2141
2143
2144
2144
2145
2145
2145
2146
2148
2148
2149
2149
2148
2148
2148
2148
2146
2146
2145
2143
2142
2139
2137
2133
2131
2128
2125
2123
2122
2121
2117
2115
2111
2108
2106
2105
2106
2109
2113
2117
2123
2128
2132
2137
2143
2150
2157
2165
2178
2229
2316
2437
2584
2746
2911
3052
3142
3152
3116
2975
2771
2556
2359
2217
2164
2162
2204
2266
2305
2317
2324
2324
2317
2309
2302
2296
2290
2286
2288
2293
2303
2313
2323
2335
2346
2356
2364
2371
2377
2383
2388
2393
2399
2406
2413
2419
2424
2430
2435
2441
2444
2448
2449
2450
2451
2452
2452
2453
2453
2453
2453
2455
2456
2458
2459
2460
2462
2464
2468
2471
2475
2478
2482
2486
2492
2500
2509
2515
2520
2525
2531
2537
2543
2549
2555
2559
2563
2566
2569
2571
2575
2578
2582
2584
2585
2584
2580
2573
2565
2549
2519
2492
2464
2439
2419
2398
2376
2355
2332
2310
2289
2270
2246
2216
2192
2173
2157
2143
2133
2123
2111
2098
2093
2090
2085
2082
2078
2075
2071
2069
2066
2065
2063
2062
2061
2059
2059
2058
2059
2059
2061
2062
2064
2066
2069
2071
2073
2077
2079
2082
2084
2088
2089
2091
2092
2095
2096
2097
2098
2099
2101
2102
2102
2103
2103
2104
2104
2104
2105
2106
2108
2110
2111
2112
2112
2112
2112
2112
2111
2111
2110
2110
2110
2110
2111
2112
2112
2113
2113
2113
2113
2112
2111
2111
2110
2109
2109
2109
2109
2109
2109
2110
2111
2111
2111
2112
2112
2111
2111
2111
2111
2111
2112
2112
2113
2113
2113
2113
2113
2115
2115
2115
2116
2117
2118
2121
2122
2124
2126
2128
2130
2132
2135
2138
2142
2145
2150
2156
2162
2168
2175
2183
2192
2203
2213
2225
2235
2241
2245
2250
2255
2258
2263
2266
2269
2270
2271
2272
2272
2271
2268
2264
2259
2255
2250
2246
2242
2237
2233
2229
2225
2222
2217
2213
2210
2206
2203
2199
2197
2195
2192
2191
2191
2192
2193
2196
2197
2199
2202
2205
2209
2215
2221
2228
2261
2339
2449
2583
2728
2875
3006
3088
3116
3084
2986
2791
2565
2355
2189
2124
2102
2128
2153
2173
2183
2176
2166
2164
2164
2163
2162
2162
2162
2161
2159
2158
2156
2153
2152
2152
2152
2152
2151
2151
2150
