1581
1631
1678
1706
1725
1741
1753
1766
1775
1784
1797
1813
1831
1850
1863
1869
1872
1878
1884
1888
1894
1900
1903
1906
1909
1913
1916
1916
1913
1913
1909
1909
1909
1906
1906
1903
1900
1900
1900
1900
1900
1900
1900
1900
1900
1900
1897
1897
1894
1891
1888
1884
1878
1872
1869
1863
1859
1856
1850
1844
1834
1825
1809
1794
1778
1763
1744
1725
1706
1681
1653
1622
1581
1544
1528
1519
1512
1509
1503
1500
1494
1491
1484
1478
1472
1469
1466
1466
1466
1466
1466
1469
1469
1469
1469
1469
1466
1462
1462
1462
1466
1469
1475
1478
1481
1484
1491
1497
1500
1503
1509
1522
1537
1547
1550
1531
1506
1481
1472
1459
1450
1437
1428
1419
1412
1406
1400
1394
1387
1384
1381
1378
1375
1372
1366
1362
1359
1356
1356
1356
1356
1356
1356
1353
1353
1353
1350
1347
1344
1347
1350
1356
1366
1378
1387
1403
1416
1422
1416
1400
1384
1378
1372
1369
1362
1359
1356
1356
1353
1350
1350
1353
1356
1356
1359
1362
1366
1369
1372
1375
1375
1372
1372
1369
1369
1369
1366
1362
1362
1359
1356
1356
1353
1347
1344
1337
1334
1331
1328
1325
1322
1319
1312
1309
1306
1306
1303
1300
1297
1297
1294
1287
1284
1278
1278
1291
1312
1341
1359
1375
1384
1394
1403
1416
1428
1437
1450
1459
1466
1475
1481
1491
1503
1519
1609
1844
2144
2460
2716
2828
2866
2819
2688
2488
2244
1947
1609
1294
1097
1025
1028
1097
1134
1156
1175
1190
1206
1215
1225
1234
1244
1253
1259
1266
1269
1272
1281
1287
1297
1303
1312
1322
1334
1350
1362
1378
1394
1406
1422
1437
1453
1469
1481
1491
1500
1509
1516
1522
1528
1537
1544
1550
1556
1559
1559
1559
1556
1550
1541
1531
1522
1512
1506
1500
1497
1497
1494
1494
1491
1491
1494
1494
1497
1500
1500
1503
1506
1509
1512
1519
1522
1525
1528
1528
1528
1525
1519
1516
1509
1503
1497
1487
1478
1472
1462
1453
1434
1384
1344
1306
1278
1256
1237
1222
1212
1200
1194
1184
1178
1175
1169
1156
1147
1140
1140
1156
1178
1197
1206
1215
1222
1231
1237
1244
1250
1253
1256
1259
1262
1269
1272
1272
1275
1275
1275
1272
1272
1266
1259
1253
1247
1244
1237
1231
1228
1222
1219
1215
1212
1206
1203
1194
1187
1181
1175
1169
1162
1159
1153
1150
1147
1144
1140
1140
1137
1134
1134
1134
1134
1134
1134
1137
1140
1144
1150
1156
1165
1175
1184
1194
1203
1212
1222
1231
1241
1247
1253
1259
1266
1272
1278
1284
1287
1294
1300
1303
1306
1309
1312
1316
1319
1319
1319
1319
1319
1319
1322
1322
1322
1322
1322
1322
1325
1325
1325
1325
1322
1319
1316
1312
1312
1309
1306
1306
1303
1303
1300
1300
1300
1297
1294
1291
1284
1281
1275
1269
1266
1262
1259
1262
1266
1269
1272
1278
1287
1294
1303
1309
1316
1322
1325
1334
1344
1353
1362
1375
1387
1400
1406
1412
1419
1428
1434
1447
1516
1678
1950
2338
2825
3319
3644
3669
3457
2844
2056
1316
0831
0740
0765
0975
1112
1150
1165
1184
1203
1219
1231
1237
1247
1250
1256
1256
1256
1256
1259
1262
1266
1266
1266
1269
1272
1275
1278
1278
1281
1287
1291
1297
1300
1303
1309
1316
1328
1337
1350
1359
1375
1403
1434
1450
1459
1466
1469
1472
1472
1472
1472
1475
1475
1481
1484
1491
1497
1503
1509
1516
1525
1534
1541
1547
1553
1559
1569
1578
1587
1597
1606
1616
1625
1634
1641
1641
1641
1638
1634
1631
1625
1619
1612
1609
1606
1600
1594
1584
1572
1541
1503
1459
1425
1397
1369
1347
1322
1297
1281
1272
1266
1262
1256
1253
1250
1244
1241
1234
1231
1228
1228
1225
1225
1228
1228
1231
1231
1234
1234
1231
1231
1231
1231
1234
1234
1237
1241
1244
1247
1247
1250
1250
1250
1250
1253
1253
1256
1256
1259
1262
1266
1272
1278
1281
1281
1284
1284
1284
1284
1284
1281
1281
1278
1281
1281
1284
1284
1284
1281
1281
1278
1275
1269
1262
1256
1250
1247
1250
1253
1256
1262
1269
1278
1284
1294
1300
1306
1312
1316
1322
1325
1331
1334
1344
1350
1356
1362
1369
1375
1381
1384
1387
1391
1391
1391
1391
1391
1394
1394
1391
1391
1387
1387
1384
1384
1381
1381
1381
1384
1384
1387
1387
1387
1384
1384
1381
1378
1378
1375
1372
1369
1369
1366
1366
1362
1362
1359
1359
1356
1356
1356
1353
1350
1347
1344
1344
1344
1344
1350
1356
1359
1369
1375
1384
1387
1391
1394
1397
1403
1409
1419
1428
1434
1441
1447
1453
1462
1472
1484
1503
1603
1800
2075
2441
2879
3310
3579
3588
3363
2769
2006
1281
0772
0631
0640
0831
1009
1115
1165
1190
1209
1225
1234
1244
1250
1256
1262
1266
1269
1269
1272
1275
1278
1278
1278
1278
1278
1278
1278
1278
1278
1281
1287
1294
1300
1312
1322
1334
1350
1359
1375
1384
1394
1403
1412
1422
1431
1444
1453
1466
1478
1487
1500
1506
1506
1506
1500
1494
1487
1481
1472
1462
1456
1447
1444
1441
1437
1434
1428
1422
1416
1409
1406
1403
1400
1400
1400
1403
1409
1416
1422
1428
1434
1441
1450
1459
1472
1478
1475
1466
1450
1428
1400
1356
1306
1272
1247
1228
1209
1190
1175
1159
1150
1137
1128
1119
1112
1109
1109
1115
1122
1128
1140
1153
1175
1212
1228
1234
1241
1247
1253
1259
1259
1259
1253
1250
1247
1247
1244
1237
1231
1228
1228
1234
1244
1250
1256
1259
1266
1272
1275
1281
1281
1281
1278
1275
1269
1262
1256
1250
1244
1237
1234
1228
1225
1222
1219
1215
1212
1209
1206
1206
1203
1203
1203
1203
1203
1206
1209
1212
1215
1222
1228
1234
1244
1253
1262
1269
1278
1294
1337
1353
1356
1356
1356
1356
1359
1359
1362
1362
1362
1362
1366
1369
1372
1372
1372
1375
1378
1378
1381
1384
1387
1391
1394
1403
1409
1419
1422
1419
1412
1406
1400
1397
1394
1391
1387
1384
1381
1381
1378
1378
1378
1378
1375
1375
1375
1372
1372
1369
1369
1369
1366
1362
1359
1356
1353
1350
1344
1337
1322
1306
1306
1325
1350
1369
1391
1409
1425
1441
1456
1469
1478
1487
1497
1503
1509
1516
1522
1525
1531
1544
1594
1738
1959
2285
2703
3147
3510
3641
3454
2954
2269
1591
1122
0950
0940
1059
1190
1231
1256
1278
1294
1303
1306
1312
1316
1319
1322
1322
1325
1325
1325
1322
1322
1322
1322
1322
1322
1325
1325
1328
1331
1331
1334
1334
1334
1337
1337
1341
1344
1350
1356
1356
1362
1369
1375
1384
1391
1397
1403
1406
1412
1416
1422
1425
1428
1434
1437
1444
1450
1456
1459
1462
1466
1469
1472
1478
1481
1487
1491
1500
1519
1537
1550
1559
1566
1569
1575
1581
1587
1591
1594
1594
1597
1597
1594
1591
1584
1578
1569
1556
1544
1516
1462
1428
1406
1391
1372
1356
1347
1337
1328
1319
1309
1303
1297
1291
1287
1287
1284
1281
1281
1278
1278
1275
1272
1272
1272
1272
1272
1272
1272
1275
1275
1278
1281
1281
1281
1281
1284
1284
1284
1287
1287
1284
1284
1284
1287
1287
1287
1291
1300
1297
1266
1250
1237
1228
1219
1212
1209
1209
1212
1215
1219
1222
1225
1228
1234
1241
1247
1247
1244
1237
1228
1219
1212
1206
1197
1190
1184
1178
1175
1175
1178
1181
1184
1190
1197
1203
1212
1228
1269
1312
1350
1362
1372
1381
1384
1387
1381
1375
1366
1359
1356
1353
1350
1347
1344
1344
1347
1353
1359
1369
1375
1384
1391
1400
1406
1409
1416
1416
1416
1416
1412
1412
1409
1409
1406
1403
1403
1400
1397
1394
1391
1387
1384
1378
1372
1366
1359
1356
1347
1341
1331
1319
1309
1303
1297
1291
1287
1281
1278
1272
1266
1266
1278
1297
1325
1375
1403
1422
1431
1441
1444
1444
1441
1431
1425
1409
1394
1419
1497
1650
1878
2210
2641
3116
3516
3691
3535
3029
2297
1559
1025
0834
0828
0981
1147
1212
1228
1244
1266
1294
1328
1362
1369
1356
1353
1347
1344
1341
1337
1337
1341
1344
1347
1350
1353
1356
1356
1362
1366
1369
1372
1372
1375
1378
1381
1384
1387
1391
1394
1397
1403
1409
1416
1431
1466
1503
1525
1541
1556
1566
1572
1578
1581
1584
1584
1587
1591
1594
1597
1600
1603
1606
1612
1616
1625
1634
1647
1669
1706
1719
1725
1731
1738
1741
1744
1744
1747
1747
1747
1747
1744
1741
1734
1728
1722
1713
1700
1675
1650
1619
1581
1550
1516
1481
1444
1406
1369
1353
1344
1337
1331
1322
1316
1306
1300
1291
1284
1275
1266
1262
1269
1278
1287
1297
1303
1309
1316
1319
1325
1328
1328
1328
1325
1325
1322
1322
1322
1319
1319
1316
1316
1316
1316
1312
1309
1309
1306
1306
1306
1306
1309
1309
1309
1309
1309
1309
1306
1306
1300
1297
1294
1291
1287
1284
1281
1278
1275
1266
1259
1250
1244
1241
1241
1237
1234
1234
1231
1228
1228
1228
1228
1231
1231
1237
1244
1250
1262
1272
1287
1319
1337
1347
1356
1359
1362
1362
1356
1344
1331
1322
1316
1309
1303
1297
1291
1287
1287
1291
1294
1300
1303
1309
1312
1316
1325
1331
1337
1341
1337
1331
1322
1316
1312
1306
1303
1297
1291
1284
1278
1272
1269
1266
1262
1259
1259
1259
1262
1259
1259
1256
1253
1250
1247
1244
1244
1241
1241
1244
1250
1256
1266
1275
1281
1287
1300
1309
1316
1322
1325
1331
1334
1337
1341
1344
1347
1350
1356
1359
1362
1372
1403
1528
1725
2006
2372
2807
3235
3491
3491
3241
2628
1872
1187
0750
0603
0684
0847
0965
1022
1072
1112
1175
1247
1275
1284
1291
1294
1287
1278
1272
1266
1259
1256
1250
1250
1247
1247
1250
1250
1253
1256
1262
1266
1262
1256
1250
1244
1241
1237
1237
1244
1253
1266
1291
1334
1369
1400
1419
1428
1431
1434
1434
1434
1437
1437
1437
1437
1437
1441
1444
1447
1447
1450
1450
1453
1453
1456
1462
1469
1478
1491
1516
1534
1550
1559
1569
1575
1581
1584
1587
1591
1591
1591
1587
1584
1581
1575
1569
1566
1556
1544
1528
1519
1506
1484
1447
1419
1400
1378
1356
1337
1325
1316
1306
1297
1294
1287
1284
1281
1278
1275
1269
1266
1269
1275
1281
1284
1291
1294
1297
1300
1303
1306
1309
1309
1309
1309
1306
1306
1306
1303
1303
1300
1297
1297
1297
1303
1316
1328
1334
1347
1356
1362
1362
1356
1353
1344
1337
1334
1331
1328
1328
1322
1319
1312
1306
1303
1300
1297
1294
1291
1287
1287
1284
1284
1278
1275
1269
1262
1259
1253
1250
1250
1250
1250
1253
1259
1262
1272
1278
1287
1297
1319
1356
1366
1372
1375
1378
1381
1381
1384
1384
1384
1384
1381
1378
1375
1372
1369
1366
1362
1362
1359
1356
1356
1353
1350
1347
1344
1344
1341
1341
1337
1337
1334
1331
1328
1325
1319
1309
1303
1297
1287
1281
1275
1272
1269
1266
1262
1259
1256
1250
1247
1241
1234
1231
1228
1225
1222
1219
1219
1215
1209
1203
1197
1197
1206
1219
1231
1241
1247
1256
1262
1272
1278
1284
1287
1291
1294
1300
1306
1331
1394
1506
1684
1941
2288
2710
3125
3376
3379
3154
2591
1891
1256
0850
0753
0756
0881
0975
1012
1034
1065
1109
1134
1147
1153
1159
1169
1175
1184
1190
1197
1206
1219
1228
1228
1219
1206
1197
1190
1181
1175
1175
1178
1184
1190
1197
1203
1209
1215
1228
1244
1259
1275
1297
1319
1344
1366
1387
1397
1403
1409
1416
1422
1428
1434
1437
1441
1444
1447
1450
1453
1456
1456
1459
1462
1469
1481
1494
1509
1528
1547
1569
1587
1606
1616
1622
1631
1634
1638
1641
1644
1644
1644
1641
1638
1634
1628
1622
1612
1600
1572
1547
1522
1503
1484
1466
1444
1419
1391
1366
1350
1328
1306
1294
1284
1275
1269
1262
1259
1259
1262
1266
1272
1278
1287
1297
1309
1334
1347
1350
1356
1356
1362
1362
1353
1341
1331
1325
1319
1316
1309
1306
1306
1303
1303
1306
1306
1309
1312
1316
1319
1322
1328
1331
1334
1334
1328
1316
1303
1291
1281
1266
1253
1244
1237
1231
1228
1225
1225
1222
1222
1219
1215
1212
1209
1206
1203
1200
1197
1194
1190
1187
1178
1162
1156
1165
1187
1203
1219
1234
1250
1266
1281
1303
1309
1306
1306
1306
1306
1306
1303
1300
1300
1297
1294
1294
1291
1287
1284
1281
1281
1281
1284
1287
1291
1297
1306
1312
1322
1328
1334
1341
1344
1350
1350
1350
1344
1334
1325
1316
1309
1303
1297
1291
1287
1281
1278
1275
1272
1266
1262
1259
1256
1256
1256
1259
1259
1262
1262
1269
1272
1275
1278
1284
1287
1294
1300
1309
1331
1356
1378
1400
1406
1412
1416
1419
1422
1422
1416
1409
1391
1394
1450
1575
1797
2131
2575
3066
3469
3660
3516
3032
2313
1569
1009
0762
0740
0862
1031
1115
1140
1159
1178
1194
1206
1215
1225
1234
1241
1241
1241
1237
1234
1231
1225
1222
1215
1206
1203
1209
1222
1234
1241
1247
1253
1259
1266
1272
1278
1284
1291
1300
1306
1316
1328
1347
1362
1378
1400
1444
1466
1475
1481
1487
1491
1497
1500
1503
1506
1512
1516
1519
1522
1525
1528
1531
1541
1559
1578
1597
1622
1650
1681
1697
1709
1719
1728
1734
1738
1741
1744
1747
1750
1753
1756
1763
1769
1772
1772
1766
1753
1738
1716
1681
1653
1612
1569
1528
1481
1447
1422
1406
1391
1381
1375
1369
1362
1356
1350
1341
1331
1325
1322
1319
1316
1312
1309
1306
1303
1303
1300
1297
1294
1294
1294
1294
1297
1297
1300
1303
1306
1309
1312
1316
1316
1319
1319
1322
1325
1328
1328
1328
1331
1331
1334
1337
1337
1341
1341
1344
1344
1344
1344
1341
1337
1334
1328
1322
1316
1309
1303
1297
1291
1281
1275
1266
1259
1253
1250
1247
1247
1247
1253
1256
1266
1272
1278
1284
1291
1303
1316
1328
1341
1353
1356
1366
1375
1381
1387
1391
1387
1384
1381
1378
1375
1372
1366
1359
1356
1356
1356
1356
1356
1359
1366
1372
1378
1384
1391
1397
1400
1403
1397
1387
1375
1362
1356
1347
1337
1328
1322
1312
1303
1297
1291
1287
1281
1278
1272
1269
1266
1262
1259
1256
1253
1247
1241
1234
1231
1228
1222
1219
1209
1200
1190
1187
1194
1203
1219
1244
1287
1316
1337
1347
1347
1350
1350
1350
1353
1356
1356
1362
1369
1378
1409
1516
1713
2016
2428
2910
3351
3538
3504
3132
2450
1691
1062
0700
0625
0731
0881
0987
1040
1090
1147
1178
1190
1200
1209
1212
1215
1219
1219
1219
1215
1215
1212
1212
1209
1206
1200
1194
1190
1190
1194
1197
1200
1203
1209
1219
1219
1212
1206
1200
1197
1197
1206
1225
1253
1303
1325
1331
1337
1344
1350
1356
1356
1359
1362
1366
1369
1372
1375
1375
1378
1381
1384
1391
1397
1409
1422
1437
1459
1481
1491
1500
1506
1516
1522
1528
1534
1541
1544
1547
1550
1550
1550
1550
1547
1544
1544
1537
1534
1528
1522
1516
1509
1491
1444
1400
1356
1325
1309
1300
1291
1281
1275
1269
1262
1259
1256
1253
1247
1241
1231
1225
1225
1234
1247
1259
1269
1278
1284
1291
1300
1303
1306
1306
1303
1303
1300
1300
1297
1294
1291
1287
1284
1287
1291
1297
1300
1300
1303
1306
1309
1312
1316
1316
1319
1319
1319
1319
1319
1316
1309
1303
1297
1287
1278
1272
1262
1256
1253
1247
1244
1237
1234
1228
1225
1219
1215
1212
1209
1209
1209
1209
1212
1212
1219
1222
1228
1237
1244
1250
1269
1312
1356
1381
1397
1403
1412
1419
1419
1406
1391
1381
1375
1366
1362
1356
1356
1356
1356
1356
1359
1366
1372
1381
1387
1394
1400
1406
1412
1416
1419
1422
1422
1422
1422
1419
1412
1406
1400
1394
1387
1384
1381
1375
1372
1369
1366
1362
1359
1356
1356
1353
1350
1347
1344
1341
1334
1331
1328
1322
1316
1306
1291
1275
1275
1287
1306
1328
1356
1381
1403
1428
1447
1459
1469
1475
1481
1481
1478
1475
1466
1456
1444
1450
1500
1634
1878
2238
2691
3163
3529
3651
3444
2925
2216
1525
1034
0862
0856
0981
1119
1212
1247
1262
1266
1269
1272
1272
1272
1275
1275
1272
1272
1272
1272
1272
1272
1275
1275
1275
1275
1278
1278
1281
1287
1291
1294
1297
1300
1306
1316
1328
1337
1347
1353
1356
1362
1375
1397
1444
1469
1475
1481
1484
1491
1494
1497
1500
1500
1503
1506
1512
1516
1519
1519
1522
1525
1531
1537
1544
1550
1559
1578
1597
1609
1622
1631
1638
1644
1647
1653
1656
1659
1663
1663
1663
1663
1663
1659
1656
1653
1647
1641
1634
1616
1578
1537
1497
1462
1434
1403
1372
1344
1319
1306
1300
1291
1287
1281
1281
1278
1278
1281
1281
1284
1287
1294
1300
1303
1306
1306
1312
1319
1325
1328
1331
1331
1328
1322
1319
1312
1306
1297
1284
1278
1278
1281
1284
1287
1291
1294
1297
1300
1303
1306
1306
1306
1306
1303
1297
1291
1281
1272
1266
1256
1253
1247
1241
1234
1228
1222
1219
1212
1209
1206
1203
1203
1203
1203
1203
1203
1206
1206
1206
1206
1203
1203
1206
1219
1234
1253
1272
1303
1319
1325
1328
1334
1337
1337
1341
1341
1341
1341
1337
1334
1331
1328
1325
1322
1319
1316
1309
1306
1303
1303
1303
1303
1306
1309
1312
1319
1325
1331
1331
1322
1309
1306
1300
1297
1294
1287
1284
1281
1278
1275
1275
1275
1275
1275
1275
1275
1275
1272
1269
1266
1266
1262
1262
1259
1259
1259
1259
1256
1253
1247
1244
1247
1253
1262
1275
1297
1344
1372
1394
1406
1409
1412
1416
1422
1400
1378
1356
1356
1384
1456
1625
1891
2275
2750
3241
3613
3729
3507
2957
2206
1475
0950
0768
0762
0909
1072
1159
1181
1200
1225
1247
1256
1266
1272
1281
1287
1291
1294
1297
1300
1300
1303
1306
1306
1306
1309
1309
1309
1312
1312
1316
1316
1316
1319
1322
1325
1328
1328
1334
1341
1350
1362
1381
1403
1419
1431
1441
1453
1462
1469
1472
1478
1481
1487
1491
1494
1497
1500
1503
1506
1512
1516
1519
1525
1531
1541
1550
1566
1584
1619
1641
1659
1672
1681
1694
1703
1709
1719
1725
1734
1738
1741
1741
1738
1728
1716
1703
1691
1669
1650
1638
1625
1603
1566
1531
1506
1478
1447
1419
1391
1369
1356
1350
1341
1331
1322
1312
1306
1297
1287
1281
1278
1281
1287
1297
1306
1312
1322
1331
1337
1341
1337
1331
1325
1316
1312
1306
1303
1297
1294
1287
1287
1287
1287
1291
1294
1297
1303
1306
1309
1316
1322
1325
1322
1312
1300
1287
1278
1266
1253
1241
1234
1228
1225
1222
1219
1219
1215
1215
1212
1212
1209
1206
1206
1203
1203
1203
1203
1203
1203
1200
1197
1197
1194
1187
1187
1206
1228
1250
1272
1297
1319
1334
1341
1344
1347
1350
1353
1353
1353
1350
1347
1344
1344
1341
1337
1334
1328
1325
1322
1319
1319
1316
1316
1316
1316
1319
1322
1325
1328
1319
1303
1297
1291
1287
1284
1281
1278
1275
1275
1272
1272
1272
1272
1272
1272
1272
1272
1272
1272
1275
1275
1278
1281
1284
1287
1291
1294
1300
1303
1309
1312
1316
1325
1344
1359
1369
1384
1403
1425
1441
1453
1462
1466
1462
1453
1441
1428
1416
1409
1416
1437
1500
1638
1844
2135
2519
2963
3385
3613
3601
3301
2650
1863
1165
0728
0609
0718
0915
1087
1184
1222
1247
1262
1272
1281
1287
1287
1291
1294
1294
1297
1297
1297
1303
1309
1309
1303
1300
1294
1291
1287
1287
1287
1287
1284
1284
1284
1291
1297
1306
1316
1322
1331
1344
1362
1384
1400
1409
1412
1416
1419
1425
1431
1437
1441
1447
1450
1453
1459
1462
1466
1472
1478
1484
1494
1503
1512
1522
1531
1541
1550
1559
1572
1584
1594
1600
1600
1597
1597
1594
1591
1587
1578
1572
1578
1591
1603
1612
1622
1625
1616
1600
1578
1550
1509
1481
1456
1428
1394
1359
1331
1309
1294
1284
1272
1262
1253
1244
1234
1225
1228
1241
1256
1266
1275
1281
1287
1294
1297
1300
1300
1297
1291
1287
1281
1272
1266
1256
1244
1231
1225
1228
1237
1250
1259
1269
1281
1287
1294
1297
1300
1306
1316
1291
1278
1275
1269
1262
1259
1256
1256
1253
1250
1247
1244
1241
1237
1237
1234
1231
1228
1225
1222
1219
1219
1215
1212
1209
1206
1203
1200
1200
1203
1203
1209
1212
1222
1231
1241
1253
1275
1291
1297
1300
1303
1306
1309
1309
1309
1309
1309
1306
1303
1300
1294
1291
1291
1287
1284
1284
1281
1278
1278
1275
1275
1275
1272
1272
1272
1272
1272
1269
1269
1266
1262
1262
1259
1259
1259
1262
1262
1266
1272
1278
1284
1294
1300
1309
1319
1391
1569
1847
2225
2672
3113
3391
3401
3166
2550
1788
1097
0647
0490
0572
0756
0937
1075
1165
1222
1287
1347
1372
1384
1394
1400
1406
1406
1406
1403
1394
1384
1375
1366
1359
1353
1344
1334
1328
1328
1337
1350
1359
1369
1375
1378
1384
1387
1391
1394
1397
1400
1403
1406
1412
1419
1422
1425
1428
1428
1428
1428
1431
1431
1437
1441
1447
1456
1469
1481
1494
1506
1516
1528
1544
1559
1572
1584
1594
1603
1612
1622
1631
1644
1656
1669
1684
1706
1734
1772
1816
1841
1859
1869
1869
1856
1834
1803
1763
1728
1688
1644
1597
1547
1500
1472
1453
1434
1416
1394
1372
1356
1344
1334
1328
1316
1300
1284
1275
1266
1256
1247
1241
1237
1234
1231
1228
1225
1222
1219
1215
1212
1209
1203
1197
1190
1184
1181
1175
1172
1165
1162
1159
1156
1156
1156
1153
1156
1156
1162
1165
1172
1178
1187
1194
1203
1222
1241
1256
1266
1275
1284
1291
1291
1287
1284
1278
1278
1275
1272
1269
1266
1266
1269
1272
1278
1287
1294
1300
1309
1316
1322
1328
1331
1325
1319
1306
1294
1284
1281
1275
1272
1266
1259
1256
1250
1247
1244
1241
1237
1234
1231
1231
1231
1231
1234
1234
1234
1237
1241
1244
1247
1250
1250
1253
1259
1262
1269
1275
1281
1300
1319
1334
1356
1394
1422
1437
1447
1447
1437
1425
1397
1359
1337
1319
1319
1350
1434
1612
1878
2231
2650
3069
3388
3494
3310
2816
2128
1441
0934
0715
0697
0809
0975
1103
1140
1153
1156
1162
1169
1178
1190
1219
1256
1278
1291
1297
1287
1266
1247
1222
1200
1187
1181
1175
1172
1165
1162
1162
1159
1162
1165
1169
1175
1181
1187
1200
1219
1237
1256
1275
1294
1312
1331
1347
1356
1362
1369
1378
1384
1391
1400
1412
1431
1444
1450
1456
1462
1466
1469
1475
1481
1491
1503
1519
1547
1578
1597
1609
1622
1631
1641
1647
1656
1659
1666
1672
1678
1684
1688
1684
1681
1669
1656
1638
1616
1575
1547
1522
1494
1466
1425
1378
1344
1322
1300
1278
1266
1259
1250
1244
1241
1237
1234
1234
1237
1237
1244
1247
1253
1259
1266
1272
1278
1287
1300
1306
1306
1300
1287
1278
1269
1259
1250
1244
1237
1237
1241
1250
1259
1269
1275
1281
1287
1294
1300
1306
1309
1316
1319
1322
1322
1319
1316
1316
1312
1309
1303
1300
1294
1291
1287
1284
1284
1281
1278
1275
1272
1272
1269
1262
1259
1253
1250
1250
1250
1253
1253
1256
1259
1262
1269
1275
1281
1287
1291
1297
1309
1341
1362
1375
1381
1387
1394
1400
1406
1406
1406
1406
1403
1403
1403
1400
1397
1394
1391
1387
1384
1381
1378
1375
1372
1372
1375
1375
1378
1381
1384
1387
1394
1397
1394
1387
1378
1366
1356
1350
1347
1356
1381
1453
1594
1813
2119
2513
2954
3354
3582
3507
3072
2350
1522
0822
0468
0428
0565
0815
0972
1025
1047
1056
1090
1184
1284
1325
1344
1356
1359
1369
1378
1384
1394
1403
1412
1416
1416
1406
1391
1378
1369
1356
1350
1341
1337
1337
1341
1350
1359
1372
1384
1409
1428
1431
1434
1437
1437
1441
1441
1441
1441
1441
1441
1444
1444
1444
1444
1444
1447
1450
1453
1456
1462
1469
1475
1487
1516
1547
1566
1575
1581
1591
1597
1603
1609
1616
1622
1625
1634
1641
1656
1684
1703
1716
1725
1734
1738
1741
1738
1725
1709
1688
1650
1591
1547
1516
1487
1453
1403
1372
1356
1347
1341
1337
1337
1344
1350
1356
1362
1375
1381
1381
1366
1350
1337
1325
1312
1303
1297
1291
1287
1284
1281
1278
1278
1275
1272
1272
1269
1266
1266
1262
1262
1262
1262
1262
1262
1259
1259
1259
1262
1262
1259
1259
1256
1256
1253
1253
1250
1247
1250
1275
1297
1319
1341
1359
1381
1403
1412
1400
1378
1362
1353
1341
1328
1319
1309
1300
1291
1281
1281
1284
1291
1297
1306
1316
1325
1341
1353
1366
1372
1362
1344
1325
1303
1281
1266
1244
1219
1209
1206
1203
1200
1197
1194
1194
1194
1194
1190
1190
1190
1190
1190
1190
1190
1187
1184
1181
1181
1181
1184
1184
1184
1187
1190
1194
1200
1203
1206
1209
1215
1228
1244
1253
1259
1262
1269
1272
1278
1281
1284
1291
1291
1294
1297
1297
1297
1297
1297
1297
1300
1303
1309
1316
1322
1328
1337
1347
1362
1422
1556
1769
2094
2525
3000
3397
3563
3401
2897
2175
1434
0887
0684
0675
0825
0997
1047
1059
1072
1087
1103
1131
1172
1187
1197
1203
1206
1209
1209
1212
1215
1222
1228
1231
1234
1241
1247
1256
1269
1300
1331
1347
1356
1366
1372
1378
1384
1391
1394
1397
1400
1403
1406
1412
1419
1422
1428
1437
1447
1456
1469
1487
1500
1503
1506
1506
1509
1512
1512
1512
1516
1512
1512
1516
1516
1516
1519
1519
1522
1525
1528
1531
1534
1541
1547
1556
1572
1587
1600
1609
1612
1619
1625
1628
1631
1634
1631
1628
1619
1609
1597
1572
1525
1491
1469
1453
1444
1437
1434
1431
1428
1425
1422
1416
1409
1403
1397
1391
1384
1372
1356
1344
1337
1334
1331
1325
1319
1316
1316
1319
1328
1337
1347
1356
1362
1356
1337
1322
1309
1297
1291
1284
1284
1281
1281
1278
1275
1272
1272
1272
1272
1272
1269
1266
1266
1266
1266
1266
1262
1256
1253
1250
1247
1244
1241
1234
1231
1225
1219
1219
1219
1225
1234
1244
1256
1275
1306
1334
1359
1384
1397
1403
1409
1412
1412
1400
1384
1372
1362
1353
1347
1344
1347
1350
1353
1356
1356
1359
1362
1366
1369
1369
1372
1372
1375
1375
1375
1372
1369
1362
1359
1359
1356
1356
1350
1344
1341
1334
1331
1325
1319
1312
1306
1300
1294
1287
1284
1278
1272
1269
1262
1259
1253
1250
1250
1250
1253
1256
1262
1266
1275
1284
1294
1306
1334
1356
1372
1384
1394
1400
1394
1378
1362
1353
1341
1328
1319
1319
1325
1334
1347
1372
1419
1506
1653
1891
2244
2697
3172
3532
3632
3397
2838
2088
1350
0815
0650
0656
0853
1034
1125
1153
1169
1181
1190
1194
1197
1197
1200
1203
1203
1206
1206
1209
1209
1209
1209
1212
1212
1212
1215
1219
1219
1219
1222
1225
1231
1237
1241
1247
1253
1262
1284
1309
1341
1353
1356
1362
1369
1375
1378
1381
1384
1391
1394
1397
1403
1403
1406
1406
1406
1409
1412
1416
1425
1434
1456
1478
1500
1512
1522
1531
1537
1541
1547
1550
1556
1562
1566
1572
1575
1578
1581
1587
1591
1600
1606
1612
1616
1616
1609
1603
1591
1575
1553
1516
1484
1456
1434
1412
1387
1356
1328
1316
1309
1303
1300
1297
1300
1306
1316
1325
1331
1337
1344
1350
1356
1359
1359
1362
1359
1359
1356
1353
1347
1341
1334
1331
1328
1325
1322
1322
1319
1316
1312
1309
1306
1303
1303
1303
1303
1303
1300
1300
1300
1297
1294
1291
1287
1281
1275
1272
1266
1262
1259
1256
1253
1253
1250
1244
1237
1231
1225
1222
1219
1215
1215
1219
1225
1231
1241
1250
1262
1275
1287
1309
1328
1334
1341
1344
1347
1353
1356
1356
1359
1359
1359
1356
1356
1350
1347
1337
1331
1322
1319
1312
1309
1306
1303
1300
1294
1291
1287
1281
1278
1272
1269
1262
1259
1259
1256
1256
1253
1253
1253
1250
1250
1247
1244
1244
1241
1237
1237
1234
1234
1231
1231
1228
1228
1225
1225
1222
1219
1219
1212
1209
1203
1200
1187
1178
1181
1194
1215
1234
1259
1281
1300
1309
1316
1322
1325
1331
1337
1344
1350
1353
1356
1359
1369
1384
1444
1600
1847
2206
2672
3163
3557
3704
3510
2985
2244
1494
0940
0722
0703
0828
0978
1062
1094
1115
1144
1194
1231
1244
1253
1262
1272
1275
1281
1287
1294
1300
1306
1312
1319
1325
1331
1337
1347
1350
1356
1356
1359
1366
1369
1372
1375
1378
1384
1391
1400
1409
1422
1434
1456
1494
1522
1544
1566
1578
1584
1587
1587
1591
1594
1594
1594
1594
1594
1597
1600
1603
1606
1606
1609
1612
1616
1619
1625
1644
1669
1675
1681
1688
1694
1697
1700
1700
1700
1700
1700
1700
1700
1697
1697
1694
1694
1694
1688
1678
1666
1644
1609
1578
1553
1525
1500
1478
1459
1441
1425
1409
1394
1378
1366
1356
1347
1341
1337
1334
1331
1325
1328
1353
1369
1384
1397
1403
1406
1412
1419
1428
1428
1416
1403
1397
1391
1384
1387
1400
1416
1431
1444
1459
1475
1487
1487
1491
1487
1487
1484
1484
1484
1484
1484
1484
1481
1478
1475
1469
1466
1456
1450
1444
1434
1428
1425
1419
1412
1406
1400
1397
1391
1387
1384
1384
1384
1384
1384
1384
1384
1384
1387
1387
1384
1384
1387
1394
1403
1416
1441
1475
1484
1487
1491
1494
1497
1500
1500
1503
1503
1503
1503
1503
1503
1503
1503
1500
1497
1494
1491
1487
1487
1484
1481
1478
1472
1469
1466
1459
1441
1425
1416
1409
1403
1400
1394
1387
1378
1362
1347
1309
1259
1187
1122
1053
0978
0900
0825
0784
0762
0750
0743
0737
0734
0731
0728
0725
0725
0725
0722
0722
0718
0712
0715
0743
0784
0831
0872
0915
0937
0953
0965
0969
0965
0956
0937
0915
0887
0884
0878
0872
0906
1000
1169
1425
1778
2200
2610
2850
2847
2594
2003
1281
0612
0153
0006
0000
0121
0246
0331
0371
0406
0450
0503
0550
0578
0597
0618
0640
0656
0665
0675
0681
0690
0697
0703
0706
0712
0718
0737
0784
0822
0837
0850
0862
0869
0878
0884
0894
0903
0912
0928
0947
0981
1031
1078
1125
1165
1194
1222
1234
1244
1247
1253
1256
1259
1262
1266
1272
1275
1278
1281
1284
1287
1291
1297
1309
1322
1337
1353
1378
1428
1472
1500
1522
1534
1541
1547
1553
1556
1562
1569
1575
1581
1591
1597
1606
1619
1625
1625
1619
1606
1594
1575
1553
1531
1506
1466
1416
1369
1319
1278
1244
1212
1178
1147
1134
1128
1125
1119
1119
1125
1137
1156
1178
1209
1253
1272
1281
1291
1300
1306
1309
1312
1316
1322
1325
1331
1334
1341
1344
1347
1353
1356
1362
1372
1397
1419
1441
1456
1469
1481
1487
1487
1481
1469
1456
1453
1447
1444
1441
1437
1437
1431
1428
1425
1422
1422
1419
1419
1416
1412
1412
1412
1412
1412
1409
1406
1403
1406
1406
1409
1412
1416
1419
1422
1428
1434
1441
1447
1453
1462
1487
1509
1522
1531
1541
1547
1553
1559
1566
1569
1569
1569
1566
1556
1547
1534
1522
1509
1497
1487
1478
1469
1459
1450
1441
1434
1428
1425
1422
1419
1419
1416
1416
1416
1416
1416
1412
1412
1409
1409
1406
1406
1403
1403
1403
1400
1400
1400
1400
1397
1397
1394
1391
1391
1391
1394
1394
1394
1397
1400
1403
1412
1419
1428
1434
1444
1456
1497
1531
1547
1553
1559
1569
1575
1581
1587
1597
1600
1603
1606
1609
1616
1625
1672
1819
2047
2385
2810
3241
3569
3666
3447
2935
2269
1625
1181
1025
1012
1106
1187
1234
1278
1322
1366
1397
1406
1409
1416
1419
1422
1422
1422
1422
1419
1416
1412
1409
1406
1400
1397
1394
1391
1391
1391
1391
1391
1394
1394
1397
1403
1409
1416
1428
1437
1450
1472
1516
1550
1572
1591
1603
1606
1609
1612
1612
1616
1616
1616
1609
1594
1581
1572
1566
1556
1550
1541
1537
1537
1537
1541
1547
1550
1553
1559
1569
1575
1575
1572
1562
1556
1550
1547
1541
1534
1528
1522
1512
1506
1500
1491
1481
1472
1462
1453
1434
1412
1391
1369
1347
1325
1306
1284
1269
1256
1247
1241
1237
1231
1222
1215
1212
1212
1215
1222
1234
1247
1262
1272
1281
1294
1303
1309
1319
1322
1322
1322
1319
1319
1316
1316
1316
1312
1306
1303
1300
1300
1303
1306
1309
1309
1309
1312
1312
1316
1319
1319
1319
1319
1322
1322
1322
1322
1322
1319
1316
1312
1312
1309
1306
1303
1300
1300
1300
1300
1303
1303
1300
1300
1297
1294
1291
1287
1284
1281
1281
1281
1281
1284
1284
1287
1287
1287
1287
1287
1287
1284
1284
1281
1278
1278
1278
1278
1281
1278
1278
1278
1278
1278
1281
1281
1278
1278
1275
1275
1275
1275
1272
1269
1269
1266
1266
1266
1266
1266
1266
1262
1262
1262
1259
1259
1256
1253
1250
1247
1244
1244
1247
1247
1247
1247
1247
1247
1247
1244
1244
1241
1241
1241
1241
1244
1247
1247
1247
1244
1244
1244
1241
1237
1231
1225
1215
1203
1181
1159
1112
1040
0940
0834
0728
0653
0597
0562
0543
0553
0584
0678
0894
1219
1659
2169
2650
2941
2947
2694
2063
1322
0687
0334
0278
0343
0528
0675
0740
0775
0797
0825
0856
0878
0894
0906
0919
0931
0947
0959
0972
0981
0994
1003
1015
1025
1034
1044
1050
1059
1069
1075
1084
1094
1103
1115
1125
1137
1153
1165
1181
1194
1206
1225
1244
1266
1278
1284
1284
1287
1294
1303
1297
1262
1237
1219
1203
1187
1169
1150
1134
1119
1103
1090
1081
1072
1069
1072
1081
1097
1112
1128
1144
1156
1172
1187
1203
1215
1228
1237
1250
1259
1275
1300
1341
1362
1375
1387
1397
1400
1400
1394
1378
1362
1347
1319
1287
1259
1247
1234
1225
1212
1206
1200
1194
1194
1194
1197
1197
1200
1203
1212
1219
1228
1244
1272
1294
1306
1312
1319
1325
1331
1337
1344
1353
1356
1366
1372
1381
1391
1400
1409
1419
1428
1441
1453
1462
1472
1481
1484
1487
1491
1491
1494
1497
1497
1500
1503
1506
1509
1509
1509
1509
1509
1509
1509
1509
1509
1509
1512
1512
1516
1516
1516
1516
1516
1516
1516
1516
1519
1519
1519
1522
1528
1531
1537
1544
1547
1553
1566
1597
1638
1653
1663
1669
1675
1681
1688
1691
1694
1697
1700
1703
1706
1709
1713
1716
1716
1719
1722
1725
1731
1734
1738
1741
1741
1744
1747
1750
1753
1756
1759
1763
1766
1769
1772
1772
1769
1769
1763
1759
1756
1750
1747
1741
1738
1731
1728
1725
1722
1716
1709
1703
1697
1691
1684
1675
1669
1659
1653
1647
1638
1625
1612
1603
1603
1609
1619
1628
1634
1641
1650
1656
1663
1663
1663
1656
1650
1644
1634
1619
1619
1650
1734
1894
2150
2516
2969
3438
3794
3910
3679
3107
2322
1550
0994
0828
0840
1069
1306
1419
1450
1472
1484
1494
1506
1516
1522
1531
1537
1544
1550
1553
1556
1562
1569
1575
1581
1587
1594
1600
1606
1612
1619
1625
1631
1638
1647
1653
1663
1669
1678
1684
1694
1706
1725
1756
1794
1825
1850
1869
1881
1894
1903
1913
1916
1916
1909
1900
1881
1850
1797
1713
1619
1522
1469
1387
1316
1231
1169
1119
1087
1062
1044
1019
0990
0981
0975
0965
0972
1003
1031
1059
1081
1103
1137
1187
1234
1269
1278
1284
1291
1291
1284
1266
1237
1190
1140
1090
1044
1003
0969
0928
0894
0865
0844
0822
0803
0793
0787
0784
0778
0784
0806
0834
0862
0890
0925
0969
1022
1053
1065
1072
1078
1078
1078
1065
1050
1037
1028
1019
1009
1003
0994
0990
0987
0990
0990
0994
0997
0997
1003
1006
1015
1022
1028
1019
1006
0990
0978
0969
0956
0947
0940
0937
0940
0944
0947
0953
0959
0972
0972
0947
0915
0869
0815
0772
0740
0715
0687
0668
0659
0650
0640
0637
0637
0637
0643
0653
0665
0678
0703
0756
0809
0862
0887
0903
0912
0919
0919
0915
0909
0900
0890
0881
0875
0865
0859
0853
0850
0853
0856
0862
0869
0878
0890
0909
0925
0940
0953
0959
0965
0972
0978
0984
0987
0994
0994
0997
1000
1000
1000
1000
0997
0997
0997
0997
0997
0997
1000
1003
1003
1003
1003
1000
0997
0997
0994
0990
0990
0990
1000
1009
1019
1028
1037
1050
1062
1075
1090
1119
1162
1203
1244
1266
1275
1281
1287
1291
1297
1303
1309
1312
1319
1328
1362
1491
1703
2013
2425
2894
3322
3538
3522
3225
2613
1903
1287
0915
0815
0897
1040
1153
1200
1222
1237
1278
1297
1306
1312
1319
1325
1331
1337
1344
1350
1356
1356
1362
1366
1372
1375
1378
1381
1384
1391
1397
1403
1409
1416
1422
1425
1428
1434
1441
1447
1466
1516
1559
1591
1612
1628
1638
1647
1656
1666
1675
1681
1684
1688
1691
1697
1700
1703
1709
1713
1719
1725
1731
1741
1747
1756
1772
1791
1803
1816
1828
1838
1850
1863
1875
1888
1900
1913
1922
1934
1947
1956
1963
1966
1972
1975
1981
1988
1991
1984
1972
1953
1934
1913
1884
1853
1825
1800
1775
1753
1734
1713
1688
1659
1628
1606
1584
1566
1559
1566
1578
1597
1612
1631
1647
1656
1663
1669
1678
1681
1666
1638
1622
1616
1606
1600
1597
1594
1591
1584
1581
1575
1572
1569
1562
1559
1553
1550
1544
1541
1541
1537
1534
1528
1522
1512
1506
1497
1487
1475
1462
1450
1437
1428
1422
1412
1406
1400
1397
1391
1387
1381
1378
1372
1369
1366
1366
1362
1359
1356
1356
1356
1353
1347
1347
1350
1356
1366
1381
1406
1441
1456
1462
1466
1469
1472
1472
1475
1475
1472
1469
1466
1462
1459
1456
1453
1450
1450
1447
1447
1450
1450
1453
1453
1453
1450
1450
1447
1444
1441
1434
1428
1422
1416
1412
1406
1403
1397
1391
1384
1378
1375
1369
1362
1356
1353
1347
1341
1337
1334
1331
1328
1328
1328
1328
1325
1325
1322
1319
1309
1303
1297
1294
1303
1319
1337
1359
1397
1416
1428
1437
1444
1450
1450
1447
1441
1431
1422
1406
1406
1437
1516
1688
1953
2322
2782
3238
3532
3547
3338
2757
2028
1359
0928
0840
0853
1006
1090
1115
1128
1140
1156
1169
1175
1178
1184
1190
1194
1197
1200
1200
1200
1200
1203
1203
1200
1197
1194
1194
1194
1197
1200
1203
1203
1206
1209
1212
1215
1219
1222
1225
1231
1237
1247
1275
1297
1316
1325
1334
1344
1353
1356
1356
1356
1347
1337
1328
1319
1312
1303
1294
1287
1278
1275
1272
1272
1275
1281
1287
1297
1306
1319
1334
1356
1375
1391
1397
1406
1412
1419
1425
1428
1431
1431
1431
1431
1431
1428
1422
1416
1406
1397
1387
1378
1366
1347
1319
1297
1272
1250
1231
1215
1200
1187
1181
1172
1165
1156
1150
1147
1153
1169
1184
1194
1203
1209
1215
1222
1225
1228
1231
1231
1231
1228
1228
1225
1225
1225
1225
1222
1215
1212
1212
1212
1219
1225
1231
1234
1237
1241
1241
1244
1247
1247
1250
1253
1253
1250
1250
1247
1247
1244
1237
1231
1228
1222
1219
1215
1215
1212
1212
1209
1206
1206
1203
1200
1197
1194
1190
1187
1190
1190
1194
1200
1209
1222
1237
1253
1275
1322
1359
1378
1387
1394
1403
1406
1412
1416
1419
1422
1425
1428
1428
1431
1434
1434
1437
1437
1441
1444
1447
1453
1456
1462
1466
1466
1469
1469
1475
1481
1487
1494
1497
1497
1494
1491
1487
1484
1481
1478
1472
1469
1462
1456
1453
1456
1462
1469
1478
1487
1494
1509
1522
1531
1537
1534
1528
1522
1516
1506
1494
1481
1481
1503
1528
1544
1553
1562
1569
1575
1581
1591
1600
1606
1612
1616
1619
1622
1628
1634
1644
1666
1731
1878
2119
2488
2975
3507
3935
4095
3863
3257
2428
1612
1044
0862
0862
1044
1225
1334
1372
1406
1447
1506
1537
1553
1562
1575
1581
1587
1591
1591
1587
1587
1581
1578
1572
1566
1559
1553
1550
1547
1541
1537
1531
1522
1519
1512
1512
1516
1522
1531
1541
1553
1562
1572
1578
1587
1594
1600
1603
1606
1609
1609
1609
1606
1606
1603
1603
1603
1600
1600
1597
1597
1597
1597
1594
1591
1591
1600
1612
1628
1638
1641
1647
1653
1663
1669
1672
1678
1681
1684
1688
1688
1684
1684
1681
1678
1672
1669
1663
1656
1650
1641
1631
1606
1556
1522
1497
1459
1425
1397
1375
1356
1353
1347
1344
1344
1344
1341
1341
1341
1341
1341
1341
1341
1337
1337
1334
1331
1331
1331
1331
1331
1331
1331
1328
1328
1328
1328
1325
1316
1306
1300
1300
1303
1312
1322
1328
1334
1344
1350
1353
1356
1350
1344
1334
1328
1322
1316
1309
1300
1294
1287
1281
1275
1272
1266
1262
1256
1253
1250
1247
1241
1237
1231
1225
1219
1215
1212
1209
1209
1212
1219
1225
1231
1237
1244
1253
1259
1266
1269
1272
1272
1275
1278
1281
1284
1291
1294
1300
1303
1306
1309
1312
1312
1312
1312
1312
1312
1312
1309
1312
1312
1312
1316
1322
1328
1334
1334
1331
1322
1309
1294
1272
1256
1247
1241
1234
1228
1225
1222
1222
1219
1219
1219
1219
1219
1219
1215
1215
1212
1212
1209
1206
1203
1203
1200
1197
1194
1194
1190
1187
1178
1172
1175
1184
1200
1225
1269
1300
1319
1331
1334
1337
1337
1337
1337
1337
1341
1344
1350
1362
1412
1537
1744
2060
2488
2972
3401
3619
3519
3075
2378
1625
1040
0775
0743
0850
1012
1106
1137
1159
1175
1203
1250
1272
1281
1287
1294
1300
1303
1303
1303
1303
1306
1306
1309
1309
1312
1312
1316
1316
1319
1322
1322
1325
1325
1328
1331
1334
1341
1347
1362
1381
1403
1441
1487
1528
1553
1562
1569
1575
1578
1566
1547
1537
1528
1519
1512
1506
1503
1503
1509
1516
1525
1534
1544
1553
1569
1584
1591
1594
1597
1597
1600
1606
1606
1603
1594
1584
1578
1572
1572
1581
1591
1600
1606
1612
1619
1619
1619
1612
1600
1587
1566
1534
1509
1484
1459
1425
1394
1369
1356
1347
1344
1341
1337
1334
1334
1334
1334
1331
1331
1331
1331
1334
1337
1341
1344
1347
1353
1359
1366
1362
1356
1356
1353
1347
1344
1344
1344
1350
1356
1362
1372
1378
1391
1403
1412
1416
1416
1416
1416
1416
1422
1419
1400
1391
1384
1378
1375
1369
1366
1362
1356
1353
1350
1347
1347
1344
1341
1337
1334
1328
1325
1319
1316
1306
1300
1291
1278
1266
1237
1181
1122
1069
1025
0994
0987
0978
0972
0972
0984
0990
0994
0997
0997
1000
1000
1000
1003
1006
1009
1012
1015
1019
1022
1025
1031
1037
1047
1056
1069
1097
1119
1137
1147
1156
1162
1165
1169
1175
1181
1184
1190
1194
1197
1203
1206
1209
1212
1219
1222
1225
1228
1234
1241
1247
1253
1262
1275
1287
1300
1312
1319
1325
1328
1331
1334
1337
1344
1347
1350
1356
1359
1366
1375
1397
1437
1472
1497
1528
1550
1566
1578
1581
1578
1572
1562
1547
1531
1531
1550
1606
1750
1981
2319
2747
3213
3613
3819
3729
3310
2657
1944
1366
1053
0987
1078
1212
1300
1341
1372
1406
1472
1547
1584
1597
1600
1603
1606
1609
1609
1612
1616
1619
1625
1628
1631
1634
1641
1644
1650
1659
1675
1688
1691
1684
1675
1647
1531
1366
1187
1009
0834
0659
0487
0328
0206
0165
0150
0153
0175
0200
0225
0250
0284
0328
0368
0396
0418
0453
0493
0534
0572
0609
0650
0687
0728
0775
0825
0865
0897
0925
0950
0978
1006
1031
1059
1084
1106
1128
1159
1194
1225
1247
1266
1281
1297
1316
1328
1341
1350
1356
1356
1353
1344
1328
1312
1297
1278
1259
1241
1228
1212
1203
1194
1187
1178
1175
1172
1172
1175
1181
1190
1203
1219
1237
1275
1309
1325
1334
1341
1347
1350
1350
1353
1356
1356
1359
1366
1369
1372
1378
1381
1384
1387
1391
1394
1403
1425
1437
1441
1447
1453
1459
1456
1447
1431
1428
1425
1422
1422
1419
1412
1409
1406
1403
1403
1400
1400
1397
1397
1397
1397
1397
1394
1394
1391
1387
1387
1384
1378
1375
1369
1362
1356
1356
1356
1366
1378
1394
1419
1453
1459
1462
1466
1469
1472
1469
1466
1456
1447
1437
1422
1416
1425
1450
1472
1487
1506
1525
1544
1559
1572
1584
1594
1600
1606
1612
1616
1619
1619
1622
1619
1616
1612
1606
1600
1594
1587
1578
1569
1559
1547
1531
1519
1509
1503
1500
1497
1494
1494
1491
1487
1487
1484
1484
1484
1481
1481
1481
1481
1484
1491
1500
1509
1516
1525
1541
1572
1606
1644
1678
1684
1688
1691
1694
1688
1672
1656
1634
1638
1675
1778
1984
2294
2713
3204
3663
3888
3866
3532
2841
2031
1337
0909
0797
0931
1159
1322
1384
1400
1403
1409
1412
1416
1416
1419
1416
1416
1419
1419
1419
1419
1422
1425
1428
1431
1431
1434
1437
1441
1441
1444
1450
1453
1459
1462
1475
1487
1500
1516
1525
1537
1550
1566
1587
1625
1666
1691
1703
1713
1722
1728
1734
1741
1747
1750
1756
1763
1766
1772
1781
1791
1803
1816
1828
1841
1856
1875
1891
1906
1919
1928
1934
1938
1941
1947
1950
1956
1959
1963
1963
1963
1963
1963
1959
1953
1947
1938
1928
1919
1909
1897
1878
1844
1813
1784
1750
1709
1672
1641
1619
1597
1569
1544
1525
1509
1497
1484
1475
1466
1459
1450
1444
1437
1431
1425
1422
1416
1409
1403
1397
1391
1384
1378
1366
1356
1341
1319
1294
1275
1256
1244
1234
1228
1222
1219
1212
1209
1203
1200
1194
1190
1187
1181
1178
1172
1165
1159
1147
1131
1112
1090
1065
1044
1025
1003
0984
0975
0972
0972
0975
0975
0975
0972
0969
0969
0969
0969
0969
0969
0972
0978
0990
1000
1015
1028
1037
1050
1072
1094
1106
1112
1119
1122
1128
1131
1134
1128
1109
1084
1053
1006
0965
0928
0894
0875
0865
0856
0850
0847
0840
0837
0837
0840
0850
0865
0878
0894
0906
0922
0937
0953
0969
0981
0994
1006
1019
1031
1040
1053
1062
1072
1081
1090
1100
1109
1115
1119
1125
1131
1140
1153
1165
1181
1200
1219
1234
1250
1262
1275
1291
1303
1316
1331
1350
1372
1419
1462
1500
1534
1553
1569
1578
1584
1587
1594
1597
1603
1609
1616
1628
1644
1666
1763
1934
2188
2538
2966
3410
3757
3866
3629
3066
2319
1603
1106
0953
0953
1106
1253
1322
1359
1387
1400
1409
1416
1419
1422
1428
1434
1437
1441
1444
1447
1450
1453
1456
1456
1456
1456
1459
1462
1469
1472
1478
1484
1491
1497
1500
1506
1512
1519
1528
1537
1553
1581
1612
1647
1678
1713
1744
1778
1797
1809
1819
1825
1831
1834
1838
1844
1847
1853
1859
1866
1872
1878
1884
1888
1891
1894
1894
1897
1897
1900
1903
1906
1913
1916
1919
1922
1925
1925
1925
1925
1922
1916
1909
1903
1897
1891
1884
1875
1866
1853
1825
1797
1769
1744
1722
1697
1663
1631
1600
1572
1547
1531
1519
1509
1506
1503
1503
1500
1497
1497
1494
1494
1491
1487
1484
1481
1478
1475
1475
1475
1475
1475
1475
1478
1478
1478
1478
1478
1478
1475
1475
1472
1469
1469
1469
1469
1466
1466
1466
1462
1459
1456
1450
1444
1434
1428
1419
1412
1403
1391
1378
1366
1356
1344
1334
1325
1316
1306
1300
1294
1284
1278
1269
1259
1253
1247
1244
1241
1237
1237
1237
1237
1237
1237
1237
1231
1228
1225
1234
1253
1272
1284
1300
1316
1328
1328
1322
1309
1294
1275
1256
1234
1212
1190
1162
1125
1081
1028
0956
0897
0856
0815
0797
0784
0775
0765
0759
0750
0740
0728
0718
0706
0690
0665
0625
0584
0547
0509
0468
0453
0440
0428
0418
0409
0406
0403
0400
0400
0400
0400
0400
0406
0412
0422
0431
0437
0447
0456
0465
0484
0506
0528
0547
0568
0600
0640
0675
0709
0740
0756
0762
0768
0772
0775
0778
0784
0790
0803
0812
0828
0853
0950
1137
1412
1797
2263
2725
3025
3047
2844
2269
1541
0869
0415
0306
0318
0500
0665
0781
0822
0850
0869
0881
0890
0897
0903
0915
0928
0940
0953
0965
0975
0984
0994
1003
1012
1022
1028
1037
1047
1053
1062
1072
1078
1084
1094
1106
1122
1137
1156
1172
1190
1215
1253
1309
1369
1400
1419
1434
1444
1456
1466
1475
1481
1487
1494
1500
1506
1516
1525
1534
1544
1556
1572
1587
1600
1609
1619
1628
1634
1638
1644
1647
1656
1663
1672
1681
1688
1691
1697
1703
1709
1713
1719
1722
1734
1747
1763
1769
1769
1759
1744
1725
1706
1691
1675
1659
1644
1625
1609
1594
1581
1569
1553
1541
1531
1519
1506
1497
1487
1481
1481
1491
1506
1525
1541
1556
1569
1578
1591
1600
1609
1622
1628
1638
1644
1650
1656
1659
1666
1666
1669
1669
1669
1669
1669
1669
1669
1672
1675
1678
1678
1675
1663
1641
1616
1594
1562
1534
1506
1484
1475
1466
1459
1456
1453
1450
1450
1450
1450
1447
1444
1441
1434
1434
1431
1425
1422
1416
1409
1406
1400
1391
1381
1359
1312
1300
1291
1284
1275
1269
1262
1266
1272
1284
1294
1300
1306
1312
1319
1325
1331
1337
1344
1350
1356
1362
1369
1375
1384
1394
1403
1416
1428
1444
1459
1472
1487
1497
1509
1519
1525
1534
1541
1547
1556
1562
1569
1572
1578
1578
1578
1575
1572
1566
1559
1550
1541
1531
1522
1509
1500
1487
1475
1462
1453
1441
1428
1416
1403
1391
1378
1366
1356
1344
1331
1319
1306
1294
1281
1272
1262
1253
1241
1228
1206
1187
1181
1175
1172
1165
1156
1203
1344
1575
1938
2431
2969
3407
3588
3419
2910
2194
1475
0934
0687
0656
0734
0878
0962
1000
1012
1022
1031
1034
1040
1044
1047
1050
1053
1056
1062
1065
1069
1069
1069
1069
1069
1069
1069
1069
1072
1072
1078
1090
1090
1053
0950
0840
0718
0637
0562
0512
0497
0481
0468
0515
0597
0693
0775
0834
0869
0906
0940
0984
1019
1044
1072
1100
1128
1162
1200
1228
1253
1272
1291
1309
1328
1350
1366
1391
1406
1403
1387
1359
1319
1253
1190
1119
1056
1015
1006
1006
1006
1006
1034
1056
1072
1081
1094
1106
1115
1125
1131
1137
1144
1147
1147
1150
1150
1150
1153
1156
1162
1165
1165
1169
1169
1175
1178
1184
1194
1203
1215
1244
1309
1350
1375
1394
1409
1416
1422
1428
1434
1437
1441
1441
1441
1437
1437
1434
1431
1428
1419
1412
1416
1431
1453
1462
1469
1472
1475
1481
1484
1491
1494
1500
1506
1512
1516
1519
1519
1522
1522
1525
1525
1528
1531
1537
1544
1553
1559
1569
1572
1575
1578
1578
1578
1578
1575
1572
1569
1562
1559
1556
1547
1531
1534
1556
1575
1587
1600
1616
1628
1641
1653
1663
1675
1688
1694
1700
1706
1713
1734
1728
1647
1537
1422
1316
1206
1087
0965
0844
0765
0740
0725
0725
0740
0759
0781
0803
0828
0850
0875
0897
0922
0947
0987
1044
1097
1131
1159
1178
1197
1222
1253
1275
1297
1312
1328
1344
1356
1372
1394
1416
1437
1450
1459
1469
1475
1481
1491
1497
1506
1516
1525
1537
1559
1578
1600
1612
1622
1631
1638
1641
1638
1628
1619
1606
1591
1566
1566
1587
1650
1809
2056
2413
2882
3407
3857
4063
3898
3344
2532
1694
1078
0834
0819
0969
1159
1269
1309
1341
1375
1431
1462
1478
1491
1500
1503
1500
1494
1487
1481
1478
1475
1472
1466
1459
1453
1450
1447
1447
1447
1447
1450
1453
1456
1462
1469
1478
1487
1497
1509
1528
1569
1600
1619
1631
1644
1656
1669
1681
1691
1700
1709
1719
1728
1738
1747
1759
1772
1784
1800
1816
1834
1853
1875
1897
1922
1944
1966
1984
1997
2003
2009
2016
2022
2028
2034
2038
2041
2044
2044
2044
2044
2044
2041
2034
2028
2019
2013
2003
1994
1981
1963
1913
1859
1803
1750
1713
1681
1659
1634
1606
1578
1566
1559
1553
1547
1541
1541
1537
1537
1534
1531
1528
1525
1522
1519
1516
1509
1503
1500
1497
1494
1494
1491
1487
1484
1478
1475
1472
1466
1456
1447
1434
1425
1419
1409
1400
1394
1387
1378
1372
1362
1353
1334
1309
1287
1262
1244
1231
1222
1212
1203
1197
1190
1184
1178
1172
1165
1156
1150
1140
1134
1125
1115
1100
1081
1065
1053
1040
1028
1015
1006
0997
0994
0994
1003
1019
1034
1065
1125
1159
1178
1194
1200
1203
1197
1184
1165
1150
1131
1109
1087
1078
1072
1069
1065
1062
1059
1053
1053
1053
1056
1062
1069
1075
1081
1087
1094
1100
1103
1103
1103
1100
1094
1090
1084
1081
1078
1075
1069
1065
1062
1062
1059
1056
1053
1053
1053
1056
1056
1056
1056
1056
1059
1059
1062
1065
1069
1072
1075
1081
1090
1100
1109
1122
1140
1187
1234
1272
1309
1325
1331
1337
1344
1350
1350
1341
1331
1319
1303
1303
1347
1459
1650
1928
2303
2747
3179
3460
3476
3279
2710
1988
1312
0853
0731
0740
0903
1040
1087
1115
1134
1159
1190
1222
1231
1237
1244
1247
1250
1253
1253
1256
1256
1256
1256
1256
1256
1256
1253
1253
1253
1256
1259
1262
1266
1272
1275
1281
1291
1300
1306
1316
1325
1337
1366
1394
1406
1416
1422
1425
1431
1434
1441
1447
1450
1453
1459
1466
1472
1478
1481
1487
1494
1497
1500
1506
1512
1519
1525
1534
1544
1553
1559
1569
1575
1581
1584
1584
1587
1584
1584
1581
1578
1575
1572
1566
1562
1556
1550
1544
1534
1525
1506
1484
1462
1441
1419
1394
1366
1334
1306
1284
1266
1253
1244
1234
1228
1222
1219
1219
1219
1219
1219
1222
1222
1225
1225
1225
1228
1228
1231
1231
1231
1231
1231
1228
1225
1222
1219
1215
1209
1206
1200
1197
1194
1200
1206
1215
1225
1234
1244
1253
1262
1269
1275
1278
1281
1281
1284
1284
1291
1297
1303
1300
1284
1269
1259
1256
1247
1241
1234
1231
1225
1222
1219
1219
1219
1222
1228
1234
1237
1244
1253
1262
1272
1284
1297
1312
1328
1350
1372
1406
1425
1422
1419
1416
1416
1416
1419
1419
1419
1419
1419
1419
