2804
3119
3445
3752
4001
4095
4072
3973
3909
3854
3821
3799
3785
3771
3760
3744
3730
3719
3710
3699
3688
3675
3663
3655
3655
3669
3697
3735
3796
3909
4001
4061
4067
4045
3984
3835
3666
3487
3296
3100
2934
2881
2862
2848
2887
2951
3025
3067
3091
3108
3116
3116
3103
3083
3056
3031
2998
2970
2945
2926
2906
2893
2881
2870
2857
2846
2832
2821
2810
2801
2793
2788
2782
2774
2765
2757
2746
2735
2727
2721
2718
2718
2718
2721
2727
2732
2741
2749
2754
2763
2771
2779
2788
2804
2823
2843
2857
2868
2879
2890
2901
2912
2920
2928
2931
2926
2912
2893
2865
2832
2774
2718
2658
2600
2547
2492
2439
2379
2298
2205
2116
2033
1967
1920
1873
1845
1829
1818
1807
1793
1779
1762
1746
1729
1713
1696
1677
1660
1646
1633
1621
1605
1588
1566
1541
1511
1481
1461
1447
1434
1420
1406
1395
1384
1376
1365
1353
1340
1329
1318
1306
1295
1282
1271
1260
1248
1237
1229
1218
1207
1193
1174
1132
1091
1072
1061
1052
1050
1047
1044
1038
1030
1022
1011
1000
0991
0983
0975
0964
0953
0939
0920
0898
0878
0862
0851
0842
0837
0828
0823
0820
0817
0817
0817
0817
0820
0823
0826
0826
0826
0828
0831
0837
0840
0842
0842
0840
0840
0837
0837
0834
0828
0823
0817
0812
0806
0798
0790
0784
0773
0762
0735
0710
0710
0735
0770
0820
0884
0931
0975
1019
1050
1066
1077
1085
1094
1102
1108
1108
1108
1108
1108
1102
1091
1077
1066
1052
1038
1027
1014
1000
0983
0967
0953
0942
0933
0928
0922
0920
0917
0914
0914
0911
0903
0898
0914
0956
1016
1096
1218
1356
1420
1461
1489
1461
1381
1251
1099
0931
0762
0613
0511
0472
0458
0472
0508
0560
0638
0715
0801
0856
0884
0906
0922
0936
0947
0956
0958
0961
0961
0961
0961
0964
0967
0969
0972
0978
0986
0994
1003
1014
1022
1027
1030
1036
1041
1050
1058
1066
1074
1085
1096
1108
1113
1121
1130
1141
1152
1166
1182
1201
1226
1257
1293
1334
1370
1398
1420
1434
1447
1461
1472
1481
1486
1489
1489
1489
1489
1483
1475
1464
1453
1442
1428
1411
1392
1367
1340
1301
1248
1179
1141
1096
1030
0956
0875
0826
0801
0781
0768
0765
0770
0781
0798
0809
0820
0837
0853
0864
0867
0856
0840
0826
0820
0817
0812
0806
0795
0787
0779
0773
0768
0762
0759
0757
0757
0759
0762
0770
0776
0784
0790
0795
0801
0806
0812
0815
0820
0826
0834
0848
0859
0867
0870
0870
0864
0859
0853
0845
0840
0831
0826
0820
0815
0809
0806
0801
0798
0798
0801
0806
0812
0820
0826
0831
0837
0840
0842
0845
0848
0848
0848
0848
0848
0851
0851
0853
0856
0856
0856
0856
0856
0856
0856
0859
0862
0864
0867
0870
0870
0875
0881
0886
0892
0900
0906
0911
0920
0933
0958
0983
1008
1030
1044
1058
1069
1077
1080
1069
1047
1019
0997
0983
0972
0961
0950
0942
0931
0922
0914
0906
0898
0892
0889
0889
0889
0892
0892
0895
0895
0895
0895
0892
0884
0878
0895
0942
1011
1108
1257
1414
1525
1566
1566
1505
1345
1105
0804
0494
0281
0212
0248
0356
0544
0715
0795
0837
0859
0875
0903
0928
0947
0961
0969
0980
0989
1000
1011
1025
1041
1055
1069
1080
1085
1094
1102
1108
1116
1127
1141
1152
1166
1177
1188
1193
1199
1207
1213
1221
1232
1257
1284
1304
1323
1342
1356
1370
1384
1403
1425
1450
1475
1505
1533
1561
1588
1621
1657
1693
1726
1746
1760
1773
1785
1793
1796
1790
1782
1771
1751
1732
1710
1671
1633
1591
1541
1483
1439
1392
1348
1298
1251
1207
1155
1108
1058
1011
0997
0991
0989
0983
0978
0972
0967
0964
0961
0958
0956
0953
0956
0958
0964
0967
0969
0972
0972
0969
0967
0961
0958
0956
0953
0956
0958
0961
0964
0967
0969
0972
0978
0978
0978
0978
0975
0975
0983
0997
1005
1008
1005
0997
0991
0983
0975
0967
0956
0950
0947
0950
0953
0956
0958
0961
0964
0969
0972
0975
0978
0980
0980
0980
0980
0983
0983
0986
0986
0989
0989
0989
0991
0994
0997
1000
1000
1000
1003
1005
1011
1014
1016
1019
1022
1022
1025
1027
1027
1025
1022
1019
1019
1019
1019
1022
1025
1027
1033
1041
1050
1058
1066
1072
1080
1091
1102
1108
1119
1132
1143
1155
1160
1163
1157
1146
1130
1108
1085
1055
1005
0964
0933
0914
0903
0889
0881
0870
0862
0856
0851
0851
0851
0851
0853
0856
0864
0875
0886
0903
0920
0939
0986
1074
1201
1323
1453
1503
1539
1528
1398
1177
0920
0682
0502
0431
0392
0370
0420
0502
0613
0699
0748
0784
0806
0826
0848
0875
0900
0920
0931
0936
0942
0947
0953
0958
0967
0978
0989
1000
1014
1025
1036
1044
1052
1061
1072
1083
1094
1105
1113
1121
1130
1138
1146
1155
1163
1177
1190
1210
1235
1262
1290
1315
1342
1365
1389
1414
1450
1500
1541
1572
1594
1613
1633
1652
1668
1682
1693
1707
1715
1724
1726
1724
1713
1699
1682
1660
1624
1566
1525
1470
1398
1334
1284
1232
1179
1127
1088
1055
1033
1008
0983
0958
0950
0942
0936
0928
0922
0914
0909
0903
0898
0895
0889
0884
0881
0884
0884
0886
0889
0889
0892
0895
0895
0895
0892
0889
0886
0884
0886
0886
0892
0898
0903
0906
0900
0892
0889
0884
0878
0870
0864
0862
0862
0862
0862
0862
0864
0867
0870
0875
0878
0881
0884
0884
0884
0884
0881
0878
0875
0873
0870
0870
0873
0875
0878
0884
0889
0892
0895
0898
0900
0903
0903
0906
0906
0909
0909
0911
0917
0920
0922
0925
0928
0928
0928
0928
0928
0928
0928
0928
0931
0933
0936
0939
0939
0939
0942
0942
0942
0942
0942
0942
0945
0950
0958
0964
0964
0964
0961
0956
0950
0945
0936
0925
0920
0920
0931
0950
0975
1005
1052
1091
1113
1132
1149
1160
1163
1157
1143
1124
1102
1077
1038
1000
0961
0925
0892
0873
0864
0862
0859
0856
0853
0851
0848
0845
0842
0842
0842
0842
0848
0851
0862
0873
0886
0903
0920
0958
1036
1163
1287
1409
1536
1577
1594
1566
1384
1119
0826
0555
0345
0259
0229
0262
0370
0497
0624
0751
0842
0892
0917
0933
0947
0958
0964
0967
0967
0967
0964
0961
0958
0953
0950
0947
0945
0942
0939
0939
0939
0945
0961
0980
0997
1005
1011
1016
1025
1030
1036
1041
1047
1052
1061
1069
1074
1080
1083
1085
1088
1094
1099
1102
1108
1124
1146
1168
1185
1204
1224
1248
1279
1315
1356
1387
1411
1431
1442
1445
1445
1445
1447
1447
1450
1450
1445
1431
1409
1381
1340
1293
1246
1199
1157
1135
1121
1110
1105
1099
1088
1074
1061
1047
1030
1016
0997
0980
0967
0956
0947
0945
0939
0936
0936
0933
0933
0931
0928
0925
0922
0922
0920
0920
0920
0920
0922
0925
0928
0931
0933
0936
0936
0939
0939
0939
0936
0936
0936
0936
0933
0933
0933
0933
0931
0931
0931
0931
0931
0928
0928
0928
0925
0920
0917
0914
0909
0909
0906
0906
0906
0909
0917
0928
0942
0956
0969
0980
0991
0997
1003
1008
1014
1016
1016
1019
1022
1025
1030
1033
1038
1041
1044
1047
1050
1050
1052
1055
1055
1058
1061
1066
1069
1072
1074
1080
1083
1091
1096
1105
1110
1119
1127
1135
1143
1155
1163
1168
1174
1179
1185
1190
1196
1201
1207
1215
1224
1235
1248
1262
1276
1287
1295
1306
1320
1340
1373
1425
1436
1445
1453
1456
1456
1436
1406
1376
1340
1312
1293
1284
1276
1271
1262
1257
1251
1246
1243
1237
1235
1232
1232
1232
1232
1232
1232
1229
1218
1213
1232
1276
1342
1434
1580
1740
1909
2080
2124
2141
2105
1867
1533
1168
0848
0652
0585
0618
0721
0945
1149
1213
1226
1235
1240
1246
1248
1251
1260
1271
1279
1287
1295
1298
1304
1306
1315
1326
1340
1353
1365
1373
1381
1387
1395
1400
1409
1414
1420
1428
1434
1439
1445
1453
1458
1464
1472
1481
1494
1511
1536
1580
1635
1671
1696
1718
1738
1754
1771
1785
1798
1818
1843
1867
1890
1906
1920
1931
1942
1953
1959
1961
1959
1948
1934
1917
1895
1870
1826
1790
1762
1718
1646
1577
1528
1494
1450
1395
1340
1279
1210
1143
1113
1102
1094
1085
1080
1074
1072
1066
1063
1061
1058
1052
1050
1044
1038
1036
1036
1036
1036
1033
1033
1033
1033
1033
1036
1036
1033
1030
1027
1025
1022
1019
1011
1005
1000
0991
0986
0978
0967
0942
0914
0892
0873
0853
0828
0812
0812
0831
0853
0870
0881
0895
0906
0914
0914
0911
0903
0895
0884
0878
0873
0867
0862
0856
0851
0845
0842
0840
0837
0834
0831
0831
0834
0840
0842
0845
0845
0848
0851
0856
0859
0862
0864
0864
0867
0867
0867
0867
0864
0862
0862
0859
0859
0859
0856
0851
0848
0842
0842
0840
0834
0831
0826
0826
0828
0834
0840
0845
0848
0851
0853
0856
0862
0864
0867
0870
0873
0875
0878
0884
0889
0895
0903
0925
0972
1005
1025
1047
1072
1096
1121
1124
1099
1063
1014
0969
0922
0873
0820
0787
0768
0754
0746
0740
0740
0743
0748
0751
0754
0759
0762
0765
0770
0776
0781
0784
0790
0793
0798
0806
0845
0933
1055
1213
1400
1586
1715
1729
1657
1411
1077
0721
0428
0262
0207
0223
0270
0392
0522
0630
0701
0790
0845
0870
0889
0856
0826
0801
0787
0798
0820
0848
0881
0920
0936
0945
0953
0958
0961
0964
0967
0969
0975
0980
0986
0991
0994
0997
1003
1008
1014
1025
1033
1050
1083
1108
1121
1155
1201
1254
1309
1351
1376
1403
1431
1458
1489
1516
1550
1575
1599
1619
1638
1652
1663
1674
1682
1691
1696
1699
1696
1691
1682
1671
1655
1627
1575
1541
1522
1503
1483
1458
1414
1359
1312
1262
1210
1157
1108
1038
0994
0975
0961
0953
0945
0936
0928
0922
0917
0914
0911
0909
0903
0900
0898
0895
0892
0889
0886
0884
0884
0881
0884
0884
0884
0881
0878
0878
0875
0873
0870
0867
0864
0862
0862
0862
0862
0862
0859
0859
0859
0856
0853
0851
0845
0840
0837
0837
0840
0842
0848
0853
0859
0864
0867
0870
0873
0873
0873
0873
0873
0873
0875
0878
0884
0889
0892
0895
0892
0892
0889
0889
0886
0886
0886
0889
0892
0898
0903
0911
0917
0920
0928
0933
0942
0947
0950
0950
0950
0953
0956
0961
0964
0967
0967
0969
0972
0978
0983
0986
0989
0994
0997
1003
1011
1019
1027
1036
1041
1052
1061
1072
1083
1094
1102
1108
1116
1121
1130
1135
1141
1146
1155
1171
1188
1199
1210
1218
1226
1235
1237
1235
1224
1204
1168
1113
1085
1066
1052
1047
1050
1055
1066
1074
1085
1096
1102
1094
1077
1058
1041
1019
1003
0997
1000
1014
1036
1074
1132
1232
1345
1467
1599
1641
1657
1635
1481
1251
0983
0715
0555
0497
0494
0525
0613
0715
0837
0906
0958
0989
1019
1044
1074
1105
1127
1146
1152
1155
1160
1163
1166
1168
1171
1174
1177
1179
1185
1188
1190
1190
1190
1193
1196
1201
1210
1224
1254
1268
1276
1284
1293
1304
1320
1340
1353
1367
1381
1395
1411
1428
1447
1470
1505
1533
1552
1586
1641
1713
1771
1798
1812
1826
1834
1837
1840
1837
1831
1823
1812
1796
1773
1735
1696
1663
1633
1608
1586
1550
1494
1445
1409
1373
1334
1295
1246
1196
1146
1099
1066
1047
1027
1014
0994
0975
0958
0942
0933
0925
0917
0911
0906
0900
0898
0892
0889
0889
0889
0892
0892
0895
0895
0895
0895
0895
0895
0895
0892
0889
0886
0884
0881
0881
0881
0881
0881
0878
0873
0870
0862
0853
0842
0831
0823
0815
0812
0809
0812
0815
0815
0817
0820
0823
0823
0820
0820
0817
0815
0815
0817
0823
0826
0831
0834
0840
0845
0853
0859
0864
0867
0867
0867
0867
0870
0873
0875
0881
0884
0886
0889
0892
0895
0898
0898
0898
0898
0900
0903
0909
0911
0917
0920
0922
0928
0936
0942
0945
0947
0950
0956
0964
0975
0983
0989
0997
1003
1014
1022
1030
1038
1047
1055
1069
1094
1116
1130
1143
1157
1179
1174
1121
1096
1080
1063
1050
1038
1030
1022
1014
1003
0994
0986
0980
0972
0964
0956
0950
0942
0936
0931
0931
0933
0939
0947
0961
0978
1000
1044
1130
1271
1406
1547
1616
1677
1677
1566
1340
1066
0795
0585
0478
0442
0466
0547
0679
0815
0884
0917
0933
0945
0956
0969
0986
1000
1016
1038
1077
1132
1149
1155
1163
1168
1174
1177
1177
1177
1174
1171
1168
1163
1157
1157
1177
1199
1213
1224
1235
1243
1254
1262
1276
1287
1295
1304
1312
1326
1340
1362
1400
1439
1478
1522
1575
1624
1666
1693
1718
1743
1765
1787
1812
1829
1837
1840
1843
1845
1851
1854
1837
1801
1773
1746
1721
1696
1671
1644
1610
1577
1539
1478
1392
1320
1265
1210
1174
1152
1132
1110
1088
1066
1041
1008
0958
0950
0950
0953
0953
0956
0961
0964
0964
0964
0964
0964
0964
0964
0961
0961
0958
0958
0958
0956
0950
0945
0942
0939
0936
0936
0933
0933
0928
0925
0925
0922
0920
0914
0906
0903
0900
0898
0895
0889
0884
0878
0873
0870
0867
0859
0851
0840
0831
0826
0820
0820
0817
0817
0817
0820
0826
0834
0840
0845
0848
0853
0859
0862
0867
0867
0867
0864
0862
0862
0862
0859
0856
0853
0853
0853
0856
0856
0856
0853
0853
0851
0859
0870
0881
0886
0892
0895
0900
0906
0914
0922
0928
0933
0939
0942
0947
0950
0953
0956
0958
0961
0964
0969
0980
0991
1003
1014
1027
1041
1058
1074
1091
1108
1121
1138
1163
1188
1210
1215
1210
1196
1177
1152
1127
1091
1061
1030
1019
1008
0997
0989
0978
0969
0964
0956
0953
0950
0953
0956
0961
0967
0980
0994
1008
1025
1041
1063
1113
1218
1381
1533
1671
1721
1721
1668
1528
1262
0967
0690
0475
0406
0373
0389
0536
0715
0886
0983
1000
1011
1019
1022
1025
1027
1033
1038
1047
1055
1063
1069
1074
1080
1088
1096
1108
1116
1124
1132
1141
1152
1163
1174
1185
1196
1207
1213
1221
1226
1232
1237
1243
1251
1260
1268
1282
1295
1315
1334
1362
1400
1464
1508
1552
1599
1652
1680
1696
1713
1726
1735
1743
1749
1751
1754
1757
1760
1762
1765
1768
1773
1787
1782
1735
1691
1652
1619
1591
1550
1478
1406
1356
1306
1265
1232
1190
1146
1116
1096
1080
1063
1044
1025
1008
0994
0989
0980
0975
0969
0964
0961
0961
0958
0958
0958
0956
0953
0950
0950
0947
0945
0939
0936
0931
0925
0922
0920
0917
0914
0911
0909
0909
0909
0909
0906
0900
0895
0889
0884
0878
0875
0873
0867
0864
0862
0859
0859
0859
0859
0856
0853
0851
0845
0842
0840
0834
0831
0826
0823
0823
0820
0817
0815
0809
0806
0804
0804
0804
0804
0806
0809
0815
0823
0831
0840
0845
0853
0859
0862
0867
0873
0881
0889
0895
0895
0895
0889
0886
0884
0881
0878
0873
0864
0856
0853
0853
0862
0873
0884
0895
0900
0909
0917
0925
0931
0936
0942
0950
0961
0975
0989
1003
1014
1027
1044
1063
1085
1102
1113
1121
1130
1135
1141
1143
1149
1155
1160
1163
1166
1157
1135
1110
1091
1077
1066
1052
1036
1022
1008
0994
0983
0975
0969
0967
0967
0969
0972
0978
0983
0991
1000
1008
1019
1030
1061
1130
1260
1398
1558
1638
1693
1732
1688
1544
1323
1055
0773
0544
0472
0442
0461
0607
0779
0864
0903
0925
0939
0956
0972
0989
1011
1044
1091
1138
1160
1171
1177
1182
1185
1188
1190
1196
1199
1204
1207
1213
1218
1224
1229
1237
1243
1248
1254
1262
1268
1276
1287
1298
1312
1331
1351
1367
1387
1403
1420
1436
1458
1486
1519
1552
1591
1660
1751
1787
1804
1820
1834
1843
1848
1854
1856
1856
1856
1854
1848
1840
1829
1818
1804
1790
1768
1726
1685
1641
1599
1555
1525
1500
1472
1445
1411
1376
1323
1246
1190
1160
1124
1088
1077
1072
1063
1058
1052
1047
1041
1036
1033
1030
1027
1025
1025
1025
1025
1025
1025
1022
1019
1016
1011
1008
1003
1000
0994
0994
0991
0991
0989
0989
0986
0986
0983
0983
0978
0975
0969
0964
0961
0956
0953
0950
0945
0942
0939
0936
0936
0933
0933
0933
0933
0933
0933
0933
0933
0933
0933
0933
0936
0936
0939
0942
0942
0942
0945
0945
0947
0950
0953
0956
0956
0956
0956
0953
0950
0947
0947
0945
0942
0942
0945
0947
0950
0953
0947
0939
0931
0922
0911
0903
0898
0906
0928
0953
0967
0980
0997
1011
1022
1033
1044
1052
1058
1061
1061
1061
1061
1063
1063
1066
1072
1077
1083
1074
1055
1027
1005
0978
0956
0945
0947
0956
0964
0969
0980
0991
1000
1000
0991
0975
0961
0947
0931
0917
0909
0914
0933
0956
0989
1036
1096
1177
1273
1334
1376
1395
1387
1356
1268
1121
0950
0773
0607
0547
0513
0533
0618
0707
0787
0845
0895
0931
0958
0980
1000
1016
1030
1036
1044
1050
1052
1055
1058
1061
1063
1063
1063
1063
1061
1058
1052
1047
1044
1038
1027
1074
1113
1138
1160
1182
1201
1221
1237
1254
1268
1282
1298
1315
1331
1348
1365
1384
1403
1425
1442
1461
1478
1497
1516
1539
1566
1591
1616
1630
1644
1657
1671
1682
1688
1688
1682
1674
1660
1649
1635
1616
1591
1563
1536
1508
1458
1381
1304
1221
1152
1113
1080
1047
1033
1022
1014
1005
1000
0991
0983
0975
0964
0956
0947
0939
0933
0928
0922
0917
0911
0903
0895
0886
0878
0875
0873
0873
0873
0875
0875
0875
0878
0878
0884
0886
0892
0892
0892
0889
0889
0886
0886
0884
0884
0881
0878
0878
0878
0881
0878
0873
0870
0867
0867
0867
0870
0870
0870
0870
0870
0875
0878
0878
0878
0878
0875
0873
0870
0867
0864
0859
0859
0856
0859
0859
0859
0859
0859
0859
0859
0862
0870
0881
0895
0906
0914
0922
0928
0933
0939
0942
0945
0947
0950
0956
0961
0964
0969
0975
0980
0986
0991
1000
1005
1014
1030
1066
1085
1094
1099
1105
1108
1116
1119
1121
1119
1108
1096
1083
1069
1061
1050
1038
1030
1019
1011
1003
0997
0989
0983
0980
0980
0980
0983
0986
0991
1000
1011
1019
1033
1047
1063
1108
1193
1318
1439
1566
1616
1652
1646
1539
1373
1160
0911
0654
0455
0397
0378
0439
0618
0820
0994
1066
1088
1099
1105
1110
1113
1121
1130
1138
1146
1157
1166
1174
1179
1185
1190
1196
1201
1207
1213
1215
1218
1221
1226
1232
1237
1243
1248
1254
1260
1265
1271
1282
1290
1301
1318
1351
1384
1409
1428
1467
1530
1566
1586
1605
1621
1641
1657
1674
1699
1729
1760
1782
1796
1807
1815
1820
1829
1834
1837
1834
1831
1823
1812
1801
1785
1762
1715
1668
1610
1539
1470
1398
1340
1295
1257
1226
1207
1188
1171
1152
1127
1099
1072
1058
1050
1038
1030
1025
1022
1022
1022
1027
1030
1033
1038
1044
1036
1022
1014
1003
0994
0983
0978
0978
0980
0986
0991
1003
1016
1027
1022
1008
1000
0991
0980
0972
0967
0964
0964
0967
0967
0969
0975
0980
0989
0986
0978
0972
0967
0964
0958
0956
0953
0950
0947
0945
0945
0945
0947
0950
0953
0953
0953
0950
0950
0950
0950
0950
0950
0953
0956
0958
0964
0969
0972
0972
0972
0969
0969
0967
0964
0961
0958
0958
0956
0956
0958
0961
0967
0969
0972
0975
0978
0980
0986
0989
0991
0991
0991
0994
1000
1005
1014
1025
1033
1041
1050
1061
1069
1077
1085
1091
1099
1108
1127
1149
1168
1185
1201
1221
1235
1243
1237
1224
1204
1185
1160
1132
1099
1055
1005
0983
0967
0953
0942
0939
0947
0964
0983
0997
1011
1022
1036
1050
1061
1069
1077
1091
1149
1265
1406
1547
1666
1707
1710
1677
1591
1423
1204
0964
0748
0594
0541
0560
0618
0751
0842
0867
0884
0903
0920
0939
0980
1066
1116
1135
1152
1163
1171
1179
1185
1190
1196
1199
1199
1201
1201
1201
1201
1201
1201
1201
1204
1210
1215
1221
1229
1235
1243
1254
1271
1301
1348
1384
1409
1428
1445
1458
1470
1483
1497
1514
1536
1566
1602
1646
1688
1710
1721
1735
1743
1751
1754
1757
1760
1760
1757
1754
1749
1740
1732
1724
1715
1699
1677
1655
1627
1580
1508
1445
1398
1353
1301
1232
1155
1088
1052
1027
1014
1005
1003
1000
0997
0994
0989
0986
0980
0978
0975
0975
0969
0967
0967
0967
0967
0969
0969
0969
0967
0964
0961
0956
0953
0947
0945
0939
0936
0931
0925
0920
0917
0911
0906
0898
0889
0881
0870
0859
0848
0834
0820
0806
0798
0790
0787
0787
0784
0779
0773
0770
0768
0765
0762
0759
0757
0751
0748
0748
0748
0748
0748
0748
0746
0746
0743
0746
0746
0746
0743
0743
0740
0737
0737
0735
0735
0732
0729
0729
0729
0729
0732
0735
0737
0737
0740
0743
0746
0751
0751
0754
0754
0751
0751
0754
0754
0757
0757
0757
0757
0759
0762
0765
0768
0768
0770
0776
0787
0798
0809
0817
0823
0831
0842
0853
0867
0878
0889
0900
0911
0922
0933
0945
0953
0961
0972
0986
0997
1005
1008
1003
0994
0983
0969
0953
0931
0895
0862
0840
0823
0812
0801
0790
0784
0781
0781
0790
0801
0812
0826
0837
0853
0875
0898
0925
0958
1022
1108
1221
1340
1481
1635
1732
1765
1721
1594
1348
1041
0707
0395
0198
0176
0256
0469
0682
0817
0856
0878
0895
0909
0914
0928
0956
1019
1066
1096
1108
1094
1063
1044
1027
1014
1008
1008
1022
1041
1066
1099
1149
1193
1210
1221
1232
1240
1248
1257
1262
1265
1271
1276
1282
1284
1287
1290
1293
1298
1306
1315
1326
1345
1389
1428
1481
1547
1616
1704
1765
1796
1820
1837
1843
1837
1826
1809
1796
1785
1773
1762
1754
1740
1726
1713
1696
1680
1657
1624
1566
1530
1500
1475
1447
1414
1359
1287
1243
1218
1193
1163
1132
1108
1080
1058
1038
1025
1014
1005
0997
0986
0980
0975
0978
0983
0991
1003
1011
1016
1027
1036
1044
1050
1041
1022
1000
0980
0969
0964
0956
0950
0945
0939
0931
0925
0920
0914
0909
0903
0903
0900
0900
0903
0906
0909
0911
0914
0914
0914
0914
0914
0914
0911
0911
0909
0906
0903
0903
0903
0900
0900
0895
0892
0886
0884
0881
0878
0873
0870
0867
0867
0870
0875
0884
0889
0892
0898
0900
0909
0920
0931
0939
0947
0953
0961
0972
0978
0980
0978
0969
0961
0956
0953
0947
0942
0933
0928
0922
0920
0920
0922
0925
0928
0936
0947
0958
0972
0983
1000
1016
1033
1055
1077
1102
1132
1152
1163
1171
1179
1185
1188
1174
1152
1130
1119
1110
1105
1099
1094
1088
1085
1083
1080
1072
1066
1061
1055
1052
1050
1044
1041
1038
1036
1030
1025
1016
0997
0983
0983
1000
1027
1069
1130
1232
1345
1475
1608
1718
1754
1729
1652
1456
1193
0917
0685
0580
0544
0544
0585
0696
0809
0909
0969
1033
1094
1121
1132
1143
1152
1157
1166
1174
1182
1190
1196
1201
1210
1218
1235
1265
1279
1284
1290
1293
1298
1304
1309
1318
1329
1345
1359
1376
1389
1403
1417
1428
1442
1450
1458
1467
1475
1483
1497
1516
1541
1577
1630
1704
1757
1790
1815
1831
1840
1845
1851
1854
1859
1859
1862
1862
1865
1865
1862
1859
1856
1848
1840
1831
1820
1807
1776
1718
1668
1610
1552
1489
1425
1345
1284
1251
1229
1210
1196
1179
1157
1124
1099
1077
1061
1047
1036
1022
1014
1008
1003
0997
0994
0989
0986
0983
0978
0972
0967
0961
0956
0953
0950
0947
0947
0945
0945
0945
0945
0945
0945
0945
0942
0939
0933
0931
0925
0922
0920
0914
0909
0903
0898
0889
0881
0867
0842
0817
0801
0784
0770
0751
0735
0732
0746
0768
0798
0837
0859
0870
0881
0889
0895
0889
0875
0862
0853
0848
0840
0834
0826
0817
0812
0809
0806
0809
0812
0815
0820
0828
0840
0851
0859
0864
0870
0878
0886
0898
0903
0900
0895
0884
0873
0862
0853
0842
0831
0820
0815
0815
0820
0831
0845
0859
0873
0892
0911
0931
0950
0967
0983
1000
1022
1041
1055
1066
1077
1088
1099
1102
1091
1069
1038
1016
0991
0967
0947
0931
0917
0909
0900
0892
0884
0875
0870
0867
0864
0862
0862
0864
0870
0875
0886
0898
0909
0925
0961
1033
1149
1279
1420
1566
1605
1616
1586
1411
1171
0920
0676
0461
0378
0350
0403
0560
0723
0820
0848
0862
0875
0895
0911
0928
0942
0956
0964
0975
0983
0994
1003
1014
1019
1027
1038
1050
1066
1094
1113
1130
1138
1143
1149
1155
1160
1166
1168
1174
1177
1182
1185
1188
1190
1193
1201
1213
1232
1282
1334
1384
1434
1489
1547
1583
1594
1599
1602
1605
1610
1613
1621
1633
1646
1668
1710
1782
1818
1840
1854
1859
1854
1843
1826
1793
1735
1674
1616
1563
1508
1447
1387
1331
1293
1246
1215
1193
1171
1146
1121
1096
1072
1041
1014
0989
0967
0947
0939
0933
0928
0922
0920
0917
0914
0911
0909
0903
0900
0898
0895
0895
0895
0892
0892
0892
0898
0900
0900
0900
0898
0895
0889
0886
0884
0878
0873
0867
0867
0867
0867
0867
0864
0862
0859
0851
0845
0837
0831
0823
0817
0815
0812
0809
0812
0812
0815
0817
0820
0823
0823
0826
0831
0834
0837
0842
0845
0851
0853
0859
0862
0867
0867
0870
0873
0875
0875
0878
0878
0878
0875
0875
0873
0873
0873
0875
0875
0878
0881
0886
0889
0898
0903
0909
0911
0917
0920
0925
0931
0939
0947
0956
0964
0972
0983
0994
1005
1014
1019
1022
1027
1033
1038
1047
1058
1069
1088
1135
1188
1229
1262
1282
1290
1293
1298
1304
1293
1232
1166
1102
1063
1041
1025
1011
1005
1005
1014
1027
1038
1047
1055
1063
1072
1080
1088
1096
1108
1116
1124
1135
1149
1166
1207
1295
1456
1619
1779
1823
1840
1815
1649
1400
1108
0804
0547
0425
0425
0544
0732
0922
1055
1102
1116
1108
1091
1072
1050
1055
1105
1141
1174
1199
1224
1243
1257
1265
1271
1276
1282
1284
1290
1293
1293
1298
1304
1309
1315
1320
1326
1329
1334
1340
1345
1353
1362
1376
1406
1434
1458
1483
1511
1541
1577
1613
1644
1671
1693
1718
1743
1765
1787
1807
1826
1840
1851
1862
1867
1876
1881
1890
1895
1901
1903
1901
1895
1884
1870
1848
1826
1796
1746
1704
1671
1619
1544
1464
1381
1320
1282
1240
1193
1171
1157
1146
1135
1124
1116
1108
1094
1083
1074
1066
1061
1052
1050
1050
1047
1047
1044
1036
1027
1019
1011
1003
0997
0989
0983
0980
0978
0975
0978
0980
0983
0983
0978
0972
0967
0961
0953
0945
0931
0920
0909
0900
0898
0892
0886
0875
0862
0851
0845
0845
0851
0853
0853
0856
0859
0864
0870
0875
0878
0878
0878
0878
0878
0873
0867
0856
0842
0831
0823
0820
0815
0815
0812
0812
0812
0815
0817
0817
0817
0817
0815
0815
0815
0817
0820
0820
0823
0826
0828
0831
0834
0837
0834
0831
0831
0831
0831
0834
0837
0837
0840
0842
0848
0856
0862
0867
0870
0875
0881
0889
0900
0911
0922
0936
0950
0967
0983
1003
1016
1030
1044
1061
1080
1096
1108
1108
1105
1091
1077
1061
1047
1025
0986
0964
0961
0961
0961
0958
0956
0950
0945
0939
0939
0939
0939
0939
0942
0945
0953
0964
0975
0986
0994
1008
1038
1108
1224
1356
1497
1624
1668
1671
1624
1497
1279
1033
0784
0577
0461
0420
0447
0533
0674
0837
0917
0958
0978
0991
1005
1027
1050
1072
1091
1113
1135
1152
1160
1157
1149
1143
1138
1130
1116
1110
1132
1174
1193
1204
1213
1224
1232
1240
1251
1262
1271
1279
1284
1293
1298
1304
1312
1320
1331
1353
1381
1414
1453
1486
1514
1541
1569
1591
1613
1635
1663
1702
1732
1754
1768
1779
1790
1796
1804
1807
1801
1790
1773
1754
1732
1713
1688
1663
1635
1605
1575
1544
1503
1447
1409
1384
1342
1262
1199
1166
1141
1110
1085
1063
1052
1044
1036
1027
1019
1014
1008
1005
1003
0997
0994
0986
0980
0978
0975
0972
0969
0969
0969
0969
0972
0972
0972
0972
0972
0969
0967
0964
0958
0953
0950
0947
0942
0939
0936
0931
0925
0920
0914
0909
0900
0895
0886
0878
0873
0870
0867
0867
0867
0870
0873
0875
0878
0881
0886
0889
0895
0909
0914
0898
0864
0848
0834
0820
0809
0804
0801
0806
0812
0823
0831
0840
0842
0845
0851
0853
0856
0862
0864
0870
0875
0881
0884
0886
0889
0889
0892
0892
0892
0892
0892
0892
0892
0892
0892
0892
0895
0900
0903
0909
0914
0917
0922
0931
0939
0950
0958
0969
0983
1003
1041
1074
1102
1119
1141
1157
1157
1135
1108
1077
1036
1000
0967
0947
0933
0920
0903
0892
0886
0886
0892
0900
0909
0917
0922
0931
0945
0958
0975
0989
1005
1030
1077
1157
1240
1334
1420
1475
1481
1456
1387
1226
1014
0765
0522
0370
0320
0364
0497
0685
0840
0898
0950
0978
0994
1008
1019
1030
1041
1052
1058
1066
1074
1083
1094
1105
1116
1124
1135
1143
1152
1160
1171
1179
1188
1193
1199
1207
1213
1221
1229
1240
1251
1262
1276
1287
1301
1312
1323
1337
1353
1376
1395
1417
1436
1453
1475
1497
1536
1594
1644
1693
1743
1785
1812
1834
1848
1856
1851
1840
1826
1812
1801
1785
1768
1746
1721
1696
1666
1635
1597
1555
1516
1472
1439
1417
1395
1367
1331
1284
1246
1210
1177
1141
1110
1085
1066
1047
1033
1027
1022
1016
1014
1011
1011
1011
1008
1005
1005
1003
1003
1000
0994
0991
0986
0983
0980
0978
0972
0967
0961
0956
0950
0947
0942
0936
0931
0922
0917
0914
0909
0903
0895
0889
0884
0881
0878
0873
0867
0864
0859
0856
0853
0848
0845
0842
0840
0840
0840
0837
0834
0831
0831
0828
0831
0831
0831
0831
0831
0831
0834
0834
0837
0837
0837
0837
0837
0837
0837
0837
0840
0842
0842
0845
0842
0840
0837
0834
0831
0828
0826
0823
0820
0817
0817
0815
0809
0801
0793
0787
0793
0809
0826
0845
0859
0873
0889
0903
0920
0933
0945
0953
0958
0967
0978
0989
1000
1005
1008
0997
0975
0953
0936
0925
0917
0906
0895
0886
0875
0867
0859
0853
0845
0840
0837
0837
0840
0845
0848
0853
0862
0870
0881
0895
0909
0925
0967
1050
1168
1293
1414
1456
1481
1467
1356
1185
0969
0723
0500
0384
0345
0375
0472
0607
0748
0886
0936
0956
0972
0972
0961
0953
0945
0936
0939
0961
0991
1008
1022
1030
1038
1050
1061
1072
1083
1094
1102
1108
1119
1127
1141
1163
1185
1204
1224
1235
1243
1251
1260
1268
1273
1282
1290
1295
1306
1315
1329
1342
1359
1389
1453
1486
1525
1597
1655
1682
1704
1721
1738
1749
1757
1762
1771
1779
1785
1790
1793
1790
1782
1768
1749
1729
1702
1649
1608
1572
1544
1516
1492
1461
1423
1378
1312
1251
1207
1149
1108
1088
1074
1066
1061
1055
1055
1052
1052
1050
1050
1047
1041
1038
1038
1036
1033
1030
1027
1025
1025
1025
1022
1022
1019
1016
1016
1014
1011
1011
1008
1008
1005
1005
1003
1003
0997
0991
0986
0978
0969
0964
0956
0950
0947
0942
0936
0931
0928
0925
0920
0914
0909
0903
0898
0895
0892
0889
0886
0884
0881
0881
0881
0881
0884
0884
0881
0881
0878
0873
0867
0848
0840
0859
0889
0909
0928
0942
0956
0961
0961
0956
0945
0928
0914
0898
0870
0853
0859
0867
0878
0889
0889
0884
0878
0873
0875
0898
0911
0922
0931
0936
0942
0945
0947
0953
0956
0958
0961
0964
0967
0972
0975
0980
0989
0997
1005
1016
1044
1108
1143
1166
1182
1190
1196
1193
1188
1179
1166
1152
1130
1094
1063
1047
1036
1027
1019
1014
1014
1014
1014
1016
1019
1025
1027
1030
1036
1038
1044
1052
1061
1066
1072
1083
1099
1166
1271
1400
1552
1704
1785
1809
1765
1627
1414
1160
0917
0718
0624
0594
0618
0696
0798
0903
0986
1041
1074
1088
1099
1108
1113
1119
1121
1121
1124
1124
1130
1132
1138
1141
1138
1135
1130
1124
1116
1108
1108
1146
1190
1235
1271
1293
1312
1326
1331
1326
1315
1301
1287
1271
1257
1251
1257
1268
1287
1320
1373
1409
1439
1470
1508
1558
1608
1663
1715
1751
1760
1762
1765
1768
1771
1771
1773
1773
1773
1773
1771
1768
1762
1754
1746
1735
1721
1691
1663
1630
1580
1528
1472
1417
1362
1312
1257
1204
1143
1110
1096
1085
1074
1069
1066
1069
1072
1080
1085
1094
1102
1113
1124
1124
1110
1096
1083
1074
1063
1058
1050
1044
1038
1033
1027
1025
1016
1008
0997
0986
0986
0997
1008
1016
1022
1030
1036
1041
1044
1044
1038
1027
1016
1005
0994
0980
0964
0950
0933
0917
0903
0892
0881
0870
0862
0853
0851
0848
0848
0851
0851
0856
0862
0870
0878
0884
0889
0895
0903
0914
0922
0928
0931
0928
0922
0920
0917
0917
0914
0909
0900
0895
0889
0884
0881
0875
0873
0870
0870
0870
0873
0873
0870
0864
0862
0864
0881
0903
0922
0931
0936
0942
0947
0956
0964
0972
0975
0980
0986
0991
0997
1000
1000
1000
1000
1003
1005
1011
1016
1025
1038
1052
1066
1080
1094
1119
1168
1201
1224
1237
1237
1224
1199
1168
1130
1091
1063
1044
1027
1016
1003
0994
0986
0980
0972
0967
0961
0956
0953
0953
0950
0953
0953
0956
0958
0964
0967
0972
0980
1011
1116
1273
1456
1635
1768
1812
1776
1671
1445
1160
0870
0616
0497
0455
0494
0610
0757
0892
0958
0978
0986
0991
1003
1011
1022
1033
1041
1047
1055
1063
1072
1077
1085
1094
1105
1110
1119
1127
1130
1135
1138
1141
1146
1155
1163
1171
1179
1185
1190
1196
1201
1207
1215
1224
1240
1271
1298
1320
1342
1359
1378
1400
1420
1442
1461
1483
1505
1530
1555
1586
1613
1635
1657
1677
1696
1710
1726
1738
1751
1762
1771
1773
1768
1760
1743
1724
1685
1616
1563
1528
1497
1475
1436
1384
1326
1265
1210
1171
1116
1083
1052
1030
1019
1022
1033
1047
1058
1072
1083
1080
1058
1033
1025
1022
1016
1014
1011
1008
1008
1005
1003
1000
0997
0997
0997
0997
0997
0997
0994
0994
0994
0994
0991
0986
0980
0975
0969
0964
0958
0953
0947
0945
0942
0936
0933
0931
0928
0922
0917
0914
0909
0903
0900
0895
0892
0892
0895
0895
0898
0900
0900
0900
0898
0895
0889
0881
0873
0864
0856
0851
0845
0842
0842
0845
0848
0856
0862
0870
0875
0884
0889
0895
0900
0909
0922
0939
0953
0958
0956
0942
0925
0909
0898
0884
0870
0853
0842
0837
0842
0851
0864
0878
0892
0909
0931
0953
0967
0978
0986
0994
1003
1011
1019
1019
1014
1000
0989
0978
0964
0953
0953
0972
0997
1025
1061
1094
1119
1152
1188
1215
1232
1246
1257
1262
1260
1248
1226
1201
1166
1113
1063
1038
1025
1014
1003
0994
0983
0975
0969
0964
0961
0958
0961
0961
0967
0969
0975
0983
0994
1008
1019
1033
1069
1146
1279
1420
1563
1710
1765
1798
1818
1751
1544
1229
0884
0585
0420
0367
0406
0469
0533
0591
0641
0723
0851
1000
1099
1132
1152
1155
1146
1135
1132
1127
1121
1116
1108
1108
1102
1099
1099
1096
1099
1105
1110
1121
1135
1149
1160
1171
1188
1213
1240
1257
1273
1284
1293
1301
1309
1318
1326
1331
1337
1342
1351
1362
1373
1387
1400
1420
1450
1508
1547
1591
1657
1693
1710
1721
1732
1740
1746
1749
1749
1749
1743
1738
1726
1715
1699
1682
1657
1616
1580
1544
1511
1475
1436
1398
1351
1293
1232
1182
1143
1113
1088
1066
1052
1041
1033
1027
1022
1019
1016
1016
1016
1019
1019
1019
1019
1019
1019
1019
1019
1019
1022
1025
1025
1027
1030
1030
1030
1025
1019
1008
1000
0991
0986
0980
0978
0975
0972
0972
0969
0969
0967
0964
0958
0956
0953
0950
0947
0945
0942
0939
0933
0931
0928
0925
0922
0920
0917
0914
0914
0911
0911
0911
0911
0911
0911
0909
0906
0903
0903
0903
0903
0903
0903
0903
0903
0903
0906
0906
0906
0903
0898
0895
0892
0892
0895
0900
0906
0911
0914
0917
0922
0925
0928
0931
0933
0936
0936
0939
0939
0939
0936
0939
0942
0945
0950
0956
0961
0967
0975
0983
0994
1005
1019
1038
1080
1110
1132
1155
1177
1190
1190
1166
1132
1110
1094
1077
1058
1044
1027
1011
0994
0980
0967
0956
0942
0928
0920
0911
0906
0903
0903
0903
0906
0911
0922
0936
0950
0969
0991
1041
1143
1246
1348
1461
1522
1544
1561
1500
1309
1033
0723
0458
0312
0262
0301
0408
0571
0718
0793
0834
0856
0878
0906
0936
0953
0967
0975
0983
0991
0997
1000
1005
1008
1016
1022
1030
1036
1044
1052
1061
1069
1077
1085
1096
1105
1116
1130
1141
1152
1163
1174
1182
1190
1199
1207
1218
1232
1251
1273
1301
1329
1351
1376
1398
1417
1436
1456
1494
1575
1624
1649
1668
1682
1693
1699
1702
1704
1707
1710
1713
1718
1721
1726
1732
1735
1726
1707
1682
1652
1605
1547
1483
1423
1373
1323
1271
1224
1166
1091
1047
1025
1008
0997
0989
0983
0980
0978
0972
0964
0956
0950
0956
0969
0983
0997
1011
1025
1033
1025
1011
0997
0991
0986
0983
0980
0978
0975
0972
0972
0969
0967
0964
0961
0958
0958
0956
0956
0956
0958
0958
0958
0956
0956
0956
0953
0953
0950
0947
0947
0945
0942
0939
0939
0939
0939
0942
0945
0947
0950
0953
0956
0958
0961
0961
0964
0964
0964
0967
0967
0967
0967
0969
0972
0975
0980
0980
0980
0980
0978
0975
0972
0967
0961
0956
0953
0958
0969
0983
0997
1016
1036
1038
1030
1019
1008
1000
0989
0983
0983
0997
1016
1036
1047
1058
1072
1083
1094
1105
1113
1124
1132
1143
1149
1157
1163
1166
1174
1182
1193
1207
1218
1221
1218
1210
1196
1177
1138
1072
1030
1005
0989
0978
0975
0980
0991
1005
1016
1033
1047
1055
1055
1050
1036
1019
1003
0980
0967
0986
1027
1094
1174
1293
1425
1563
1677
1718
1718
1677
1552
1295
0978
0663
0447
0375
0414
0533
0715
0892
0958
0978
0989
0997
1005
1011
1022
1033
1044
1055
1063
1069
1074
1077
1085
1091
1096
1102
1105
1108
1113
1121
1127
1130
1130
1130
1130
1132
1138
1143
1160
1218
1254
1271
1284
1293
1301
1306
1312
1323
1334
1345
1353
1365
1376
1389
1414
1439
1461
1481
1503
1533
1577
1633
1680
1718
1738
1743
1743
1746
1749
1751
1754
1749
1735
1713
1691
1652
1613
1572
1528
1481
1439
1406
1373
1342
1304
1262
1213
1143
1085
1066
1055
1047
1041
1038
1036
1033
1027
1022
1014
1005
1000
0994
0991
0986
0983
0980
0978
0978
0975
0972
0967
0961
0958
0953
0950
0947
0945
0939
0933
0931
0925
0922
0920
0914
0906
0895
0884
0875
0867
0859
0848
0840
0828
0820
0812
0801
0790
0779
0773
0770
0773
0773
0773
0773
0773
0776
0781
0784
0787
0787
0784
0779
0776
0773
0770
0765
0759
0757
0757
0757
0759
0759
0762
0765
0768
0768
0768
0770
0770
0770
0773
0776
0779
0779
0781
0787
0790
0795
0795
0798
0795
0795
0795
0795
0795
0793
0793
0795
0801
0809
0817
0823
0831
0837
0845
0856
0867
0878
0886
0895
0909
0922
0936
0950
0961
0969
0975
0980
0991
1008
1038
1080
1108
1135
1149
1132
1105
1074
1044
1014
0983
0969
0961
0956
0950
0945
0936
0928
0920
0911
0900
0892
0886
0878
0870
0862
0853
0837
0809
0784
0781
0798
0834
0936
1088
1254
1417
1558
1666
1702
1668
1575
1356
1088
0795
0508
0290
0229
0210
0259
0414
0574
0721
0845
0898
0917
0931
0939
0939
0933
0922
0909
0892
0881
0895
0928
0958
0994
1008
1016
1016
1019
1019
1022
1025
1027
1030
1033
1036
1041
1047
1052
1058
1066
1074
1085
1099
1116
1138
1160
1177
1193
1213
1235
1262
1290
1309
1329
1356
1392
1436
1475
1505
1536
1566
1594
1621
1641
1649
1657
1663
1668
1674
1680
1680
1668
1652
1630
1608
1577
1547
1519
1494
1475
1456
1434
1409
1384
1353
1315
1282
1248
1213
1168
1135
1124
1116
1110
1108
1102
1099
1096
1094
1088
1085
1085
1085
1088
1094
1099
1102
1108
1110
1113
1119
1121
1124
1127
1127
1130
1135
1143
1149
1155
1157
1157
1157
1152
1149
1143
1138
1132
1127
1121
1119
1113
1110
1108
1108
1108
1108
1110
1110
1108
1108
1105
1102
1099
1094
1088
1083
1077
1072
1063
1055
1038
1041
1069
1080
1085
1088
1094
1094
1096
1096
1099
1105
1108
1108
1108
1108
1108
1108
1108
1105
1102
1099
1099
1096
1099
1102
1105
1108
1108
1108
1105
1105
1105
1105
1105
1108
1108
1110
1113
1119
1124
1130
1138
1146
1155
1163
1179
1229
1276
1306
1329
1348
1362
1367
1365
1353
1337
1323
1306
1287
1268
1246
1218
1193
1177
1163
1149
1135
1121
1113
1108
1108
1105
1105
1108
1108
1116
1127
1138
1152
1168
1201
1282
1367
1450
1533
1588
1616
1635
1635
1594
1478
1301
1072
0815
0599
0508
0480
0516
0627
0754
0873
0942
0975
0986
0994
1003
1008
1014
1019
1025
1033
1041
1047
1055
1058
1063
1069
1072
1077
1080
1085
1088
1096
1105
1110
1116
1124
1130
1135
1141
1146
1152
1155
1160
1166
1171
1182
1190
1201
1213
1226
1237
1254
1273
1304
1353
1395
1425
1447
1467
1481
1492
1503
1516
1533
1558
1594
1619
1644
1663
1668
1663
1646
1627
1605
1577
1547
1511
1472
1423
1384
1353
1334
1312
1284
1251
1193
1116
1069
1036
1011
0989
0950
0886
0851
0837
0823
0815
0809
0801
0798
0793
0790
0787
0787
0787
0784
0784
0784
0784
0781
0781
0779
0779
0776
0776
0776
0776
0776
0773
0770
0770
0768
0770
0770
0770
0770
0770
0770
0770
0773
0776
0776
0773
0770
0768
0765
0762
0759
0754
0751
0748
0746
0748
0748
0746
0743
0740
0737
0735
0732
0732
0729
0723
0721
0721
0726
0732
0737
0746
0751
0759
0776
0779
0757
0743
0732
0721
0712
0707
0704
0710
0721
0732
0746
0757
0770
0784
0798
0812
0823
0831
0837
0842
0845
0848
0851
0848
0848
0848
0848
0851
0856
0862
0864
0867
0870
0873
0878
0884
0892
0900
0911
0936
0989
1025
1047
1063
1077
1091
1105
1116
1130
1146
1174
1213
1240
1260
1273
1284
1284
1268
1240
1207
1163
1121
1080
1044
1033
1027
1019
1014
1008
1005
1008
1014
1019
1025
1027
1033
1038
1047
1055
1061
1069
1083
1102
1168
1273
1406
1555
1696
1771
1801
1801
1757
1633
1431
1188
0931
0699
0555
0505
0544
0652
0823
0969
1083
1155
1190
1201
1213
1221
1229
1237
1243
1246
1248
1251
1254
1260
1262
1265
1271
1276
1279
1282
1287
1293
1301
1306
1315
1320
1326
1337
1348
1362
1373
1381
1389
1398
1406
1417
1434
1461
1486
1514
1541
1569
1599
1630
1666
1710
1760
1798
1829
1854
1867
1878
1887
1892
1898
1903
1912
1923
1934
1950
1967
1989
2019
2036
2022
1995
1967
1939
1909
1881
1834
1762
1682
1605
1552
1519
1489
1461
1417
1353
1315
1295
1284
1273
1265
1257
1251
1246
1240
1237
1232
1229
1226
1221
1218
1210
1201
1193
1182
1177
1174
1168
1163
1157
1152
1149
1146
1143
1141
1135
1132
1127
1121
1113
1108
1102
1096
1088
1085
1080
1077
1074
1072
1066
1061
1052
1047
1036
1027
1019
1008
1003
1000
0997
1000
1003
1005
1005
1008
1008
1011
1011
1014
1014
1014
1016
1019
1030
1008
0991
0980
0972
0967
0964
0958
0956
0950
0945
0939
0936
0933
0933
0931
0925
0922
0920
0917
0917
0917
0917
0917
0917
0920
0925
0931
0936
0936
0939
0942
0942
0942
0942
0939
0939
0939
0939
0939
0942
0942
0945
0950
0956
0961
0972
0983
0994
1005
1016
1030
1052
1077
1096
1099
1102
1102
1102
1105
1108
1108
1108
1108
1105
1088
1066
1044
1022
0991
0961
0933
0906
0870
0826
0809
0801
0795
0790
0784
0781
0781
0779
0779
0779
0781
0784
0795
0806
0817
0831
0862
0917
1008
1116
1240
1359
1400
1403
1384
1323
1135
0875
0591
0359
0281
0251
0251
0295
0408
0513
0588
0635
0657
0674
0690
0710
0729
0748
0768
0790
0820
0845
0864
0878
0884
0884
0886
0889
0895
0898
0900
0903
0909
0911
0917
0922
0925
0928
0931
0936
0942
0950
0961
0980
1005
1025
1050
1085
1127
1166
1188
1199
1210
1218
1229
1240
1248
1257
1268
1282
1306
1348
1398
1425
1445
1458
1470
1481
1494
1508
1519
1528
1539
1550
1561
1569
1575
1575
1566
1555
1539
1519
1478
1403
1353
1326
1298
1276
1254
1218
1149
1102
1074
1058
1050
1044
1041
1038
1038
1038
1038
1036
1036
1036
1033
1033
1030
1030
1030
1030
1030
1030
1027
1025
1022
1022
1019
1019
1019
1022
1025
1025
1027
1027
1027
1027
1027
1027
1027
1027
1027
1033
1038
1047
1047
1047
1041
1033
1027
1025
1022
1016
1008
1005
1003
1003
1003
1005
1005
1008
1014
1019
1022
1025
1025
1022
1025
1027
1030
1033
1033
1036
1038
1041
1044
1047
1050
1047
1044
1041
1038
1038
1038
1036
1036
1036
1044
1047
1036
1014
1003
0997
0991
0983
0980
0975
0969
0964
0964
0964
0967
0972
0978
0986
0994
1003
1016
1027
1041
1052
1063
1074
1083
1091
1096
1105
1108
1116
1124
1135
1143
1149
1143
1132
1113
1096
1077
1050
1025
1022
1030
1041
1047
1055
1063
1069
1069
1066
1052
1036
1019
1005
0983
0964
0953
0958
0980
1014
1072
1157
1301
1456
1580
1621
1602
1541
1365
1113
0795
0472
0279
0212
0248
0356
0541
0707
0784
0815
0831
0842
0853
0859
0862
0864
0862
0856
0851
0842
0828
0809
0798
0812
0840
0853
0859
0867
0870
0875
0884
0892
0903
0911
0920
0928
0939
0953
0980
1030
1058
1074
1085
1094
1108
1121
1143
1168
1193
1221
1246
1265
1279
1301
1331
1370
1398
1414
1428
1439
1450
1461
1472
1481
1489
1497
1505
1511
1516
1519
1522
1525
1525
1522
1514
1505
1492
1472
1453
1411
1337
1276
1207
1132
1061
0980
0911
0881
0864
0851
0842
0834
0828
0820
0812
0806
0801
0793
0787
0781
0773
0762
0754
0751
0754
0768
0784
0806
0851
0911
0936
0953
0964
0969
0961
0936
0911
0892
0875
0856
0842
0834
0828
0823
0820
0815
0806
0801
0795
0801
0815
0834
0853
0878
0895
0898
0878
0859
0851
0842
0837
0828
0820
0815
0809
0804
0801
0798
0801
0804
0809
0817
0826
0834
0842
0851
0859
0864
0870
0873
0878
0881
0884
0889
0892
0898
0900
0903
0906
0909
0909
0909
0911
0914
0917
0920
0922
0922
0922
0922
0922
0925
0928
0931
0933
0942
0950
0958
0969
0980
0989
1000
1014
1025
1036
1044
1050
1058
1066
1074
1083
1094
1102
1108
1116
1127
1143
1160
1177
1190
1204
1218
1232
1246
1257
1265
1268
1273
1284
1298
1262
1221
1190
1163
1141
1110
1080
1066
1061
1052
1044
1038
1036
1036
1033
1033
1033
1036
1038
1047
1058
1072
1083
1099
1130
1210
1359
1530
1704
1837
1884
1884
1831
1693
1467
1193
0898
0641
0483
0433
0472
0577
0748
0892
0942
0967
0983
1008
1063
1094
1108
1113
1121
1124
1124
1127
1130
1130
1132
1132
1135
1138
1141
1141
1141
1141
1143
1146
1152
1160
1168
1182
1193
1221
1287
1323
1348
1365
1381
1392
1400
1409
1417
1425
1434
1442
1450
1458
1470
1486
1519
1547
1586
1652
1699
1721
1740
1757
1768
1773
1773
1773
1773
1776
1776
1779
1779
1779
1779
1779
1771
1757
1735
1699
1635
1566
1492
1431
1392
1356
1320
1298
1279
1265
1251
1235
1215
1196
1182
1171
1163
1152
1143
1135
1127
1121
1113
1108
1099
1094
1085
1083
1077
1074
1072
1069
1063
1055
1050
1044
1041
1047
1055
1066
1074
1083
1094
1102
1110
1119
1124
1121
1113
1102
1091
1080
1072
1063
1050
1038
1027
1025
1027
1033
1041
1050
1058
1063
1077
1091
1105
1105
1096
1085
1074
1069
1066
1063
1058
1052
1047
1041
1036
1033
1030
1027
1025
1027
1030
1033
1038
1044
1047
1050
1050
1050
1050
1052
1055
1055
1058
1061
1069
1077
1083
1074
1058
1036
1016
0994
0978
0978
1003
1033
1052
1066
1080
1094
1102
1108
1110
1116
1119
1124
1130
1135
1141
1143
1146
1152
1157
1163
1174
1185
1196
1207
1221
1235
1243
1240
1226
1204
1179
1143
1094
1052
1036
1022
1011
1003
0994
0991
0986
0986
0986
0986
0991
0997
1005
1016
1030
1044
1061
1094
1121
1152
1199
1271
1342
1409
1453
1486
1483
1439
1315
1116
0851
0580
0381
0315
0337
0400
0533
0665
0801
0936
1011
1038
1033
0994
0947
0903
0886
0873
0862
0856
0873
0909
0942
0975
1003
1025
1033
1038
1041
1044
1047
1050
1052
1058
1061
1063
1069
1074
1080
1083
1088
1091
1099
1108
1119
1157
1207
1232
1246
1260
1271
1282
1293
1304
1315
1326
1334
1345
1359
1378
1411
1442
1467
1497
1533
1569
1591
1610
1624
1635
1638
1633
1619
1594
1566
1528
1467
1425
1389
1359
1323
1284
1248
1218
1185
1155
1127
1091
1044
1003
0989
0980
0975
0969
0967
0964
0961
0956
0953
0950
0947
0945
0945
0945
0945
0945
0947
0947
0953
0956
0958
0958
0958
0956
0956
0953
0953
0953
0953
0953
0953
0956
0958
0961
0964
0964
0964
0964
0964
0964
0961
0961
0958
0956
0956
0958
0958
0947
0928
0911
0903
0900
0895
0886
0881
0875
0873
0870
0867
0867
0867
0864
0864
0864
0864
0864
0864
0864
0864
0864
0864
0864
0864
0862
0859
0856
0856
0853
0851
0851
0848
0848
0845
0845
0845
0842
0837
0820
0809
0826
0856
0870
0878
0886
0892
0898
0906
0914
0922
0931
0939
0945
0953
0958
0964
0972
0980
0991
1005
1025
1041
1058
1077
1099
1116
1138
1157
1168
1168
1155
1138
1116
1091
1044
0989
0936
0892
0884
0884
0884
0881
0881
0881
0881
0884
0886
0889
0892
0898
0903
0900
0889
0873
0859
0900
0967
1044
1179
1323
1478
1541
1591
1591
1505
1329
1102
0842
0574
0337
0207
0165
0204
0320
0497
0671
0809
0859
0895
0909
0917
0922
0928
0931
0936
0939
0945
0950
0956
0961
0967
0972
0980
0986
0994
1003
1011
1022
1033
1047
1061
1072
1080
1088
1094
1099
1105
1110
1116
1121
1130
1138
1149
1163
1177
1193
1210
1232
1260
1301
1340
1373
1411
1458
1500
1533
1561
1583
1599
1616
1624
1633
1641
1649
1655
1660
1660
1663
1663
1660
1657
1649
1641
1627
1613
1599
1577
1528
1478
1428
1378
1334
1287
1243
1196
1149
1108
1055
1033
1025
1016
1011
1005
1000
0997
0997
0994
0994
0994
0991
0989
0989
0989
0989
0991
0994
0997
0997
1000
1000
1003
1003
1003
1000
0994
0991
0991
0997
1011
1025
1036
1055
1072
1072
1050
1016
0986
0950
0925
0917
0911
0903
0895
0886
0886
0903
0928
0947
0969
0986
0991
0983
0961
0939
0920
0900
0878
0862
0851
0842
0828
0812
0804
0823
0862
0892
0922
0947
0961
0969
0975
0980
0986
0991
0997
1003
1000
0994
0986
0978
0969
0964
0956
0945
0936
0931
0933
0947
0967
0983
0997
1011
1025
1038
1047
1052
1052
1050
1044
1038
1033
1030
1025
1016
1011
1003
1000
1000
1003
1011
1022
1030
1041
1052
1061
1072
1085
1096
1108
1121
1132
1146
1160
1179
1199
1213
1210
1193
1171
1146
1127
1108
1088
1072
1055
1044
1033
1025
1014
1005
0994
0989
0980
0975
0969
0961
0953
0942
0931
0917
0895
0853
0851
0889
0997
1152
1342
1544
1724
1831
1865
1826
1710
1492
1226
0945
0690
0522
0464
0494
0580
0726
0851
0933
0983
1005
1022
1036
1047
1061
1074
1088
1099
1108
1116
1124
1132
1141
1149
1155
1160
1166
1171
1179
1185
1190
1196
1201
1207
1210
1215
1221
1226
1235
1243
1251
1262
1276
1287
1298
1315
1334
1353
1373
1389
1403
1420
1436
1456
1475
1497
1516
1539
1561
1594
1630
1666
1688
1702
1715
1724
1732
1740
1743
1740
1735
1726
1715
1704
1691
1677
1652
1621
1597
1572
1525
1456
1414
1389
1365
1334
1301
1260
1207
1160
1138
1124
1113
1105
1096
1091
1085
1077
1074
1072
1069
1066
1066
1063
1061
1061
1061
1058
1058
1055
1055
1052
1055
1055
1058
1058
1061
1061
1061
1058
1052
1047
1041
1036
1030
1025
1019
1014
1008
1003
1000
1000
0994
0991
0986
0980
0975
0969
0967
0961
0956
0950
0945
0942
0936
0933
0931
0928
0928
0925
0925
0922
0920
0917
0914
0909
0906
0900
0895
0892
0889
0886
0886
0889
0892
0892
0895
0898
0900
0900
0900
0898
0898
0898
0898
0898
0898
0900
0900
0903
0903
0903
0903
0900
0900
0900
0900
0900
0903
0906
0909
0914
0920
0925
0931
0933
0939
0942
0945
0950
0958
0969
0986
1005
1022
1041
1058
1072
1088
1105
1119
1141
1163
1179
1190
1201
1218
1237
1248
1224
1177
1141
1108
1077
1061
1050
1038
1033
1027
1022
1016
1011
1005
1000
0997
0997
0997
0997
0997
1003
1005
1014
1025
1036
1047
1058
1077
1116
1207
1337
1464
1605
1671
1715
1743
1693
1536
1262
0953
0665
0486
0420
0417
0469
0613
0776
0898
0931
0953
0967
0980
0994
1003
1016
1030
1050
1074
1096
1108
1113
1116
1119
1121
1121
1124
1121
1121
1121
1124
1124
1127
1130
1130
1132
1138
1141
1146
1155
1160
1168
1179
1199
1246
1298
1329
1351
1367
1381
1398
1411
1428
1442
1456
1472
1497
1525
1550
1575
1594
1610
1627
1638
1652
1663
1674
1685
1696
1710
1724
1732
1732
1724
1707
1688
1666
1638
1605
1572
1533
1486
1453
1411
1362
1315
1260
1213
1177
1146
1124
1108
1094
1069
1044
1027
1016
1003
0994
0986
0983
0983
0986
0989
0994
0997
1000
1005
1014
1022
1027
1033
1030
1027
1019
1011
1005
0994
0983
0975
0978
0983
0989
0994
1003
1011
1014
1005
0986
0969
0961
0956
0953
0945
0939
0933
0928
0922
0920
0917
0911
0909
0903
0900
0900
0898
0898
0898
0895