2877
2922
2953
2974
2993
3011
3027
3037
3040
3037
3032
3027
3022
3016
3003
2995
3011
3048
3082
3116
3132
3140
3147
3155
3163
3168
3174
3179
3184
3192
3197
3205
3210
3218
3229
3239
3242
3231
3208
3163
3029
2830
2586
2316
2090
1988
1956
1985
2069
2227
2434
2688
2959
3203
3397
3460
3478
3489
3496
3502
3504
3496
3481
3460
3439
3423
3407
3394
3378
3365
3352
3339
3326
3315
3308
3294
3279
3242
3182
3150
3134
3124
3113
3103
3095
3090
3082
3074
3066
3058
3056
3050
3045
3029
2987
2932
2890
2862
2838
2814
2793
2772
2754
2738
2730
2717
2707
2694
2681
2670
2657
2639
2615
2594
2573
2552
2531
2513
2489
2468
2455
2455
2465
2484
2510
2552
2620
2667
2707
2757
2814
2867
2898
2911
2922
2930
2935
2940
2945
2951
2959
2964
2969
2974
2980
2985
2990
2995
3001
3006
3011
3016
3019
3022
3024
3022
3022
3022
3019
3016
3014
3011
3011
3011
3011
3014
3016
3016
3014
3011
3008
3003
2998
2993
2987
2982
2977
2972
2966
2964
2959
2959
2959
2953
2948
2940
2930
2922
2911
2904
2896
2885
2877
2872
2867
2864
2862
2856
2848
2841
2827
2809
2788
2770
2759
2751
2749
2749
2746
2741
2738
2738
2738
2741
2741
2743
2743
2749
2757
2764
2772
2775
2778
2780
2783
2791
2793
2799
2799
2804
2809
2814
2820
2825
2830
2841
2854
2872
2890
2906
2922
2935
2943
2951
2959
2964
2964
2966
2966
2969
2974
2977
2980
2982
2985
2990
2995
3001
3006
3006
3008
3011
3016
3024
3029
3043
3064
3085
3085
3058
3016
2951
2851
2694
2492
2258
2030
1867
1810
1807
1844
1943
2093
2274
2479
2694
2893
3064
3119
3134
3142
3150
3155
3158
3150
3132
3113
3100
3092
3085
3077
3069
3061
3056
3053
3050
3045
3043
3037
3035
3035
3032
3029
3024
3022
3019
3014
3011
3006
3001
2998
2993
2985
2980
2972
2961
2938
2909
2885
2864
2841
2817
2793
2767
2741
2720
2694
2665
2625
2610
2602
2599
2599
2599
2602
2604
2604
2602
2599
2594
2591
2589
2586
2586
2583
2583
2581
2578
2573
2562
2549
2552
2573
2604
2646
2699
2746
2770
2788
2801
2812
2822
2830
2841
2851
2856
2864
2872
2880
2888
2896
2906
2917
2925
2935
2943
2948
2956
2959
2961
2964
2964
2966
2969
2977
2982
2987
2990
2990
2987
2985
2982
2974
2964
2956
2951
2961
2972
2974
2980
2985
2993
2998
3006
3014
3019
3024
3027
3027
3027
3024
3024
3022
3022
3019
3019
3022
3027
3032
3037
3043
3045
3050
3053
3053
3053
3050
3045
3040
3035
3027
3022
3016
3014
3011
3008
3008
3006
3001
2995
2987
2980
2969
2959
2948
2940
2932
2930
2925
2919
2914
2909
2898
2875
2862
2880
2911
2940
2972
2995
3011
3019
3022
3027
3032
3035
3037
3040
3045
3048
3053
3058
3061
3061
3058
3058
3061
3064
3069
3079
3095
3111
3111
3092
3058
2956
2820
2636
2408
2161
1925
1734
1671
1699
1789
2064
2392
2704
2964
3147
3234
3281
3313
3326
3315
3281
3234
3153
3058
3003
2977
2959
2964
3008
3032
3043
3056
3069
3079
3090
3098
3103
3108
3111
3113
3113
3113
3113
3113
3116
3121
3124
3119
3100
3074
3043
2993
2940
2909
2888
2872
2862
2851
2841
2830
2822
2814
2804
2791
2772
2743
2715
2681
2649
2618
2589
2562
2518
2452
2379
2295
2206
2117
2033
1949
1859
1775
1686
1613
1579
1566
1555
1545
1532
1516
1503
1487
1469
1440
1387
1327
1243
1141
1080
1044
1020
1009
1015
1033
1059
1104
1172
1232
1303
1356
1387
1413
1440
1469
1511
1560
1602
1663
1728
1791
1857
1925
2004
2059
2085
2103
2119
2135
2148
2164
2185
2211
2240
2277
2316
2366
2421
2455
2473
2489
2505
2518
2534
2547
2560
2573
2583
2597
2612
2625
2639
2652
2665
2678
2691
2707
2723
2741
2762
2788
2817
2838
2854
2869
2885
2904
2922
2940
2956
2974
2995
3016
3037
3050
3053
3056
3058
3064
3071
3077
3064
3043
3032
3022
3011
3003
2993
2985
2977
2972
2969
2966
2966
2966
2966
2966
2966
2964
2961
2956
2953
2953
2966
2985
3003
3016
3027
3040
3050
3058
3066
3074
3079
3085
3087
3092
3098
3100
3100
3103
3103
3103
3103
3106
3111
3119
3124
3129
3124
3111
3090
3058
2998
2925
2846
2702
2513
2266
1998
1778
1705
1728
1922
2248
2610
2925
3158
3252
3292
3297
3268
3239
3210
3195
3195
3203
3205
3205
3208
3210
3216
3216
3216
3210
3203
3192
3182
3171
3161
3158
3158
3158
3158
3155
3147
3140
3129
3121
3113
3108
3103
3100
3095
3087
3069
3048
3024
2998
2964
2930
2896
2862
2833
2812
2791
2772
2751
2730
2715
2694
2675
2652
2631
2610
2597
2583
2573
2562
2555
2544
2539
2534
2534
2534
2539
2544
2549
2560
2568
2581
2591
2604
2620
2639
2662
2683
2704
2723
2736
2749
2762
2770
2778
2785
2793
2801
2806
2809
2809
2809
2809
2809
2806
2804
2801
2801
2804
2806
2809
2812
2812
2814
2814
2814
2812
2812
2812
2812
2814
2817
2817
2817
2817
2817
2812
2806
2801
2799
2791
2785
2780
2778
2778
2778
2780
2780
2780
2783
2788
2791
2796
2799
2804
2809
2822
2835
2851
2862
2869
2877
2885
2893
2901
2906
2911
2914
2917
2919
2919
2917
2914
2909
2906
2901
2896
2890
2885
2877
2872
2864
2856
2851
2843
2838
2830
2825
2822
2817
2812
2804
2796
2788
2780
2772
2762
2754
2749
2741
2736
2733
2733
2733
2733
2736
2738
2741
2746
2751
2759
2767
2775
2785
2796
2809
2822
2833
2843
2856
2869
2885
2901
2914
2925
2932
2935
2938
2938
2935
2930
2925
2914
2904
2890
2875
2843
2764
2625
2421
2161
1883
1636
1526
1487
1553
1752
2040
2353
2646
2890
2972
2993
3008
3016
3022
3022
3014
3001
2985
2972
2961
2951
2938
2930
2925
2919
2914
2906
2901
2893
2885
2880
2875
2869
2864
2856
2848
2841
2830
2822
2812
2804
2796
2785
2772
2759
2749
2738
2730
2725
2715
2702
2691
2675
2660
2631
2599
2562
2528
2507
2492
2479
2468
2455
2444
2434
2421
2408
2392
2379
2368
2358
2347
2332
2308
2282
2263
2263
2274
2295
2319
2350
2400
2450
2494
2531
2568
2599
2625
2644
2660
2675
2691
2715
2733
2751
2764
2778
2791
2799
2809
2820
2827
2833
2835
2835
2833
2830
2827
2822
2820
2817
2812
2809
2806
2804
2801
2793
2785
2783
2785
2791
2799
2804
2814
2827
2841
2848
2846
2833
2820
2809
2796
2783
2775
2775
2780
2788
2796
2799
2801
2804
2809
2814
2817
2822
2825
2825
2825
2825
2822
2820
2817
2814
2812
2812
2812
2814
2817
2820
2820
2820
2820
2817
2817
2817
2817
2817
2817
2817
2820
2825
2827
2830
2833
2835
2835
2838
2841
2841
2841
2838
2843
2856
2854
2809
2785
2770
2754
2738
2730
2723
2720
2715
2709
2707
2704
2704
2704
2704
2704
2702
2699
2704
2725
2751
2780
2814
2843
2867
2877
2883
2890
2898
2906
2911
2917
2922
2927
2927
2927
2927
2925
2922
2917
2911
2904
2893
2883
2869
2859
2791
2686
2531
2334
2111
1878
1652
1516
1469
1539
1754
2122
2513
2838
3053
3124
3150
3158
3134
3092
3069
3050
3032
3016
3003
2995
2990
2987
2985
2985
2987
2987
2990
2990
2990
2987
2985
2980
2977
2966
2956
2943
2930
2919
2909
2901
2890
2880
2872
2862
2851
2841
2833
2822
2812
2799
2780
2743
2707
2670
2641
2612
2583
2560
2536
2510
2476
2439
2413
2392
2371
2353
2340
2326
2313
2305
2298
2290
2279
2271
2266
2266
2271
2284
2300
2321
2340
2366
2408
2442
2471
2486
2500
2507
2515
2526
2536
2547
2557
2565
2573
2578
2586
2594
2604
2612
2620
2625
2628
2633
2641
2649
2657
2662
2662
2660
2652
2644
2639
2636
2633
2628
2623
2620
2618
2612
2610
2602
2597
2591
2591
2591
2591
2589
2586
2583
2581
2576
2573
2568
2565
2562
2562
2568
2578
2591
2607
2628
2667
2707
2720
2730
2733
2738
2743
2746
2749
2754
2754
2754
2754
2757
2757
2757
2757
2759
2759
2759
2759
2759
2759
2759
2762
2762
2764
2764
2764
2764
2764
2767
2778
2785
2785
2772
2751
2725
2691
2688
2686
2681
2678
2673
2673
2681
2694
2707
2720
2736
2746
2741
2728
2723
2715
2709
2702
2699
2699
2702
2707
2715
2723
2730
2741
2762
2780
2796
2809
2822
2841
2854
2848
2838
2830
2822
2814
2809
2809
2817
2827
2838
2851
2872
2875
2848
2812
2762
2709
2649
2539
2402
2242
2069
1886
1710
1594
1555
1610
1789
2111
2500
2851
3090
3158
3147
3074
3035
3022
3016
3014
3008
3006
3001
2995
2990
2980
2961
2927
2904
2893
2888
2888
2904
2919
2932
2945
2956
2961
2959
2951
2940
2927
2917
2904
2890
2875
2859
2841
2827
2817
2809
2799
2791
2783
2775
2770
2764
2757
2746
2730
2702
2673
2641
2612
2586
2562
2544
2518
2484
2465
2455
2444
2434
2426
2418
2416
2413
2413
2416
2418
2421
2429
2439
2452
2468
2502
2562
2610
2646
2683
2715
2741
2759
2772
2778
2783
2785
2788
2788
2788
2788
2788
2791
2791
2791
2791
2791
2791
2791
2791
2793
2793
2793
2793
2793
2793
2796
2801
2801
2804
2809
2812
2820
2830
2841
2846
2841
2830
2820
2809
2796
2783
2775
2767
2762
2757
2751
2746
2738
2733
2730
2728
2723
2712
2749
2775
2788
2801
2812
2817
2820
2814
2806
2796
2785
2775
2767
2762
2754
2746
2738
2730
2728
2720
2715
2709
2702
2696
2691
2686
2683
2678
2673
2670
2665
2660
2657
2652
2649
2646
2641
2636
2633
2631
2625
2623
2612
2589
2562
2531
2507
2497
2489
2481
2486
2521
2570
2628
2681
2725
2746
2759
2770
2778
2778
2770
2757
2743
2733
2723
2709
2702
2699
2704
2715
2725
2741
2767
2780
2796
2809
2783
2702
2594
2468
2321
2153
1977
1817
1734
1707
1739
1838
1991
2182
2395
2618
2809
2951
3024
3053
3061
3053
3032
2993
2959
2948
2943
2938
2927
2914
2896
2859
2801
2759
2733
2723
2730
2754
2791
2827
2843
2851
2856
2859
2856
2851
2841
2830
2820
2809
2796
2780
2762
2738
2715
2683
2660
2641
2628
2612
2599
2583
2568
2557
2549
2541
2534
2523
2515
2505
2494
2484
2471
2452
2434
2418
2400
2384
2363
2353
2366
2387
2405
2418
2431
2442
2455
2463
2476
2502
2552
2599
2636
2662
2694
2738
2775
2801
2812
2809
2799
2785
2770
2772
2799
2820
2838
2856
2867
2875
2888
2901
2901
2880
2867
2859
2848
2841
2838
2841
2846
2851
2856
2859
2862
2867
2872
2877
2877
2872
2864
2854
2843
2835
2822
2809
2796
2791
2788
2791
2793
2796
2796
2796
2796
2799
2801
2801
2804
2804
2806
2806
2809
2809
2806
2804
2801
2799
2799
2799
2796
2796
2801
2806
2812
2814
2814
2814
2804
2793
2780
2772
2762
2751
2741
2733
2730
2725
2720
2709
2704
2712
2730
2741
2751
2762
2767
2770
2767
2762
2757
2754
2746
2738
2741
2762
2785
2799
2812
2825
2835
2846
2848
2851
2851
2848
2846
2843
2838
2830
2830
2841
2851
2862
2833
2791
2736
2641
2507
2342
2174
2033
1917
1886
1870
1891
2017
2211
2455
2696
2898
3053
3147
3182
3182
3145
3048
2956
2906
2880
2864
2856
2848
2841
2835
2825
2812
2793
2793
2806
2820
2830
2841
2846
2841
2825
2806
2796
2783
2770
2762
2757
2757
2757
2759
2759
2762
2767
2738
2715
2699
2686
2667
2649
2633
2615
2599
2586
2570
2557
2541
2521
2500
2476
2458
2442
2429
2418
2408
2400
2392
2379
2371
2371
2381
2400
2413
2429
2444
2463
2484
2521
2573
2615
2646
2681
2702
2712
2723
2730
2736
2743
2754
2762
2772
2785
2812
2869
2911
2935
2953
2969
2982
2990
2998
3006
3016
3022
3022
3016
3006
2993
2980
2969
2959
2945
2932
2919
2906
2893
2877
2864
2856
2848
2846
2841
2835
2833
2827
2822
2817
2814
2809
2806
2801
2799
2796
2796
2796
2793
2793
2793
2793
2793
2796
2796
2796
2796
2796
2799
2799
2799
2799
2796
2793
2791
2791
2788
2783
2780
2775
2772
2770
2764
2757
2746
2733
2720
2709
2699
2694
2688
2686
2683
2683
2683
2686
2686
2683
2681
2681
2683
2694
2707
2717
2725
2736
2746
2757
2764
2767
2764
2764
2764
2762
2759
2754
2751
2757
2775
2793
2814
2827
2835
2846
2854
2809
2730
2660
2544
2426
2287
2148
2001
1844
1678
1571
1534
1594
1770
2080
2450
2770
2914
2966
2966
2935
2904
2869
2822
2785
2757
2738
2736
2736
2733
2733
2730
2730
2730
2730
2730
2730
2730
2733
2736
2738
2738
2738
2738
2736
2736
2733
2730
2728
2723
2720
2715
2709
2704
2699
2694
2686
2675
2665
2654
2639
2623
2607
2591
2576
2562
2547
2534
2521
2510
2502
2494
2486
2476
2458
2431
2397
2379
2368
2358
2350
2347
2345
2342
2345
2350
2358
2368
2379
2397
2421
2468
2513
2560
2607
2636
2662
2686
2712
2741
2764
2783
2801
2817
2833
2846
2854
2862
2867
2872
2880
2885
2888
2890
2896
2901
2904
2906
2906
2906
2906
2906
2906
2911
2911
2914
2919
2932
2911
2893
2877
2867
2862
2864
2875
2890
2914
2940
2951
2959
2969
2969
2948
2930
2911
2898
2896
2909
2927
2959
3003
3022
3035
3045
3053
3048
3035
3022
3011
3001
2993
2985
2977
2966
2953
2943
2932
2922
2906
2883
2851
2814
2793
2778
2764
2754
2743
2733
2725
2720
2715
2712
2709
2704
2699
2686
2670
2646
2633
2620
2610
2602
2604
2612
2628
2644
2665
2691
2715
2730
2738
2746
2754
2759
2764
2770
2772
2775
2775
2775
2775
2772
2767
2762
2757
2749
2736
2725
2709
2670
2597
2492
2366
2214
2048
1867
1686
1558
1547
1629
1899
2266
2644
2938
3100
3155
3126
3082
3011
2922
2862
2827
2806
2835
2883
2927
2945
2961
2966
2953
2935
2927
2922
2919
2917
2914
2914
2911
2909
2904
2901
2896
2893
2890
2888
2883
2880
2877
2875
2872
2869
2864
2856
2848
2833
2820
2812
2812
2814
2814
2817
2820
2822
2822
2806
2780
2749
2709
2673
2649
2631
2618
2602
2583
2568
2552
2541
2528
2518
2507
2500
2497
2502
2507
2518
2531
2544
2565
2604
2644
2678
2704
2725
2730
2738
2741
2746
2749
2751
2754
2754
2751
2746
2738
2733
2728
2720
2712
2702
2694
2686
2686
2686
2688
2691
2696
2704
2715
2720
2707
2681
2662
2649
2636
2628
2623
2623
2625
2633
2644
2660
2675
2702
2715
2704
2683
2654
2618
2604
2599
2594
2589
2589
2594
2604
2620
2633
2639
2646
2652
2662
2670
2675
2683
2688
2691
2694
2694
2694
2691
2686
2683
2681
2675
2673
2670
2667
2667
2665
2660
2657
2654
2649
2646
2641
2633
2625
2615
2602
2586
2562
2549
2560
2578
2594
2612
2620
2615
2610
2604
2597
2591
2589
2591
2602
2615
2636
2678
2702
2712
2720
2728
2730
2738
2743
2749
2754
2762
2770
2778
2791
2812
2830
2846
2869
2893
2925
2953
2980
2980
2948
2909
2856
2775
2678
2547
2389
2211
2014
1823
1678
1660
1720
1959
2303
2652
2935
3061
3098
3121
3129
3129
3124
3113
3092
3022
2927
2893
2883
2875
2869
2867
2864
2867
2867
2872
2877
2885
2890
2896
2904
2911
2919
2927
2930
2930
2922
2914
2904
2896
2888
2880
2867
2856
2841
2822
2804
2785
2764
2743
2730
2720
2709
2699
2688
2675
2660
2646
2628
2591
2539
2515
2505
2494
2486
2479
2473
2471
2468
2465
2465
2465
2465
2468
2471
2476
2481
2484
2492
2497
2507
2534
2562
2591
2623
2652
2673
2683
2694
2702
2707
2717
2725
2736
2746
2754
2762
2767
2775
2785
2791
2796
2801
2804
2804
2801
2799
2796
2791
2783
2778
2770
2767
2764
2759
2757
2754
2754
2754
2754
2751
2751
2749
2746
2746
2746
2746
2746
2746
2746
2749
2751
2754
2754
2754
2757
2757
2757
2749
2736
2770
2793
2804
2817
2825
2830
2833
2830
2830
2830
2833
2833
2833
2833
2830
2830
2827
2827
2827
2830
2827
2827
2827
2830
2830
2833
2833
2833
2830
2827
2825
2825
2825
2822
2814
2801
2793
2788
2783
2780
2772
2764
2759
2751
2746
2741
2738
2733
2730
2728
2725
2720
2715
2704
2694
2686
2686
2694
2704
2720
2738
2772
2801
2843
2888
2909
2922
2932
2940
2943
2940
2932
2919
2906
2893
2869
2859
2867
2883
2898
2914
2922
2919
2904
2869
2770
2636
2460
2258
2046
1849
1739
1702
1754
1909
2151
2418
2660
2841
2969
3061
3090
3106
3106
3087
3061
3043
3029
3016
3006
2995
2982
2972
2961
2953
2945
2938
2925
2904
2890
2888
2885
2885
2885
2883
2880
2877
2875
2872
2867
2862
2851
2843
2835
2827
2822
2809
2796
2783
2770
2757
2749
2738
2730
2723
2712
2699
2688
2675
2662
2644
2615
2589
2568
2531
2481
2458
2447
2434
2423
2418
2416
2423
2434
2447
2460
2473
2489
2510
2534
2560
2583
2604
2628
2646
2660
2665
2670
2678
2686
2691
2694
2691
2688
2683
2675
2681
2709
2728
2738
2749
2757
2762
2762
2757
2749
2736
2728
2712
2688
2673
2683
2704
2723
2733
2746
2754
2759
2767
2778
2791
2791
2762
2746
2736
2728
2723
2717
2715
2715
2717
2717
2723
2725
2730
2730
2730
2736
2738
2743
2746
2751
2754
2754
2757
2759
2759
2762
2759
2754
2751
2746
2743
2741
2738
2733
2730
2725
2723
2723
2720
2720
2715
2709
2704
2699
2694
2688
2683
2678
2673
2670
2667
2667
2667
2670
2670
2673
2675
2678
2681
2681
2681
2683
2683
2683
2683
2683
2686
2686
2688
2691
2694
2696
2696
2696
2696
2694
2691
2683
2675
2667
2657
2652
2641
2633
2620
2604
2594
2591
2597
2607
2618
2631
2654
2704
2738
2762
2778
2793
2804
2817
2830
2830
2820
2806
2793
2778
2764
2759
2767
2783
2801
2820
2841
2856
2856
2846
2825
2762
2681
2562
2421
2263
2075
1859
1663
1597
1623
1831
2164
2547
2869
3058
3116
3103
3064
3048
3037
3029
3022
3011
3001
2990
2980
2966
2956
2948
2940
2932
2927
2919
2909
2901
2893
2885
2880
2875
2869
2864
2856
2848
2838
2827
2812
2799
2785
2772
2759
2743
2730
2720
2715
2709
2707
2704
2699
2691
2686
2681
2678
2675
2667
2657
2639
2597
2549
2497
2465
2450
2439
2429
2421
2413
2405
2397
2384
2363
2334
2321
2311
2303
2329
2366
2397
2426
2455
2486
2518
2541
2560
2576
2594
2615
2652
2696
2712
2720
2728
2730
2736
2741
2746
2751
2759
2767
2775
2780
2785
2791
2799
2809
2817
2817
2817
2812
2806
2799
2796
2791
2780
2770
2762
2759
2764
2778
2791
2804
2814
2825
2838
2851
2859
2859
2851
2841
2830
2822
2817
2812
2804
2799
2793
2788
2785
2783
2780
2778
2778
2775
2775
2775
2778
2778
2778
2783
2783
2767
2762
2759
2757
2754
2751
2749
2746
2746
2743
2743
2743
2743
2749
2751
2754
2757
2757
2759
2762
2762
2764
2767
2767
2770
2772
2780
2783
2783
2778
2770
2762
2754
2746
2746
2759
2775
2783
2791
2799
2806
2812
2814
2812
2806
2799
2791
2783
2778
2770
2762
2754
2749
2743
2741
2741
2743
2749
2757
2762
2770
2778
2785
2796
2806
2814
2825
2833
2841
2846
2856
2867
2877
2885
2898
2925
2966
2990
3003
3011
3016
3019
3022
3027
3037
3035
3016
2998
2980
2961
2938
2867
2780
2678
2555
2408
2232
2043
1870
1770
1765
1849
2090
2416
2772
3082
3245
3300
3271
3224
3182
3158
3140
3142
3166
3189
3216
3218
3200
3150
3066
3024
3001
2985
2974
2972
2977
2982
2987
2998
3003
2985
2956
2940
2932
2925
2917
2911
2904
2896
2890
2885
2880
2875
2872
2869
2867
2862
2856
2843
2830
2817
2801
2775
2728
2688
2667
2646
2631
2615
2599
2581
2562
2544
2523
2497
2473
2460
2452
2447
2442
2437
2434
2437
2442
2447
2458
2468
2481
2494
2521
2549
2583
2599
2610
2620
2625
2633
2639
2644
2652
2657
2662
2667
2673
2675
2681
2686
2694
2712
2728
2741
2751
2762
2772
2780
2783
2780
2772
2762
2751
2743
2738
2733
2728
2720
2715
2712
2712
2715
2717
2720
2723
2730
2736
2743
2751
2754
2762
2770
2778
2785
2788
2788
2785
2783
2778
2775
2772
2764
2759
2767
2783
2796
2809
2820
2830
2838
2846
2859
2877
2877
2856
2843
2833
2822
2814
2809
2812
2814
2817
2825
2830
2833
2838
2843
2848
2851
2854
2851
2846
2838
2830
2822
2817
2812
2806
2801
2799
2796
2793
2788
2783
2780
2775
2772
2767
2764
2759
2754
2746
2738
2730
2704
2683
2665
2649
2633
2618
2612
2615
2623
2633
2641
2649
2657
2665
2670
2678
2683
2688
2696
2704
2717
2738
2764
2783
2796
2806
2809
2799
2785
2775
2764
2754
2749
2749
2757
2772
2785
2801
2822
2838
2841
2827
2806
2775
2717
2604
2460
2298
2122
1930
1726
1550
1492
1516
1684
1970
2321
2667
2940
3100
3147
3163
3174
3171
3142
3100
3040
2977
2925
2901
2885
2875
2872
2880
2893
2909
2930
2930
2906
2875
2843
2822
2812
2799
2791
2785
2785
2788
2788
2793
2799
2796
2764
2749
2738
2730
2725
2720
2715
2709
2704
2699
2696
2691
2683
2670
2633
2586
2536
2497
2468
2437
2421
2410
2400
2392
2387
2384
2384
2384
2389
2392
2400
2405
2413
2421
2431
2439
2447
2458
2465
2473
2479
2489
2500
2521
2555
2583
2615
2646
2681
2715
2749
2791
2806
2814
2820
2825
2833
2835
2838
2841
2843
2848
2851
2854
2856
2856
2856
2856
2856
2856
2854
2851
2851
2851
2854
2859
2862
2864
2864
2864
2864
2867
2867
2864
2864
2862
2864
2867
2872
2872
2872
2867
2862
2856
2854
2851
2843
2835
2830
2833
2841
2851
2859
2867
2872
2880
2888
2896
2904
2906
2911
2911
2911
2909
2904
2898
2893
2888
2883
2877
2872
2867
2862
2851
2841
2835
2838
2848
2859
2867
2872
2877
2883
2883
2877
2869
2854
2838
2814
2780
2757
2738
2730
2723
2715
2709
2704
2702
2699
2699
2704
2712
2720
2730
2746
2762
2788
2835
2877
2898
2914
2925
2935
2943
2951
2959
2969
2977
2985
2993
3001
3008
3016
3024
3029
3032
3029
3027
3022
3011
3001
2985
2953
2888
2772
2612
2418
2211
2012
1891
1849
1899
2056
2355
2717
3035
3250
3352
3389
3399
3384
3352
3305
3237
3189
3161
3132
3103
3082
3064
3048
3035
3032
3037
3048
3056
3066
3077
3087
3085
3066
3040
3011
2980
2956
2938
2927
2919
2911
2904
2896
2888
2880
2867
2856
2841
2827
2812
2796
2780
2764
2749
2733
2725
2715
2707
2699
2688
2675
2654
2631
2604
2578
2552
2531
2513
2502
2492
2484
2473
2468
2463
2460
2458
2455
2455
2455
2458
2460
2465
2471
2473
2481
2489
2502
2534
2570
2623
2688
2730
2754
2775
2785
2788
2788
2785
2783
2780
2780
2780
2780
2783
2785
2788
2793
2804
2817
2830
2843
2856
2872
2896
2922
2935
2940
2940
2943
2948
2956
2953
2919
2901
2888
2875
2864
2859
2856
2859
2869
2883
2898
2914
2932
2956
2980
2998
2998
2990
2972
2953
2930
2898
2869
2843
2814
2785
2751
2720
2678
2631
2589
2534
2473
2423
2368
2313
2256
2200
2143
2085
2019
1943
1867
1789
1715
1660
1615
1576
1539
1503
1471
1455
1442
1432
1421
1416
1416
1427
1445
1463
1484
1503
1526
1550
1576
1597
1618
1639
1671
1713
1749
1783
1831
1912
1977
2014
2040
2061
2077
2088
2096
2101
2109
2114
2117
2119
2117
2111
2103
2090
2075
2056
2017
1941
1823
1660
1461
1248
1028
0823
0692
0684
0768
1017
1353
1726
2043
2261
2389
2423
2444
2458
2473
2484
2492
2502
2518
2541
2565
2591
2615
2636
2662
2694
2712
2725
2736
2749
2759
2770
2778
2785
2796
2806
2817
2825
2833
2841
2848
2859
2867
2875
2880
2885
2888
2890
2890
2890
2888
2880
2875
2867
2862
2854
2848
2843
2835
2827
2820
2812
2806
2801
2796
2796
2801
2809
2820
2833
2843
2851
2862
2872
2885
2896
2906
2914
2922
2930
2940
2951
2964
2995
3058
3106
3134
3171
3213
3260
3315
3352
3376
3394
3410
3428
3454
3478
3491
3499
3507
3512
3517
3520
3525
3530
3538
3541
3546
3549
3551
3557
3565
3570
3572
3575
3578
3583
3588
3593
3596
3599
3601
3604
3609
3612
3617
3620
3620
3622
3625
3628
3633
3635
3635
3638
3638
3638
3641
3641
3643
3641
3638
3638
3638
3641
3641
3638
3635
3630
3625
3620
3617
3609
3601
3591
3580
3572
3562
3554
3544
3523
3502
3478
3462
3452
3441
3433
3426
3418
3412
3405
3399
3391
3384
3376
3370
3365
3363
3360
3360
3360
3363
3368
3370
3373
3376
3378
3381
3384
3386
3389
3389
3394
3405
3418
3428
3433
3428
3415
3391
3370
3349
3323
3297
3271
3252
3237
3216
3168
3103
3014
2875
2681
2442
2185
1920
1636
1369
1188
1130
1167
1282
1513
1773
2019
2208
2271
2298
2319
2269
2187
2085
1972
1867
1815
1789
1773
1760
1741
1723
1710
1697
1676
1644
1589
1529
1476
1434
1398
1366
1335
1301
1264
1225
1180
1128
1072
1015
0962
0910
0870
0844
0821
0797
0768
0745
0729
0713
0700
0687
0676
0671
0663
0661
0663
0668
0674
0684
0697
0710
0726
0742
0773
0807
0844
0886
0941
1007
1051
1086
1109
1135
1167
1206
1246
1293
1332
1364
1400
1445
1492
1524
1545
1563
1579
1594
1608
1618
1634
1650
1665
1684
1702
1720
1744
1773
1802
1831
1865
1907
1954
2006
2054
2088
2119
2153
2193
2229
2258
2284
2311
2334
2353
2374
2400
2426
2450
2473
2494
2513
2531
2549
2578
2618
2662
2712
2757
2791
2833
2904
2953
2980
2998
3014
3029
3040
3053
3066
3085
3106
3124
3147
3171
3200
3226
3255
3276
3292
3308
3323
3336
3352
3370
3399
3439
3462
3478
3496
3504
3489
3460
3431
3399
3381
3368
3357
3344
3336
3334
3342
3352
3360
3365
3370
3373
3376
3376
3378
3378
3373
3368
3357
3347
3339
3328
3318
3308
3297
3292
3294
3302
3313
3326
3336
3344
3349
3357
3368
3376
3386
3391
3394
3397
3397
3397
3394
3391
3384
3373
3363
3349
3336
3276
3161
2985
2749
2473
2198
2022
1964
2030
2227
2549
2880
3168
3352
3420
3444
3460
3470
3475
3465
3439
3410
3394
3381
3370
3357
3347
3339
3328
3321
3315
3305
3297
3289
3284
3281
3276
3268
3252
3221
3182
3163
3153
3147
3142
3137
3132
3124
3119
3113
3106
3100
3095
3090
3085
3079
3077
3069
3056
3040
3027
3014
3001
2987
2977
2964
2953
2940
2930
2919
2906
2896
2883
2872
2862
2848
2838
2830
2827
2833
2843
2859
2872
2885
2898
2914
2927
2943
2956
2972
2987
3003
3016
3032
3050
3066
3087
3108
3124
3134
3147
3158
3168
3176
3184
3192
3200
3205
3205
3205
3205
3200
3195
3187
3179
3168
3155
3142
3126
3103
3077
3045
3016
2990
2966
2943
2919
2896
2872
2838
2791
2743
2707
2673
2636
2594
2573
2557
2544
2536
2526
2521
2518
2521
2526
2536
2549
2560
2570
2583
2597
2612
2628
2644
2662
2681
2699
2717
2728
2736
2746
2757
2764
2775
2785
2793
2796
2799
2796
2793
2791
2785
2778
2764
2751
2736
2720
2681
2657
2660
2665
2670
2675
2681
2683
2686
2683
2675
2665
2654
2639
2615
2602
2615
2639
2652
2660
2670
2681
2691
2702
2709
2715
2717
2720
2720
2717
2709
2702
2688
2678
2667
2660
2649
2639
2618
2591
2568
2544
2515
2458
2374
2248
2075
1846
1584
1311
1062
0868
0802
0836
0944
1190
1490
1794
2056
2156
2187
2153
2111
2077
2085
2138
2174
2198
2216
2232
2248
2256
2261
2269
2277
2287
2300
2313
2321
2324
2319
2308
2298
2284
2274
2253
2240
2258
2292
2324
2358
2395
2434
2465
2497
2521
2523
2505
2479
2444
2397
2340
2300
2271
2248
2237
2245
2269
2292
2311
2329
2345
2355
2366
2379
2389
2402
2418
2431
2447
2460
2476
2492
2507
2521
2536
2552
2581
2625
2670
2712
2751
2804
2851
2890
2922
2948
2982
3019
3056
3092
3132
3176
3213
3245
3271
3292
3310
3326
3339
3349
3355
3360
3363
3368
3373
3376
3384
3391
3405
3415
3431
3444
3462
3478
3486
3486
3489
3491
3494
3496
3499
3491
3473
3457
3449
3444
3439
3436
3431
3426
3418
3410
3405
3397
3391
3389
3384
3378
3370
3363
3352
3315
3245
3184
3119
3048
2985
2888
2778
2709
2636
2568
2505
2442
2387
2345
2311
2284
2266
2248
2224
2195
2164
2130
2098
2069
2054
2040
2027
2019
2014
2017
2022
2035
2048
2061
2069
2077
2085
2096
2106
2114
2122
2130
2132
2138
2140
2145
2153
2161
2172
2203
2248
2313
2392
2458
2507
2544
2578
2615
2649
2673
2686
2699
2712
2730
2749
2775
2812
2867
2909
2966
3035
3111
3161
3179
3195
3200
3187
3158
3111
3045
2935
2796
2620
2410
2172
1959
1878
1899
2082
2392
2736
3043
3205
3266
3271
3245
3176
3074
2966
2904
2864
2841
2827
2827
2843
2867
2893
2930
2959
2987
3014
3040
3058
3071
3082
3090
3090
3085
3074
3066
3058
3048
3037
3029
3024
3027
3029
3035
3043
3045
3050
3058
3066
3071
3074
3074
3069
3064
3056
3048
3040
3032
3022
3014
3003
2993
2980
2966
2948
2925
2890
2859
2827
2799
2770
2751
2741
2736
2730
2728
2723
2717
2717
2723
2730
2746
2767
2796
2841
2872
2911
2977
3048
3098
3142
3189
3234
3281
3321
3352
3378
3397
3412
3426
3436
3444
3441
3431
3412
3391
3360
3313
3266
3205
3126
3066
3019
2972
2927
2883
2835
2804
2783
2762
2741
2723
2696
2660
2607
2560
2513
2468
2426
2389
2347
2308
2269
2227
2187
2145
2106
2056
2004
1951
1901
1859
1825
1791
1757
1715
1665
1610
1571
1542
1521
1505
1492
1482
1474
1471
1469
1466
1463
1463
1461
1461
1461
1461
1463
1463
1461
1461
1461
1461
1458
1458
1455
1455
1453
1448
1440
1432
1421
1395
1327
1259
1183
1114
1062
1012
0962
0912
0855
0802
0760
0729
0700
0674
0645
0632
0653
0697
0768
0870
0973
1059
1180
1301
1440
1532
1610
1668
1713
1752
1794
1831
1883
1951
2012
2056
2106
2169
2240
2305
2381
2431
2460
2479
2484
2479
2468
2447
2381
2253
2085
1891
1678
1537
1490
1560
1783
2169
2607
2985
3237
3342
3373
3397
3420
3449
3499
3565
3583
3591
3593
3596
3596
3596
3599
3601
3601
3604
3607
3609
3609
3612
3612
3614
3614
3617
3622
3625
3630
3633
3635
3638
3643
3646
3651
3654
3654
3656
3659
3662
3667
3670
3667
3656
3641
3622
3604
3578
3557
3551
3549
3546
3544
3541
3538
3538
3538
3533
3523
3509
3502
3489
3478
3465
3457
3452
3454
3457
3465
3475
3489
3504
3528
3572
3614
3643
3664
3685
3714
3751
3795
3856
3927
3963
3984
4003
4018
4032
4042
4050
4055
4055
4058
4058
4055
4055
4055
4053
4050
4047
4047
4050
4053
4055
4060
4063
4066
4066
4066
4063
4066
4068
4074
4079
4084
4087
4092
4092
4094
4094
4094
4089
4084
4076
4068
4063
4058
4053
4045
4037
4029
4018
4003
3979
3950
3924
3898
3869
3827
3769
3711
3667
3633
3601
3565
3528
3483
3436
3391
3347
3321
3302
3287
3273
3260
3247
3237
3229
3221
3213
3203
3192
3182
3168
3153
3137
3119
3095
3066
3032
2990
2951
2922
2893
2838
2743
2673
2631
2599
2565
2536
2510
2484
2463
2442
2418
2397
2374
2345
2308
2277
2248
2235
2227
2219
2214
2206
2200
2193
2185
2174
2166
2158
2151
2140
2127
2114
2096
2069
2040
2017
1998
1980
1962
1943
1928
1907
1883
1859
1831
1768
1673
1524
1343
1128
0876
0608
0343
0107
0026
0000
0091
0372
0750
1141
1458
1560
1581
1597
1613
1626
1634
1639
1642
1639
1639
1631
1621
1613
1608
1608
1608
1605
1602
1600
1597
1592
1587
1584
1587
1615
1655
1692
1731
1770
1810
1846
1873
1894
1909
1922
1930
1933
1930
1922
1912
1901
1891
1880
1875
1867
1862
1857
1846
1836
1825
1815
1804
1796
1786
1778
1765
1749
1726
1681
1631
1576
1534
1497
1469
1437
1406
1379
1356
1335
1314
1295
1280
1272
1272
1280
1295
1314
1335
1366
1421
1482
1545
1605
1668
1731
1791
1841
1883
1915
1951
1988
2030
2082
2132
2174
2208
2242
2279
2305
2329
2347
2358
2358
2345
2321
2290
2250
2193
2135
2080
2025
1975
1946
1925
1909
1899
1894
1891
1899
1912
1928
1946
1962
1983
2004
2022
2043
2064
2085
2106
2124
2145
2172
2198
2214
2214
2200
2177
2148
2109
2048
2006
1954
1888
1849
1825
1810
1804
1810
1831
1862
1899
1954
2012
2093
2182
2258
2340
2405
2444
2484
2523
2560
2594
2620
2644
2662
2681
2696
2712
2730
2757
2783
2806
2825
2843
2862
2877
2896
2911
2930
2948
2964
2980
2993
3006
3019
3032
3045
3058
3074
3095
3119
3145
3179
3226
3289
3342
3373
3391
3407
3423
3441
3454
3468
3481
3499
3517
3538
3562
3586
3614
3659
3714
3738
3753
3769
3777
3759
3711
3583
3418
3216
2998
2775
2555
2340
2229
2190
2279
2539
2922
3331
3675
3908
3997
4032
4029
3979
3940
3913
3887
3866
3845
3827
3811
3801
3793
3785
3780
3777
3772
3769
3764
3759
3751
3743
3740
3738
3735
3732
3725
3717
3704
3688
3672
3651
3628
3607
3593
3583
3572
3562
3551
3538
3525
3507
3483
3457
3433
3412
3389
3360
3323
3284
3245
3203
3166
3132
3106
3079
3053
3024
2998
2974
2953
2938
2925
2914
2901
2888
2875
2862
2854
2851
2851
2851
2854
2859
2867
2877
2890
2906
2935
3019
3106
3171
3252
3328
3399
3444
3473
3489
3496
3507
3515
3517
3523
3525
3525
3525
3523
3520
3520
3517
3512
3507
3499
3489
3475
3465
3457
3452
3444
3436
3431
3428
3423
3420
3415
3410
3402
3391
3381
3368
3352
3339
3323
3308
3297
3287
3281
3276
3271
3268
3263
3255
3250
3242
3234
3229
3224
3221
3218
3218
3216
3213
3210
3208
3200
3192
3184
3176
3168
3161
3153
3145
3142
3137
3132
3126
3121
3111
3098
3082
3069
3050
3035
3019
3006
2995
2985
2972
2961
2953
2943
2930
2914
2898
2883
2869
2856
2848
2843
2835
2833
2830
2827
2827
2827
2830
2833
2835
2835
2835
2838
2841
2841
2843
2843
2848
2851
2856
2862
2867
2875
2877
2880
2883
2883
2883
2883
2880
2875
2869
2862
2856
2848
2838
2827
2814
2796
2775
2717
2586
2397
2177
1912
1639
1429
1361
1390
1484
1741
2069
2431
2764
3027
3121
3166
3203
3197
3116
3064
3027
2995
2972
2948
2927
2906
2885
2869
2856
2848
2843
2843
2841
2835
2827
2814
2801
2783
2764
2749
2730
2717
2699
2683
2667
2654
2639
2623
2604
2589
2570
2552
2536
2523
2515
2510
2505
2502
2500
2492
2484
2465
2444
2416
2387
2353
2313
2269
2211
2174
2153
2138
2127
2114
2106
2098
2096
2093
2101
2117
2135
2158
2185
2208
2232
2258
2282
2303
2324
2345
2366
2381
2397
2410
2423
2439
2458
2473
2489
2507
2523
2539
2552
2565
2576
2586
2591
2597
2602
2604
2610
2612
2615
2620
2623
2625
2628
2631
2633
2633
2633
2633
2633
2636
2639
2644
2649
2654
2657
2660
2662
2660
2657
2652
2652
2644
2644
2649
2654
2662
2667
2673
2678
2681
2686
2694
2702
2715
2730
2741
2754
2764
2770
2772
2770
2767
2764
2759
2759
2759
2762
2762
2764
2767
2767
2764
2764
2764
2764
2770
2775
2780
2791
2801
2809
2809
2801
2785
2764
2746
2733
2725
2715
2704
2694
2686
2681
2675
2673
2675
2681
2691
2699
2709
2720
2728
2733
2738
2743
2749
2754
2759
2764
2772
2780
2785
2791
2796
2801
2804
2809
2814
2820
2827
2838
2848
2864
2880
2890
2893
2883
2864
2835
2783
2702
2568
2405
2200
1962
1710
1479
1356
1358
1492
1796
2198
2604
2943
3106
3163
3168
3129
3079
3029
2998
2977
2961
2945
2932
2922
2914
2906
2901
2890
2875
2864
2864
2877
2896
2909
2930
2948
2951
2932
2904
2880
2856
2827
2804
2783
2764
2754
2746
2741
2738
2733
2728
2717
2704
2691
2683
2675
2673
2670
2667
2662
2652
2636
2615
2591
2565
2539
2513
2492
2476
2455
2437
2418
2402
2397
2400
2413
2429
2447
2468
2492
2518
2541
2565
2586
2604
2623
2644
2667
2696
2720
2738
2762
2806
2875
2922
2959
2995
3035
3069
3074
3082
3087
3061
3016
2953
2911
2890
2875
2859
2848
2841
2835
2830
2825
2820
2817
2812
2804
2796
2785
2770
2749
2712
2646
2589
2523
2479
2450
2434
2437
2450
2476
2510
2565
2636
2675
2688
2699
2704
2704
2688
2670
2657
2644
2631
2623
2625
2639
2662
2686
2712
2749
2767
2767
2767
2767
2770
2770
2770
2770
2772
2772
2770
2770
2767
2762
2757
2749
2743
2733
2728
2723
2717
2712
2709
2704
2702
2699
2696
2694
2694
2691
2686
2683
2681
2678
2678
2675
2673
2667
2660
2649
2639
2581
2486
2381
2256
2103
1943
1804
1681
1623
1594
1571
1563
1579
1615
1671
1752
1817
1865
1891
1907
1925
1936
1930
1909
1849
1741
1615
1479
1343
1227
1185
1217
1306
1555
1873
2203
2473
2665
2730
2754
2762
2751
2730
2712
2686
2683
2704
2720
2733
2743
2743
2733
2720
2712
2707
2704
2699
2696
2691
2683
2673
2665
2657
2649
2644
2639
2636
2633
2631
2625
2623
2618
2612
2607
2599
2591
2586
2581
2576
2570
2568
2562
2557
2549
2544
2534
2521
2505
2489
2479
2468
2460
2450
2442
2434
2426
2418
2410
2408
2405
2405
2405
2405
2408
2410
2416
2423
2434
2444
2455
2479
2549
2623
2673
2704
2736
2764
2785
2796
2804
2809
2814
2817
2820
2825
2827
2833
2838
2843
2851
2859
2877
2932
2980
3006
3024
3037
3045
3056
3064
3071
3074
3064
3053
3048
3045
3040
3035
3032
3029
3029
3027
3032
3035
3043
3050
3058
3069
3077
3090
3103
3111
3113
3108
3098
3087
3077
3069
3058
3048
3037
3029
3029
3032
3037
3040
3045
3048
3056
3064
3071
3074
3069
3053
3035
3016
3001
2985
2964
2943
2927
2914
2901
2893
2885
2875
2867
2859
2856
2854
2851
2851
2851
2856
2864
2872
2883
2890
2898
2906
2914
2922
2927
2932
2938
2940
2943
2948
2951
2956
2959
2959
2956
2953
2953
2951
2945
2940
2932
2922
2911
2901
2885
2856
2785
2665
2534
2387
2235
2096
1985
1946
1946
1991
2119
2355
2625
2888
3090
3182
3213
3174
3108
3037
2990
2959
2945
2953
2972
2987
3008
2998
2945
2909
2883
2864
2851
2846
2843
2841
2835
2833
2830
2827
2822
2817
2812
2809
2806
2799
2791
2780
2770
2762
2757
2749
2738
2730
2720
2709
2699
2688
2678
2667
2652
2636
2615
2576
2539
2510
2484
2465
2452
2444
2437
2431
2423
2416
2410
2405
2402
2402
2402
2402
2402
2408
2416
2426
2434
2444
2455
2463
2479
2505
2536
2565
2597
2636
2686
2715
2733
2749
2762
2767
2767
2767
2770
2775
2778
2775
2770
2767
2767
2767
2767
2767
2767
2764
2764
2764
2767
2770
2772
2772
2775
2775
2778
2783
2785
2791
2791
2793
2793
2791
2791
2785
2780
2775
2767
2762
2757
2749
2743
2736
2730
2720
2707
2699
2702
2712
2728
2741
2759
2783
2799
2804
2804
2806
2809
2812
2812
2814
2806
2796
2780
2764
2738
2725
2715
2704
2694
2686
2691
2704
2715
2725
2730
2736
2736
2730
2720
2709
2704
2696
2686
2678
2673
2675
2686
2699
2715
2741
2793
2825
2841
2856
2867
2872
2872
2867
2862
2854
2846
2838
2833
2825
2817
2809
2804
2799
2791
2780
2767
2741
2696
2625
2536
2421
2282
2132
1983
1844
1757
1754
1828
2017
2274
2565
2827
3008
3074
3095
3064
3006
2977
2972
2966
2961
2940
2911
2885
2864
2846
2830
2820
2812
2804
2799
2791
2783
2778
2772
2770
2770
2770
2770
2772
2772
2775
2778
2783
2788
2793
2801
2812
2822
2822
2806
2785
2749
2694
2646
2612
2578
2562
2552
2544
2536
2531
2526
2518
2513
2505
2500
2492
2484
2473
2455
2418
2389
2371
2355
2347
2342
2350
2363
2379
2402
2437
2468
2492
2507
2526
2541
2557
2578
2607
2636
2665
2691
2717
2736
2757
2772
2783
2793
2804
2812
2814
2814
2814
2812
2809
2809
2809
2809
2814
2820
2825
2825
2830
2835
2841
2843
2841
2838
2830
2820
2809
2799
2780
2767
2757
2751
2743
2733
2736
2762
2772
2778
2783
2788
2791
2793
2796
2801
2804
2806
2809
2809
2812
2812
2814
2814
2814
2812
2812
2812
2812
2814
2817
2817
2817
2817
2817
2820
2820
2820
2814
2806
2796
2788
2780
2772
2762
2751
2746
2746
2749
2754
2759
2764
2772
2783
2791
2778
2746
2699
2660
2644
2631
2657
2688
2720
2743
2778
2830
2867
2888
2904
2911
2917
2917
2917
2917
2917
2919
2919
2919
2922
2919
2919
2917
2914
2909
2901
2890
2872
2830
2757
2649
2510
2334
2127
1915
1734
1639
1639
1728
1936
2208
2515
2791
2995
3079
3108
3103
3069
3043
3027
3014
3001
2990
2982
2974
2969
2961
2956
2948
2943
2940
2938
2932
2927
2919
2911
2904
2896
2890
2883
2875
2867
2862
2859
2854
2848
2843
2838
2835
2830
2827
2825
2822
2817
2812
2806
2801
2785
2746
2704
2662
2631
2610
2589
2568
2552
2539
2526
2518
2507
2502
2494
2486
2473
2458
2442
2423
2410
2400
2389
2381
2384
2392
2408
2429
2455
2497
2523
2547
2568
2591
2620
2654
2694
2725
2738
2746
2754
2759
2764
2772
2778
2783
2788
2791
2799
2804
2814
2833
2859
2859
2856
2856
2856
2859
2856
2848
2833
2812
2767
2736
2723
2712
2702
2688
2678
2667
2657
2641
2623
2604
2586
2565
2523
2481
2465
2452
2447
2455
2476
2500
2528
2560
2594
2625
2636
2644
2654
2660
2660
2644
2623
2604
2578
2568
2578
2599
2615
2633
2646
2662
2675
2688
2704
2715
2704
2688
2681
2678
2673
2670
2667
2665
2662
2657
2652
2644
2639
2636
2633
2631
2628
2623
2615
2610
2599
2581
2565
2565
2576
2589
2604
2623
2644
2665
2694
2749
2791
2812
2830
2841
2848
2851
2856
2864
2877
2859
2843
2833
2822
2817
2820
2833
2854
2914
2998
3040
3071
3092
3077
3029
2943
2817
2662
2489
2303
2114
1915
1718
1626
1642
1810
2138
2521
2854
3066
3119
3134
3090
3040
2995
2993
3016
3056
3090
3106
3119
3116
3087
3045
3006
2993
2987
2985
2980
2972
2956
2940
2927
2919
2911
2904
2893
2885
2880
2877
2875
2872
2867
2862
2859
2856
2854
2851
2848
2843
2838
2835
2830
2825
2817
2806
2783
2741
2694
2644
2607
2583
2562
2541
2528
2518
2510
2502
2497
2489
2484
2479
2473
2465
2460
2450
2442
2437
2434
2437
2437
2442
2450
2463
2484
2539
2581
2599
2615
2631
2646
2660
2675
2691
2707
2723
2733
2743
2757
2775
2796
2809
2814
2820
2825
2827
2830
2827
2825
2825
2822
2820
2820
2817
2817
2814
2814
2814
2817
2820
2825
2830
2835
2838
2838
2841
2848
2856
2862
2862
2859
2851
2846
2838
2830
2817
2804
2804
2822
2846
2862
2872
2883
2890
2898
2904
2904
2901
2893
2883
2872
2862
2854
2843
2830
2820
2812
2809
2817
2830
2843
2854
2859
2864
2869
2877
2883
2888
2893
2898
2904
2909
2914
2919
2922
2919
2914
2911
2906
2904
2896
2888
2880
2872
2864
2859
2851
2835
2796
2764
2751
2743
2736
2730
2720
2715
2707
2704
2704
2707
2712
2717
2725
2730
2743
2757
2767
2780
2791
2799
2804
2809
2817
2822
2827
2833
2838
2846
2854
2862
2875
2888
2904
2919
2940
2972
2998
2998
2987
2969
2922
2809
2673
2515
2350
2174
1983
1789
1673
1634
1699
1909
2232
2570
2856
3061
3134
3161
3124
3077
3037
3014
2977
2938
2911
2893
2919
2945
2966
2980
2980
2961
2935
2922
2911
2904
2896
2890
2883
2875
2867
2862
2856
2854
2851
2846
2843
2841
2835
2833
2825
2812
2799
2783
2764
2749
2730
2702
2675
2652
2628
2610
2591
2576
2557
2539
2523
2507
2484
2452
2434
2421
2416
2408
2405
2400
2395
2387
2384
2381
2381
2381
2384
2389
2395
2402
2410
2421
2431
2442
2452
2476
2500
2515
2528
2544
2560
2578
2602
2631
2662
2696
2720
2733
2743
2751
2759
2767
2772
2772
2764
2754
2741
2730
2717
2704
2699
2699
2702
2704
2704
2707
2707
2709
2709
2707
2709
2709
2712
2712
2715
2715
2715
2717
2717
2720
2720
2720
2720
2720
2720
2723
2728
2730
2730
2736
2741
2749
2754
2759
2762
2764
2762
2759
2759
2757
2754
2754
2751
2751
2751
2754
2754
2754
2751
2749
2746
2749
2751
2754
2757
2757
2759
2764
2770
2772
2775
2778
2778
2778
2775
2772
2767
2759
2749
2741
2736
2730
2728
2725
2720
2715
2709
2704
2699
2694
2691
2686
2683
2681
2678
2675
2670
2667
2662
2660
2657
2652
2644
2639
2633
2633
2633
2633
2636
2641
2649
2660
2673
2686
2699
2715
2738
2762
2778
2793
2812
2833
2846
2859
2875
2893
2885
2877
2875
2872
2869
2867
2864
2862
2856
2846
2835
2820
2799
2712
2591
2447
2282
2093
1886
1699
1613
1623
1783
2093
2463
2799
3037
3150
3189
3208
3205
3189
3171
3147
3121
3119
3134
3155
3171
3126
3100
3087
3074
3066
3061
3056
3053
3050
3048
3043
3037
3029
3024
3022
3022
3022
3019
3014
3006
3001
2993
2982
2969
2956
2938
2922
2904
2885
2859
2822
2791
2762
2738
2720
2704
2691
2678
2670
2662
2657
2649
2644
2636
2625
2615
2602
2591
2576
2552
2531
2513
2497
2476
2452
2455
2492
2526
2560
2586
2612
2641
2675
2707
2720
2725
2730
2733
2738
2741
2743
2749
2754
2759
2764
2770
2775
2780
2785
2793
2804
2822
2838
2851
2862
2869
2885
2909
2909
2877
2856
2838
2822
2812
2804
2801
2796
2785
2770
2770
2793
2809
2820
2830
2835
2838
2835
2830
2825
2814
2804
2788
2762
2741
2728
2712
2694
2686
2699
2728
2759
2799
2825
2838
2848
2856
2859
2859
2848
2833
2820
2814
2809
2806
2804
2804
2801
2799
2793
2791
2788
2785
2783
2783
2783
2783
2780
2780
2783
2783
2785
2785
2788
2788
2788
2788
2788
2788
2785
2783
2780
2778
2778
2778
2778
2775
2772
2770
2764
2762
2759
2749
2736
2725
2712
2699
2688
2678
2667
2657
2646
2641
2639
2641
2652
2662
2675
2688
2704
2723
2741
2757
2770
2783
2788
2793
2801
2806
2812
2817
2822
2827
2833
2835
2841
2846
2848
2854
2859
2867
2880
2893
2893
2883
2862
2801
2704
2565
2395
2206
2004
1789
1584
1442
1432
1524
1825
2232
2633
2940
3064
3103
3064
3029
3011
2995
2985
2972
2961
2951
2943
2932
2922
2911
2904
2898
2890
2880
2869
2854
2843
2833
2822
2812
2801
2793
2785
2778
2772
2764
2759
2751
2743
2736
2730
2728
2723
2715
2707
2702
2696
2688
2681
2670
2654
2620
2589
2565
2547
2531
2515
2500
2481
2458
2431
2402
2387
2376
2363
2353
2347
2345
2345
2350
2358
2366
2371
2376
2387
2397
2408
2421
2434
2447
2465
2484
2507
2528
2547
2568
2607
2665
2704
2733
2767
2780
2785
2791
2796
2804
2809
2814
2817
2820
2822
2825
2822
2820
2817
2812
2806
2804
2799
2796
2793
2791
2791
2791
2788
2785
2780
2775
2775
2775
2778
2780
2780
2783
2783
2785
2791
2793
2796
2796
2793
2796
2796
2796
2796
2793
2791
2788
2788
2788
2788
2785
2783
2780
2778
2775
2775
2778
2780
2785
2788
2799
2796
2772
2762
2754
2746
2741
2736
2733
2733
2736
2741
2746
2754
2762
2770
2778
2785
2793
2799
2801
2801
2796
2785
2772
2759
2749
2738
2728
2715
2702
2688
2675
2665
2654
2646
2633
2623
2612
2607
2610
2618
2628
2639
2646
2654
2665
2675
2688
2699
2707
2717
2728
2741
2757
2759
2751
2738
2730
2720
2712
2709
2715
2725
2738
2770
2809
2830
2846
2854
2846
2827
2770
2699
2604
2494
2358
2198
2022
1841
1657
1505
1448
1463
1608
1899
2271
2625
2877
2961
2990
3006
3006
2995
2980
2953
2893
2854
2838
2825
2814
2806
2799
2791
2783
2778
2772
2770
2764
2759
2757
2754
2749
2743
2741
2736
2730
2725
2717
2709
2702
2694
2683
2667
2652
2636
2623
2612
2599
2586
2570
2555
2539
2526
2515
2505
2494
2481
2471
2460
2447
2431
2408
2384
2358
2321
2271
2240
2219
2221
2248
2263
2277
2287
2298
2308
2316
2324
2337
2355
2387
2413
2447
2492
2534
2565
2589
2604
2618
2631
2646
2667
2707
2759
2785
2799
2809
2814
2817
2817
2812
2806
2799
2791
2778
2772
2785
2812
2833
2854
2869
2875
2877
2880
2885
2890
2893
2885
2869
2848
2825
2856
2872
2877
2885
2890
2893
2896
2898
2901
2901
2904
2904
2904
2906
2906
2906
2909
2911
2914
2917
2919
2919
2922
2922
2927
2930
2932
2938
2940
2948
2953
2961
2966
2972
2977
2980
2982
2985
2985
2985
2985
2987
2995
2998
2987
2964
2951
2938
2927
2917
2909
2898
2890
2880
2875
2867
2859
2854
2848
2851
2859
2867
2877
2890
2909
2940
2972
2990
3003
3014
3022
3024
3022
3019
3014
3006
3001
2993
2985
2982
2985
2995
3008
3027
3053
3077
3095
3113
3121
3113
3092
3032
2948
2838
2699
2523
2329
2143
1988
1896
1891
1959
2153
2434
2741
2998
3137
3189
3213
3229
3245
3255
3258
3250
3234
3179
3092
3056
3045
3037
3035
3029
3024
3016
3008
2998
2987
2972
2943
2925
2917
2914
2914
2911
2909
2906
2901
2896
2890
2885
2883
2877
2875
2869
2862
2848
2817
2791
2764
2738
2715
2691
2667
2636
2604
2576
2552
2536
2523
2507
2492
2473
2463
2452
2442
2434
2429
2426
2423
2423
2421
2418
2416
2413
2413
2421
2431
2444
2458
2481
2500
2513
2526
2539
2555
2576
2604
2639
2665
2694
2741
2770
2783
2793
2804
2812
2817
2820
2817
2817
2817
2814
2809
2801
2791
2780
2767
2730
2702
2696
2691
2691
2709
2730
2751
2770
2780
2788
2796
2799
2793
2780
2764
2754
2743
2736
2730
2725
2723
2723
2725
2730
2733
2736
2738
2741
2746
2749
2754
2757
2762
2767
2772
2778
2783
2788
2791
2793
2799
2804
2817
2838
2851
2835
2804
2780
2754
2738
2730
2730
2725
2723
2717
2715
2709
2702
2696
2688
2683
2678
2673
2667
2665
2667
2681
2699
2720
2743
2783
2820
2833
2841
2848
2856
2862
2864
2869
2872
2875
2877
2880
2883
2883
2883
2880
2877
2872
2869
2864
2859
2854
2848
2841
2835
2796
2715
2599
2452
2284
2114
1949
1810
1726
1723
1791
1970
2206
2458
2670
2820
2943
3037
3071
3085
3077
3061
3035
2985
2951
2932
2922
2911
2901
2893
2883
2869
2848
2814
2783
2762
2746
2736
2733
2738
2749
2764
2783
2809
2820
2825
2833
2843
2814
2785
2762
2736
2707
2686
2670
2657
2646
2636
2625
2618
2610
2599
2589
2576
2557
2541
2523
2502
2476
2439
2423
2413
2402
2395
2387
2384
2379
2379
2376
2376
2379
2381
2384
2389
2397
2405
2416
2426
2455
2486
2518
2552
2591
2618
2639
2654
2667
2681
2694
2712
2733
2754
2767
2775
2785
2791
2793
2788
2775
2759
2746
2738
2730
2723
2712
2702
2696
2691
2691
2691
2691
2691
2694
2702
2712
2720
2730
2736
2746
2767
2780
2770
2749
2730
2715
2699
2683
2670
2657
2646
2636
2628
2625
2631
2644
2660
2678
2696
2723
2741
2746
2746
2746
2743
2743
2743
2741
2738
2730
2715
2702
2691
2683
2675
2667
2657
2649
2644
2641
2639
2639
2636
2636
2633
2633
2636
2639
2641
2641
2641
2644
2649
2665
2683
2696
2704
2709
2715
2717
2723
2728
2730
2738
2743
2749
2754
2759
2762
2762
2764
2767
2772
2780
2804
2854
2888
2909
2917
2909
2888
2830
2728
2594
2439
2263
2077
1883
1707
1592
1553
1597
1731
1983
2263
2526
2730
2885
3019
3074
3100
3119
3085
3027
2953
2919
2906
2898
2890
2885
2883
2877
2875
2875
2872
2869
2862
2859
2856
2854
2851
2846
2841
2833
2827
2820
2814
2804
2783
2762
2751
2741
2736
2733
2730
2725
2717
2712
2709
2704
2699
2691
2683
2673
2665
2654
2639
2604
2576
2549
2528
2510
2497
2481
2471
2458
2444
2423
2397
2397
2395
2395
2395
2395
2402
2416
2437
2471
2518
2547
2565
2589
2612
2644
2675
2691
2702
2709
2717
2728
2741
2759
2778
2801
2822
2841
2854
2869
2880
2883
2877
2869
2862
2856
2851
2846
2838
2835
2833
2833
2833
2835
2835
2835
2835
2838
2843
2846
2848
2848
2846
2843
2838
2835
2833
2827
2822
2817
2814
2820
2827
2835
2841
2846
2851
2856
2859
2864
2864
2864
2864
2864
2864
2864
2862
2862
2859
2859
2856
2854
2854
2851
2848
2848
2846
2846
2843
2841
2841
2838
2835
2833
2825
2820
2812
2806
2801
2796
2791
2783
2778
2772
2767
2762
2757
2749
2743
2741
2746
2757
2772
2788
2814
2856
2877
2885
2890
2896
2898
2904
2909
2911
2917
2922
2925
2930
2932
2935
2940
2943
2951
2959
2964
2964
2959
2948
2932
2875
2757
2581
2363
2114
1854
1615
1479
1476
1600
1899
2274
2639
2919
3069
3124
3129
3106
3040
2964
2938
2938
2956
2972
2985
2993
2998
2990
2977
2964
2953
2945
2940
2938
2932
2927
2922
2917
2911
2906
2904
2898
2893
2885
2877
2869
2859
2848
2835
2814
2780
2749
2730
2717
2707
2699
2699
2699
2702
2702
2707
2712
2683
2646
2612
2581
2539
2489
2444
2416
2400
2392
2387
2381
2379
2376
2376
2376
2381
2387
2395
2405
2416
2429
2444
2463
2476
2489
2502
2521
2539
2560
2583
2615
2662
2704
2743
2764
2772
2778
2783
2785
2785
2788
2788
2785
2785
2783
2783
2780
2780
2778
2772
2767
2762
2762
2762
2764
2767
2770
2772
2775