1365
1045
0715
0389
0114
0024
0000
0031
0086
0166
0229
0260
0284
0309
0340
0368
0399
0427
0448
0468
0489
0507
0524
0555
0607
0663
0718
0774
0837
0899
0958
1017
1076
1132
1187
1215
1229
1243
1257
1264
1267
1267
1260
1246
1226
1201
1173
1135
1069
1017
0975
0906
0816
0729
0639
0566
0510
0451
0420
0399
0382
0368
0361
0357
0357
0368
0382
0402
0423
0441
0461
0479
0500
0520
0541
0559
0576
0590
0604
0621
0642
0670
0715
0757
0798
0833
0868
0899
0930
0962
0986
1007
1028
1045
1066
1087
1104
1118
1132
1139
1149
1160
1170
1180
1194
1205
1215
1226
1236
1250
1264
1281
1305
1330
1354
1378
1399
1420
1437
1462
1486
1510
1531
1552
1573
1590
1615
1639
1663
1688
1712
1733
1747
1757
1767
1778
1785
1795
1809
1820
1833
1847
1858
1872
1889
1910
1934
1962
1990
2011
2031
2052
2077
2104
2129
2153
2181
2205
2222
2240
2250
2264
2278
2292
2309
2323
2337
2354
2375
2400
2427
2455
2483
2511
2528
2545
2559
2570
2584
2598
2608
2622
2632
2646
2660
2677
2698
2723
2747
2775
2802
2830
2851
2868
2886
2900
2914
2927
2938
2945
2952
2959
2962
2962
2962
2962
2962
2959
2959
2959
2959
2962
2966
2966
2969
2973
2976
2980
2987
2993
3004
3011
3021
3028
3039
3049
3059
3070
3077
3087
3094
3101
3108
3115
3122
3125
3129
3132
3136
3143
3146
3150
3157
3160
3167
3171
3174
3178
3181
3185
3185
3188
3188
3191
3195
3198
3205
3212
3212
3212
3209
3195
3181
3164
3143
3129
3115
3105
3094
3084
3073
3063
3053
3042
3032
3028
3028
3032
3035
3046
3056
3070
3084
3098
3119
3139
3191
3313
3431
3494
3518
3535
3490
3351
3209
3056
2893
2705
2611
2538
2493
2545
2625
2730
2820
2886
2948
3011
3066
3115
3136
3146
3153
3160
3164
3164
3167
3171
3174
3174
3178
3181
3185
3191
3202
3209
3216
3226
3233
3244
3254
3261
3271
3278
3285
3296
3303
3313
3323
3334
3348
3358
3372
3382
3389
3396
3400
3410
3417
3428
3438
3455
3483
3518
3546
3574
3601
3629
3660
3699
3737
3782
3824
3869
3907
3935
3959
3976
3990
4004
4018
4025
4029
4025
4015
4001
3980
3952
3917
3848
3775
3699
3626
3563
3504
3445
3379
3310
3244
3178
3119
3066
3021
2969
2931
2896
2868
2855
2855
2851
2851
2851
2851
2851
2851
2848
2848
2851
2858
2872
2886
2896
2907
2914
2921
2924
2931
2934
2938
2941
2945
2948
2955
2959
2966
2973
2983
2997
3007
3021
3032
3046
3059
3073
3084
3098
3108
3119
3129
3139
3150
3157
3164
3171
3174
3174
3178
3181
3181
3181
3181
3181
3178
3178
3178
3178
3178
3178
3181
3185
3185
3188
3191
3195
3198
3198
3202
3202
3202
3198
3202
3202
3202
3198
3195
3188
3178
3171
3157
3146
3136
3122
3112
3098
3091
3084
3077
3070
3063
3056
3046
3035
3028
3021
3014
3007
3004
3000
3000
3000
3000
3000
3000
3000
2997
2990
2983
2976
2969
2966
2962
2959
2955
2955
2952
2952
2948
2945
2938
2934
2927
2924
2921
2917
2914
2914
2917
2921
2924
2924
2927
2931
2931
2934
2941
2945
2948
2955
2962
2969
2976
2987
2993
3000
3007
3014
3021
3025
3032
3039
3046
3053
3063
3070
3077
3084
3091
3098
3105
3108
3115
3122
3125
3132
3139
3146
3150
3157
3160
3171
3178
3188
3198
3209
3223
3233
3244
3257
3268
3278
3289
3296
3306
3313
3320
3330
3341
3351
3362
3376
3382
3393
3396
3403
3407
3407
3407
3403
3396
3393
3386
3379
3372
3365
3358
3351
3341
3334
3323
3313
3303
3292
3278
3268
3254
3244
3233
3230
3226
3226
3223
3223
3219
3216
3216
3205
3185
3188
3240
3389
3549
3737
3914
3973
3935
3813
3497
3112
2747
2518
2438
2441
2521
2632
2754
2851
2952
3049
3178
3244
3268
3289
3306
3320
3330
3337
3344
3351
3355
3358
3362
3362
3362
3365
3369
3372
3376
3376
3379
3379
3382
3382
3382
3386
3389
3393
3396
3400
3403
3414
3424
3435
3448
3459
3473
3483
3497
3511
3525
3539
3553
3567
3584
3598
3612
3629
3643
3660
3674
3688
3705
3726
3751
3782
3813
3848
3879
3910
3945
3973
3994
4008
4018
4029
4046
4060
4056
4032
3994
3952
3890
3841
3778
3692
3612
3553
3501
3431
3344
3257
3171
3098
3042
2983
2917
2858
2799
2778
2771
2761
2754
2747
2740
2733
2726
2723
2716
2712
2712
2712
2716
2716
2723
2726
2733
2736
2740
2743
2743
2743
2743
2743
2743
2743
2743
2743
2743
2747
2750
2754
2761
2764
2764
2768
2771
2771
2775
2778
2778
2782
2785
2789
2795
2799
2806
2813
2820
2827
2834
2837
2844
2848
2848
2848
2848
2848
2848
2851
2851
2851
2851
2848
2848
2848
2848
2848
2844
2841
2837
2837
2837
2837
2837
2841
2841
2844
2844
2844
2844
2844
2844
2844
2841
2841
2841
2837
2837
2837
2837
2837
2837
2837
2834
2834
2830
2830
2827
2827
2827
2827
2827
2827
2827
2827
2827
2827
2823
2820
2816
2816
2816
2816
2816
2816
2816
2816
2816
2816
2816
2816
2816
2816
2813
2813
2813
2813
2816
2816
2816
2820
2823
2827
2830
2834
2837
2837
2841
2841
2844
2848
2848
2851
2855
2858
2865
2872
2879
2882
2886
2889
2893
2896
2900
2900
2900
2900
2900
2900
2900
2900
2903
2907
2910
2914
2917
2921
2927
2934
2941
2948
2955
2962
2969
2980
2987
2997
3007
3018
3025
3039
3049
3063
3073
3084
3091
3098
3101
3101
3101
3101
3101
3098
3094
3094
3091
3091
3091
3087
3084
3077
3070
3063
3056
3049
3042
3032
3028
3021
3021
3018
3014
3007
2997
2990
2993
3011
3039
3080
3157
3285
3407
3511
3580
3633
3633
3563
3372
3098
2795
2518
2354
2299
2299
2365
2455
2584
2716
2851
2962
3039
3094
3115
3129
3139
3146
3150
3153
3153
3157
3157
3157
3157
3160
3164
3171
3181
3188
3195
3202
3209
3219
3226
3233
3244
3250
3261
3271
3285
3303
3316
3334
3348
3362
3376
3382
3389
3400
3407
3414
3421
3431
3448
3469
3490
3518
3549
3580
3619
3653
3688
3719
3744
3768
3789
3810
3831
3855
3872
3890
3903
3917
3931
3942
3949
3949
3942
3935
3921
3900
3879
3848
3785
3723
3660
3598
3542
3466
3382
3303
3226
3146
3070
2997
2917
2851
2799
2743
2723
2716
2709
2702
2695
2684
2681
2674
2670
2667
2664
2660
2657
2657
2660
2664
2664
2667
2667
2667
2670
2674
2677
2681
2688
2691
2698
2705
2716
2723
2733
2740
2747
2754
2761
2768
2778
2785
2792
2799
2806
2813
2823
2830
2834
2837
2841
2844
2848
2851
2855
2858
2861
2865
2868
2875
2879
2882
2886
2893
2896
2900
2903
2907
2910
2917
2921
2924
2927
2931
2934
2938
2941
2941
2941
2941
2941
2941
2938
2938
2934
2931
2927
2924
2921
2921
2917
2914
2910
2907
2907
2907
2907
2903
2903
2900
2900
2900
2900
2900
2900
2900
2903
2903
2903
2903
2903
2900
2900
2903
2903
2903
2903
2903
2903
2903
2907
2907
2907
2907
2907
2907
2907
2910
2910
2910
2910
2914
2917
2921
2924
2927
2931
2931
2938
2941
2948
2952
2952
2955
2959
2962
2962
2962
2966
2966
2966
2966
2966
2962
2962
2962
2962
2966
2966
2969
2973
2976
2980
2987
2993
3000
3007
3018
3025
3032
3042
3049
3059
3070
3080
3091
3098
3108
3119
3129
3139
3150
3157
3164
3167
3174
3174
3178
3178
3174
3174
3171
3167
3164
3160
3157
3153
3146
3143
3136
3129
3125
3119
3112
3105
3098
3094
3087
3084
3084
3080
3080
3070
3063
3056
3059
3073
3101
3143
3209
3313
3466
3605
3657
3660
3608
3462
3185
2872
2580
2420
2358
2354
2406
2545
2705
2861
2997
3077
3115
3129
3143
3153
3164
3174
3181
3191
3202
3212
3219
3226
3233
3240
3250
3257
3268
3278
3285
3296
3303
3313
3320
3323
3330
3334
3337
3344
3348
3355
3358
3365
3376
3386
3400
3410
3421
3428
3438
3448
3459
3473
3483
3497
3514
3535
3560
3584
3608
3636
3667
3705
3740
3768
3792
3817
3848
3883
3917
3952
3987
4015
4032
4049
4063
4084
4095
4095
4074
4035
3994
3938
3897
3844
3771
3692
3608
3511
3428
3351
3271
3195
3115
3032
2966
2927
2903
2879
2855
2823
2792
2764
2754
2747
2740
2736
2730
2726
2719
2712
2705
2698
2691
2688
2684
2681
2674
2670
2664
2653
2646
2636
2632
2629
2632
2636
2646
2653
2664
2667
2674
2681
2684
2691
2695
2695
2698
2698
2702
2702
2702
2702
2702
2702
2705
2705
2709
2712
2716
2716
2719
2723
2723
2723
2723
2719
2719
2719
2719
2719
2719
2719
2719
2723
2723
2723
2723
2723
2723
2723
2726
2726
2726
2726
2726
2726
2726
2726
2726
2726
2723
2723
2719
2719
2716
2716
2712
2712
2712
2712
2709
2709
2709
2709
2705
2702
2698
2695
2691
2691
2688
2684
2684
2681
2677
2677
2677
2674
2674
2670
2667
2664
2660
2660
2657
2653
2650
2646
2643
2643
2643
2639
2639
2639
2639
2639
2643
2643
2646
2650
2653
2660
2667
2674
2681
2688
2691
2698
2705
2712
2719
2723
2730
2736
2740
2747
2754
2761
2764
2771
2775
2778
2782
2785
2789
2792
2792
2795
2799
2799
2799
2802
2802
2806
2809
2816
2820
2827
2834
2841
2851
2861
2872
2886
2900
2914
2934
2955
2973
2987
3000
3014
3021
3032
3042
3049
3053
3056
3049
3042
3028
3018
3004
2976
2934
2907
2893
2886
2879
2875
2868
2861
2855
2851
2848
2848
2848
2848
2851
2855
2858
2865
2875
2882
2893
2900
2910
2938
2993
3070
3178
3303
3421
3466
3466
3407
3240
2969
2674
2420
2299
2261
2306
2448
2598
2726
2827
2893
2945
2973
2993
3018
3035
3053
3063
3073
3084
3094
3105
3115
3125
3132
3139
3146
3153
3160
3164
3171
3178
3185
3188
3195
3202
3209
3216
3223
3233
3244
3254
3271
3292
3310
3327
3337
3351
3358
3365
3376
3382
3389
3396
3403
3414
3424
3435
3448
3466
3504
3535
3563
3594
3633
3674
3709
3740
3771
3803
3834
3862
3886
3903
3917
3928
3938
3945
3949
3945
3935
3921
3900
3876
3834
3796
3744
3671
3594
3511
3417
3327
3244
3167
3098
3021
2962
2914
2855
2816
2785
2764
2750
2743
2736
2733
2730
2730
2726
2723
2723
2719
2719
2719
2716
2716
2716
2716
2716
2719
2723
2726
2730
2736
2743
2750
2757
2768
2775
2782
2789
2795
2799
2806
2809
2816
2820
2827
2834
2841
2848
2855
2858
2865
2872
2875
2879
2886
2889
2893
2900
2903
2907
2910
2914
2917
2921
2927
2931
2934
2938
2941
2945
2948
2952
2952
2952
2952
2952
2952
2948
2948
2948
2948
2945
2945
2945
2945
2948
2948
2948
2945
2945
2941
2941
2938
2934
2931
2927
2927
2924
2924
2924
2924
2921
2917
2917
2914
2910
2910
2907
2903
2896
2896
2893
2889
2889
2886
2886
2882
2882
2882
2882
2879
2875
2872
2868
2865
2861
2858
2855
2851
2848
2844
2844
2841
2841
2841
2837
2837
2834
2834
2830
2830
2830
2827
2827
2827
2827
2827
2830
2830
2830
2830
2830
2827
2827
2827
2827
2830
2830
2830
2830
2830
2827
2827
2823
2823
2820
2820
2820
2816
2816
2816
2816
2820
2820
2823
2827
2830
2834
2837
2841
2844
2848
2851
2858
2861
2872
2903
2927
2948
2966
2976
2987
2993
3000
3004
3004
2997
2987
2973
2955
2941
2927
2921
2910
2903
2896
2893
2886
2882
2875
2868
2861
2851
2844
2837
2834
2827
2823
2820
2816
2813
2802
2785
2764
2757
2764
2782
2813
2868
2952
3087
3237
3393
3521
3567
3546
3480
3278
3018
2719
2438
2222
2143
2115
2167
2247
2340
2438
2525
2650
2785
2861
2903
2921
2934
2945
2959
2969
2980
2990
2993
3000
3007
3011
3014
3014
3018
3021
3025
3032
3035
3042
3046
3049
3053
3063
3070
3080
3091
3105
3122
3143
3160
3178
3191
3205
3223
3237
3250
3268
3289
3310
3334
3355
3376
3396
3417
3435
3445
3462
3487
3525
3560
3591
3619
3643
3671
3712
3778
3820
3841
3858
3869
3879
3883
3890
3897
3907
3914
3914
3897
3869
3837
3792
3733
3653
3563
3480
3403
3334
3261
3185
3105
3035
2990
2938
2896
2858
2823
2789
2775
2764
2757
2750
2743
2740
2733
2730
2730
2726
2723
2723
2719
2719
2719
2723
2726
2730
2736
2743
2754
2761
2771
2782
2789
2795
2799
2802
2806
2806
2809
2813
2816
2820
2827
2830
2837
2844
2851
2855
2858
2861
2861
2861
2861
2861
2861
2861
2858
2858
2858
2861
2861
2861
2858
2858
2858
2858
2858
2861
2861
2861
2861
2865
2868
2872
2875
2879
2882
2886
2889
2893
2900
2907
2910
2917
2924
2927
2934
2941
2945
2948
2952
2952
2952
2952
2952
2948
2948
2945
2945
2945
2945
2945
2945
2945
2941
2941
2938
2938
2934
2931
2927
2927
2927
2927
2927
2931
2931
2934
2938
2938
2938
2938
2938
2938
2938
2941
2941
2945
2945
2948
2952
2955
2959
2962
2962
2966
2966
2969
2969
2973
2973
2976
2976
2980
2980
2980
2983
2987
2987
2987
2987
2987
2987
2987
2990
2990
2990
2990
2990
2993
2993
2997
2997
2997
2993
2993
2997
3000
3004
3004
3004
3007
3011
3018
3021
3028
3032
3035
3039
3046
3053
3056
3059
3066
3073
3087
3098
3112
3122
3132
3143
3153
3160
3167
3167
3160
3157
3150
3146
3139
3132
3125
3115
3108
3101
3098
3091
3084
3073
3063
3053
3046
3039
3035
3032
3028
3032
3035
3042
3053
3059
3070
3080
3108
3181
3257
3330
3455
3598
3664
3726
3726
3626
3414
3125
2816
2528
2344
2275
2271
2316
2441
2580
2709
2844
2934
3021
3084
3119
3146
3174
3195
3209
3223
3237
3247
3250
3250
3247
3247
3244
3244
3240
3240
3237
3237
3233
3233
3237
3244
3257
3271
3285
3296
3306
3313
3316
3327
3334
3344
3351
3358
3369
3376
3386
3396
3410
3421
3431
3445
3469
3497
3525
3553
3580
3626
3688
3730
3758
3782
3799
3820
3841
3858
3879
3903
3928
3959
3987
4011
4032
4053
4067
4074
4070
4060
4042
4018
3980
3910
3848
3782
3719
3646
3570
3476
3365
3264
3167
3087
3035
2997
2938
2903
2886
2868
2855
2844
2837
2830
2823
2816
2809
2802
2795
2792
2789
2785
2778
2775
2768
2764
2764
2764
2768
2771
2775
2782
2792
2802
2816
2827
2834
2841
2848
2855
2861
2868
2872
2875
2875
2879
2882
2886
2886
2886
2886
2886
2886
2889
2893
2896
2893
2893
2893
2893
2893
2893
2893
2893
2893
2896
2900
2903
2903
2903
2903
2903
2903
2903
2903
2900
2900
2896
2893
2889
2886
2886
2882
2879
2875
2872
2872
2868
2868
2865
2865
2861
2858
2858
2855
2855
2851
2851
2851
2851
2851
2851
2851
2851
2851
2851
2851
2851
2851
2851
2855
2851
2851
2848
2848
2844
2844
2844
2844
2844
2841
2841
2844
2844
2844
2848
2844
2844
2844
2844
2848
2848
2848
2848
2844
2844
2848
2851
2855
2855
2858
2858
2861
2868
2872
2875
2875
2875
2875
2875
2875
2875
2872
2872
2868
2868
2868
2868
2872
2875
2875
2879
2882
2882
2886
2886
2886
2886
2886
2886
2889
2896
2903
2910
2921
2927
2938
2948
2959
2973
2983
2997
3021
3042
3063
3073
3077
3080
3084
3087
3091
3094
3098
3098
3098
3094
3084
3070
3053
3039
3025
3018
3004
2993
2983
2973
2962
2955
2952
2948
2945
2945
2941
2941
2941
2938
2938
2934
2917
2917
2955
3014
3084
3191
3334
3494
3650
3702
3681
3612
3369
3042
2698
2410
2281
2243
2309
2417
2521
2601
2677
2747
2823
2959
3063
3084
3101
3112
3122
3125
3129
3132
3136
3143
3150
3153
3157
3160
3160
3160
3164
3171
3178
3185
3191
3202
3209
3219
3230
3240
3250
3257
3264
3271
3278
3289
3299
3310
3320
3330
3341
3351
3362
3376
3386
3396
3410
3428
3452
3480
3514
3549
3587
3626
3660
3685
3709
3733
3758
3782
3810
3841
3872
3900
3924
3935
3942
3945
3949
3959
3963
3966
3956
3931
3900
3869
3827
3782
3730
3646
3542
3438
3351
3275
3202
3129
3035
2962
2921
2882
2848
2816
2792
2771
2754
2740
2730
2726
2719
2716
2712
2712
2709
2705
2705
2702
2702
2705
2705
2709
2709
2712
2712
2712
2712
2712
2709
2709
2709
2709
2709
2712
2716
2723
2730
2736
2740
2747
2750
2757
2761
2768
2768
2771
2775
2775
2778
2782
2785
2789
2792
2792
2795
2795
2799
2799
2799
2799
2795
2795
2795
2795
2795
2792
2792
2789
2785
2785
2785
2782
2782
2778
2778
2778
2782
2782
2782
2782
2782
2782
2782
2782
2778
2775
2771
2768
2764
2764
2764
2761
2761
2757
2757
2754
2754
2754
2750
2747
2743
2740
2736
2733
2730
2726
2723
2719
2719
2716
2712
2709
2709
2709
2709
2709
2705
2705
2705
2702
2702
2698
2695
2691
2691
2688
2684
2684
2684
2684
2684
2684
2688
2691
2691
2691
2691
2688
2684
2684
2681
2681
2677
2677
2677
2677
2681
2684
2688
2691
2691
2695
2695
2702
2705
2709
2712
2712
2716
2723
2726
2733
2740
2743
2747
2750
2757
2761
2768
2775
2778
2785
2789
2795
2799
2806
2813
2820
2823
2827
2830
2834
2841
2848
2855
2865
2875
2886
2907
2927
2952
2969
2990
3004
3021
3028
3042
3053
3063
3070
3073
3077
3077
3070
3063
3053
3039
3028
3018
3007
3000
2993
2987
2976
2962
2952
2938
2927
2921
2910
2903
2900
2900
2900
2903
2910
2914
2921
2927
2934
2945
2955
2966
2980
3018
3105
3195
3292
3376
3435
3438
3396
3278
3042
2768
2500
2327
2264
2264
2309
2438
2587
2674
2771
2861
2952
3018
3035
3046
3056
3063
3070
3077
3084
3091
3101
3108
3115
3119
3122
3125
3129
3136
3143
3150
3157
3167
3178
3185
3191
3195
3198
3205
3212
3223
3233
3244
3257
3275
3292
3310
3327
3341
3351
3362
3376
3393
3414
3442
3462
3483
3504
3521
3539
3560
3580
3605
3626
3650
3678
3709
3747
3782
3820
3855
3886
3914
3935
3952
3966
3980
4001
4015
4011
3990
3959
3924
3883
3844
3803
3740
3646
3549
3452
3358
3261
3181
3119
3032
2980
2945
2914
2889
2868
2848
2830
2816
2809
2802
2795
2789
2782
2778
2775
2775
2771
2768
2761
2757
2754
2750
2754
2754
2754
2757
2761
2768
2778
2792
2802
2813
2823
2834
2844
2851
2858
2865
2865
2868
2875
2882
2889
2900
2907
2914
2921
2927
2934
2938
2941
2945
2945
2945
2945
2945
2945
2948
2952
2955
2959
2962
2966
2966
2966
2966
2966
2962
2962
2959
2955
2955
2959
2959
2962
2962
2962
2966
2962
2962
2962
2959
2959
2955
2952
2952
2952
2952
2952
2952
2952
2955
2959
2959
2959
2962
2962
2962
2966
2966
2966
2966
2966
2969
2969
2969
2966
2966
2966
2962
2962
2959
2955
2955
2952
2952
2952
2952
2952
2952
2952
2952
2952
2952
2948
2945
2941
2938
2934
2931
2931
2931
2931
2931
2927
2927
2924
2921
2917
2914
2910
2907
2903
2900
2900
2896
2896
2896
2900
2900
2903
2903
2903
2903
2907
2907
2907
2907
2907
2907
2907
2910
2914
2917
2921
2924
2924
2927
2927
2927
2924
2924
2921
2917
2914
2914
2910
2910
2914
2914
2917
2917
2924
2927
2931
2931
2934
2934
2934
2934
2938
2945
2952
2955
2962
2973
2980
2990
3000
3011
3018
3025
3032
3042
3049
3059
3063
3070
3073
3077
3077
3080
3080
3080
3080
3077
3077
3080
3084
3087
3080
3059
3032
3011
2997
2987
2976
2966
2952
2941
2927
2917
2907
2900
2896
2893
2896
2900
2903
2910
2921
2934
2945
2959
2973
2990
3011
3056
3181
3313
3421
3494
3539
3497
3365
3101
2768
2445
2254
2191
2233
2354
2511
2664
2743
2809
2858
2934
2983
3011
3032
3056
3077
3098
3122
3143
3160
3171
3181
3188
3195
3198
3202
3205
3212
3219
3230
3237
3244
3247
3250
3254
3257
3257
3261
3264
3268
3275
3278
3282
3289
3299
3306
3316
3327
3344
3379
3414
3448
3476
3497
3514
3528
3542
3560
3577
3594
3612
3633
3660
3695
3730
3761
3792
3824
3855
3886
3914
3935
3952
3966
3980
3990
3997
3997
3997
3987
3969
3949
3924
3883
3817
3761
3688
3605
3521
3438
3351
3257
3174
3115
3070
3028
2987
2938
2882
2834
2802
2792
2785
2782
2775
2771
2768
2764
2761
2757
2757
2754
2754
2754
2754
2757
2761
2764
2768
2771
2778
2782
2782
2785
2785
2789
2789
2792
2795
2799
2802
2806
2806
2809
2813
2816
2816
2820
2820
2820
2820
2820
2820
2823
2823
2823
2827
2827
2830
2834
2837
2844
2844
2848
2851
2851
2855
2858
2861
2865
2868
2872
2875
2882
2886
2889
2889
2893
2893
2893
2896
2896
2893
2893
2893
2893
2893
2893
2889
2886
2882
2879
2879
2875
2875
2872
2868
2868
2868
2868
2868
2868
2868
2872
2872
2875
2875
2879
2882
2882
2889
2893
2896
2896
2900
2900
2896
2896
2893
2889
2886
2882
2875
2872
2868
2865
2861
2855
2851
2851
2848
2848
2844
2841
2841
2837
2834
2834
2830
2827
2823
2820
2816
2816
2813
2813
2813
2813
2816
2816
2820
2823
2830
2834
2841
2848
2851
2855
2858
2865
2868
2875
2879
2882
2886
2889
2896
2900
2907
2910
2910
2910
2914
2914
2914
2914
2917
2917
2917
2917
2921
2921
2924
2924
2927
2931
2938
2941
2948
2955
2959
2966
2973
2980
2990
2997
3007
3014
3021
3028
3042
3059
3077
3091
3101
3108
3115
3122
3129
3132
3136
3139
3146
3150
3157
3160
3160
3160
3157
3150
3136
3119
3101
3084
3073
3059
3049
3035
3025
3014
3000
2990
2980
2973
2969
2969
2969
2973
2976
2983
2990
3000
3011
3021
3039
3056
3105
3205
3365
3525
3667
3716
3685
3580
3296
2938
2573
2281
2177
2139
2198
2375
2521
2594
2653
2723
2799
2903
2987
3021
3053
3080
3101
3119
3132
3143
3150
3160
3167
3174
3181
3185
3188
3195
3198
3205
3212
3219
3223
3230
3237
3244
3247
3254
3264
3271
3278
3289
3303
3316
3330
3341
3355
3365
3376
3389
3403
3417
3428
3442
3452
3462
3476
3487
3501
3518
3542
3570
3594
3619
3643
3681
3737
3782
3813
3834
3855
3872
3890
3907
3924
3942
3956
3966
3969
3966
3956
3938
3914
3869
3785
3702
3612
3518
3435
3358
3278
3198
3115
3032
2962
2893
2816
2750
2702
2650
2622
2601
2584
2570
2563
2556
2552
2552
2552
2552
2549
2549
2549
2545
2545
2545
2545
2542
2542
2542
2542
2545
2545
2549
2552
2556
2559
2563
2566
2566
2566
2566
2566
2566
2566
2570
2573
2577
2580
2584
2587
2591
2594
2594
2598
2598
2594
2594
2594
2598
2598
2598
2598
2598
2598
2601
2601
2601
2601
2601
2601
2601
2598
2598
2598
2598
2598
2598
2598
2598
2601
2601
2601
2604
2604
2608
2611
2615
2618
2622
2625
2625
2625
2625
2625
2625
2625
2629
2629
2629
2632
2632
2632
2636
2636
2636
2636
2636
2636
2639
2639
2639
2643
2643
2646
2650
2653
2653
2657
2657
2657
2660
2664
2667
2670
2674
2681
2684
2691
2695
2698
2705
2705
2709
2712
2716
2719
2723
2726
2730
2733
2740
2743
2747
2754
2757
2761
2764
2768
2775
2778
2785
2789
2792
2795
2802
2806
2813
2816
2820
2823
2827
2834
2837
2844
2851
2858
2865
2875
2882
2893
2900
2903
2910
2914
2921
2924
2927
2931
2938
2941
2948
2959
2966
2973
2983
2993
3004
3011
3018
3021
3021
3028
3035
3042
3049
3059
3073
3098
3122
3136
3143
3146
3153
3160
3164
3167
3150
3119
3087
3070
3059
3049
3039
3028
3021
3007
3000
2990
2983
2976
2973
2973
2973
2976
2983
2987
2997
3007
3018
3025
3035
3049
3066
3160
3278
3410
3567
3629
3674
3660
3501
3226
2893
2580
2347
2271
2247
2292
2434
2566
2650
2743
2834
2921
3011
3063
3094
3115
3129
3143
3150
3160
3167
3174
3181
3188
3198
3209
3219
3226
3233
3240
3244
3247
3254
3254
3257
3261
3264
3275
3285
3292
3296
3299
3306
3310
3316
3327
3337
3344
3355
3372
3396
3421
3445
3466
3483
3501
3514
3528
3542
3556
3570
3577
3584
3598
3615
3643
3688
3733
3789
3862
3907
3935
3956
3966
3973
3980
3983
3990
3997
4001
4001
3990
3973
3949
3907
3827
3747
3671
3598
3518
3438
3355
3268
3178
3101
3042
2980
2924
2875
2834
2795
2782
2771
2764
2757
2750
2747
2743
2740
2736
2733
2730
2726
2726
2723
2723
2723
2723
2723
2723
2723
2726
2726
2730
2733
2733
2736
2740
2743
2743
2747
2747
2750
2754
2757
2764
2771
2778
2782
2789
2795
2802
2809
2813
2820
2823
2827
2834
2841
2848
2855
2858
2865
2868
2875
2879
2886
2889
2893
2896
2900
2900
2903
2907
2907
2910
2914
2914
2917
2921
2921
2921
2921
2921
2921
2921
2921
2921
2924
2924
2924
2927
2931
2934
2938
2941
2941
2941
2945
2945
2945
2948
2948
2948
2948
2952
2955
2959
2962
2962
2966
2966
2966
2966
2966
2966
2962
2962
2962
2962
2962
2962
2962
2962
2962
2962
2962
2962
2962
2959
2959
2959
2959
2959
2959
2959
2959
2959
2959
2959
2959
2959
2955
2955
2955
2955
2955
2952
2948
2945
2945
2945
2941
2941
2938
2938
2938
2938
2945
2945
2948
2948
2952
2955
2959
2962
2962
2966
2966
2966
2969
2973
2976
2976
2976
2980
2983
2987
2990
2993
2997
3000
3000
3004
3007
3011
3014
3018
3018
3021
3025
3028
3032
3039
3042
3049
3059
3070
3080
3087
3098
3108
3132
3153
3164
3171
3174
3174
3174
3178
3185
3188
3195
3198
3198
3202
3202
3202
3198
3191
3181
3171
3157
3146
3136
3129
3122
3115
3112
3105
3094
3087
3073
3059
3046
3032
3021
3021
3021
3021
3021
3025
3032
3042
3053
3066
3080
3094
3132
3219
3365
3514
3570
3612
3594
3442
3191
2889
2591
2406
2344
2396
2479
2580
2664
2726
2789
2872
2976
3077
3167
3202
3216
3226
3233
3240
3244
3250
3254
3257
3257
3261
3268
3271
3275
3282
3285
3292
3299
3306
3313
3320
3327
3330
3337
3344
3355
3365
3372
3382
3389
3396
3407
3417
3424
3435
3442
3452
3462
3476
3487
3501
3514
3528
3542
3556
3570
3591
3619
3667
3705
3744
3775
3806
3834
3865
3893
3921
3956
3976
3987
3994
3997
4004
4011
4015
4015
4011
3994
3973
3945
3907
3841
3782
3719
3657
3594
3518
3424
3334
3237
3164
3115
3073
3028
2987
2938
2900
2865
2837
2813
2789
2771
2754
2740
2736
2733
2726
2723
2719
2716
2716
2716
2712
2712
2716
2716
2719
2726
2730
2733
2736
2740
2740
2743
2747
2750
2754
2754
2757
2757
2761
2761
2764
2768
2768
2768
2768
2768
2768
2771
2775
2775
2778
2782
2785
2789
2792
2792
2795
2795
2795
2795
2799
2799
2799
2802
2802
2802
2802
2802
2806
2806
2806
2802
2799
2795
2795
2795
2795
2795
2795
2795
2795
2795
2795
2795
2799
2795
2795
2795
2792
2792
2792
2792
2792
2795
2795
2795
2792
2792
2792
2789
2789
2785
2785
2785
2785
2789
2792
2795
2795
2799
2799
2799
2802
2799
2799
2795
2792
2792
2789
2789
2789
2785
2785
2782
2782
2782
2778
2775
2771
2768
2764
2764
2761
2761
2761
2761
2761
2761
2761
2761
2761
2761
2761
2761
2761
2757
2757
2757
2761
2761
2764
2764
2768
2768
2768
2771
2775
2775
2778
2778
2778
2782
2785
2789
2792
2795
2802
2806
2813
2816
2823
2827
2834
2837
2844
2848
2855
2858
2865
2872
2875
2882
2889
2893
2896
2900
2903
2907
2914
2917
2924
2931
2934
2941
2948
2955
2962
2973
2983
2993
3007
3018
3028
3042
3059
3073
3091
3101
3112
3115
3119
3119
3115
3108
3101
3087
3073
3063
3053
3042
3035
3025
3018
3011
3000
2990
2976
2966
2952
2945
2938
2934
2931
2927
2924
2917
2914
2907
2893
2858
2858
2907
2983
3070
3223
3382
3480
3567
3622
3577
3435
3157
2813
2479
2275
2209
2247
2361
2535
2691
2795
2868
2910
2945
2976
3004
3021
3035
3049
3059
3070
3080
3091
3101
3108
3119
3125
3132
3139
3146
3153
3157
3160
3164
3171
3178
3185
3191
3198
3209
3216
3223
3230
3237
3247
3254
3264
3271
3282
3296
3310
3323
3337
3351
3369
3382
3396
3407
3421
3431
3442
3452
3469
3494
3521
3546
3574
3601
3633
3660
3692
3723
3747
3775
3803
3837
3869
3886
3903
3917
3931
3942
3949
3938
3914
3876
3813
3712
3636
3580
3528
3459
3358
3271
3202
3132
3070
3021
2973
2917
2851
2778
2736
2726
2716
2709
2702
2695
2688
2684
2677
2674
2670
2667
2664
2664
2664
2667
2667
2667
2667
2667
2667
2670
2667
2667
2667
2670
2674
2677
2684
2691
2698
2702
2709
2716
2723
2730
2733
2740
2747
2754
2761
2768
2775
2778
2785
2789
2792
2799
2802
2802
2806
2809
2816
2823
2827
2834
2837
2837
2841
2844
2848
2848
2851
2851
2851
2855
2861
2865
2868
2872
2879
2882
2886
2889
2893
2889
2889
2886
2886
2886
2886
2886
2886
2886
2886
2886
2889
2889
2889
2889
2889
2889
2889
2893
2893
2896
2896
2900
2900
2903
2903
2907
2907
2910
2914
2914
2914
2914
2914
2914
2914
2914
2914
2910
2910
2907
2907
2907
2907
2907
2907
2907
2907
2907
2903
2900
2896
2893
2886
2882
2882
2879
2875
2872
2872
2868
2868
2868
2868
2868
2868
2865
2865
2868
2868
2872
2875
2875
2879
2882
2889
2893
2893
2896
2900
2903
2903
2903
2903
2900
2900
2900
2900
2900
2900
2896
2896
2896
2896
2900
2903
2907
2910
2917
2924
2931
2938
2948
2955
2966
2976
2990
3004
3021
3032
3042
3056
3063
3073
3080
3087
3091
3098
3101
3108
3115
3125
3132
3139
3143
3143
3143
3139
3136
3125
3112
3094
3077
3059
3046
3032
3025
3018
3007
2993
2980
2966
2952
2938
2927
2921
2917
2917
2921
2927
2938
2948
2962
2976
2993
3011
3032
3084
3198
3376
3574
3653
3712
3699
3518
3209
2837
2493
2313
2247
2250
2320
2379
2431
2486
2542
2632
2782
2882
2931
2969
3004
3032
3059
3080
3094
3108
3119
3125
3136
3139
3143
3143
3146
3153
3160
3171
3181
3188
3191
3198
3202
3209
3216
3226
3233
3244
3257
3271
3285
3303
3313
3323
3337
3348
3362
3376
3386
3393
3403
3410
3421
3431
3445
3459
3476
3494
3518
3549
3605
3657
3702
3740
3771
3803
3834
3865
3893
3917
3938
3959
3976
3990
3997
4004
4011
4025
4042
4053
4029
3980
3921
3851
3796
3723
3626
3528
3438
3351
3264
3178
3087
3007
2945
2886
2848
2816
2792
2778
2768
2764
2761
2757
2757
2754
2750
2750
2750
2747
2747
2747
2747
2750
2750
2757
2761
2764
2771
2775
2778
2785
2789
2789
2789
2789
2792
2792
2792
2795
2795
2799
2802
2806
2809
2813
2816
2816
2820
2820
2823
2823
2823
2827
2827
2827
2827
2830
2834
2834
2837
2837
2837
2841
2837
2837
2837
2837
2834
2834
2834
2834
2834
2834
2834
2830
2830
2830
2834
2834
2834
2834
2830
2830
2830
2834
2834
2830
2827
2827
2823
2823
2827
2827
2827
2827
2830
2830
2834
2834
2834
2830
2830
2830
2834
2834
2834
2834
2834
2837
2841
2841
2841
2841
2841
2837
2837
2834
2834
2834
2830
2830
2830
2830
2827
2827
2827
2827
2827
2827
2827
2827
2827
2827
2827
2830
2834
2834
2837
2837
2841
2844
2844
2848
2851
2851
2855
2858
2861
2865
2868
2872
2872
2875
2875
2879
2879
2882
2879
2879
2879
2882
2882
2886
2886
2886
2889
2889
2889
2893
2896
2900
2903
2907
2914
2924
2931
2945
2962
2980
2993
3011
3021
3039
3053
3063
3073
3080
3084
3091
3094
3098
3105
3112
3125
3139
3139
3115
3087
3070
3059
3046
3035
3021
3018
3007
2997
2990
2983
2980
2976
2976
2980
2983
2983
2990
2993
3000
3011
3018
3025
3035
3049
3087
3191
3303
3421
3553
3640
3702
3699
3574
3316
3000
2667
2393
2268
2229
2285
2372
2466
2552
2650
2764
2875
2987
3073
3105
3119
3129
3136
3139
3143
3146
3150
3157
3164
3171
3178
3185
3191
3198
3209
3216
3223
3230
3240
3247
3257
3264
3271
3275
3282
3289
3299
3306
3313
3320
3323
3330
3337
3348
3355
3362
3372
3382
3400
3424
3445
3466
3480
3497
3514
3539
3567
3598
3629
3664
3695
3730
3765
3803
3841
3872
3900
3924
3942
3952
3956
3963
3966
3973
3980
3987
3990
3980
3952
3914
3865
3796
3740
3671
3574
3469
3365
3257
3160
3087
3028
2955
2900
2861
2830
2806
2778
2754
2733
2723
2716
2705
2698
2691
2688
2681
2677
2674
2670
2667
2667
2667
2667
2670
2670
2677
2681
2684
2688
2691
2695
2698
2702
2705
2705
2709
2712
2712
2716
2719
2726
2730
2736
2740
2747
2750
2754
2761
2764
2768
2768
2768
2771
2775
2778
2785
2789
2792
2795
2802
2806
2809
2813
2813
2816
2816
2820
2820
2820
2820
2816
2816
2816
2816
2813
2809
2806
2806
2806
2806
2806
2806
2806
2802
2806
2806
2806
2802
2802
2799
2795
2795
2795
2795
2792
2792
2792
2795
2795
2799
2799
2799
2799
2799
2799
2799
2799
2799
2795
2795
2792
2789
2789
2785
2785
2782
2782
2778
2778
2778
2775
2775
2775
2775
2771
2771
2771
2771
2771
2775
2775
2778
2782
2785
2789
2789
2792
2792
2795
2799
2802
2806
2806
2809
2809
2813
2816
2820
2820
2820
2820
2820
2820
2820
2820
2820
2823
2827
2830
2834
2837
2841
2841
2844
2848
2851
2851
2855
2855
2858
2865
2872
2879
2889
2896
2907
2917
2927
2938
2948
2955
2962
2969
2976
2987
2993
3000
3007
3014
3021
3028
3035
3042
3042
3042
3039
3032
3025
3021
3011
3004
2993
2987
2980
2973
2966
2959
2948
2938
2927
2917
2910
2907
2907
2910
2914
2921
2931
2945
2955
2969
2983
3000
3021
3066
3195
3341
3455
3532
3584
3521
3334
3032
2709
2434
2285
2236
2292
2386
2490
2601
2691
2768
2875
2948
2980
3000
3021
3032
3053
3070
3084
3098
3112
3125
3136
3143
3150
3153
3157
3160
3167
3171
3178
3181
3188
3195
3202
3209
3212
3219
3223
3230
3233
3240
3247
3254
3261
3271
3289
3310
3330
3348
3369
3389
3410
3431
3452
3473
3490
3504
3521
3535
3553
3570
3591
3615
3643
3674
3709
3747
3785
3820
3855
3886
3900
3907
3914
3917
3921
3928
3931
3935
3935
3924
3903
3876
3837
3782
3726
3657
3570
3497
3438
3369
3278
3164
3070
3004
2948
2896
2848
2802
2789
2778
2771
2764
2757
2747
2743
2736
2730
2726
2723
2719
2716
2716
2719
2719
2719
2719
2719
2719
2723
2726
2726
2730
2733
2740
2747
2754
2761
2768
2775
2782
2789
2795
2802
2809
2813
2816
2820
2823
2827
2830
2837
2841
2844
2851
2855
2858
2861
2861
2865
2865
2865
2865
2865
2861
2861
2861
2858
2858
2858
2858
2861
2861
2865
2865
2865
2865
2865
2861
2861
2858
2858
2855
2851
2851
2851
2851
2848
2848
2844
2844
2841
2841
2841
2841
2837
2837
2837
2837
2837
2837
2837
2834
2837
2837
2837
2841
2841
2844
2848
2851
2855
2858
2858
2858
2858
2858
2855
2851
2848
2844
2837
2834
2830
2830
2830
2827
2827
2827
2827
2827
2823
2820
2816
2809
2809
2806
2806
2806
2806
2806
2806
2809
2813
2813
2816
2813
2813
2813
2813
2813
2813
2813
2809
2809
2809
2809
2809
2809
2809
2809
2806
2806
2806
2806
2802
2802
2802
2806
2809
2813
2816
2820
2820
2823
2827
2834
2837
2844
2848
2851
2858
2861
2865
2872
2875
2879
2886
2893
2900
2907
2917
2924
2934
2948
2962
2976
2987
2997
3007
3021
3028
3042
3053
3063
3073
3084
3091
3098
3101
3098
3087
3073
3056
3042
3028
3021
3011
2997
2983
2973
2959
2948
2938
2931
2924
2924
2924
2931
2934
2945
2955
2966
2976
2990
3007
3021
3063
3171
3278
3389
3469
3528
3535
3480
3320
3063
2782
2535
2424
2386
2389
2448
2532
2636
2736
2830
2924
3025
3073
3091
3108
3122
3132
3143
3146
3153
3157
3160
3167
3174
3178
3185
3188
3191
3198
3202
3205
3212
3219
3223
3230
3237
3240
3247
3254
3261
3268
3275
3282
3292
3303
3313
3327
3337
3348
3362
3376
3393
3410
3424
3438
3448
3459
3473
3490
3521
3570
3626
3667
3699
3723
3751
3778
3803
3817
3827
3841
3851
3862
3872
3876
3879
3883
3883
3883
3879
3872
3865
3855
3844
3831
3813
3775
3692
3615
3532
3448
3355
3247
3139
3049
2987
2917
2872
2841
2816
2802
2792
2782
2775
2771
2768
2764
2761
2754
2750
2747
2740
2740
2736
2736
2736
2736
2736
2740
2743
2747
2747
2750
2750
2750
2750
2750
2754
2754
2757
2761
2764
2768
2775
2782
2789
2795
2799
2802
2809
2813
2816
2816
2816
2816
2820
2820
2823
2830
2834
2837
2841
2844
2848
2851
2851
2851
2851
2851
2851
2855
2855
2855
2855
2855
2858
2858
2858
2855
2855
2851
2851
2851
2855
2855
2855
2858
2861
2861
2865
2868
2868
2868
2868
2868
2868
2872
2875
2879
2882
2886
2889
2889
2889
2889
2889
2886
2886
2882
2882
2882
2882
2886
2886
2886
2889
2889
2893
2893
2893
2893
2893
2893
2893
2893
2896
2896
2900
2900
2900
2903
2907
2907
2907
2907
2907
2907
2907
2903
2903
2900
2900
2896
2896
2896
2896
2896
2896
2896
2896
2896
2896
2900
2900
2900
2900
2900
2903
2903
2907
2907
2910
2910
2910
2914
2914
2910
2910
2910
2914
2917
2921
2924
2927
2927
2931
2934
2941
2945
2948
2948
2952
2952
2955
2962
2966
2969
2973
2976
2980
2983
2987
2987
2990
2997
3000
3007
3018
3021
3032
3039
3053
3063
3077
3087
3098
3108
3119
3129
3139
3146
3153
3157
3157
3153
3146
3136
3122
3108
3094
3084
3077
3066
3056
3049
3039
3028
3021
3011
3004
2993
2987
2983
2980
2980
2983
2987
2990
2993
2997
3004
3014
3021
3025
3035
3049
3084
3178
3271
3372
3483
3549
3587
3574
3435
3185
2865
2532
2288
2209
2229
2292
2452
2622
2785
2900
2966
2993
3018
3032
3046
3063
3080
3094
3108
3119
3129
3136
3143
3146
3150
3153
3157
3164
3167
3174
3181
3188
3195
3202
3209
3212
3216
3219
3223
3226
3233
3240
3257
3275
3296
3313
3330
3344
3358
3369
3382
3396
3410
3428
3445
3462
3483
3504
3528
3553
3570
3591
3615
3646
3681
3712
3761
3841
3886
3907
3924
3938
3949
3952
3956
3959
3963
3959
3959
3956
3949
3938
3928
3914
3900
3862
3785
3719
3643
3556
3466
3379
3292
3212
3129
3063
3021
2976
2948
2931
2914
2896
2875
2855
2834
2799
2747
2716
2695
2681
2670
2664
2664
2674
2684
2695
2702
2709
2712
2712
2716
2719
2723
2730
2736
2743
2750
2757
2764
2771
2775
2778
2782
2785
2789
2792
2795
2799
2802
2806
2809
2813
2820
2823
2827
2827
2830
2830
2830
2830
2827
2827
2827
2830
2830
2834
2837
2837
2841
2844
2844
2844
2848
2848
2851
2851
2851
2855
2858
2858
2861
2861
2865
2865
2865
2865
2865
2865
2865
2865
2865
2865
2868
2868
2872
2875
2875
2875
2875
2875
2875
2875
2875
2872
2872
2868
2872
2875
2875
2879
2882
2886
2886
2889
2889
2886
2886
2879
2875
2872
2872
2868
2872
2872
2872
2875
2879
2882
2882
2886
2882
2879
2872
2868
2865
2858
2855
2848
2844
2837
2837
2834
2834
2834
2830
2827
2823
2820
2820
2820
2816
2816
2816
2816
2820
2823
2827
2827
2827
2827
2827
2830
2830
2830
2827
2827
2827
2827
2830
2834
2837
2841
2844
2844
2848
2848
2848
2851
2851
2851
2851
2855
2855
2861
2868
2872
2879
2882
2889
2893
2900
2903
2903
2907
2910
2914
2917
2924
2927
2934
2941
2948
2959
2973
2990
3004
3014
3025
3035
3046
3056
3066
3077
3087
3098
3108
3115
3119
3112
3101
3084
3063
3042
3011
2959
2934
2924
2917
2914
2907
2903
2896
2889
2886
2882
2882
2882
2886
2889
2896
2903
2917
2927
2945
2962
2980
3025
3119
3257
3396
3549
3594
3608
3570
3351
3049
2740
2486
2306
2250
2226
2212
2247
2347
2497
2684
2865
2927
2948
2959
2966
2980
3007
3028
3042
3053
3059
3070
3077
3087
3091
3098
3108
3112
3119
3125
3129
3132
3132
3132
3136
3139
3146
3153
3164
3171
3181
3191
3202
3212
3223
3233
3244
3254
3268
3282
3299
3313
3323
3334
3344
3358
3376
3407
3435
3466
3494
3514
3539
3567
3591
3619
3653
3681
3709
3737
3765
3796
3834
3855
3872
3890
3900
3910
3914
3914
3910
3900
3890
3876
3858
3831
3778
3712
3622
3518
3417
3323
3237
3150
3059
2973
2893
2837
2778
2750
2733
2719
2705
2695
2688
2681
2674
2667
2664
2664
2660
2660
2657
2657
2657
2657
2660
2660
2660
2660
2660
2664
2664
2667
2667
2667
2670
2677
2688
2698
2712
2726
2740
2754
2775
2792
2806
2820
2830
2837
2848
2858
2865
2865
2858
2844
2837
2827
2816
2806
2795
2789
2789
2795
2802
2813
2816
2823
2827
2837
2844
2855
2861
2868
2875
2879
2882
2886
2886
2886
2882
2882
2882
2886
2886
2889
2893
2896
2900
2903
2907
2907
2907
2907
2903
2903
2900
2900
2900
2900
2900
2900
2903
2903
2907
2907
2907
2907
2907
2907
2903
2903
2903
2903
2903
2903
2903
2903
2903
2903
2907
2907
2907
2907
2907
2903
2903
2903
2903
2903
2903
2903
2903
2903
2903
2907
2907
2907
2907
2907
2907
2907
2907
2907
2907
2910
2914
2921
2924
2931
2934
2941
2945
2948
2952
2952
2952
2948
2948
2948
2952
2952
2955
2955
2955
2955
2959
2959
2959
2959
2959
2955
2952
2952
2948
2948
2945
2945
2948
2952
2955
2962
2969
2980
2987
2997
3004
3014
3021
3021
3028
3035
3049
3070
3087
3105
3119
3129
3136
3143
3150
3153
3157
3157
3164
3167
3171
3174
3167
3150
3129
3112
3101
3091
3080
3070
3059
3049
3039
3028
3021
3021
3014
3014
3014
3018
3021
3025
3032
3039
3046
3053
3059
3070
3084
3122
3205
3323
3455
3601
3650
3678
3657
3483
3188
2830
2483
2222
2129
2136
2247
2413
2559
2646
2736
2830
2924
3025
3077
3094
3112
3122
3129
3139
3150
3160
3171
3185
3195
3205
3212
3219
3223
3226
3230
3230
3233
3240
3247
3254
3264
3275
3285
3296
3303
3310
3313
3316
3320
3320
3320
3323
3327
3330
3334
3341
3348
3358
3372
3403
3442
3483
3518
3546
3577
3605
3633
3657
3678
3699
3716
3737
3754
3778
3803
3841
3879
3928
3956
3976
3997
4011
4022
4025
4022
4018
4008
3994
3973
3938
3858
3789
3740
3688
3622
3532
3438
3337
3250
3181
3119
3053
2993
2927
2861
2799
2757
2743
2740
2733
2726
2719
2712
2705
2702
2695
2691
2688
2684
2684
2688
2688
2691
2691
2691
2691
2691
2695
2691
2691
2691
2695
2698
2702
2709
2712
2716
2719
2719
2723
2723
2723
2723
2723
2723
2726
2730
2733
2736
2740
2743
2743
2747
2747
2747
2750
2750
2754
2754
2757
2761
2764
2771
2775
2778
2782
2782
2785
2785
2789
2785
2785
2785
2785
2785
2785
2785
2782
2778
2775
2775
2771
2771
2771
2768
2768
2768
2771
2775
2782
2785
2785
2785
2789
2789
2792
2795
2795
2799
2802
2806
2809
2816
2820
2823
2827
2830
2830
2827
2827
2823
2820
2816
2816
2813
2813
2813
2813
2813
2813
2809
2809
2806
2802
2802
2799
2795
2792
2792
2792
2795
2799
2802
2806
2809
2809
2813
2816
2816
2820
2820
2820
2823
2823
2827
2830
2830
2834
2834
2834
2834
2834
2834
2834
2834
2834
2834
2834
2834
2837
2837
2837
2837
2837
2841
2844
2844
2848
2848
2848
2851
2851
2855
2861
2865
2868
2872
2875
2882
2886
2893
2896
2900
2907
2910
2917
2921
2927
2931
2938
2945
2955
2966
2973
2987
2997
3007
3018
3025
3032
3035
3035
3035
3032
3028
3021
3018
3014
3007
3000
2993
2987
2980
2973
2966
2959
2952
2941
2927
2910
2896
2882
2872
2868
2865
2868
2868
2872
2879
2886
2893
2903
2914
2924
2941
3021
3153
3313
3483
3539
3570
3546
3376
3125
2848
2577
2337
2202
2149
2149
2205
2351
2514
2681
2792
2893
2962
3018
3035
3049
3059
3070
3073
3080
3084
3091
3094
3098
3101
3108
3115
3122
3129
3132
3136
3139
3146
3153
3164
3174
3185
3195
3209
3223
3233
3247
3254
3264
3271
3278
3285
3296
3306
3313
3323
3334
3348
3358
3372
3386
3400
3414
3431
3455
3494
3528
3560
3591
3622
3653
3688
3733
3775
3796
3813
3827
3844
3858
3869
3876
3883
3883
3886
3883
3883
3876
3869
3855
3841
3824
3803
3758
3674
3615
3539
3452
3362
3257
3167
3087
3007
2952
2914
2879
2844
2823
2809
2795
2782
2771
2761
2754
2747
2747
2743
2747
2747
2747
2750
2750
2750
2747
2743
2740
2736
2733
2736
2736
2740
2747
2757
2771
2785
2799
2809
2816
2820
2820
2823
2827
2830
2834
2837
2841
2848
2851
2858
2861
2861
2865
2865
2865
2865
2868
2872
2872
2875
2875
2879
2882
2886
2886
2889
2889
2889
2893
2896
2896
2900
2903
2903
2903
2903
2903
2907
2907
2907
2907
2907
2907
2907
2910
2910
2910
2910
2914
2917
2917
2917
2917
2917
2917
2917
2917
2917
2917
2917
2921
2924
2927
2927
2931
2934
2934
2938
2941
2945
2945
2941
2941
2938
2938
2934
2931
2927
2924
2921
2917
2917
2914
2910
2900
2893
2882
2875
2872
2868
2865
2861
2858
2858
2858
2858
2858
2858
2858
2861
2861
2861
2861
2865
2865
2865
2865
2865
2868
2868
2872
2872
2872
2872
2872
2872
2868
2868
2865
2865
2861
2865
2865
2868
2872
2875
2875
2879
2879
2879
2875
2875
2872
2872
2872
2872
2872
2872
2875
2879
2882
2886
2889
2893
2896
2903
2910
2914
2917
2924
2945
2969
2987
3000
3014
3021
3028
3039
3046
3056
3059
3063
3066
3066
3066
3063
3059
3049
3042
3032
3021
3014
3004
2993
2980
2966
2948
2934
2921
2907
2896
2886
2879
2872
2868
2865
2858
2855
2848
2841
2841
2841
2844
2851
2865
2882
2910
2966
3049
3174
3323
3389
3431
3459
3400
3219
2962
2664
2396
2254
2205
2264
2358
2459
2532
2587
2646
2723
2848
2924
2955
2980
3000
3014
3021
3032
3042
3053
3059
3066
3073
3077
3080
3080
3084
3087
3094
3098
3108
3115
3125
3132
3139
3146
3157
3164
3174
3181
3191
3198
3209
3223
3233
3244
3257
3264
3275
3285
3299
3313
3330
3355
3379
3403
3424
3448
3476
3501
3525
3549
3584
3629
3681
3726
3765
3803
3848
3869
3886
3903
3914
3924
3931
3938
3938
3938
3935
3928
3921
3907
3890
3872
3827
3747
3681
3612
3546
3469
3386
3296
3219
3160
3098
3035
2980
2921
2868
2820
2792
2771
2764
2757
2750
2743
2740
2736
2733
2733
2730
2726
2726
2723
2723
2723
2723
2723
2723
2726
2733
2740
2747
2754
2764
2771
2782
2792
2802
2813
2820
2827
2830
2837
2844
2855
2861
2868
2872
2879
2886
2893
2896
2900
2900
2903
2903
2907
2910
2914
2914
2914
2914
2914
2914
2914
2914
2910
2910
2910
2914
2917
2924
2927
2931
2934
2938
2938
2938
2938
2938
2934
2931
2931
2927
2927
2927
2927
2927
2927
2927
2931
2927
2927
2924
2921
2921
2917
2917
2914
2910
2910
2910
2910
2910
2910
2910
2910
2910
2910
2910
2910
2910
2914
2914
2917
2917
2917
2917
2914
2910
2907
2907
2900
2896
2893
2886
2882
2879
2875
2872
2868
2865
2865
2861
2861
2861
2861
2861
2861
2865
2868
2872
2875
2875
2875
2875
2879
2879
2875
2875
2875
2875
2875
2879
2882
2886
2889
2889
2893
2893
2889
2889
2889
2889
2893
2893
2896
2900
2900
2903
2907
2910
2910
2910
2910
2910
2910
2910
2910
2914
2914
2917
2921
2924
2931
2938
2945
2955
2966
2993
3021
3039
3059
3066
3077
3084
3091
3098
3105
3112
3115
3122
3125
3129
3132
3132
3132
3129
3122
3115
3108
3098
3091
3080
3073
3066
3059
3053
3042
3032
3021
3007
2993
2980
2966
2952
2941
2931
2921
2907
2896
2889
2886
2889
2900
2917
2941
2973
3035
3146
3257
3355
3424
3473
3473
3400
3209
2948
2677
2448
2323
2285
2330
2406
2493
2587
2677
2768
2861
2962
3032
3063
3084
3098
3101
3098
3087
3073
3063
3049
3039
3042
3063
3091
3105
3115
3122
3132
3139
3146
3153
3164
3171
3178
3185
3191
3195
3202
3205
3212
3223
3233
3244
3257
3275
3292
3306
3323
3337
3355
3372
3389
3410
3431
3448
3466
3483
3511
3546
3580
3619
3646
3671
3692
3716
3737
3758
3778
3796
3813
3827
3841
3851
3862
3872
3886
3897
3903
3903
3893
3872
3844
3813
3758
3705
3636
3549
3469
3386
3299
3212
3125
3039
2969
2917
2858
2806
2764
2726
2688
2670
2660
2650
2643
2632
2625
2618
2615
2611
2608
2604
2604
2604
2611
2618
2622
2632
2639
2646
2653
2660
2667
2670
2674
2674
2677
2681
2688
2695
2698
2705
2709
2716
2723
2730
2736
2740
2743
2747
2750
2757
2761
2764
2768
2771
2775
2778
2782
2785
2789
2792
2795
2795
2799
2806
2809
2816
2816
2820
2820
2823
2823
2827
2827
2827
2823
2823
2827
2830
2837
2841
2844
2848
2848
2851
2855
2855
2851
2851
2848
2848
2844
2844
2844
2844
2844
2844
2848
2851
2855
2858
2858
2858
2858
2861
2865
2865
2868
2868
2872
2875
2882
2886
2889
2889
2893
2896
2896
2900
2903
2907
2907
2910
2910
2914
2917
2917
2917
2914
2914
2914
2917
2917
2921
2921
2924
2931
2934
2945
2948
2955
2962
2966
2969
2976
2980
2983
2990
2993
3000
3007
3014
3018
3021
3025
3028
3032
3032
3032
3035
3035
3035
3039
3042
3046
3049
3053
3059
3063
3070
3073
3077
3080
3087
3091
3098
3108
3119
3129
3143
3160
3174
3188
3202
3212
3226
3237
3247
3257
3271
3282
3296
3310
3320
3327
3334
3337
3341
3337
3334
3323
3313
3303
3289
3278
3264
3254
3244
3226
3212
3195
3181
3171
3164
3157
3153
3150
3150
3146
3146
3150
3146
3143
3139
3160
3205
3271
3362
3497
3650
3737
3810
3858
3824
3716
3490
3191
2865
2566
2393
2330
2337
2406
2507
2629
2740
2834
2969
3129
3230
3271
3289
3299
3313
3320
3323
3327
3327
3330
3330
3330
3330
3330
3330
3334
3337
3341
3344
3351
3355
3362
3365
3369
3376
3379
3386
3389
3396
3407
3417
3428
3442
3452
3466
3476
3487
3497
3508
3514
3521
3525
3532
3539
3549
3560
3574
3591
3612
3636
3660
3681
3705
3747
3803
3851
3886
3914
3938
3963
3980
3997
4011
4025
4039
4042
4042
4035
4018
3997
3969
3931
3865
3817
3751
3660
3577
3518
3455
3372
3275
3181
3084
3007
2945
2886
2837
2792
2747
2698
2681
2674
2664
2657
2650
2643
2636
2629
2625
2618
2615
2608
2604
2601
2601
2601
2604
2608
2611
2615
2618
2622
2629
2632
2636
2639
2643
2643
2646
2650
2657
2657
2660
2664
2667
2674
2677
2684
2688
2691
2695
2698
2702
2705
2709
2712
2712
2716
2719
2726
2730
2733
2740
2743
2747
2750
2754
2757
2761
2761
2761
2761
2757
2757
2757
2754
2750
2747
2743
2740
2736
2733
2726
2723
2719
2712
2709
2705
2702
2698
2691
2691
2688
2684
2684
2681
2677
2674
2670
2667
2664
2660
2657
2653
2646
2643
2643
2643
2643
2646
2646
2646
2646
2650
2653
2653
2657
2660
2660
2664
2667
2674
2677
2677
2681
2681
2681
2684
2684
2684
2684
2684
2684
2684
2684
2684
2684
2684
2684
2684
2684
2684
2684
2681
2681
2677
2677
2681
2681
2681
2684
2684
2688
2691
2695
2698
2702
2705
2712
2719
2730
2736
2743
2750
2757
2764
2775
2782
2795
2809
2823
2844
2861
2879
2889
2900
2907
2910
2914
2917
2917
2921
2924
2927
2934
2941
2941
2938
2924
2907
2893
2882
2872
2865
2855
2844
2834
2823
2816
2813
2813
2816
2816
2823
2830
2844
2858
2875
2893
2914
2938
2997
3115
3230
3362
3480
3556
3563
3497
3320
3000
2632
2295
2090
2024
2059
2170
2340
2445
2556
2667
2754
2820
2879
2910
2931
2952
2966
2980
2997
3014
3028
3046
3056
3063
3070
3077
3084
3087
3094
3098
3105
3108
3112
3119
3122
3129
3132
3136
3143
3146
3150
3153
3160
3164
3167
3171
3178
3185
3188
3195
3202
3209
3219
3230
3240
3254
3264
3275
3285
3296
3310
3327
3344
3376
3431
3476
3508
3542
3577
3622
3674
3705
3730
3751
3765
3778
3785
3789
3789
3789
3782
3775
3765
3751
3730
3692
3608
3521
3428
3327
3230
3139
3053
2969
2893
2830
2785
2740
2695
2650
2591
2563
2549
2535
2521
2514
2504
2500
2493
2490
2486
2486
2486
2490
2497
2500
2507
2518
2525
2532
2542
2549
2556
2559
2563
2570
2577
2580
2584
2587
2587
2591
2591
2594
2594
2598
2598
2601
2608
2611
2618
2625
2629
2632
2636
2643
2646
2653
2660
2664
2670
2677
2684
2691
2702
2709
2716
2723
2726
2733
2736
2740
2743
2747
2750
2754
2757
2761
2764
2771
2771
2775
2778
2778
2782
2785
2789
2795
2802
2813
2830
2844
2858
2872
2886
2900
2910
2917
2921
2927
2931
2934
2941
2945
2945
2952
2955
2962
2969
2976
2980
2983
2990
2997
3004
3014
3021
3028
3046
3063
3077
3091
3098
3105
3108
3112
3115
3119
3122
3129
3132
3139
3143
3153
3167
3181
3195
3205
3216
3226
3233
3244
3254
3264
3271
3282
3289
3296
3306
3310
3316
3320
3323
3327
3330
3334
3337
3341
3344
3348
3351
3358
3365
3376
3386
3396
3410
3421
3435
3445
3455
3469
3480
3490
3501
3511
3521
3532
3542
3553
3560
3570
3580
3594
3622
3664
3671
3674
3678
3681
3664
3629
3594
3560
3542
3546
3546
3546
3546
3542
3539
3535
3535
3539
3542
3549
3556
3567
3574
3580
3591
3605
3619
3640
3692
3768
3813
3844
3837
3761
3563
